500 20 1
20
	0	116	1	104	2	111	3	110	4	116	5	109	6	102	7	109	8	112	9	118	10	115	11	108	12	116	13	119	14	108	15	109	16	113	17	108	18	118	19	120	
	0	103	1	117	2	104	3	101	4	102	5	112	6	105	7	118	8	116	9	107	10	102	11	113	12	117	13	111	14	111	15	103	16	103	17	115	18	114	19	102	
	0	109	1	103	2	120	3	109	4	111	5	104	6	104	7	119	8	113	9	108	10	101	11	102	12	101	13	111	14	100	15	101	16	111	17	119	18	112	19	100	
	0	116	1	100	2	109	3	115	4	112	5	107	6	120	7	115	8	101	9	120	10	106	11	114	12	117	13	101	14	112	15	104	16	100	17	103	18	100	19	113	
	0	120	1	111	2	110	3	117	4	107	5	120	6	100	7	115	8	120	9	114	10	104	11	112	12	101	13	115	14	100	15	110	16	112	17	104	18	108	19	103	
	0	117	1	120	2	120	3	113	4	118	5	110	6	109	7	118	8	100	9	106	10	115	11	120	12	108	13	113	14	110	15	105	16	100	17	111	18	102	19	107	
	0	107	1	114	2	107	3	107	4	100	5	114	6	117	7	109	8	114	9	101	10	118	11	104	12	116	13	116	14	105	15	115	16	100	17	120	18	101	19	107	
	0	101	1	115	2	116	3	114	4	102	5	107	6	113	7	100	8	114	9	117	10	119	11	118	12	111	13	108	14	118	15	101	16	115	17	110	18	104	19	101	
	0	120	1	113	2	120	3	109	4	104	5	115	6	103	7	101	8	106	9	111	10	114	11	108	12	115	13	118	14	103	15	107	16	101	17	111	18	109	19	107	
	0	110	1	103	2	115	3	116	4	105	5	103	6	114	7	116	8	111	9	107	10	106	11	113	12	120	13	101	14	115	15	110	16	120	17	110	18	119	19	108	
	0	114	1	100	2	101	3	104	4	112	5	111	6	119	7	100	8	103	9	109	10	117	11	111	12	108	13	119	14	100	15	100	16	101	17	114	18	120	19	105	
	0	120	1	117	2	118	3	101	4	112	5	113	6	117	7	102	8	107	9	105	10	115	11	112	12	112	13	100	14	109	15	109	16	112	17	113	18	110	19	111	
	0	105	1	101	2	119	3	106	4	106	5	112	6	120	7	100	8	112	9	112	10	119	11	119	12	107	13	109	14	117	15	118	16	103	17	104	18	114	19	118	
	0	104	1	105	2	110	3	101	4	103	5	103	6	101	7	119	8	105	9	120	10	113	11	104	12	116	13	113	14	111	15	101	16	119	17	111	18	118	19	120	
	0	104	1	101	2	120	3	119	4	111	5	112	6	119	7	119	8	110	9	102	10	116	11	102	12	120	13	110	14	119	15	102	16	100	17	115	18	117	19	112	
	0	107	1	102	2	109	3	105	4	113	5	107	6	111	7	114	8	120	9	107	10	103	11	100	12	117	13	114	14	114	15	119	16	109	17	104	18	115	19	114	
	0	115	1	105	2	100	3	106	4	111	5	115	6	117	7	103	8	115	9	110	10	119	11	119	12	113	13	111	14	120	15	101	16	110	17	114	18	110	19	101	
	0	110	1	112	2	111	3	108	4	110	5	101	6	118	7	103	8	109	9	103	10	112	11	113	12	113	13	117	14	105	15	114	16	113	17	114	18	105	19	117	
	0	114	1	115	2	116	3	120	4	100	5	113	6	112	7	106	8	100	9	113	10	104	11	118	12	106	13	106	14	104	15	106	16	113	17	111	18	120	19	108	
	0	112	1	115	2	110	3	110	4	108	5	116	6	119	7	116	8	104	9	109	10	109	11	107	12	116	13	108	14	118	15	115	16	104	17	109	18	100	19	120	
	0	115	1	100	2	113	3	110	4	106	5	107	6	106	7	115	8	113	9	107	10	105	11	112	12	106	13	109	14	110	15	101	16	111	17	101	18	117	19	110	
	0	103	1	119	2	110	3	102	4	111	5	112	6	107	7	115	8	117	9	107	10	107	11	120	12	103	13	111	14	110	15	116	16	105	17	105	18	111	19	115	
	0	114	1	114	2	114	3	115	4	100	5	106	6	118	7	120	8	104	9	110	10	120	11	101	12	117	13	108	14	118	15	111	16	103	17	107	18	107	19	107	
	0	109	1	101	2	112	3	120	4	108	5	107	6	102	7	114	8	106	9	113	10	111	11	111	12	104	13	106	14	118	15	115	16	112	17	114	18	104	19	117	
	0	120	1	113	2	102	3	118	4	120	5	110	6	107	7	112	8	100	9	100	10	117	11	119	12	117	13	112	14	111	15	108	16	101	17	119	18	118	19	111	
	0	104	1	114	2	106	3	111	4	109	5	112	6	120	7	118	8	105	9	106	10	103	11	117	12	114	13	113	14	104	15	101	16	105	17	101	18	112	19	114	
	0	113	1	108	2	109	3	109	4	120	5	103	6	104	7	110	8	113	9	102	10	104	11	111	12	106	13	103	14	105	15	106	16	107	17	102	18	115	19	100	
	0	106	1	100	2	100	3	103	4	112	5	102	6	108	7	105	8	110	9	119	10	120	11	120	12	118	13	106	14	117	15	118	16	116	17	110	18	109	19	109	
	0	110	1	106	2	117	3	113	4	115	5	116	6	112	7	101	8	108	9	101	10	103	11	108	12	100	13	107	14	118	15	102	16	119	17	110	18	109	19	104	
	0	102	1	115	2	103	3	114	4	114	5	104	6	119	7	101	8	100	9	120	10	105	11	109	12	109	13	111	14	117	15	102	16	116	17	115	18	113	19	102	
	0	114	1	110	2	118	3	105	4	117	5	100	6	120	7	101	8	101	9	117	10	116	11	117	12	100	13	114	14	105	15	111	16	108	17	107	18	117	19	101	
	0	101	1	109	2	115	3	109	4	116	5	116	6	113	7	105	8	113	9	116	10	107	11	113	12	115	13	120	14	102	15	109	16	101	17	112	18	103	19	105	
	0	110	1	118	2	100	3	112	4	107	5	118	6	119	7	108	8	113	9	106	10	106	11	111	12	108	13	117	14	111	15	110	16	113	17	109	18	107	19	108	
	0	101	1	120	2	112	3	107	4	106	5	114	6	100	7	116	8	102	9	115	10	114	11	111	12	109	13	112	14	110	15	109	16	114	17	117	18	119	19	113	
	0	102	1	116	2	102	3	113	4	120	5	118	6	120	7	116	8	113	9	117	10	105	11	114	12	107	13	100	14	112	15	119	16	106	17	104	18	114	19	117	
	0	115	1	110	2	114	3	103	4	119	5	109	6	100	7	110	8	116	9	110	10	108	11	120	12	101	13	115	14	101	15	104	16	105	17	116	18	112	19	105	
	0	113	1	116	2	104	3	115	4	117	5	106	6	107	7	104	8	109	9	119	10	112	11	118	12	104	13	105	14	117	15	106	16	104	17	107	18	117	19	117	
	0	106	1	108	2	119	3	106	4	106	5	105	6	100	7	119	8	118	9	117	10	115	11	110	12	105	13	117	14	114	15	114	16	104	17	111	18	108	19	103	
	0	111	1	114	2	116	3	101	4	120	5	104	6	117	7	105	8	120	9	110	10	104	11	119	12	111	13	108	14	100	15	105	16	117	17	103	18	118	19	100	
	0	107	1	117	2	104	3	102	4	113	5	102	6	107	7	110	8	117	9	105	10	115	11	111	12	102	13	100	14	111	15	115	16	109	17	101	18	108	19	113	
	0	103	1	116	2	102	3	102	4	101	5	101	6	110	7	111	8	108	9	103	10	107	11	110	12	119	13	107	14	111	15	115	16	109	17	100	18	118	19	109	
	0	111	1	109	2	113	3	111	4	114	5	104	6	111	7	102	8	105	9	115	10	107	11	117	12	113	13	119	14	119	15	112	16	100	17	106	18	100	19	114	
	0	115	1	117	2	109	3	100	4	102	5	108	6	118	7	114	8	105	9	113	10	108	11	109	12	115	13	110	14	120	15	110	16	113	17	105	18	106	19	120	
	0	101	1	107	2	101	3	101	4	117	5	104	6	106	7	107	8	113	9	114	10	115	11	106	12	115	13	114	14	108	15	120	16	116	17	118	18	111	19	107	
	0	105	1	111	2	100	3	106	4	117	5	102	6	100	7	105	8	102	9	102	10	102	11	115	12	115	13	120	14	104	15	115	16	107	17	105	18	110	19	105	
	0	103	1	109	2	116	3	102	4	109	5	118	6	118	7	120	8	105	9	108	10	105	11	118	12	104	13	111	14	107	15	114	16	106	17	120	18	108	19	117	
	0	113	1	101	2	107	3	116	4	105	5	112	6	109	7	116	8	105	9	119	10	117	11	118	12	106	13	118	14	108	15	111	16	105	17	109	18	103	19	117	
	0	104	1	117	2	104	3	114	4	112	5	104	6	113	7	119	8	119	9	101	10	106	11	116	12	113	13	107	14	102	15	107	16	108	17	108	18	115	19	119	
	0	110	1	111	2	118	3	101	4	103	5	116	6	112	7	113	8	102	9	110	10	118	11	112	12	109	13	117	14	109	15	101	16	100	17	117	18	116	19	112	
	0	106	1	106	2	106	3	103	4	102	5	114	6	102	7	101	8	100	9	107	10	107	11	112	12	106	13	115	14	105	15	111	16	116	17	110	18	112	19	102	
	0	110	1	118	2	115	3	115	4	102	5	109	6	115	7	113	8	104	9	105	10	104	11	114	12	111	13	103	14	113	15	106	16	109	17	114	18	109	19	120	
	0	103	1	102	2	111	3	100	4	113	5	103	6	116	7	103	8	116	9	102	10	115	11	105	12	109	13	116	14	113	15	112	16	112	17	101	18	110	19	119	
	0	101	1	118	2	107	3	103	4	104	5	120	6	102	7	106	8	101	9	113	10	104	11	102	12	102	13	107	14	105	15	116	16	118	17	111	18	108	19	115	
	0	103	1	101	2	111	3	103	4	114	5	109	6	107	7	106	8	102	9	102	10	103	11	111	12	117	13	100	14	103	15	115	16	116	17	114	18	103	19	113	
	0	100	1	120	2	113	3	105	4	118	5	119	6	112	7	104	8	102	9	106	10	119	11	113	12	106	13	114	14	105	15	117	16	120	17	110	18	118	19	100	
	0	110	1	115	2	105	3	106	4	113	5	113	6	106	7	100	8	112	9	100	10	100	11	115	12	101	13	116	14	114	15	108	16	100	17	108	18	112	19	120	
	0	117	1	100	2	109	3	102	4	110	5	118	6	111	7	113	8	100	9	102	10	111	11	119	12	112	13	120	14	117	15	118	16	101	17	114	18	109	19	112	
	0	104	1	112	2	119	3	120	4	114	5	116	6	112	7	115	8	117	9	106	10	108	11	107	12	106	13	106	14	117	15	103	16	118	17	102	18	108	19	113	
	0	115	1	108	2	116	3	107	4	105	5	116	6	118	7	109	8	113	9	104	10	108	11	104	12	110	13	100	14	117	15	111	16	101	17	116	18	106	19	118	
	0	103	1	118	2	116	3	119	4	120	5	113	6	113	7	115	8	115	9	113	10	106	11	117	12	120	13	120	14	114	15	120	16	119	17	111	18	102	19	108	
	0	108	1	103	2	111	3	105	4	104	5	120	6	100	7	107	8	103	9	101	10	101	11	106	12	110	13	100	14	106	15	118	16	115	17	120	18	116	19	109	
	0	105	1	104	2	107	3	107	4	100	5	102	6	101	7	102	8	116	9	105	10	106	11	111	12	104	13	108	14	100	15	112	16	105	17	107	18	100	19	105	
	0	118	1	114	2	102	3	111	4	101	5	119	6	119	7	110	8	112	9	119	10	102	11	113	12	109	13	100	14	120	15	102	16	112	17	106	18	120	19	115	
	0	113	1	110	2	120	3	102	4	104	5	115	6	110	7	100	8	118	9	107	10	111	11	117	12	118	13	120	14	108	15	113	16	102	17	110	18	111	19	110	
	0	117	1	109	2	104	3	107	4	102	5	114	6	120	7	115	8	120	9	116	10	112	11	104	12	116	13	112	14	115	15	109	16	112	17	110	18	119	19	117	
	0	103	1	105	2	105	3	100	4	114	5	100	6	111	7	111	8	100	9	105	10	117	11	103	12	120	13	115	14	112	15	113	16	102	17	108	18	101	19	103	
	0	106	1	101	2	108	3	101	4	107	5	109	6	115	7	114	8	113	9	119	10	105	11	118	12	116	13	111	14	106	15	100	16	108	17	116	18	102	19	108	
	0	102	1	108	2	118	3	112	4	101	5	100	6	108	7	102	8	117	9	101	10	108	11	113	12	101	13	116	14	120	15	104	16	107	17	108	18	119	19	114	
	0	112	1	118	2	105	3	105	4	119	5	105	6	118	7	108	8	111	9	101	10	120	11	103	12	113	13	102	14	114	15	110	16	102	17	106	18	106	19	117	
	0	103	1	119	2	112	3	116	4	115	5	111	6	114	7	100	8	120	9	117	10	100	11	115	12	116	13	118	14	109	15	116	16	107	17	106	18	104	19	114	
	0	118	1	110	2	105	3	111	4	105	5	119	6	120	7	116	8	104	9	113	10	109	11	107	12	120	13	106	14	111	15	107	16	117	17	101	18	111	19	118	
	0	107	1	114	2	120	3	107	4	118	5	120	6	107	7	104	8	107	9	118	10	102	11	114	12	118	13	111	14	118	15	115	16	107	17	114	18	115	19	107	
	0	110	1	109	2	107	3	107	4	110	5	116	6	114	7	120	8	106	9	108	10	112	11	100	12	100	13	105	14	120	15	116	16	104	17	112	18	107	19	105	
	0	119	1	112	2	117	3	114	4	106	5	111	6	101	7	119	8	114	9	108	10	100	11	114	12	119	13	101	14	119	15	115	16	102	17	115	18	106	19	116	
	0	119	1	120	2	114	3	105	4	106	5	106	6	104	7	105	8	100	9	104	10	111	11	120	12	100	13	113	14	109	15	106	16	101	17	116	18	107	19	100	
	0	117	1	114	2	105	3	102	4	103	5	102	6	107	7	111	8	118	9	119	10	105	11	105	12	114	13	106	14	120	15	108	16	118	17	112	18	104	19	115	
	0	115	1	109	2	120	3	106	4	106	5	106	6	109	7	113	8	104	9	116	10	105	11	100	12	100	13	115	14	110	15	108	16	119	17	105	18	118	19	112	
	0	118	1	100	2	108	3	104	4	110	5	118	6	104	7	115	8	111	9	116	10	105	11	116	12	113	13	107	14	109	15	117	16	117	17	101	18	104	19	118	
	0	118	1	120	2	103	3	104	4	107	5	109	6	110	7	109	8	120	9	101	10	118	11	109	12	104	13	108	14	119	15	110	16	107	17	119	18	105	19	120	
	0	119	1	115	2	114	3	119	4	111	5	102	6	100	7	102	8	110	9	109	10	101	11	100	12	120	13	103	14	102	15	100	16	113	17	110	18	103	19	104	
	0	111	1	113	2	117	3	111	4	103	5	111	6	117	7	114	8	107	9	104	10	102	11	106	12	100	13	108	14	119	15	100	16	104	17	110	18	109	19	105	
	0	110	1	100	2	107	3	113	4	114	5	113	6	109	7	118	8	101	9	111	10	103	11	120	12	114	13	111	14	102	15	105	16	114	17	110	18	116	19	114	
	0	107	1	103	2	110	3	110	4	110	5	120	6	116	7	115	8	117	9	113	10	116	11	100	12	104	13	113	14	111	15	118	16	105	17	110	18	117	19	100	
	0	118	1	118	2	109	3	103	4	120	5	108	6	104	7	111	8	106	9	113	10	103	11	108	12	115	13	106	14	113	15	106	16	107	17	100	18	117	19	107	
	0	108	1	101	2	116	3	117	4	113	5	103	6	116	7	101	8	120	9	106	10	119	11	103	12	108	13	100	14	111	15	110	16	120	17	106	18	108	19	114	
	0	108	1	103	2	119	3	114	4	105	5	113	6	111	7	100	8	117	9	101	10	117	11	104	12	105	13	109	14	104	15	104	16	120	17	108	18	102	19	101	
	0	102	1	100	2	115	3	110	4	117	5	100	6	100	7	111	8	107	9	116	10	116	11	119	12	109	13	102	14	101	15	100	16	118	17	115	18	117	19	112	
	0	101	1	106	2	100	3	117	4	105	5	113	6	112	7	106	8	116	9	109	10	117	11	119	12	100	13	118	14	103	15	103	16	111	17	110	18	119	19	111	
	0	110	1	114	2	102	3	116	4	106	5	118	6	104	7	105	8	111	9	115	10	107	11	106	12	115	13	119	14	120	15	116	16	115	17	116	18	103	19	110	
	0	107	1	102	2	117	3	116	4	100	5	117	6	112	7	101	8	116	9	102	10	110	11	112	12	116	13	107	14	103	15	114	16	120	17	104	18	102	19	113	
	0	120	1	112	2	113	3	113	4	104	5	110	6	104	7	101	8	111	9	103	10	109	11	115	12	107	13	120	14	103	15	106	16	110	17	106	18	114	19	104	
	0	120	1	107	2	117	3	106	4	109	5	101	6	112	7	115	8	100	9	101	10	109	11	104	12	106	13	109	14	104	15	117	16	116	17	106	18	107	19	101	
	0	103	1	107	2	109	3	109	4	100	5	109	6	103	7	114	8	114	9	113	10	117	11	114	12	107	13	103	14	116	15	103	16	100	17	103	18	110	19	102	
	0	118	1	105	2	118	3	115	4	100	5	107	6	104	7	113	8	119	9	112	10	104	11	120	12	114	13	119	14	111	15	116	16	106	17	114	18	100	19	116	
	0	110	1	102	2	100	3	118	4	109	5	120	6	115	7	108	8	115	9	119	10	114	11	101	12	117	13	116	14	109	15	110	16	110	17	106	18	119	19	119	
	0	107	1	108	2	112	3	114	4	113	5	112	6	106	7	113	8	106	9	120	10	101	11	118	12	120	13	109	14	112	15	105	16	106	17	115	18	117	19	100	
	0	103	1	116	2	117	3	104	4	114	5	112	6	116	7	109	8	107	9	108	10	107	11	119	12	117	13	118	14	108	15	102	16	112	17	110	18	113	19	106	
	0	108	1	120	2	107	3	120	4	112	5	111	6	107	7	112	8	114	9	120	10	111	11	120	12	106	13	102	14	103	15	102	16	120	17	120	18	107	19	116	
	0	120	1	107	2	101	3	104	4	103	5	120	6	118	7	116	8	111	9	114	10	104	11	104	12	120	13	113	14	119	15	112	16	118	17	120	18	119	19	107	
	0	105	1	108	2	120	3	119	4	119	5	102	6	114	7	105	8	119	9	106	10	101	11	100	12	115	13	116	14	114	15	107	16	107	17	100	18	104	19	106	
	0	101	1	113	2	115	3	114	4	106	5	111	6	113	7	120	8	104	9	115	10	105	11	112	12	116	13	107	14	117	15	105	16	101	17	120	18	102	19	113	
	0	104	1	102	2	104	3	112	4	108	5	101	6	100	7	106	8	110	9	114	10	118	11	120	12	107	13	103	14	117	15	120	16	116	17	116	18	118	19	109	
	0	107	1	106	2	106	3	110	4	106	5	107	6	118	7	116	8	105	9	104	10	115	11	107	12	100	13	102	14	105	15	100	16	101	17	109	18	101	19	117	
	0	100	1	110	2	112	3	115	4	119	5	115	6	104	7	101	8	120	9	109	10	117	11	108	12	111	13	112	14	113	15	109	16	107	17	110	18	110	19	112	
	0	120	1	111	2	109	3	107	4	119	5	105	6	112	7	113	8	107	9	118	10	110	11	101	12	103	13	103	14	104	15	114	16	117	17	117	18	102	19	113	
	0	104	1	103	2	115	3	115	4	105	5	119	6	115	7	115	8	107	9	104	10	111	11	106	12	120	13	118	14	102	15	119	16	103	17	102	18	111	19	111	
	0	100	1	115	2	115	3	110	4	119	5	101	6	108	7	106	8	110	9	120	10	112	11	101	12	100	13	116	14	100	15	115	16	120	17	117	18	115	19	102	
	0	102	1	104	2	107	3	106	4	109	5	104	6	104	7	114	8	113	9	115	10	108	11	111	12	110	13	112	14	108	15	120	16	101	17	108	18	108	19	108	
	0	110	1	105	2	106	3	111	4	111	5	116	6	106	7	106	8	109	9	100	10	115	11	118	12	103	13	103	14	106	15	105	16	104	17	112	18	101	19	109	
	0	115	1	113	2	119	3	113	4	101	5	118	6	111	7	104	8	118	9	110	10	112	11	117	12	105	13	102	14	107	15	120	16	117	17	113	18	116	19	100	
	0	102	1	103	2	117	3	102	4	107	5	109	6	106	7	108	8	117	9	119	10	111	11	107	12	101	13	108	14	113	15	118	16	111	17	100	18	109	19	118	
	0	110	1	116	2	107	3	100	4	103	5	112	6	117	7	109	8	115	9	118	10	109	11	105	12	108	13	100	14	108	15	114	16	116	17	112	18	108	19	116	
	0	113	1	115	2	109	3	108	4	114	5	118	6	112	7	114	8	120	9	118	10	115	11	116	12	100	13	114	14	101	15	114	16	117	17	108	18	102	19	102	
	0	115	1	116	2	103	3	117	4	120	5	120	6	115	7	107	8	120	9	115	10	119	11	107	12	105	13	113	14	108	15	110	16	116	17	117	18	106	19	112	
	0	101	1	114	2	102	3	108	4	104	5	115	6	111	7	114	8	118	9	116	10	104	11	107	12	101	13	116	14	101	15	103	16	108	17	113	18	113	19	113	
	0	106	1	104	2	105	3	110	4	115	5	103	6	105	7	113	8	108	9	118	10	110	11	104	12	104	13	104	14	118	15	115	16	115	17	117	18	100	19	109	
	0	111	1	102	2	107	3	110	4	102	5	117	6	115	7	108	8	103	9	111	10	111	11	106	12	109	13	107	14	107	15	109	16	104	17	108	18	104	19	108	
	0	109	1	101	2	116	3	111	4	118	5	107	6	117	7	102	8	117	9	108	10	113	11	113	12	108	13	107	14	105	15	110	16	103	17	117	18	110	19	115	
	0	106	1	119	2	101	3	116	4	107	5	103	6	103	7	112	8	110	9	109	10	102	11	106	12	120	13	106	14	112	15	116	16	118	17	120	18	116	19	120	
	0	118	1	118	2	120	3	103	4	107	5	112	6	104	7	119	8	104	9	107	10	107	11	118	12	102	13	106	14	105	15	109	16	108	17	111	18	119	19	120	
	0	100	1	112	2	101	3	100	4	117	5	120	6	103	7	112	8	102	9	101	10	104	11	107	12	118	13	113	14	108	15	110	16	116	17	104	18	101	19	113	
	0	100	1	112	2	105	3	118	4	108	5	106	6	113	7	104	8	115	9	109	10	117	11	118	12	106	13	119	14	120	15	103	16	120	17	102	18	114	19	117	
	0	105	1	100	2	114	3	102	4	114	5	101	6	118	7	114	8	102	9	105	10	115	11	107	12	120	13	120	14	119	15	108	16	118	17	108	18	120	19	117	
	0	118	1	112	2	109	3	112	4	109	5	119	6	115	7	113	8	110	9	100	10	102	11	107	12	119	13	117	14	116	15	111	16	108	17	105	18	111	19	116	
	0	120	1	117	2	114	3	115	4	112	5	107	6	112	7	110	8	112	9	117	10	109	11	118	12	106	13	110	14	100	15	105	16	118	17	104	18	110	19	102	
	0	102	1	113	2	111	3	103	4	120	5	111	6	120	7	120	8	112	9	111	10	114	11	114	12	100	13	102	14	107	15	119	16	103	17	116	18	111	19	106	
	0	105	1	101	2	107	3	108	4	100	5	119	6	109	7	115	8	113	9	102	10	109	11	114	12	120	13	113	14	116	15	106	16	113	17	115	18	120	19	115	
	0	101	1	103	2	116	3	112	4	100	5	117	6	108	7	116	8	115	9	104	10	107	11	110	12	120	13	107	14	116	15	102	16	106	17	100	18	100	19	119	
	0	116	1	112	2	108	3	113	4	113	5	102	6	115	7	106	8	111	9	112	10	109	11	113	12	100	13	114	14	100	15	107	16	111	17	114	18	105	19	113	
	0	110	1	105	2	117	3	108	4	112	5	108	6	113	7	107	8	119	9	114	10	105	11	120	12	100	13	113	14	115	15	118	16	103	17	118	18	107	19	120	
	0	103	1	117	2	101	3	113	4	101	5	103	6	104	7	107	8	118	9	104	10	117	11	112	12	105	13	104	14	101	15	115	16	105	17	119	18	119	19	109	
	0	104	1	102	2	110	3	113	4	119	5	117	6	110	7	118	8	100	9	108	10	119	11	108	12	105	13	110	14	117	15	106	16	120	17	114	18	103	19	114	
	0	120	1	100	2	113	3	115	4	120	5	112	6	114	7	118	8	106	9	116	10	114	11	111	12	115	13	101	14	118	15	107	16	117	17	100	18	100	19	108	
	0	113	1	116	2	113	3	117	4	109	5	100	6	110	7	100	8	104	9	105	10	114	11	118	12	111	13	119	14	108	15	112	16	110	17	120	18	106	19	112	
	0	100	1	104	2	116	3	102	4	105	5	112	6	107	7	114	8	113	9	102	10	114	11	101	12	105	13	110	14	111	15	104	16	118	17	108	18	107	19	101	
	0	114	1	100	2	114	3	110	4	109	5	102	6	110	7	118	8	108	9	117	10	105	11	113	12	113	13	102	14	109	15	108	16	108	17	105	18	115	19	111	
	0	118	1	109	2	110	3	118	4	116	5	111	6	111	7	103	8	102	9	114	10	118	11	118	12	105	13	120	14	110	15	109	16	119	17	109	18	116	19	116	
	0	105	1	116	2	110	3	113	4	102	5	108	6	105	7	101	8	104	9	117	10	101	11	103	12	105	13	101	14	117	15	104	16	118	17	102	18	117	19	111	
	0	115	1	111	2	120	3	102	4	107	5	101	6	120	7	114	8	103	9	108	10	112	11	101	12	107	13	103	14	108	15	110	16	112	17	117	18	120	19	110	
	0	109	1	110	2	107	3	116	4	115	5	107	6	118	7	110	8	112	9	118	10	116	11	116	12	120	13	104	14	115	15	109	16	118	17	110	18	118	19	100	
	0	118	1	113	2	120	3	111	4	100	5	112	6	103	7	107	8	106	9	116	10	120	11	104	12	115	13	101	14	115	15	112	16	112	17	109	18	104	19	100	
	0	109	1	116	2	106	3	106	4	120	5	105	6	103	7	100	8	117	9	102	10	113	11	107	12	117	13	117	14	102	15	107	16	114	17	112	18	104	19	105	
	0	107	1	100	2	105	3	111	4	100	5	117	6	108	7	104	8	120	9	101	10	109	11	115	12	110	13	102	14	113	15	105	16	110	17	119	18	115	19	101	
	0	112	1	100	2	108	3	117	4	101	5	118	6	114	7	101	8	108	9	112	10	108	11	111	12	114	13	101	14	120	15	105	16	106	17	109	18	101	19	119	
	0	115	1	112	2	116	3	108	4	116	5	111	6	119	7	105	8	102	9	110	10	101	11	105	12	111	13	112	14	118	15	114	16	109	17	109	18	108	19	113	
	0	119	1	102	2	104	3	118	4	113	5	108	6	110	7	116	8	115	9	118	10	105	11	113	12	103	13	120	14	105	15	106	16	114	17	106	18	113	19	103	
	0	108	1	100	2	108	3	120	4	103	5	116	6	111	7	105	8	103	9	118	10	120	11	120	12	119	13	113	14	109	15	115	16	117	17	101	18	119	19	114	
	0	117	1	106	2	109	3	111	4	119	5	100	6	107	7	106	8	115	9	116	10	119	11	112	12	116	13	110	14	105	15	116	16	106	17	120	18	117	19	114	
	0	105	1	112	2	100	3	105	4	115	5	115	6	100	7	111	8	100	9	104	10	112	11	106	12	114	13	119	14	101	15	103	16	118	17	114	18	110	19	120	
	0	100	1	114	2	113	3	112	4	107	5	112	6	109	7	115	8	114	9	111	10	109	11	119	12	115	13	108	14	120	15	100	16	116	17	115	18	100	19	107	
	0	109	1	118	2	111	3	115	4	102	5	120	6	117	7	103	8	120	9	110	10	105	11	118	12	118	13	120	14	105	15	100	16	120	17	108	18	118	19	116	
	0	106	1	110	2	107	3	116	4	106	5	119	6	106	7	100	8	113	9	114	10	104	11	103	12	105	13	105	14	100	15	104	16	103	17	109	18	107	19	106	
	0	104	1	116	2	117	3	102	4	115	5	118	6	100	7	115	8	106	9	110	10	102	11	118	12	118	13	116	14	120	15	113	16	103	17	110	18	114	19	105	
	0	106	1	106	2	108	3	112	4	116	5	104	6	118	7	117	8	113	9	100	10	105	11	111	12	102	13	118	14	111	15	104	16	101	17	107	18	114	19	106	
	0	102	1	120	2	110	3	120	4	111	5	112	6	100	7	100	8	119	9	113	10	113	11	111	12	119	13	112	14	103	15	120	16	118	17	106	18	115	19	118	
	0	109	1	110	2	119	3	115	4	104	5	103	6	115	7	115	8	102	9	113	10	103	11	118	12	101	13	119	14	103	15	113	16	114	17	114	18	112	19	111	
	0	117	1	112	2	104	3	108	4	120	5	118	6	101	7	109	8	116	9	116	10	109	11	117	12	103	13	113	14	108	15	119	16	115	17	105	18	107	19	120	
	0	114	1	107	2	102	3	106	4	107	5	104	6	102	7	119	8	106	9	111	10	118	11	112	12	100	13	117	14	108	15	103	16	112	17	116	18	102	19	110	
	0	119	1	106	2	107	3	104	4	100	5	120	6	114	7	120	8	110	9	115	10	106	11	106	12	109	13	102	14	106	15	114	16	102	17	114	18	102	19	109	
	0	102	1	118	2	120	3	106	4	110	5	110	6	101	7	119	8	119	9	103	10	119	11	108	12	118	13	102	14	102	15	115	16	106	17	102	18	100	19	114	
	0	119	1	115	2	106	3	118	4	118	5	108	6	100	7	108	8	110	9	116	10	103	11	109	12	113	13	111	14	112	15	112	16	105	17	104	18	105	19	100	
	0	115	1	103	2	119	3	115	4	119	5	108	6	101	7	119	8	104	9	102	10	109	11	115	12	108	13	103	14	106	15	116	16	100	17	113	18	101	19	103	
	0	111	1	102	2	100	3	117	4	115	5	103	6	116	7	118	8	108	9	110	10	120	11	120	12	112	13	120	14	120	15	105	16	106	17	107	18	115	19	104	
	0	102	1	119	2	112	3	117	4	102	5	113	6	118	7	112	8	107	9	112	10	103	11	116	12	104	13	102	14	109	15	104	16	120	17	118	18	107	19	100	
	0	108	1	118	2	112	3	101	4	114	5	118	6	101	7	103	8	118	9	101	10	108	11	118	12	103	13	110	14	115	15	103	16	116	17	118	18	117	19	116	
	0	114	1	106	2	116	3	113	4	107	5	108	6	110	7	113	8	117	9	102	10	108	11	116	12	120	13	108	14	110	15	120	16	114	17	118	18	109	19	110	
	0	105	1	106	2	106	3	103	4	106	5	116	6	120	7	116	8	104	9	108	10	114	11	106	12	111	13	119	14	116	15	114	16	109	17	112	18	119	19	112	
	0	111	1	113	2	115	3	116	4	104	5	115	6	100	7	105	8	120	9	119	10	100	11	108	12	116	13	115	14	100	15	119	16	114	17	120	18	107	19	118	
	0	105	1	119	2	116	3	100	4	112	5	106	6	109	7	116	8	107	9	107	10	108	11	100	12	117	13	117	14	108	15	105	16	113	17	118	18	116	19	107	
	0	110	1	114	2	117	3	116	4	112	5	112	6	105	7	115	8	115	9	107	10	118	11	116	12	109	13	120	14	119	15	118	16	118	17	114	18	108	19	112	
	0	115	1	114	2	103	3	117	4	119	5	119	6	112	7	114	8	100	9	113	10	106	11	110	12	119	13	116	14	100	15	115	16	109	17	111	18	114	19	119	
	0	106	1	113	2	114	3	104	4	106	5	119	6	101	7	115	8	113	9	112	10	106	11	119	12	105	13	110	14	116	15	116	16	105	17	100	18	108	19	116	
	0	117	1	104	2	117	3	118	4	104	5	111	6	114	7	103	8	107	9	104	10	108	11	113	12	106	13	111	14	106	15	117	16	101	17	114	18	117	19	111	
	0	110	1	108	2	102	3	115	4	107	5	119	6	116	7	110	8	111	9	113	10	105	11	105	12	118	13	110	14	112	15	120	16	104	17	107	18	119	19	115	
	0	101	1	111	2	100	3	103	4	116	5	105	6	105	7	112	8	109	9	111	10	107	11	107	12	110	13	115	14	115	15	110	16	115	17	110	18	116	19	111	
	0	105	1	106	2	115	3	100	4	106	5	109	6	101	7	116	8	115	9	102	10	110	11	112	12	114	13	107	14	114	15	120	16	112	17	119	18	108	19	114	
	0	108	1	114	2	115	3	118	4	113	5	113	6	120	7	104	8	118	9	104	10	117	11	115	12	103	13	115	14	100	15	120	16	113	17	102	18	120	19	115	
	0	110	1	105	2	118	3	102	4	117	5	103	6	106	7	108	8	110	9	114	10	106	11	107	12	104	13	102	14	112	15	112	16	120	17	112	18	115	19	115	
	0	106	1	119	2	116	3	107	4	118	5	104	6	101	7	119	8	115	9	116	10	111	11	120	12	106	13	118	14	120	15	105	16	118	17	108	18	104	19	120	
	0	107	1	113	2	112	3	100	4	111	5	119	6	114	7	102	8	114	9	117	10	100	11	107	12	101	13	101	14	120	15	120	16	111	17	120	18	110	19	119	
	0	111	1	110	2	111	3	108	4	103	5	117	6	116	7	107	8	117	9	105	10	105	11	106	12	116	13	105	14	102	15	106	16	110	17	117	18	113	19	104	
	0	114	1	104	2	104	3	107	4	111	5	100	6	110	7	113	8	105	9	117	10	105	11	110	12	112	13	120	14	104	15	102	16	107	17	116	18	100	19	105	
	0	104	1	106	2	101	3	116	4	106	5	119	6	116	7	118	8	103	9	120	10	119	11	107	12	102	13	101	14	100	15	100	16	114	17	111	18	100	19	117	
	0	113	1	118	2	108	3	103	4	120	5	103	6	105	7	108	8	114	9	112	10	108	11	101	12	106	13	101	14	106	15	110	16	108	17	120	18	102	19	108	
	0	103	1	118	2	117	3	120	4	113	5	120	6	102	7	109	8	104	9	111	10	102	11	113	12	113	13	113	14	114	15	109	16	117	17	111	18	102	19	113	
	0	103	1	111	2	117	3	115	4	120	5	115	6	119	7	104	8	110	9	107	10	101	11	101	12	115	13	116	14	113	15	115	16	110	17	100	18	116	19	119	
	0	105	1	109	2	101	3	102	4	111	5	105	6	108	7	109	8	101	9	106	10	115	11	100	12	106	13	105	14	118	15	101	16	115	17	119	18	117	19	102	
	0	119	1	104	2	113	3	119	4	117	5	105	6	118	7	105	8	110	9	104	10	110	11	119	12	102	13	100	14	118	15	117	16	104	17	100	18	110	19	114	
	0	106	1	108	2	106	3	108	4	109	5	101	6	103	7	104	8	101	9	109	10	105	11	106	12	106	13	107	14	102	15	120	16	117	17	104	18	103	19	107	
	0	116	1	104	2	119	3	110	4	117	5	114	6	114	7	105	8	113	9	103	10	104	11	101	12	111	13	107	14	111	15	113	16	103	17	114	18	103	19	120	
	0	108	1	119	2	106	3	115	4	103	5	117	6	115	7	120	8	108	9	102	10	105	11	111	12	104	13	102	14	108	15	108	16	119	17	107	18	113	19	120	
	0	117	1	103	2	111	3	112	4	105	5	109	6	107	7	101	8	119	9	101	10	107	11	110	12	109	13	110	14	110	15	116	16	116	17	117	18	105	19	105	
	0	110	1	112	2	100	3	103	4	109	5	117	6	116	7	120	8	100	9	103	10	108	11	119	12	108	13	104	14	107	15	102	16	115	17	105	18	113	19	104	
	0	119	1	113	2	103	3	108	4	119	5	104	6	108	7	119	8	103	9	109	10	115	11	111	12	110	13	108	14	108	15	104	16	117	17	112	18	103	19	119	
	0	100	1	117	2	100	3	113	4	108	5	102	6	116	7	101	8	117	9	107	10	104	11	101	12	118	13	119	14	107	15	109	16	113	17	117	18	106	19	108	
	0	112	1	107	2	103	3	100	4	117	5	108	6	108	7	104	8	101	9	105	10	116	11	119	12	104	13	115	14	120	15	108	16	111	17	104	18	105	19	112	
	0	115	1	116	2	111	3	106	4	104	5	106	6	108	7	107	8	120	9	114	10	103	11	107	12	104	13	101	14	112	15	111	16	113	17	107	18	103	19	110	
	0	104	1	118	2	113	3	110	4	112	5	113	6	113	7	109	8	110	9	116	10	112	11	120	12	112	13	112	14	109	15	104	16	107	17	103	18	105	19	119	
	0	113	1	118	2	102	3	116	4	104	5	110	6	105	7	116	8	118	9	120	10	106	11	111	12	102	13	101	14	103	15	101	16	102	17	102	18	114	19	105	
	0	117	1	105	2	120	3	110	4	111	5	112	6	102	7	101	8	104	9	118	10	104	11	105	12	100	13	109	14	109	15	100	16	118	17	107	18	103	19	105	
	0	116	1	107	2	102	3	108	4	119	5	116	6	111	7	117	8	111	9	113	10	100	11	106	12	104	13	105	14	108	15	119	16	115	17	118	18	108	19	116	
	0	108	1	112	2	116	3	118	4	108	5	107	6	119	7	114	8	106	9	120	10	114	11	100	12	112	13	102	14	109	15	107	16	111	17	120	18	118	19	101	
	0	119	1	105	2	111	3	100	4	111	5	101	6	112	7	105	8	114	9	105	10	115	11	107	12	113	13	114	14	101	15	119	16	102	17	104	18	115	19	108	
	0	108	1	116	2	105	3	106	4	102	5	112	6	108	7	120	8	106	9	110	10	112	11	107	12	109	13	108	14	110	15	109	16	108	17	109	18	115	19	105	
	0	104	1	114	2	111	3	104	4	115	5	100	6	102	7	116	8	116	9	109	10	112	11	108	12	100	13	105	14	109	15	116	16	107	17	104	18	119	19	114	
	0	116	1	104	2	100	3	110	4	114	5	116	6	113	7	105	8	101	9	105	10	110	11	103	12	120	13	117	14	112	15	118	16	116	17	106	18	104	19	105	
	0	100	1	104	2	106	3	103	4	102	5	110	6	104	7	112	8	117	9	100	10	116	11	110	12	118	13	103	14	120	15	110	16	120	17	106	18	112	19	112	
	0	110	1	117	2	108	3	110	4	106	5	103	6	104	7	119	8	120	9	106	10	104	11	109	12	107	13	105	14	118	15	108	16	111	17	108	18	102	19	101	
	0	111	1	100	2	102	3	103	4	106	5	117	6	106	7	106	8	105	9	100	10	114	11	120	12	101	13	103	14	118	15	111	16	105	17	117	18	106	19	100	
	0	111	1	116	2	115	3	117	4	114	5	102	6	119	7	117	8	115	9	100	10	111	11	105	12	108	13	104	14	100	15	109	16	117	17	120	18	104	19	106	
	0	115	1	118	2	118	3	103	4	120	5	116	6	115	7	100	8	119	9	100	10	101	11	103	12	119	13	107	14	119	15	115	16	119	17	105	18	113	19	107	
	0	119	1	111	2	110	3	114	4	111	5	100	6	109	7	118	8	103	9	117	10	108	11	116	12	106	13	113	14	116	15	101	16	107	17	102	18	104	19	118	
	0	117	1	117	2	109	3	102	4	104	5	116	6	104	7	110	8	105	9	103	10	105	11	111	12	106	13	106	14	107	15	105	16	104	17	107	18	118	19	106	
	0	113	1	110	2	117	3	118	4	100	5	103	6	120	7	102	8	105	9	101	10	116	11	100	12	111	13	118	14	102	15	112	16	117	17	119	18	101	19	112	
	0	111	1	119	2	112	3	109	4	117	5	112	6	118	7	115	8	103	9	117	10	102	11	116	12	111	13	101	14	118	15	110	16	115	17	120	18	102	19	114	
	0	104	1	117	2	113	3	113	4	118	5	112	6	110	7	113	8	109	9	112	10	112	11	118	12	103	13	103	14	117	15	116	16	112	17	111	18	109	19	109	
	0	109	1	106	2	100	3	115	4	110	5	111	6	120	7	108	8	112	9	116	10	115	11	117	12	115	13	117	14	102	15	106	16	101	17	113	18	101	19	114	
	0	105	1	110	2	108	3	102	4	104	5	112	6	116	7	102	8	114	9	112	10	101	11	104	12	105	13	110	14	102	15	113	16	107	17	114	18	100	19	113	
	0	114	1	118	2	109	3	115	4	104	5	107	6	111	7	107	8	107	9	118	10	112	11	117	12	107	13	114	14	109	15	112	16	106	17	109	18	115	19	108	
	0	106	1	113	2	108	3	103	4	109	5	110	6	109	7	103	8	113	9	106	10	115	11	119	12	114	13	120	14	108	15	117	16	100	17	101	18	117	19	110	
	0	100	1	115	2	107	3	101	4	119	5	113	6	103	7	102	8	103	9	114	10	109	11	112	12	110	13	116	14	114	15	116	16	117	17	112	18	102	19	105	
	0	117	1	102	2	103	3	108	4	113	5	111	6	115	7	118	8	100	9	119	10	117	11	102	12	110	13	102	14	120	15	104	16	107	17	115	18	103	19	108	
	0	106	1	102	2	110	3	118	4	103	5	102	6	113	7	109	8	104	9	103	10	112	11	103	12	105	13	104	14	103	15	111	16	106	17	108	18	118	19	112	
	0	101	1	109	2	117	3	105	4	108	5	119	6	101	7	101	8	108	9	102	10	113	11	107	12	112	13	114	14	105	15	105	16	110	17	116	18	108	19	119	
	0	107	1	113	2	102	3	105	4	104	5	120	6	104	7	106	8	104	9	112	10	102	11	109	12	117	13	120	14	107	15	111	16	120	17	104	18	103	19	107	
	0	119	1	110	2	113	3	101	4	119	5	115	6	102	7	112	8	110	9	112	10	101	11	112	12	113	13	110	14	101	15	100	16	116	17	102	18	109	19	103	
	0	116	1	119	2	104	3	109	4	120	5	101	6	117	7	120	8	111	9	100	10	110	11	110	12	102	13	115	14	114	15	109	16	109	17	105	18	101	19	105	
	0	116	1	110	2	105	3	102	4	110	5	115	6	109	7	102	8	120	9	113	10	108	11	102	12	109	13	111	14	117	15	105	16	104	17	111	18	109	19	112	
	0	120	1	111	2	106	3	106	4	120	5	108	6	110	7	118	8	111	9	112	10	116	11	102	12	101	13	116	14	102	15	103	16	105	17	106	18	103	19	118	
	0	115	1	110	2	112	3	104	4	111	5	115	6	106	7	107	8	109	9	109	10	115	11	103	12	105	13	106	14	101	15	106	16	107	17	111	18	120	19	109	
	0	110	1	119	2	116	3	120	4	115	5	107	6	109	7	118	8	119	9	119	10	102	11	113	12	117	13	108	14	104	15	112	16	101	17	113	18	112	19	117	
	0	119	1	108	2	107	3	115	4	111	5	117	6	101	7	105	8	111	9	111	10	101	11	114	12	120	13	110	14	111	15	110	16	105	17	118	18	106	19	109	
	0	111	1	108	2	117	3	111	4	114	5	102	6	104	7	100	8	111	9	118	10	112	11	108	12	116	13	114	14	111	15	111	16	118	17	103	18	110	19	111	
	0	114	1	103	2	110	3	120	4	112	5	114	6	106	7	112	8	100	9	112	10	110	11	117	12	106	13	110	14	107	15	119	16	117	17	115	18	110	19	111	
	0	109	1	118	2	120	3	110	4	105	5	118	6	109	7	112	8	120	9	113	10	109	11	115	12	117	13	117	14	116	15	100	16	109	17	105	18	108	19	107	
	0	114	1	107	2	112	3	102	4	118	5	106	6	115	7	118	8	104	9	113	10	120	11	120	12	108	13	116	14	118	15	100	16	118	17	118	18	120	19	109	
	0	120	1	113	2	102	3	103	4	110	5	114	6	104	7	107	8	114	9	100	10	117	11	105	12	119	13	106	14	107	15	100	16	120	17	103	18	100	19	119	
	0	113	1	111	2	112	3	105	4	116	5	119	6	115	7	100	8	112	9	109	10	106	11	100	12	119	13	115	14	114	15	118	16	119	17	106	18	105	19	104	
	0	111	1	103	2	100	3	106	4	107	5	100	6	101	7	104	8	120	9	114	10	108	11	116	12	106	13	120	14	117	15	100	16	117	17	109	18	119	19	114	
	0	102	1	101	2	101	3	100	4	113	5	103	6	113	7	112	8	105	9	109	10	105	11	101	12	115	13	114	14	118	15	109	16	105	17	100	18	105	19	116	
	0	115	1	101	2	111	3	101	4	103	5	101	6	119	7	110	8	101	9	104	10	114	11	105	12	106	13	117	14	119	15	117	16	103	17	109	18	103	19	103	
	0	101	1	104	2	117	3	114	4	117	5	103	6	116	7	106	8	108	9	114	10	103	11	113	12	115	13	108	14	111	15	106	16	113	17	104	18	105	19	100	
	0	103	1	113	2	107	3	109	4	105	5	120	6	102	7	106	8	106	9	114	10	117	11	100	12	110	13	119	14	112	15	120	16	117	17	100	18	105	19	107	
	0	110	1	115	2	105	3	118	4	105	5	120	6	117	7	120	8	105	9	119	10	111	11	101	12	117	13	116	14	117	15	120	16	108	17	115	18	117	19	104	
	0	120	1	112	2	104	3	116	4	107	5	102	6	120	7	101	8	110	9	106	10	104	11	109	12	114	13	108	14	106	15	111	16	105	17	116	18	111	19	112	
	0	120	1	114	2	110	3	104	4	115	5	101	6	120	7	120	8	111	9	115	10	102	11	108	12	115	13	119	14	106	15	111	16	102	17	118	18	111	19	104	
	0	119	1	113	2	110	3	101	4	106	5	106	6	107	7	111	8	104	9	109	10	107	11	111	12	100	13	120	14	110	15	120	16	102	17	109	18	118	19	115	
	0	117	1	110	2	117	3	106	4	104	5	114	6	106	7	112	8	101	9	105	10	112	11	109	12	120	13	100	14	104	15	115	16	111	17	100	18	109	19	109	
	0	105	1	115	2	108	3	112	4	111	5	115	6	119	7	103	8	119	9	118	10	106	11	110	12	105	13	111	14	108	15	105	16	101	17	112	18	117	19	118	
	0	116	1	105	2	108	3	100	4	116	5	101	6	110	7	103	8	102	9	120	10	119	11	120	12	113	13	100	14	108	15	115	16	112	17	105	18	115	19	120	
	0	118	1	106	2	115	3	113	4	118	5	101	6	116	7	100	8	120	9	102	10	115	11	120	12	102	13	110	14	105	15	101	16	118	17	116	18	115	19	104	
	0	108	1	117	2	110	3	101	4	119	5	104	6	109	7	110	8	105	9	113	10	101	11	120	12	102	13	114	14	100	15	100	16	105	17	111	18	114	19	100	
	0	116	1	114	2	104	3	105	4	114	5	119	6	108	7	112	8	119	9	108	10	120	11	114	12	113	13	100	14	110	15	112	16	108	17	120	18	116	19	107	
	0	100	1	103	2	117	3	105	4	108	5	114	6	104	7	110	8	106	9	101	10	120	11	118	12	100	13	116	14	109	15	107	16	104	17	116	18	119	19	106	
	0	101	1	116	2	114	3	119	4	100	5	100	6	108	7	120	8	100	9	100	10	100	11	117	12	120	13	108	14	101	15	119	16	110	17	107	18	103	19	116	
	0	102	1	106	2	105	3	101	4	109	5	117	6	100	7	102	8	104	9	114	10	120	11	104	12	111	13	110	14	104	15	104	16	119	17	114	18	107	19	106	
	0	112	1	115	2	120	3	120	4	117	5	108	6	102	7	107	8	108	9	114	10	119	11	116	12	103	13	119	14	110	15	107	16	115	17	102	18	105	19	120	
	0	119	1	100	2	101	3	103	4	105	5	102	6	110	7	109	8	107	9	103	10	112	11	114	12	106	13	112	14	112	15	110	16	103	17	101	18	112	19	113	
	0	113	1	107	2	107	3	116	4	118	5	119	6	102	7	110	8	106	9	100	10	101	11	119	12	119	13	104	14	111	15	116	16	109	17	110	18	115	19	120	
	0	110	1	104	2	119	3	109	4	117	5	110	6	103	7	116	8	119	9	105	10	106	11	102	12	107	13	116	14	109	15	118	16	104	17	111	18	117	19	120	
	0	113	1	109	2	107	3	116	4	116	5	109	6	102	7	110	8	115	9	116	10	108	11	108	12	100	13	103	14	103	15	110	16	103	17	107	18	119	19	114	
	0	114	1	115	2	117	3	109	4	102	5	118	6	119	7	110	8	108	9	110	10	109	11	105	12	109	13	119	14	104	15	100	16	113	17	103	18	120	19	106	
	0	118	1	107	2	110	3	111	4	109	5	104	6	103	7	116	8	109	9	103	10	107	11	110	12	100	13	100	14	106	15	105	16	119	17	114	18	103	19	113	
	0	109	1	113	2	103	3	112	4	107	5	115	6	113	7	100	8	109	9	119	10	115	11	114	12	112	13	111	14	103	15	116	16	114	17	120	18	109	19	102	
	0	107	1	103	2	112	3	109	4	114	5	108	6	114	7	103	8	113	9	112	10	110	11	110	12	106	13	118	14	102	15	107	16	110	17	116	18	114	19	112	
	0	118	1	114	2	110	3	103	4	112	5	102	6	102	7	107	8	112	9	106	10	120	11	119	12	103	13	107	14	106	15	103	16	102	17	106	18	102	19	101	
	0	120	1	103	2	105	3	103	4	112	5	105	6	117	7	103	8	114	9	107	10	103	11	117	12	115	13	114	14	105	15	103	16	104	17	119	18	111	19	110	
	0	116	1	114	2	104	3	113	4	104	5	120	6	101	7	110	8	108	9	109	10	120	11	118	12	106	13	118	14	110	15	100	16	111	17	114	18	115	19	117	
	0	102	1	115	2	110	3	106	4	119	5	118	6	119	7	114	8	113	9	107	10	114	11	120	12	114	13	117	14	109	15	103	16	105	17	110	18	111	19	101	
	0	104	1	105	2	113	3	107	4	109	5	107	6	115	7	104	8	116	9	109	10	116	11	110	12	112	13	117	14	108	15	109	16	114	17	100	18	108	19	120	
	0	100	1	119	2	114	3	108	4	104	5	108	6	111	7	107	8	114	9	114	10	102	11	104	12	104	13	119	14	118	15	113	16	107	17	100	18	103	19	118	
	0	108	1	116	2	106	3	115	4	108	5	115	6	120	7	104	8	118	9	101	10	118	11	104	12	105	13	119	14	104	15	120	16	109	17	109	18	112	19	111	
	0	119	1	116	2	109	3	112	4	117	5	116	6	111	7	108	8	117	9	108	10	103	11	112	12	117	13	115	14	120	15	114	16	107	17	115	18	101	19	109	
	0	102	1	101	2	115	3	116	4	120	5	119	6	112	7	107	8	113	9	100	10	101	11	119	12	115	13	117	14	104	15	100	16	115	17	113	18	102	19	117	
	0	109	1	103	2	101	3	111	4	100	5	115	6	108	7	102	8	109	9	115	10	110	11	110	12	108	13	112	14	110	15	120	16	104	17	119	18	107	19	103	
	0	111	1	110	2	108	3	102	4	110	5	118	6	102	7	112	8	114	9	106	10	103	11	109	12	105	13	114	14	104	15	116	16	116	17	120	18	118	19	114	
	0	120	1	115	2	116	3	110	4	101	5	106	6	103	7	100	8	115	9	111	10	118	11	105	12	120	13	115	14	105	15	112	16	102	17	119	18	102	19	110	
	0	116	1	106	2	103	3	112	4	111	5	118	6	100	7	109	8	111	9	111	10	114	11	116	12	112	13	111	14	107	15	108	16	106	17	115	18	100	19	108	
	0	118	1	108	2	114	3	101	4	109	5	106	6	103	7	103	8	107	9	120	10	117	11	113	12	118	13	107	14	119	15	111	16	102	17	115	18	113	19	119	
	0	111	1	100	2	117	3	114	4	104	5	105	6	111	7	116	8	107	9	106	10	112	11	104	12	108	13	106	14	103	15	104	16	106	17	113	18	111	19	113	
	0	112	1	101	2	106	3	100	4	101	5	105	6	106	7	115	8	119	9	108	10	109	11	119	12	103	13	101	14	114	15	102	16	109	17	104	18	104	19	113	
	0	119	1	111	2	119	3	101	4	102	5	101	6	101	7	116	8	111	9	115	10	107	11	119	12	110	13	100	14	113	15	120	16	106	17	106	18	118	19	109	
	0	118	1	118	2	105	3	114	4	108	5	101	6	113	7	113	8	119	9	100	10	118	11	118	12	118	13	107	14	105	15	119	16	107	17	115	18	107	19	117	
	0	103	1	102	2	100	3	120	4	101	5	108	6	105	7	116	8	117	9	117	10	107	11	119	12	107	13	112	14	113	15	113	16	119	17	117	18	103	19	104	
	0	110	1	102	2	115	3	105	4	112	5	105	6	111	7	114	8	106	9	120	10	101	11	100	12	120	13	118	14	116	15	120	16	110	17	108	18	109	19	120	
	0	120	1	120	2	118	3	105	4	101	5	100	6	108	7	100	8	110	9	119	10	113	11	109	12	108	13	109	14	106	15	115	16	120	17	108	18	112	19	102	
	0	115	1	113	2	113	3	112	4	101	5	115	6	106	7	116	8	119	9	101	10	102	11	116	12	108	13	100	14	113	15	103	16	108	17	107	18	120	19	104	
	0	103	1	103	2	113	3	112	4	111	5	108	6	101	7	120	8	110	9	101	10	114	11	105	12	106	13	111	14	112	15	118	16	116	17	120	18	109	19	101	
	0	112	1	116	2	103	3	103	4	118	5	100	6	114	7	110	8	114	9	113	10	119	11	106	12	104	13	102	14	113	15	101	16	105	17	100	18	119	19	116	
	0	105	1	106	2	107	3	102	4	107	5	110	6	112	7	115	8	109	9	102	10	108	11	117	12	106	13	101	14	103	15	117	16	112	17	107	18	119	19	119	
	0	115	1	119	2	117	3	100	4	117	5	110	6	116	7	116	8	113	9	103	10	102	11	104	12	103	13	117	14	110	15	111	16	100	17	104	18	120	19	108	
	0	111	1	106	2	118	3	113	4	104	5	111	6	117	7	104	8	116	9	103	10	100	11	110	12	114	13	110	14	104	15	117	16	114	17	107	18	101	19	105	
	0	107	1	113	2	113	3	108	4	113	5	100	6	115	7	117	8	118	9	100	10	109	11	104	12	109	13	118	14	103	15	100	16	111	17	104	18	114	19	104	
	0	109	1	115	2	103	3	120	4	118	5	116	6	105	7	113	8	117	9	105	10	110	11	104	12	110	13	110	14	112	15	110	16	105	17	102	18	117	19	107	
	0	113	1	101	2	114	3	120	4	118	5	111	6	103	7	113	8	102	9	105	10	109	11	119	12	100	13	102	14	119	15	110	16	113	17	110	18	107	19	103	
	0	119	1	107	2	104	3	113	4	116	5	112	6	118	7	103	8	104	9	112	10	104	11	102	12	105	13	104	14	114	15	102	16	108	17	112	18	115	19	102	
	0	119	1	120	2	109	3	102	4	103	5	112	6	112	7	105	8	119	9	103	10	118	11	109	12	112	13	109	14	109	15	120	16	109	17	106	18	118	19	102	
	0	109	1	113	2	119	3	103	4	113	5	118	6	117	7	116	8	116	9	100	10	114	11	112	12	118	13	120	14	102	15	106	16	103	17	114	18	115	19	106	
	0	120	1	101	2	111	3	114	4	103	5	102	6	101	7	117	8	119	9	111	10	106	11	117	12	120	13	114	14	108	15	116	16	113	17	100	18	106	19	113	
	0	116	1	111	2	115	3	100	4	116	5	101	6	106	7	120	8	110	9	106	10	120	11	108	12	110	13	112	14	106	15	111	16	114	17	117	18	110	19	102	
	0	105	1	100	2	113	3	100	4	117	5	101	6	101	7	106	8	105	9	114	10	100	11	107	12	102	13	108	14	109	15	116	16	104	17	117	18	118	19	117	
	0	103	1	110	2	109	3	117	4	106	5	103	6	114	7	108	8	113	9	101	10	112	11	100	12	113	13	103	14	103	15	113	16	109	17	107	18	100	19	111	
	0	110	1	109	2	114	3	117	4	119	5	107	6	108	7	105	8	118	9	100	10	114	11	101	12	107	13	113	14	113	15	101	16	106	17	101	18	104	19	102	
	0	111	1	101	2	117	3	120	4	106	5	114	6	112	7	117	8	113	9	119	10	104	11	113	12	102	13	111	14	110	15	101	16	112	17	102	18	105	19	108	
	0	110	1	111	2	104	3	113	4	115	5	117	6	116	7	115	8	111	9	110	10	120	11	106	12	100	13	107	14	102	15	111	16	102	17	100	18	115	19	100	
	0	117	1	114	2	115	3	113	4	103	5	116	6	120	7	103	8	104	9	105	10	106	11	118	12	107	13	107	14	113	15	117	16	111	17	104	18	100	19	101	
	0	109	1	113	2	111	3	102	4	120	5	119	6	108	7	111	8	112	9	104	10	101	11	112	12	107	13	113	14	116	15	112	16	105	17	111	18	104	19	115	
	0	100	1	107	2	112	3	110	4	117	5	113	6	105	7	114	8	102	9	108	10	106	11	101	12	108	13	108	14	100	15	114	16	117	17	112	18	114	19	101	
	0	105	1	109	2	110	3	103	4	108	5	108	6	118	7	112	8	112	9	108	10	101	11	111	12	118	13	114	14	109	15	110	16	119	17	113	18	115	19	104	
	0	119	1	107	2	118	3	101	4	103	5	113	6	115	7	100	8	109	9	119	10	113	11	103	12	107	13	106	14	115	15	103	16	120	17	103	18	118	19	105	
	0	116	1	103	2	120	3	105	4	105	5	108	6	110	7	106	8	112	9	104	10	120	11	102	12	120	13	106	14	110	15	120	16	112	17	110	18	118	19	105	
	0	103	1	113	2	120	3	108	4	107	5	109	6	103	7	104	8	111	9	113	10	111	11	111	12	116	13	105	14	106	15	119	16	113	17	112	18	108	19	101	
	0	109	1	118	2	109	3	111	4	118	5	111	6	104	7	117	8	103	9	102	10	104	11	106	12	109	13	100	14	102	15	108	16	114	17	113	18	120	19	118	
	0	114	1	102	2	104	3	113	4	111	5	109	6	113	7	110	8	115	9	109	10	101	11	100	12	116	13	109	14	119	15	104	16	107	17	110	18	106	19	114	
	0	108	1	108	2	112	3	106	4	117	5	105	6	116	7	117	8	116	9	109	10	100	11	115	12	106	13	114	14	105	15	107	16	113	17	118	18	118	19	104	
	0	119	1	106	2	120	3	107	4	104	5	109	6	109	7	107	8	104	9	111	10	100	11	103	12	106	13	108	14	105	15	102	16	108	17	120	18	106	19	116	
	0	117	1	103	2	103	3	110	4	119	5	100	6	111	7	107	8	101	9	113	10	116	11	111	12	117	13	114	14	103	15	106	16	105	17	104	18	107	19	115	
	0	111	1	120	2	118	3	103	4	101	5	102	6	117	7	101	8	110	9	109	10	112	11	111	12	119	13	120	14	114	15	120	16	113	17	106	18	102	19	120	
	0	113	1	112	2	108	3	113	4	115	5	114	6	101	7	110	8	112	9	115	10	120	11	109	12	106	13	117	14	102	15	101	16	110	17	105	18	103	19	117	
	0	104	1	119	2	100	3	108	4	113	5	105	6	109	7	114	8	119	9	111	10	115	11	105	12	103	13	120	14	107	15	114	16	104	17	117	18	112	19	100	
	0	107	1	119	2	109	3	119	4	120	5	108	6	120	7	108	8	114	9	117	10	108	11	119	12	108	13	113	14	101	15	102	16	115	17	119	18	101	19	118	
	0	110	1	103	2	104	3	105	4	113	5	115	6	112	7	118	8	100	9	118	10	108	11	101	12	109	13	119	14	108	15	116	16	105	17	107	18	112	19	118	
	0	109	1	111	2	119	3	101	4	113	5	108	6	112	7	113	8	102	9	109	10	106	11	109	12	107	13	119	14	111	15	102	16	110	17	103	18	109	19	105	
	0	114	1	119	2	105	3	112	4	116	5	115	6	101	7	103	8	101	9	115	10	102	11	119	12	111	13	115	14	102	15	104	16	116	17	113	18	100	19	102	
	0	109	1	114	2	100	3	106	4	107	5	106	6	104	7	109	8	101	9	103	10	103	11	116	12	110	13	100	14	115	15	119	16	105	17	111	18	118	19	109	
	0	113	1	106	2	101	3	115	4	118	5	106	6	118	7	116	8	103	9	110	10	104	11	101	12	106	13	112	14	107	15	118	16	117	17	118	18	106	19	117	
	0	117	1	111	2	109	3	120	4	104	5	108	6	102	7	117	8	110	9	100	10	120	11	111	12	110	13	106	14	112	15	108	16	105	17	106	18	102	19	101	
	0	104	1	102	2	119	3	108	4	111	5	120	6	100	7	115	8	109	9	106	10	106	11	100	12	102	13	114	14	105	15	101	16	110	17	109	18	119	19	117	
	0	120	1	103	2	107	3	107	4	110	5	116	6	117	7	109	8	115	9	112	10	112	11	101	12	111	13	102	14	109	15	120	16	117	17	114	18	120	19	111	
	0	100	1	104	2	115	3	101	4	112	5	118	6	118	7	110	8	114	9	106	10	102	11	107	12	119	13	115	14	113	15	110	16	115	17	112	18	110	19	114	
	0	115	1	106	2	116	3	110	4	109	5	113	6	116	7	114	8	104	9	112	10	116	11	119	12	115	13	109	14	100	15	106	16	104	17	116	18	105	19	117	
	0	119	1	103	2	116	3	104	4	112	5	109	6	111	7	119	8	111	9	110	10	101	11	120	12	101	13	101	14	106	15	102	16	102	17	110	18	107	19	104	
	0	109	1	114	2	115	3	109	4	103	5	103	6	114	7	114	8	103	9	116	10	105	11	113	12	108	13	110	14	113	15	109	16	119	17	101	18	112	19	120	
	0	115	1	116	2	100	3	116	4	105	5	103	6	109	7	116	8	117	9	114	10	119	11	118	12	105	13	101	14	110	15	105	16	111	17	120	18	107	19	101	
	0	109	1	100	2	105	3	118	4	100	5	119	6	111	7	115	8	111	9	109	10	118	11	118	12	100	13	118	14	108	15	107	16	120	17	112	18	115	19	113	
	0	118	1	118	2	120	3	115	4	116	5	108	6	105	7	116	8	117	9	100	10	100	11	117	12	103	13	110	14	101	15	114	16	107	17	114	18	119	19	104	
	0	111	1	118	2	103	3	106	4	111	5	100	6	112	7	120	8	104	9	115	10	111	11	101	12	113	13	115	14	117	15	102	16	118	17	101	18	118	19	113	
	0	101	1	101	2	104	3	102	4	118	5	115	6	109	7	118	8	104	9	103	10	100	11	106	12	109	13	109	14	100	15	109	16	109	17	100	18	116	19	108	
	0	119	1	108	2	100	3	100	4	113	5	112	6	117	7	115	8	101	9	119	10	102	11	119	12	106	13	120	14	105	15	115	16	106	17	108	18	117	19	118	
	0	110	1	109	2	100	3	115	4	110	5	117	6	118	7	114	8	100	9	110	10	115	11	106	12	119	13	119	14	111	15	114	16	116	17	120	18	113	19	105	
	0	120	1	109	2	106	3	112	4	119	5	101	6	114	7	106	8	110	9	104	10	107	11	112	12	108	13	114	14	108	15	107	16	119	17	100	18	117	19	104	
	0	107	1	120	2	118	3	120	4	113	5	108	6	100	7	116	8	117	9	106	10	118	11	117	12	112	13	106	14	117	15	117	16	115	17	113	18	119	19	117	
	0	111	1	114	2	115	3	111	4	101	5	108	6	100	7	103	8	120	9	106	10	115	11	109	12	115	13	104	14	117	15	103	16	109	17	112	18	100	19	101	
	0	104	1	117	2	114	3	107	4	111	5	117	6	117	7	105	8	119	9	120	10	110	11	115	12	103	13	107	14	101	15	100	16	102	17	111	18	117	19	109	
	0	100	1	118	2	102	3	114	4	103	5	112	6	107	7	111	8	118	9	118	10	111	11	114	12	104	13	103	14	103	15	105	16	105	17	106	18	102	19	110	
	0	114	1	100	2	107	3	109	4	106	5	118	6	117	7	109	8	107	9	113	10	107	11	118	12	114	13	114	14	106	15	117	16	112	17	115	18	115	19	113	
	0	108	1	112	2	108	3	120	4	113	5	103	6	113	7	103	8	118	9	118	10	101	11	114	12	114	13	119	14	112	15	117	16	111	17	111	18	105	19	120	
	0	110	1	107	2	106	3	114	4	111	5	115	6	109	7	103	8	107	9	113	10	120	11	119	12	104	13	117	14	111	15	109	16	105	17	105	18	108	19	105	
	0	119	1	110	2	104	3	119	4	110	5	112	6	102	7	120	8	104	9	105	10	119	11	111	12	120	13	101	14	108	15	106	16	109	17	116	18	113	19	115	
	0	110	1	101	2	112	3	118	4	113	5	120	6	101	7	101	8	113	9	103	10	108	11	115	12	112	13	110	14	117	15	116	16	118	17	111	18	103	19	113	
	0	108	1	114	2	109	3	105	4	117	5	101	6	116	7	110	8	107	9	120	10	116	11	111	12	111	13	118	14	106	15	114	16	102	17	104	18	107	19	112	
	0	114	1	115	2	111	3	119	4	104	5	111	6	116	7	100	8	115	9	102	10	101	11	104	12	110	13	101	14	103	15	115	16	119	17	110	18	110	19	107	
	0	107	1	100	2	109	3	108	4	108	5	106	6	115	7	118	8	103	9	110	10	107	11	118	12	110	13	111	14	104	15	119	16	102	17	108	18	108	19	103	
	0	113	1	114	2	120	3	116	4	108	5	120	6	103	7	110	8	112	9	107	10	110	11	119	12	120	13	119	14	106	15	105	16	101	17	104	18	103	19	113	
	0	119	1	102	2	116	3	113	4	106	5	100	6	118	7	103	8	108	9	101	10	108	11	106	12	101	13	109	14	106	15	106	16	106	17	115	18	111	19	109	
	0	101	1	119	2	102	3	107	4	111	5	114	6	101	7	117	8	115	9	111	10	112	11	114	12	117	13	102	14	109	15	117	16	115	17	104	18	102	19	105	
	0	117	1	103	2	103	3	116	4	107	5	113	6	104	7	118	8	118	9	107	10	102	11	120	12	114	13	100	14	120	15	100	16	108	17	107	18	108	19	109	
	0	109	1	106	2	113	3	106	4	104	5	116	6	112	7	103	8	117	9	120	10	108	11	117	12	113	13	114	14	100	15	114	16	107	17	115	18	116	19	110	
	0	120	1	100	2	108	3	104	4	119	5	102	6	103	7	103	8	115	9	110	10	103	11	105	12	100	13	118	14	106	15	110	16	109	17	112	18	108	19	118	
	0	109	1	110	2	113	3	107	4	103	5	117	6	117	7	104	8	109	9	120	10	109	11	108	12	107	13	120	14	108	15	113	16	115	17	118	18	104	19	117	
	0	115	1	112	2	104	3	109	4	101	5	109	6	120	7	119	8	103	9	110	10	107	11	104	12	111	13	108	14	110	15	106	16	113	17	111	18	105	19	108	
	0	110	1	118	2	115	3	116	4	118	5	107	6	105	7	113	8	114	9	113	10	103	11	105	12	110	13	110	14	108	15	115	16	111	17	116	18	115	19	105	
	0	115	1	114	2	120	3	110	4	117	5	100	6	115	7	114	8	120	9	104	10	115	11	110	12	114	13	116	14	103	15	108	16	105	17	117	18	112	19	103	
	0	108	1	101	2	116	3	108	4	106	5	112	6	108	7	109	8	112	9	113	10	117	11	104	12	112	13	105	14	102	15	100	16	118	17	119	18	111	19	105	
	0	117	1	113	2	106	3	113	4	100	5	106	6	104	7	112	8	105	9	108	10	104	11	118	12	118	13	101	14	113	15	120	16	101	17	111	18	117	19	117	
	0	114	1	105	2	116	3	111	4	108	5	100	6	118	7	110	8	119	9	115	10	117	11	109	12	115	13	120	14	113	15	112	16	100	17	113	18	101	19	117	
	0	114	1	107	2	100	3	112	4	102	5	106	6	107	7	109	8	115	9	119	10	100	11	112	12	101	13	111	14	112	15	115	16	115	17	100	18	103	19	112	
	0	114	1	117	2	103	3	102	4	110	5	115	6	119	7	115	8	109	9	118	10	104	11	120	12	105	13	100	14	112	15	119	16	105	17	112	18	100	19	106	
	0	118	1	114	2	111	3	111	4	112	5	107	6	112	7	106	8	112	9	106	10	107	11	106	12	116	13	119	14	116	15	111	16	100	17	101	18	111	19	100	
	0	103	1	101	2	109	3	108	4	101	5	112	6	118	7	108	8	120	9	105	10	116	11	105	12	112	13	113	14	111	15	112	16	100	17	113	18	111	19	114	
	0	113	1	119	2	109	3	109	4	111	5	106	6	120	7	109	8	109	9	117	10	107	11	110	12	111	13	115	14	114	15	115	16	102	17	109	18	112	19	110	
	0	108	1	115	2	107	3	107	4	115	5	110	6	101	7	114	8	100	9	105	10	110	11	116	12	118	13	113	14	112	15	120	16	106	17	106	18	112	19	118	
	0	103	1	109	2	116	3	104	4	103	5	114	6	113	7	108	8	108	9	105	10	108	11	109	12	113	13	101	14	115	15	113	16	114	17	119	18	100	19	108	
	0	112	1	107	2	103	3	102	4	106	5	106	6	120	7	116	8	117	9	118	10	103	11	117	12	103	13	111	14	108	15	110	16	113	17	107	18	115	19	107	
	0	102	1	120	2	116	3	102	4	120	5	109	6	119	7	103	8	115	9	119	10	119	11	120	12	108	13	100	14	111	15	100	16	102	17	107	18	104	19	105	
	0	111	1	114	2	111	3	116	4	102	5	115	6	119	7	108	8	120	9	101	10	107	11	103	12	117	13	114	14	102	15	120	16	105	17	106	18	116	19	110	
	0	115	1	112	2	109	3	119	4	100	5	117	6	111	7	114	8	119	9	107	10	117	11	100	12	120	13	111	14	113	15	107	16	116	17	102	18	111	19	111	
	0	108	1	107	2	115	3	104	4	118	5	114	6	115	7	116	8	114	9	112	10	100	11	100	12	115	13	105	14	102	15	103	16	101	17	105	18	107	19	101	
	0	118	1	115	2	114	3	103	4	105	5	106	6	101	7	114	8	102	9	102	10	105	11	119	12	103	13	104	14	101	15	117	16	106	17	115	18	117	19	102	
	0	104	1	100	2	111	3	102	4	107	5	102	6	104	7	112	8	110	9	108	10	105	11	103	12	120	13	119	14	100	15	108	16	101	17	120	18	119	19	111	
	0	102	1	110	2	110	3	112	4	116	5	111	6	108	7	115	8	119	9	108	10	113	11	115	12	106	13	117	14	118	15	106	16	109	17	117	18	117	19	109	
	0	102	1	119	2	109	3	104	4	118	5	108	6	118	7	102	8	111	9	113	10	117	11	108	12	106	13	109	14	104	15	100	16	115	17	101	18	105	19	114	
	0	119	1	102	2	106	3	110	4	109	5	111	6	108	7	109	8	102	9	120	10	101	11	117	12	102	13	104	14	120	15	119	16	112	17	100	18	114	19	109	
	0	116	1	120	2	117	3	106	4	107	5	108	6	116	7	113	8	103	9	117	10	118	11	106	12	118	13	104	14	118	15	109	16	107	17	103	18	100	19	117	
	0	109	1	108	2	120	3	108	4	110	5	105	6	101	7	106	8	116	9	100	10	108	11	115	12	105	13	108	14	108	15	109	16	101	17	111	18	103	19	102	
	0	117	1	109	2	100	3	110	4	110	5	102	6	107	7	112	8	112	9	116	10	114	11	110	12	110	13	113	14	114	15	114	16	115	17	109	18	108	19	111	
	0	115	1	117	2	103	3	101	4	113	5	104	6	100	7	120	8	111	9	109	10	103	11	113	12	116	13	101	14	120	15	106	16	102	17	106	18	114	19	116	
	0	109	1	109	2	103	3	120	4	114	5	120	6	106	7	105	8	108	9	111	10	102	11	103	12	104	13	103	14	105	15	112	16	105	17	111	18	105	19	104	
	0	114	1	111	2	101	3	112	4	117	5	100	6	105	7	107	8	119	9	118	10	108	11	115	12	111	13	102	14	115	15	100	16	107	17	102	18	118	19	116	
	0	109	1	114	2	118	3	107	4	110	5	107	6	104	7	109	8	113	9	105	10	116	11	112	12	101	13	102	14	120	15	116	16	117	17	101	18	105	19	108	
	0	119	1	100	2	112	3	115	4	103	5	106	6	108	7	107	8	116	9	113	10	109	11	105	12	120	13	118	14	108	15	116	16	114	17	117	18	104	19	109	
	0	112	1	109	2	116	3	106	4	103	5	112	6	112	7	108	8	117	9	115	10	104	11	103	12	102	13	101	14	115	15	107	16	100	17	110	18	109	19	100	
	0	113	1	119	2	115	3	107	4	118	5	106	6	107	7	114	8	116	9	118	10	105	11	108	12	120	13	116	14	118	15	114	16	103	17	103	18	120	19	105	
	0	108	1	110	2	101	3	112	4	105	5	101	6	120	7	111	8	111	9	102	10	118	11	111	12	106	13	110	14	104	15	114	16	112	17	120	18	112	19	109	
	0	113	1	120	2	104	3	111	4	110	5	110	6	110	7	105	8	104	9	104	10	119	11	109	12	109	13	109	14	107	15	111	16	115	17	109	18	115	19	114	
	0	115	1	111	2	113	3	102	4	117	5	108	6	118	7	108	8	117	9	103	10	111	11	119	12	110	13	100	14	115	15	112	16	116	17	100	18	116	19	113	
	0	102	1	104	2	111	3	101	4	107	5	115	6	117	7	114	8	116	9	119	10	103	11	118	12	100	13	111	14	110	15	112	16	103	17	117	18	100	19	100	
	0	117	1	118	2	111	3	106	4	102	5	105	6	119	7	105	8	113	9	111	10	108	11	100	12	107	13	101	14	116	15	108	16	120	17	115	18	115	19	102	
	0	110	1	105	2	113	3	107	4	113	5	107	6	120	7	100	8	100	9	115	10	100	11	119	12	115	13	104	14	115	15	113	16	117	17	112	18	105	19	108	
	0	102	1	118	2	118	3	109	4	101	5	103	6	103	7	113	8	113	9	118	10	103	11	119	12	114	13	102	14	102	15	115	16	107	17	103	18	105	19	110	
	0	106	1	101	2	110	3	108	4	112	5	101	6	112	7	112	8	103	9	118	10	103	11	103	12	114	13	107	14	102	15	101	16	109	17	116	18	107	19	115	
	0	105	1	111	2	105	3	114	4	106	5	113	6	103	7	103	8	116	9	111	10	114	11	113	12	110	13	111	14	102	15	113	16	108	17	119	18	102	19	105	
	0	117	1	114	2	104	3	104	4	108	5	120	6	117	7	115	8	113	9	110	10	100	11	118	12	104	13	114	14	111	15	120	16	109	17	102	18	119	19	107	
	0	107	1	120	2	102	3	106	4	106	5	108	6	108	7	107	8	106	9	120	10	105	11	111	12	111	13	111	14	104	15	114	16	113	17	104	18	104	19	112	
	0	115	1	114	2	117	3	105	4	113	5	100	6	117	7	103	8	111	9	115	10	110	11	102	12	102	13	120	14	119	15	113	16	115	17	111	18	109	19	119	
	0	113	1	100	2	100	3	111	4	120	5	104	6	109	7	110	8	109	9	108	10	108	11	106	12	117	13	114	14	116	15	100	16	118	17	113	18	104	19	114	
	0	109	1	109	2	120	3	102	4	110	5	107	6	104	7	101	8	112	9	100	10	107	11	111	12	111	13	115	14	101	15	108	16	113	17	107	18	114	19	104	
	0	119	1	109	2	113	3	116	4	102	5	116	6	118	7	112	8	102	9	111	10	108	11	104	12	120	13	107	14	103	15	116	16	110	17	107	18	115	19	112	
	0	115	1	109	2	102	3	116	4	104	5	110	6	111	7	109	8	115	9	120	10	114	11	100	12	100	13	102	14	100	15	115	16	102	17	116	18	101	19	105	
	0	114	1	105	2	112	3	108	4	116	5	120	6	106	7	120	8	105	9	118	10	110	11	112	12	105	13	103	14	103	15	107	16	117	17	108	18	105	19	118	
	0	109	1	100	2	114	3	115	4	102	5	115	6	120	7	119	8	107	9	109	10	118	11	112	12	116	13	111	14	102	15	119	16	106	17	101	18	100	19	106	
	0	110	1	116	2	108	3	116	4	109	5	108	6	110	7	117	8	117	9	105	10	119	11	120	12	118	13	116	14	107	15	117	16	116	17	105	18	110	19	111	
	0	109	1	112	2	109	3	109	4	117	5	119	6	119	7	105	8	108	9	117	10	116	11	101	12	101	13	104	14	111	15	113	16	110	17	118	18	114	19	115	
	0	101	1	105	2	114	3	104	4	115	5	110	6	108	7	101	8	115	9	111	10	104	11	106	12	105	13	110	14	113	15	103	16	112	17	120	18	111	19	105	
	0	120	1	112	2	115	3	120	4	106	5	100	6	102	7	114	8	100	9	120	10	114	11	101	12	112	13	104	14	118	15	109	16	107	17	120	18	109	19	111	
	0	118	1	108	2	119	3	103	4	103	5	104	6	111	7	113	8	105	9	104	10	101	11	118	12	118	13	108	14	105	15	119	16	120	17	107	18	120	19	110	
	0	102	1	116	2	102	3	118	4	117	5	116	6	103	7	119	8	117	9	104	10	104	11	107	12	114	13	100	14	112	15	113	16	104	17	110	18	109	19	117	
	0	107	1	117	2	117	3	120	4	113	5	109	6	119	7	107	8	114	9	108	10	116	11	107	12	111	13	110	14	103	15	107	16	102	17	108	18	115	19	110	
	0	116	1	106	2	120	3	106	4	101	5	113	6	102	7	110	8	120	9	116	10	104	11	116	12	110	13	120	14	114	15	105	16	105	17	119	18	105	19	105	
	0	101	1	108	2	115	3	113	4	118	5	112	6	115	7	113	8	116	9	117	10	100	11	104	12	109	13	102	14	116	15	101	16	119	17	101	18	119	19	103	
	0	118	1	111	2	116	3	105	4	111	5	105	6	104	7	103	8	118	9	105	10	114	11	109	12	111	13	102	14	118	15	120	16	112	17	106	18	113	19	107	
	0	106	1	100	2	114	3	102	4	118	5	110	6	118	7	105	8	114	9	101	10	103	11	100	12	102	13	120	14	101	15	115	16	103	17	105	18	108	19	102	
	0	105	1	104	2	112	3	108	4	100	5	102	6	102	7	112	8	111	9	118	10	115	11	113	12	104	13	114	14	110	15	108	16	102	17	113	18	101	19	104	
	0	109	1	100	2	100	3	109	4	100	5	118	6	109	7	107	8	109	9	119	10	115	11	104	12	101	13	104	14	100	15	104	16	109	17	111	18	107	19	110	
	0	117	1	119	2	107	3	113	4	103	5	103	6	106	7	112	8	118	9	104	10	114	11	101	12	111	13	108	14	113	15	119	16	119	17	113	18	116	19	118	
	0	119	1	103	2	101	3	119	4	120	5	107	6	101	7	116	8	110	9	110	10	101	11	114	12	116	13	108	14	101	15	113	16	104	17	113	18	107	19	104	
	0	111	1	118	2	101	3	115	4	113	5	105	6	104	7	108	8	105	9	119	10	101	11	116	12	120	13	116	14	113	15	111	16	119	17	118	18	118	19	108	
	0	117	1	113	2	120	3	104	4	109	5	100	6	116	7	117	8	108	9	118	10	109	11	111	12	111	13	116	14	109	15	113	16	112	17	106	18	117	19	111	
	0	109	1	103	2	107	3	101	4	118	5	118	6	113	7	120	8	117	9	119	10	117	11	103	12	110	13	117	14	116	15	119	16	119	17	103	18	109	19	110	
	0	103	1	104	2	103	3	117	4	100	5	103	6	117	7	110	8	120	9	104	10	113	11	105	12	112	13	118	14	113	15	113	16	120	17	114	18	120	19	114	
	0	118	1	111	2	115	3	103	4	109	5	106	6	118	7	115	8	112	9	105	10	106	11	115	12	118	13	112	14	113	15	105	16	102	17	106	18	117	19	104	
	0	113	1	112	2	108	3	101	4	116	5	111	6	104	7	113	8	108	9	115	10	108	11	103	12	109	13	104	14	105	15	117	16	106	17	113	18	106	19	104	
	0	119	1	105	2	106	3	112	4	107	5	106	6	108	7	104	8	105	9	112	10	110	11	112	12	106	13	110	14	111	15	107	16	108	17	103	18	116	19	114	
	0	109	1	108	2	120	3	112	4	108	5	117	6	120	7	106	8	113	9	113	10	115	11	110	12	108	13	113	14	103	15	110	16	109	17	118	18	105	19	106	
	0	105	1	105	2	114	3	117	4	101	5	101	6	110	7	114	8	107	9	110	10	103	11	111	12	104	13	113	14	102	15	113	16	117	17	105	18	103	19	110	
	0	103	1	112	2	117	3	107	4	101	5	115	6	103	7	115	8	106	9	120	10	101	11	118	12	105	13	115	14	110	15	111	16	109	17	118	18	111	19	111	
	0	101	1	106	2	106	3	108	4	104	5	111	6	105	7	104	8	101	9	119	10	120	11	106	12	103	13	110	14	119	15	102	16	108	17	112	18	100	19	106	
	0	119	1	103	2	100	3	115	4	110	5	118	6	119	7	107	8	118	9	109	10	101	11	118	12	101	13	120	14	119	15	108	16	106	17	116	18	103	19	110	
	0	117	1	116	2	119	3	118	4	112	5	104	6	119	7	105	8	119	9	102	10	120	11	114	12	115	13	116	14	119	15	112	16	101	17	107	18	117	19	119	
	0	115	1	104	2	113	3	113	4	114	5	112	6	103	7	118	8	107	9	119	10	102	11	114	12	109	13	113	14	114	15	114	16	118	17	114	18	102	19	115	
	0	115	1	104	2	115	3	108	4	117	5	117	6	115	7	104	8	116	9	111	10	101	11	101	12	102	13	118	14	113	15	105	16	102	17	107	18	118	19	113	
	0	107	1	116	2	110	3	112	4	113	5	109	6	107	7	108	8	109	9	112	10	104	11	116	12	106	13	106	14	119	15	120	16	114	17	109	18	108	19	116	
	0	116	1	115	2	118	3	107	4	108	5	108	6	104	7	101	8	114	9	111	10	111	11	104	12	115	13	104	14	106	15	106	16	118	17	110	18	114	19	105	
	0	115	1	111	2	108	3	110	4	111	5	113	6	108	7	100	8	105	9	101	10	106	11	102	12	119	13	102	14	102	15	120	16	113	17	119	18	120	19	105	
	0	112	1	112	2	110	3	100	4	119	5	101	6	103	7	114	8	119	9	101	10	102	11	115	12	119	13	110	14	112	15	106	16	120	17	113	18	118	19	111	
	0	115	1	114	2	117	3	119	4	101	5	114	6	114	7	110	8	108	9	110	10	118	11	118	12	119	13	113	14	112	15	102	16	104	17	107	18	100	19	115	
	0	120	1	104	2	103	3	113	4	118	5	118	6	112	7	111	8	106	9	120	10	104	11	109	12	112	13	108	14	104	15	102	16	108	17	106	18	120	19	111	
	0	110	1	120	2	118	3	100	4	105	5	114	6	113	7	105	8	112	9	111	10	117	11	103	12	113	13	112	14	114	15	119	16	103	17	114	18	114	19	104	
	0	108	1	102	2	118	3	111	4	111	5	118	6	100	7	101	8	116	9	102	10	108	11	113	12	113	13	110	14	114	15	117	16	118	17	111	18	112	19	114	
	0	110	1	118	2	110	3	107	4	110	5	115	6	106	7	120	8	103	9	120	10	113	11	113	12	107	13	119	14	108	15	117	16	107	17	107	18	102	19	120	
	0	113	1	104	2	115	3	117	4	115	5	108	6	115	7	103	8	120	9	111	10	101	11	107	12	108	13	101	14	112	15	115	16	107	17	100	18	101	19	110	
	0	119	1	115	2	120	3	112	4	119	5	117	6	113	7	114	8	115	9	105	10	116	11	113	12	107	13	114	14	118	15	119	16	110	17	116	18	118	19	106	
	0	100	1	111	2	106	3	114	4	100	5	114	6	102	7	102	8	113	9	100	10	112	11	112	12	105	13	109	14	100	15	113	16	110	17	106	18	103	19	104	
	0	107	1	112	2	105	3	115	4	110	5	113	6	113	7	107	8	117	9	116	10	105	11	118	12	113	13	112	14	106	15	104	16	109	17	107	18	108	19	103	
	0	112	1	103	2	115	3	107	4	119	5	111	6	120	7	120	8	110	9	106	10	106	11	112	12	108	13	102	14	108	15	120	16	103	17	104	18	101	19	100	
	0	111	1	106	2	109	3	106	4	100	5	110	6	108	7	101	8	116	9	112	10	103	11	119	12	104	13	106	14	106	15	105	16	114	17	110	18	112	19	110	
	0	105	1	104	2	115	3	105	4	118	5	102	6	105	7	110	8	104	9	109	10	111	11	103	12	102	13	106	14	107	15	115	16	113	17	118	18	113	19	115	
	0	119	1	103	2	115	3	101	4	119	5	112	6	116	7	113	8	115	9	100	10	108	11	107	12	106	13	110	14	109	15	111	16	104	17	101	18	117	19	114	
	0	110	1	113	2	109	3	118	4	115	5	109	6	117	7	108	8	112	9	101	10	109	11	100	12	120	13	112	14	116	15	115	16	117	17	120	18	112	19	106	
	0	104	1	100	2	110	3	115	4	106	5	104	6	104	7	109	8	104	9	101	10	120	11	115	12	114	13	100	14	100	15	109	16	102	17	115	18	107	19	105	
	0	106	1	108	2	114	3	106	4	112	5	101	6	109	7	117	8	100	9	120	10	114	11	102	12	110	13	109	14	116	15	116	16	100	17	110	18	108	19	107	
	0	115	1	113	2	119	3	120	4	102	5	106	6	108	7	104	8	105	9	111	10	105	11	114	12	110	13	118	14	104	15	100	16	100	17	110	18	116	19	115	
	0	119	1	111	2	107	3	116	4	107	5	103	6	103	7	102	8	101	9	108	10	111	11	101	12	117	13	120	14	102	15	105	16	114	17	111	18	110	19	100	
	0	108	1	119	2	104	3	115	4	101	5	101	6	108	7	119	8	108	9	105	10	101	11	113	12	116	13	113	14	120	15	116	16	108	17	117	18	101	19	120	
	0	104	1	109	2	101	3	115	4	106	5	110	6	105	7	108	8	104	9	106	10	120	11	106	12	119	13	116	14	118	15	119	16	100	17	111	18	119	19	111	
	0	100	1	110	2	111	3	111	4	105	5	101	6	113	7	118	8	118	9	102	10	111	11	111	12	115	13	120	14	107	15	118	16	117	17	116	18	118	19	106	
	0	104	1	116	2	113	3	103	4	104	5	120	6	117	7	120	8	117	9	113	10	112	11	115	12	110	13	118	14	110	15	104	16	114	17	105	18	118	19	107	
	0	101	1	106	2	106	3	107	4	112	5	118	6	110	7	104	8	107	9	105	10	118	11	102	12	110	13	102	14	104	15	106	16	111	17	114	18	117	19	102	
	0	112	1	101	2	111	3	119	4	116	5	116	6	119	7	105	8	114	9	108	10	101	11	106	12	114	13	107	14	116	15	111	16	113	17	118	18	106	19	101	
	0	105	1	112	2	103	3	103	4	102	5	115	6	114	7	100	8	106	9	102	10	100	11	112	12	108	13	120	14	112	15	119	16	111	17	108	18	120	19	103	
	0	120	1	117	2	111	3	112	4	102	5	100	6	101	7	118	8	118	9	110	10	103	11	100	12	101	13	111	14	115	15	100	16	105	17	105	18	111	19	110	
	0	115	1	110	2	100	3	118	4	101	5	120	6	117	7	110	8	107	9	105	10	101	11	114	12	113	13	101	14	107	15	104	16	117	17	100	18	101	19	112	
	0	110	1	117	2	108	3	116	4	105	5	110	6	113	7	119	8	112	9	100	10	102	11	108	12	102	13	116	14	117	15	114	16	110	17	103	18	117	19	117	
	0	117	1	104	2	100	3	102	4	118	5	104	6	100	7	116	8	107	9	116	10	117	11	102	12	102	13	117	14	111	15	104	16	119	17	117	18	108	19	105	
	0	117	1	102	2	100	3	116	4	101	5	110	6	115	7	109	8	113	9	106	10	120	11	107	12	110	13	112	14	105	15	110	16	119	17	115	18	105	19	115	
	0	110	1	107	2	101	3	118	4	115	5	113	6	107	7	101	8	112	9	115	10	107	11	115	12	119	13	102	14	106	15	103	16	118	17	118	18	110	19	108	
	0	108	1	110	2	113	3	107	4	111	5	112	6	117	7	108	8	103	9	100	10	114	11	120	12	120	13	107	14	119	15	105	16	106	17	114	18	106	19	100	
	0	105	1	115	2	103	3	105	4	108	5	101	6	110	7	104	8	117	9	103	10	111	11	106	12	107	13	120	14	108	15	100	16	106	17	106	18	118	19	109	
	0	113	1	111	2	104	3	100	4	113	5	120	6	113	7	119	8	109	9	100	10	114	11	114	12	119	13	102	14	105	15	115	16	106	17	120	18	101	19	108	
	0	112	1	116	2	104	3	118	4	120	5	107	6	111	7	115	8	117	9	118	10	110	11	111	12	101	13	109	14	120	15	105	16	119	17	108	18	118	19	112	
	0	113	1	116	2	112	3	115	4	100	5	111	6	100	7	106	8	100	9	100	10	105	11	120	12	112	13	113	14	102	15	103	16	106	17	115	18	119	19	114	
	0	101	1	112	2	105	3	108	4	104	5	111	6	110	7	113	8	100	9	107	10	110	11	114	12	105	13	112	14	104	15	115	16	100	17	107	18	111	19	103	
	0	111	1	108	2	118	3	107	4	103	5	120	6	112	7	111	8	113	9	118	10	111	11	102	12	109	13	104	14	106	15	107	16	109	17	101	18	114	19	106	
	0	109	1	119	2	101	3	118	4	113	5	118	6	104	7	113	8	106	9	107	10	116	11	110	12	108	13	102	14	104	15	104	16	107	17	106	18	118	19	110	
	0	118	1	115	2	119	3	107	4	113	5	112	6	113	7	110	8	115	9	116	10	115	11	119	12	120	13	116	14	107	15	100	16	107	17	101	18	101	19	110	
	0	106	1	116	2	118	3	100	4	111	5	102	6	100	7	113	8	113	9	120	10	110	11	109	12	104	13	110	14	101	15	104	16	103	17	105	18	105	19	111	
	0	108	1	106	2	114	3	109	4	117	5	101	6	120	7	110	8	120	9	109	10	100	11	104	12	107	13	107	14	111	15	103	16	119	17	102	18	118	19	120	
	0	115	1	107	2	110	3	119	4	113	5	119	6	102	7	116	8	117	9	102	10	110	11	115	12	103	13	103	14	103	15	100	16	113	17	110	18	102	19	103	
	0	100	1	110	2	108	3	107	4	101	5	104	6	103	7	118	8	111	9	115	10	108	11	106	12	108	13	118	14	108	15	109	16	104	17	104	18	106	19	107	
	0	115	1	115	2	112	3	105	4	108	5	113	6	119	7	100	8	106	9	109	10	103	11	110	12	107	13	103	14	115	15	120	16	104	17	109	18	110	19	113	
	0	101	1	109	2	120	3	101	4	113	5	117	6	109	7	107	8	102	9	104	10	100	11	110	12	101	13	102	14	110	15	108	16	109	17	108	18	100	19	102	
	0	111	1	106	2	106	3	120	4	109	5	111	6	100	7	103	8	110	9	113	10	114	11	119	12	103	13	109	14	117	15	102	16	110	17	100	18	114	19	104	
	0	112	1	112	2	105	3	102	4	113	5	115	6	108	7	101	8	109	9	100	10	106	11	108	12	104	13	120	14	114	15	105	16	104	17	104	18	110	19	113	
	0	105	1	118	2	110	3	107	4	113	5	107	6	100	7	119	8	106	9	102	10	103	11	100	12	116	13	120	14	118	15	101	16	110	17	118	18	104	19	116	
	0	114	1	104	2	114	3	119	4	104	5	109	6	112	7	101	8	112	9	107	10	106	11	114	12	116	13	111	14	107	15	120	16	109	17	106	18	104	19	116	
	0	118	1	100	2	117	3	119	4	114	5	101	6	118	7	101	8	110	9	100	10	114	11	119	12	105	13	115	14	117	15	119	16	114	17	106	18	114	19	113	
	0	100	1	117	2	115	3	101	4	110	5	107	6	117	7	113	8	120	9	102	10	110	11	109	12	119	13	103	14	113	15	112	16	100	17	105	18	105	19	119	
	0	116	1	101	2	115	3	106	4	103	5	103	6	108	7	116	8	119	9	109	10	109	11	113	12	118	13	115	14	100	15	115	16	109	17	113	18	119	19	116	
	0	120	1	111	2	117	3	110	4	115	5	108	6	102	7	117	8	111	9	120	10	105	11	103	12	103	13	110	14	101	15	101	16	120	17	110	18	119	19	115	
	0	100	1	117	2	110	3	117	4	107	5	120	6	115	7	112	8	114	9	117	10	114	11	114	12	109	13	104	14	114	15	102	16	113	17	116	18	114	19	114	