
Log started (V11.0.0) Sat May 31 14:01:39 2008

Tried aggregator 1 time.
Reduced MIP has 530 rows, 15001 columns, and 30030 nonzeros.
Presolve time =    0.11 sec.
Clique table members: 500.
MIP emphasis: balance optimality and feasibility.
MIP search method: dynamic search.
Parallel mode: none, using 1 thread.
Root relaxation solution time =    0.55 sec.

        Nodes                                         Cuts/
   Node  Left     Objective  IInf  Best Integer     Best Node    ItCnt     Gap

*     0+    0                        26922.0000      205.9147      908   99.24%
*     0+    0                          217.0000      205.9147      908    5.11%
      0     0      206.0000    59      217.0000      Fract: 7      978    5.07%
*     0+    0                          216.0000      206.0000      978    4.63%
      0     0      206.0000    64      216.0000     Covers: 2     1032    4.63%
      0     0      206.0000    64      216.0000     Covers: 3     1054    4.63%
*     0+    0                          214.0000      206.0000     1054    3.74%
*     0+    0                          211.0000      206.0000     1054    2.37%
      0     2      206.0000    64      211.0000      206.0000     1054    2.37%
    100    90      208.0000    53      211.0000      206.0000     5558    2.37%
    200   187      208.0000    52      211.0000      206.0000    11419    2.37%
    300   250      209.0000    47      211.0000      206.0000    19748    2.37%
    400   303      209.0000    46      211.0000      206.0000    31265    2.37%
    500   366      209.0000    51      211.0000      206.0000    41718    2.37%
*   501+  296                          210.0000      206.0000    41843    1.90%
*   503+  198                          209.0000      207.0000    43717    0.96%
    600   222      207.0000    46      209.0000      207.0000    48246    0.96%
    700   211      208.0000    35      209.0000      207.0000    62939    0.96%
    800   198      208.0000    39      209.0000      207.0000    80947    0.96%
    900   262      207.0000    58      209.0000      207.0000    94200    0.96%
   1000   333      208.0000    48      209.0000      207.0000   104642    0.96%
Elapsed time =  95.02 sec. (tree size =  3.11 MB, solutions = 7)
   1100   397      208.0000    56      209.0000      207.0000   116995    0.96%
   1200   454      207.0000    74      209.0000      207.0000   129379    0.96%
   1300   525      208.0000    47      209.0000      207.0000   142876    0.96%
   1400   618      208.0000    62      209.0000      207.0000   147759    0.96%
   1500   700      208.0000    52      209.0000      207.0000   154950    0.96%
   1600   790      207.0000    66      209.0000      207.0000   160839    0.96%
   1700   879      208.0000    65      209.0000      207.0000   165886    0.96%
   1800   961      208.0000    54      209.0000      207.0000   172331    0.96%
   1900  1057      208.0000    69      209.0000      207.0000   177574    0.96%
   2000  1138      208.0000    50      209.0000      207.0000   185845    0.96%
Elapsed time = 150.06 sec. (tree size = 12.20 MB, solutions = 7)
   2100  1219      208.0000   102      209.0000      207.0000   197662    0.96%
   2200  1309      208.0000   162      209.0000      207.0000   206684    0.96%
   2300  1399      207.0000   119      209.0000      207.0000   215615    0.96%
   2400  1492      208.0000    62      209.0000      207.0000   222873    0.96%
   2500  1583      208.0000   103      209.0000      207.0000   230123    0.96%
   2600  1667      208.0000   108      209.0000      207.0000   239612    0.96%
   2700  1758      208.0000    77      209.0000      207.0000   249892    0.96%
   2800  1836      208.0000    91      209.0000      207.0000   261832    0.96%
   2900  1926      207.0000   133      209.0000      207.0000   271935    0.96%
   3000  2021      208.0000    61      209.0000      207.0000   278522    0.96%
Elapsed time = 216.19 sec. (tree size = 25.58 MB, solutions = 7)
   3100  2114      208.0000    80      209.0000      207.0000   287691    0.96%
   3200  2202      208.0000    60      209.0000      207.0000   298714    0.96%
   3300  2295      208.0000    48      209.0000      207.0000   308194    0.96%
   3400  2388      208.0000    68      209.0000      207.0000   317942    0.96%
   3500  2473      208.0000    78      209.0000      207.0000   327520    0.96%
   3600  2558      208.0000    74      209.0000      207.0000   337064    0.96%
   3700  2647      208.0000    62      209.0000      207.0000   346750    0.96%
   3800  2736      208.0000    74      209.0000      207.0000   357139    0.96%
   3900  2822      208.0000    66      209.0000      207.0000   368048    0.96%
   4000  2910    infeasible            209.0000      207.0000   377650    0.96%
Elapsed time = 285.80 sec. (tree size = 40.23 MB, solutions = 7)
   4100  2992      208.0000   149      209.0000      207.0000   391560    0.96%
   4200  3077      208.0000   126      209.0000      207.0000   403709    0.96%
   4300  3163      208.0000   110      209.0000      207.0000   413656    0.96%
   4400  3248      208.0000   165      209.0000      207.0000   427056    0.96%
   4500  3332      208.0000   140      209.0000      207.0000   440987    0.96%
   4600  3421      208.0000    76      209.0000      207.0000   449173    0.96%
   4700  3510      208.0000    97      209.0000      207.0000   460215    0.96%
   4800  3595      208.0000   106      209.0000      207.0000   471824    0.96%
   4900  3679      208.0000    98      209.0000      207.0000   486185    0.96%
   5000  3772      208.0000    99      209.0000      207.0000   494921    0.96%
Elapsed time = 377.45 sec. (tree size = 55.34 MB, solutions = 7)
   5100  3867      208.0000    75      209.0000      207.0000   502986    0.96%
   5200  3956      208.0000    80      209.0000      207.0000   514096    0.96%
   5300  4045      208.0000    64      209.0000      207.0000   522250    0.96%
   5400  4139      208.0000   118      209.0000      207.0000   531626    0.96%
   5500  4229      208.0000   149      209.0000      207.0000   541089    0.96%
   5600  4318    infeasible            209.0000      207.0000   553031    0.96%
   5700  4411    infeasible            209.0000      207.0000   562665    0.96%
   5800  4493      208.0000    80      209.0000      207.0000   574454    0.96%
   5900  4584      207.0013   116      209.0000      207.0000   583827    0.96%
   6000  4679      208.0000    72      209.0000      207.0000   589887    0.96%
Elapsed time = 460.72 sec. (tree size = 72.13 MB, solutions = 7)
   6100  4775      208.0000    73      209.0000      207.0000   599476    0.96%
   6200  4853      208.0000    74      209.0000      207.0000   610673    0.96%
   6300  4942      208.0000    85      209.0000      207.0000   618687    0.96%
   6400  5033      208.0000   113      209.0000      207.0000   626487    0.96%
   6500  5128      208.0000   108      209.0000      207.0000   634736    0.96%
   6600  5215      208.0000    80      209.0000      207.0000   645629    0.96%
   6700  5306      208.0000    68      209.0000      207.0000   654177    0.96%
   6800  5399      208.0000    92      209.0000      207.0000   660459    0.96%
   6900  5493      208.0000   106      209.0000      207.0000   669998    0.96%
   7000  5591      208.0000   107      209.0000      207.0000   678304    0.96%
Elapsed time = 541.97 sec. (tree size = 89.91 MB, solutions = 7)
   7100  5676      208.0000   144      209.0000      207.0000   689667    0.96%
   7200  5763      207.0000   128      209.0000      207.0000   699725    0.96%
   7300  5860    infeasible            209.0000      207.0000   705840    0.96%
   7400  5944      208.0000   132      209.0000      207.0000   716708    0.96%
   7500  6037      208.0000    88      209.0000      207.0000   724876    0.96%
   7600  6133      207.0000   100      209.0000      207.0000   732275    0.96%
   7700  6226      208.0000    71      209.0000      207.0000   739752    0.96%
   7800  6316      207.0000   108      209.0000      207.0000   750252    0.96%
   7900  6413      208.0000    70      209.0000      207.0000   755866    0.96%
   8000  6502      208.0000   127      209.0000      207.0000   764256    0.96%
Elapsed time = 627.27 sec. (tree size = 108.79 MB, solutions = 7)
   8100  6595      208.0000   131      209.0000      207.0000   772595    0.96%
   8200  6683      208.0000    78      209.0000      207.0000   783312    0.96%
   8300  6768      208.0000   160      209.0000      207.0000   796346    0.96%
   8400  6861      208.0000   100      209.0000      207.0000   803765    0.96%
   8500  6959      208.0000   154      209.0000      207.0000   810308    0.96%
   8600  7054      208.0000    96      209.0000      207.0000   816933    0.96%
   8700  7141      208.0000    55      209.0000      207.0000   824475    0.96%
   8800  7241      208.0000    84      209.0000      207.0000   831191    0.96%
   8900  7328      208.0000    87      209.0000      207.0000   843718    0.96%
Began writing nodes to disk (directory ./cpxa03764 created)
   9000  7424      207.0000   132      209.0000      207.0000   854934    0.96%
Elapsed time = 719.27 sec. (tree size = 129.01 MB, solutions = 7)
Nodefile size =  1.97 MB (1.73 MB after compression)
   9100  7523      208.0000    88      209.0000      207.0000   860312    0.96%
   9200  7618      208.0000    79      209.0000      207.0000   866180    0.96%
   9300  7709      208.0000    88      209.0000      207.0000   875371    0.96%
   9400  7791      207.0000    91      209.0000      207.0000   885981    0.96%
   9500  7879      208.0000   114      209.0000      207.0000   894592    0.96%
   9600  7968      208.0000   170      209.0000      207.0000   904878    0.96%
   9700  8068      208.0000    88      209.0000      207.0000   909473    0.96%
   9800  8159      208.0000   105      209.0000      207.0000   921037    0.96%
   9900  8254      208.0000   113      209.0000      207.0000   928378    0.96%
  10000  8348      207.0000   111      209.0000      207.0000   936442    0.96%
Elapsed time = 800.59 sec. (tree size = 149.85 MB, solutions = 7)
Nodefile size = 22.76 MB (19.84 MB after compression)
  10100  8439      207.0000    89      209.0000      207.0000   945084    0.96%
  10200  8538      208.0000    83      209.0000      207.0000   949818    0.96%
  10300  8622      207.0000    98      209.0000      207.0000   960955    0.96%
  10400  8719      208.0000    38      209.0000      207.0000   967200    0.96%
  10500  8819      208.0000    61      209.0000      207.0000   971798    0.96%
  10600  8897      207.0000    94      209.0000      207.0000   984176    0.96%
  10700  8986      207.0000   124      209.0000      207.0000   991595    0.96%
  10800  9086      207.0000    96      209.0000      207.0000   994917    0.96%
  10900  9173      207.0000   169      209.0000      207.0000  1001998    0.96%
  11000  9273      207.0000   105      209.0000      207.0000  1007102    0.96%
Elapsed time = 883.86 sec. (tree size = 170.89 MB, solutions = 7)
Nodefile size = 43.56 MB (37.98 MB after compression)
  11100  9363      208.0000    56      209.0000      207.0000  1017310    0.96%
  11200  9443      208.0000    62      209.0000      207.0000  1036060    0.96%
  11300  9539      208.0000    78      209.0000      207.0000  1044856    0.96%
  11400  9628      208.0000    32      209.0000      207.0000  1053037    0.96%
  11500  9721      208.0000   117      209.0000      207.0000  1059824    0.96%
  11600  9817      207.0000   134      209.0000      207.0000  1067540    0.96%
  11700  9916      208.0000    93      209.0000      207.0000  1072445    0.96%
  11800 10011      208.0000    72      209.0000      207.0000  1079375    0.96%
  11900 10103      208.0000    93      209.0000      207.0000  1090131    0.96%
  12000 10194      208.0000    85      209.0000      207.0000  1097499    0.96%
Elapsed time = 990.25 sec. (tree size = 193.03 MB, solutions = 7)
Nodefile size = 65.31 MB (57.14 MB after compression)
  12100 10288      207.0000    86      209.0000      207.0000  1104508    0.96%
  12200 10387      208.0000    79      209.0000      207.0000  1108589    0.96%
  12300 10483      207.0000    91      209.0000      207.0000  1114631    0.96%
  12400 10578      208.0000    62      209.0000      207.0000  1122623    0.96%
  12500 10668      207.0000    85      209.0000      207.0000  1132894    0.96%
  12600 10762      208.0000    76      209.0000      207.0000  1138514    0.96%
  12700 10845      208.0000   100      209.0000      207.0000  1148155    0.96%
  12800 10940      208.0000   130      209.0000      207.0000  1157041    0.96%
  12900 11031      208.0000   242      209.0000      207.0000  1166131    0.96%
  13000 11131      208.0000   132      209.0000      207.0000  1171892    0.96%
Elapsed time = 1073.39 sec. (tree size = 215.99 MB, solutions = 7)
Nodefile size = 88.07 MB (77.27 MB after compression)
  13100 11224      208.0000   126      209.0000      207.0000  1178861    0.96%
  13200 11307      208.0000    76      209.0000      207.0000  1191493    0.96%
  13300 11407      208.0000   117      209.0000      207.0000  1195036    0.96%
  13400 11502      208.0000   141      209.0000      207.0000  1202904    0.96%
  13500 11597      208.0000   108      209.0000      207.0000  1212103    0.96%
  13600 11692      208.0000    68      209.0000      207.0000  1219821    0.96%
  13700 11792      208.0000    79      209.0000      207.0000  1225712    0.96%
  13800 11887      208.0000   102      209.0000      207.0000  1235469    0.96%
  13900 11982      208.0000   114      209.0000      207.0000  1245556    0.96%
  14000 12077      208.0000   113      209.0000      207.0000  1251937    0.96%
Elapsed time = 1165.89 sec. (tree size = 240.15 MB, solutions = 7)
Nodefile size = 112.87 MB (99.73 MB after compression)
  14100 12173      207.0000    99      209.0000      207.0000  1259927    0.96%
  14200 12270      208.0000    44      209.0000      207.0000  1266117    0.96%
  14300 12356      207.0000   132      209.0000      207.0000  1275492    0.96%
  14400 12456      207.0000   108      209.0000      207.0000  1281034    0.96%
  14500 12551      207.0000    92      209.0000      207.0000  1285151    0.96%
  14600 12651      207.0000    76      209.0000      207.0000  1288487    0.96%
  14700 12744      207.0000   105      209.0000      207.0000  1294482    0.96%
  14800 12843      208.0000    76      209.0000      207.0000  1299138    0.96%
  14900 12939      207.0000    64      209.0000      207.0000  1304922    0.96%
  15000 13031      208.0000    54      209.0000      207.0000  1312166    0.96%
Elapsed time = 1246.52 sec. (tree size = 264.40 MB, solutions = 7)
Nodefile size = 136.67 MB (120.58 MB after compression)
  15100 13115      208.0000    69      209.0000      207.0000  1323615    0.96%
  15200 13209      207.0000    80      209.0000      207.0000  1329383    0.96%
  15300 13308      208.0000    64      209.0000      207.0000  1333138    0.96%
  15400 13404      207.0000   123      209.0000      207.0000  1341644    0.96%
  15500 13503      208.0000    93      209.0000      207.0000  1344506    0.96%
  15600 13599      207.0000   125      209.0000      207.0000  1354074    0.96%
  15700 13698      208.0000   108      209.0000      207.0000  1359581    0.96%
  15800 13793      208.0000   100      209.0000      207.0000  1368576    0.96%
  15900 13880      208.0000    99      209.0000      207.0000  1379749    0.96%
  16000 13975      208.0000   102      209.0000      207.0000  1389056    0.96%
Elapsed time = 1344.84 sec. (tree size = 289.35 MB, solutions = 7)
Nodefile size = 162.31 MB (143.40 MB after compression)
  16100 14070      208.0000    97      209.0000      207.0000  1397291    0.96%
  16200 14168      208.0000   120      209.0000      207.0000  1403303    0.96%
  16300 14261      208.0000    84      209.0000      207.0000  1412263    0.96%
  16400 14355      208.0000    69      209.0000      207.0000  1419483    0.96%
  16500 14455      208.0000   125      209.0000      207.0000  1425668    0.96%
  16600 14550      207.0506   100      209.0000      207.0000  1432012    0.96%
  16700 14645      208.0000    88      209.0000      207.0000  1437378    0.96%
  16800 14745      208.0000   128      209.0000      207.0000  1444363    0.96%
  16900 14838      208.0000    59      209.0000      207.0000  1451604    0.96%
  17000 14930      207.0000   223      209.0000      207.0000  1463187    0.96%
Elapsed time = 1434.16 sec. (tree size = 315.25 MB, solutions = 7)
Nodefile size = 188.10 MB (166.81 MB after compression)
  17100 15029      208.0000   106      209.0000      207.0000  1468423    0.96%
  17200 15124      208.0000    61      209.0000      207.0000  1476250    0.96%
  17300 15219      208.0000   106      209.0000      207.0000  1483845    0.96%
  17400 15315      207.0000    85      209.0000      207.0000  1492823    0.96%
  17500 15413      208.0000    56      209.0000      207.0000  1497209    0.96%
  17600 15503      208.0000    82      209.0000      207.0000  1505227    0.96%
  17700 15595      207.0000    88      209.0000      207.0000  1513981    0.96%
  17800 15692    infeasible            209.0000      207.0000  1519637    0.96%
  17900 15784      208.0000    87      209.0000      207.0000  1528452    0.96%
  18000 15882      208.0000   116      209.0000      207.0000  1535264    0.96%
Elapsed time = 1521.06 sec. (tree size = 341.69 MB, solutions = 7)
Nodefile size = 213.83 MB (190.00 MB after compression)
  18100 15977      208.0000   105      209.0000      207.0000  1543106    0.96%
  18200 16068      208.0000   114      209.0000      207.0000  1552944    0.96%
  18300 16161      208.0000   100      209.0000      207.0000  1562303    0.96%
  18400 16256      208.0000   248      209.0000      207.0000  1570956    0.96%
  18500 16356      208.0000   129      209.0000      207.0000  1576441    0.96%
  18600 16451      208.0000   123      209.0000      207.0000  1587107    0.96%
  18700 16542      208.0000    89      209.0000      207.0000  1597125    0.96%
  18800 16637      208.0000    84      209.0000      207.0000  1605890    0.96%
  18900 16737      208.0000   116      209.0000      207.0000  1611588    0.96%
  19000 16832      208.0000   121      209.0000      207.0000  1619557    0.96%
Elapsed time = 1637.06 sec. (tree size = 368.84 MB, solutions = 7)
Nodefile size = 241.49 MB (215.53 MB after compression)
  19100 16925      208.0000   121      209.0000      207.0000  1629887    0.96%
  19200 17017      207.0000    83      209.0000      207.0000  1639870    0.96%
  19300 17116      208.0000    72      209.0000      207.0000  1645430    0.96%
  19400 17207      208.0000   120      209.0000      207.0000  1654085    0.96%
  19500 17302      208.0000   112      209.0000      207.0000  1663920    0.96%
  19600 17398      207.0000    89      209.0000      207.0000  1674268    0.96%
  19700 17494      208.0000    68      209.0000      207.0000  1678892    0.96%
  19800 17590      208.0000    73      209.0000      207.0000  1685081    0.96%
  19900 17675      208.0000   118      209.0000      207.0000  1693219    0.96%
  20000 17766      208.0000    88      209.0000      207.0000  1704097    0.96%
Elapsed time = 1746.97 sec. (tree size = 395.86 MB, solutions = 7)
Nodefile size = 268.09 MB (239.80 MB after compression)
  20100 17866      208.0000    95      209.0000      207.0000  1707981    0.96%
  20200 17961      208.0000    55      209.0000      207.0000  1714822    0.96%
  20300 18061      208.0000   127      209.0000      207.0000  1720664    0.96%
  20400 18152      208.0000    38      209.0000      207.0000  1730749    0.96%
  20500 18250      208.0000    81      209.0000      207.0000  1737550    0.96%
  20600 18341      208.0000    92      209.0000      207.0000  1745598    0.96%
  20700 18437      207.0000   118      209.0000      207.0000  1753061    0.96%
  20800 18537      207.0000    93      209.0000      207.0000  1757035    0.96%
  20900 18634    infeasible            209.0000      207.0000  1762180    0.96%
  21000 18729      208.0000   130      209.0000      207.0000  1770764    0.96%
Elapsed time = 1840.30 sec. (tree size = 424.00 MB, solutions = 7)
Nodefile size = 296.76 MB (265.91 MB after compression)
  21100 18824      208.0000    95      209.0000      207.0000  1779117    0.96%
  21200 18915      208.0000    85      209.0000      207.0000  1788879    0.96%
  21300 19015      208.0000   116      209.0000      207.0000  1793655    0.96%
  21400 19110      208.0000   109      209.0000      207.0000  1799925    0.96%
  21500 19205      208.0000    89      209.0000      207.0000  1809223    0.96%
  21600 19294      208.0000   110      209.0000      207.0000  1818240    0.96%
  21700 19390      208.0000   146      209.0000      207.0000  1828786    0.96%
  21800 19483      208.0000    91      209.0000      207.0000  1838092    0.96%
  21900 19578      208.0000    85      209.0000      207.0000  1845417    0.96%
  22000 19673      208.0000   118      209.0000      207.0000  1854663    0.96%
Elapsed time = 1944.31 sec. (tree size = 452.17 MB, solutions = 7)
Nodefile size = 324.28 MB (291.33 MB after compression)
  22100 19766      208.0000   100      209.0000      207.0000  1865425    0.96%
  22200 19859      208.0000    94      209.0000      207.0000  1876047    0.96%
  22300 19954      208.0000   115      209.0000      207.0000  1885248    0.96%
  22400 20047      208.0000   117      209.0000      207.0000  1895494    0.96%
  22500 20142      208.0000   111      209.0000      207.0000  1905271    0.96%
  22600 20236      208.0000   135      209.0000      207.0000  1914993    0.96%
  22700 20326      208.0000   191      209.0000      207.0000  1924738    0.96%
  22800 20421      207.2212   244      209.0000      207.0000  1934407    0.96%
  22900 20521      208.0000   110      209.0000      207.0000  1938797    0.96%
  23000 20610      208.0000   107      209.0000      207.0000  1948780    0.96%
Elapsed time = 2078.08 sec. (tree size = 480.46 MB, solutions = 7)
Nodefile size = 353.05 MB (317.77 MB after compression)
  23100 20705      208.0000    85      209.0000      207.0000  1959036    0.96%
  23200 20805      208.0000    99      209.0000      207.0000  1964025    0.96%
  23300 20898      208.0000    63      209.0000      207.0000  1971409    0.96%
  23400 20993      208.0000    91      209.0000      207.0000  1979374    0.96%
  23500 21093      208.0000   106      209.0000      207.0000  1983383    0.96%
  23600 21189      207.0000   100      209.0000      207.0000  1992434    0.96%
  23700 21283      208.0000    80      209.0000      207.0000  1998439    0.96%
  23800 21372      208.0000   112      209.0000      207.0000  2009343    0.96%
  23900 21468    infeasible            209.0000      207.0000  2017931    0.96%
  24000 21558      208.0000   149      209.0000      207.0000  2028809    0.96%
Elapsed time = 2193.73 sec. (tree size = 509.41 MB, solutions = 7)
Nodefile size = 381.46 MB (343.88 MB after compression)
  24100 21656    infeasible            209.0000      207.0000  2037107    0.96%
  24200 21751      208.0000   116      209.0000      207.0000  2047341    0.96%
  24300 21842      208.0000   103      209.0000      207.0000  2059630    0.96%
  24400 21935      208.0000    79      209.0000      207.0000  2069214    0.96%
  24500 22028      208.0000   105      209.0000      207.0000  2079894    0.96%
  24600 22123      208.0000   133      209.0000      207.0000  2091520    0.96%
  24700 22218      208.0000   132      209.0000      207.0000  2102341    0.96%
  24800 22313      208.0000   144      209.0000      207.0000  2111557    0.96%
  24900 22406      208.0000   109      209.0000      207.0000  2121387    0.96%
  25000 22501      208.0000   109      209.0000      207.0000  2131439    0.96%
Elapsed time = 2328.58 sec. (tree size = 538.76 MB, solutions = 7)
Nodefile size = 411.10 MB (371.41 MB after compression)
  25100 22589      207.0000   122      209.0000      207.0000  2143030    0.96%
  25200 22688      208.0000    93      209.0000      207.0000  2146617    0.96%
  25300 22779      208.0000    91      209.0000      207.0000  2153801    0.96%
  25400 22870      208.0000    56      209.0000      207.0000  2160626    0.96%
  25500 22965      208.0000   120      209.0000      207.0000  2170222    0.96%
  25600 23054      208.0000   135      209.0000      207.0000  2181598    0.96%
  25700 23147      208.0000   128      209.0000      207.0000  2191198    0.96%
  25800 23240      208.0000   118      209.0000      207.0000  2200181    0.96%
  25900 23335      208.0000   150      209.0000      207.0000  2210187    0.96%
  26000 23420      208.0000   125      209.0000      207.0000  2225188    0.96%
Elapsed time = 2454.44 sec. (tree size = 568.53 MB, solutions = 7)
Nodefile size = 441.47 MB (399.60 MB after compression)
  26100 23513      208.0000   102      209.0000      207.0000  2236263    0.96%
  26200 23613      208.0000   127      209.0000      207.0000  2240739    0.96%
  26300 23708      208.0000    96      209.0000      207.0000  2246605    0.96%
  26400 23794      208.0000   159      209.0000      207.0000  2261530    0.96%
  26500 23889      208.0000   200      209.0000      207.0000  2270273    0.96%
  26600 23982      208.0000    79      209.0000      207.0000  2279819    0.96%
  26700 24077      208.0000   102      209.0000      207.0000  2287853    0.96%
  26800 24177      208.0000    74      209.0000      207.0000  2293928    0.96%
  26900 24260      208.0000   122      209.0000      207.0000  2310381    0.96%
  27000 24356      207.0000   160      209.0000      207.0000  2319805    0.96%
Elapsed time = 2600.67 sec. (tree size = 599.46 MB, solutions = 7)
Nodefile size = 472.03 MB (428.04 MB after compression)
  27100 24455      208.0000   102      209.0000      207.0000  2326246    0.96%
  27200 24550      208.0000   113      209.0000      207.0000  2335998    0.96%
  27300 24645      208.0000   122      209.0000      207.0000  2346271    0.96%
  27400 24732      208.0000    82      209.0000      207.0000  2360264    0.96%
  27500 24832      208.0000   102      209.0000      207.0000  2366233    0.96%
  27600 24927      208.0000    81      209.0000      207.0000  2374163    0.96%
  27700 25022      208.0000   159      209.0000      207.0000  2383915    0.96%
  27800 25115      208.0000    85      209.0000      207.0000  2393118    0.96%
  27900 25210      208.0000    72      209.0000      207.0000  2401406    0.96%
  28000 25310      208.0000   111      209.0000      207.0000  2405356    0.96%
Elapsed time = 2725.67 sec. (tree size = 631.30 MB, solutions = 7)
Nodefile size = 503.65 MB (457.44 MB after compression)
  28100 25405      208.0000   132      209.0000      207.0000  2413564    0.96%
  28200 25496      208.0000    92      209.0000      207.0000  2423575    0.96%
  28300 25589      208.0000    96      209.0000      207.0000  2433230    0.96%
  28400 25674      208.0000   125      209.0000      207.0000  2447419    0.96%
  28500 25767      208.0000    94      209.0000      207.0000  2457263    0.96%
  28600 25862      208.0000    78      209.0000      207.0000  2465960    0.96%
  28700 25955      208.0000    97      209.0000      207.0000  2475480    0.96%
  28800 26055      208.0000    92      209.0000      207.0000  2482449    0.96%
  28900 26150      208.0000    88      209.0000      207.0000  2490527    0.96%
  29000 26241      208.0000    88      209.0000      207.0000  2498057    0.96%
Elapsed time = 2858.88 sec. (tree size = 663.12 MB, solutions = 7)
Nodefile size = 535.18 MB (486.96 MB after compression)
  29100 26336      208.0000    63      209.0000      207.0000  2505810    0.96%
  29200 26436      208.0000   114      209.0000      207.0000  2510014    0.96%
  29300 26528      207.0000   106      209.0000      207.0000  2518357    0.96%
  29400 26626      208.0000    69      209.0000      207.0000  2524429    0.96%
  29500 26709      208.0000   126      209.0000      207.0000  2536140    0.96%
  29600 26804      208.0000   149      209.0000      207.0000  2546361    0.96%
  29700 26897      208.0000   104      209.0000      207.0000  2556399    0.96%
  29800 26990      208.0000    86      209.0000      207.0000  2565413    0.96%
  29900 27085      208.0000   109      209.0000      207.0000  2575543    0.96%
  30000 27185      208.0000    59      209.0000      207.0000  2578838    0.96%
Elapsed time = 2978.06 sec. (tree size = 696.30 MB, solutions = 7)
Nodefile size = 568.49 MB (517.87 MB after compression)
  30100 27278      208.0000    93      209.0000      207.0000  2586561    0.96%
  30200 27373      208.0000   123      209.0000      207.0000  2594204    0.96%
  30300 27468      208.0000    73      209.0000      207.0000  2600998    0.96%
  30400 27559      208.0000    97      209.0000      207.0000  2609022    0.96%
  30500 27650      208.0000    90      209.0000      207.0000  2617002    0.96%
  30600 27741      208.0000   109      209.0000      207.0000  2625862    0.96%
  30700 27841      208.0000   143      209.0000      207.0000  2631305    0.96%
  30800 27936      208.0000    99      209.0000      207.0000  2639910    0.96%
  30900 28029      208.0000   209      209.0000      207.0000  2652884    0.96%
  31000 28129      208.0000   172      209.0000      207.0000  2659653    0.96%
Elapsed time = 3111.64 sec. (tree size = 730.51 MB, solutions = 7)
Nodefile size = 602.98 MB (550.25 MB after compression)
  31100 28222      208.0000   143      209.0000      207.0000  2668641    0.96%
  31200 28310      208.0000   137      209.0000      207.0000  2684302    0.96%
  31300 28410      208.0000   130      209.0000      207.0000  2692496    0.96%
  31400 28497      208.0000    66      209.0000      207.0000  2706047    0.96%
  31500 28597      208.0000    93      209.0000      207.0000  2709159    0.96%
  31600 28692      208.0000    98      209.0000      207.0000  2714613    0.96%
  31700 28787      208.0000    77      209.0000      207.0000  2721677    0.96%
  31800 28878      208.0000   102      209.0000      207.0000  2732509    0.96%
  31900 28971      208.0000   134      209.0000      207.0000  2744431    0.96%
  32000 29064      208.0000   170      209.0000      207.0000  2757401    0.96%
Elapsed time = 3273.64 sec. (tree size = 765.14 MB, solutions = 7)
Nodefile size = 637.65 MB (582.79 MB after compression)
  32100 29155      208.0000   102      209.0000      207.0000  2769873    0.96%
  32200 29250      208.0000   125      209.0000      207.0000  2779721    0.96%
  32300 29350      208.0000    99      209.0000      207.0000  2786842    0.96%
  32400 29439      208.0000   125      209.0000      207.0000  2798233    0.96%
  32500 29534      208.0000   112      209.0000      207.0000  2805507    0.96%
  32600 29629      208.0000    56      209.0000      207.0000  2812060    0.96%
  32700 29722      208.0000    78      209.0000      207.0000  2819287    0.96%
  32800 29818    infeasible            209.0000      207.0000  2825548    0.96%
  32900 29915      208.0000   111      209.0000      207.0000  2831098    0.96%
  33000 30004      208.0000   101      209.0000      207.0000  2839249    0.96%
Elapsed time = 3412.84 sec. (tree size = 800.23 MB, solutions = 7)
Nodefile size = 672.65 MB (615.62 MB after compression)
  33100 30099      208.0000   112      209.0000      207.0000  2846777    0.96%
  33200 30193      208.0000    98      209.0000      207.0000  2853959    0.96%
  33300 30282      208.0000   135      209.0000      207.0000  2864582    0.96%
  33400 30382      208.0000   122      209.0000      207.0000  2869046    0.96%
  33500 30477      208.0000   102      209.0000      207.0000  2876575    0.96%
  33600 30572      208.0000    64      209.0000      207.0000  2884899    0.96%
  33700 30665      208.0000   162      209.0000      207.0000  2895483    0.96%
  33800 30756      208.0000   113      209.0000      207.0000  2911417    0.96%
  33900 30854    infeasible            209.0000      207.0000  2919937    0.96%
  34000 30947      208.0000   119      209.0000      207.0000  2929021    0.96%
Elapsed time = 3553.16 sec. (tree size = 835.98 MB, solutions = 7)
Nodefile size = 708.10 MB (648.84 MB after compression)
  34100 31042      208.0000   185      209.0000      207.0000  2938661    0.96%
  34200 31135      208.0000   113      209.0000      207.0000  2948362    0.96%
  34300 31228      208.0000    56      209.0000      207.0000  2958992    0.96%
  34400 31321      207.0207   185      209.0000      207.0000  2969020    0.96%
  34500 31421      208.0000   108      209.0000      207.0000  2972364    0.96%
  34600 31510      208.0000    92      209.0000      207.0000  2979643    0.96%
  34700 31605      208.0000    62      209.0000      207.0000  2987196    0.96%
  34800 31703      208.0000    82      209.0000      207.0000  2993125    0.96%
  34900 31792      208.0000   141      209.0000      207.0000  3003277    0.96%
  35000 31885      208.0000   128      209.0000      207.0000  3016408    0.96%
Elapsed time = 3695.53 sec. (tree size = 871.92 MB, solutions = 7)
Nodefile size = 744.74 MB (683.32 MB after compression)
  35100 31978      208.0000    84      209.0000      207.0000  3025369    0.96%
  35200 32073      208.0000    78      209.0000      207.0000  3036681    0.96%
  35300 32164      208.0000    76      209.0000      207.0000  3048946    0.96%
  35400 32260      207.0000   119      209.0000      207.0000  3056580    0.96%
  35500 32354      208.0000   207      209.0000      207.0000  3064503    0.96%
  35600 32449      208.0000   110      209.0000      207.0000  3073478    0.96%
  35700 32549      208.0000   130      209.0000      207.0000  3079506    0.96%
  35800 32644      208.0000   114      209.0000      207.0000  3089704    0.96%
  35900 32737      208.0000   126      209.0000      207.0000  3102864    0.96%
  36000 32828      208.0000   124      209.0000      207.0000  3115271    0.96%
Elapsed time = 3863.30 sec. (tree size = 908.33 MB, solutions = 7)
Nodefile size = 780.98 MB (717.33 MB after compression)
  36100 32921      208.0000    92      209.0000      207.0000  3125924    0.96%
  36200 33011      207.0000   226      209.0000      207.0000  3138257    0.96%
  36300 33110      208.0000    70      209.0000      207.0000  3142795    0.96%
  36400 33201      208.0000   110      209.0000      207.0000  3153434    0.96%
  36500 33296      208.0000    68      209.0000      207.0000  3164031    0.96%
  36600 33391      208.0000    98      209.0000      207.0000  3173364    0.96%
  36700 33480      208.0000   138      209.0000      207.0000  3186766    0.96%
  36800 33576      207.0000   164      209.0000      207.0000  3195882    0.96%
  36900 33675      208.0000    97      209.0000      207.0000  3200722    0.96%
  37000 33768      208.0000    90      209.0000      207.0000  3207484    0.96%
Elapsed time = 4025.03 sec. (tree size = 945.06 MB, solutions = 7)
Nodefile size = 817.15 MB (751.27 MB after compression)
  37100 33857      208.0000   102      209.0000      207.0000  3218990    0.96%
  37200 33950      208.0000    87      209.0000      207.0000  3228811    0.96%
  37300 34044      207.0000   146      209.0000      207.0000  3236218    0.96%
  37400 34143      208.0000   115      209.0000      207.0000  3240698    0.96%
  37500 34238      208.0000    82      209.0000      207.0000  3247891    0.96%
  37600 34338      208.0000   102      209.0000      207.0000  3252117    0.96%
  37700 34433      208.0000    91      209.0000      207.0000  3261650    0.96%
  37800 34520      208.0000   107      209.0000      207.0000  3276853    0.96%
  37900 34612      207.0000   144      209.0000      207.0000  3289190    0.96%
  38000 34711      208.0000   121      209.0000      207.0000  3294860    0.96%
Elapsed time = 4171.05 sec. (tree size = 982.63 MB, solutions = 7)
Nodefile size = 854.90 MB (786.74 MB after compression)
  38100 34806      208.0000   177      209.0000      207.0000  3304244    0.96%
  38200 34888      208.0000   196      209.0000      207.0000  3319714    0.96%
  38300 34979      208.0000   134      209.0000      207.0000  3331878    0.96%
  38400 35067      208.0000   109      209.0000      207.0000  3344804    0.96%
  38500 35167      208.0000   126      209.0000      207.0000  3350794    0.96%
  38600 35260      208.0000   103      209.0000      207.0000  3360905    0.96%
  38700 35355      208.0000   130      209.0000      207.0000  3367585    0.96%
  38800 35448      208.0000   108      209.0000      207.0000  3377071    0.96%
  38900 35543      208.0000    64      209.0000      207.0000  3384906    0.96%
  39000 35641    infeasible            209.0000      207.0000  3391719    0.96%
Elapsed time = 4331.81 sec. (tree size = 1020.41 MB, solutions = 7)
Nodefile size = 892.65 MB (822.49 MB after compression)
  39100 35733      208.0000   150      209.0000      207.0000  3400905    0.96%
  39200 35828      208.0000   104      209.0000      207.0000  3407802    0.96%
  39300 35921      208.0000    60      209.0000      207.0000  3415155    0.96%
  39400 36021      208.0000    81      209.0000      207.0000  3422809    0.96%
  39500 36110      208.0000    96      209.0000      207.0000  3432302    0.96%
  39600 36203      208.0000    88      209.0000      207.0000  3440243    0.96%
  39700 36303      208.0000   136      209.0000      207.0000  3445899    0.96%
  39800 36398      208.0000   125      209.0000      207.0000  3451930    0.96%
  39900 36493      208.0000    75      209.0000      207.0000  3460650    0.96%
  40000 36584      208.0000    66      209.0000      207.0000  3469978    0.96%
Elapsed time = 4463.58 sec. (tree size = 1058.88 MB, solutions = 7)
Nodefile size = 930.91 MB (858.47 MB after compression)
  40100 36679      208.0000   119      209.0000      207.0000  3479716    0.96%
  40200 36777    infeasible            209.0000      207.0000  3489046    0.96%
  40300 36872      208.0000   148      209.0000      207.0000  3498797    0.96%
  40400 36965      208.0000   130      209.0000      207.0000  3508328    0.96%
  40500 37058      208.0000   167      209.0000      207.0000  3520533    0.96%
  40600 37146      208.0000   109      209.0000      207.0000  3535202    0.96%
  40700 37246      208.0000   181      209.0000      207.0000  3542987    0.96%
  40800 37339      208.0000    88      209.0000      207.0000  3554024    0.96%
  40900 37430      208.0000   101      209.0000      207.0000  3567678    0.96%
  41000 37521      208.0000    84      209.0000      207.0000  3579104    0.96%
Elapsed time = 4653.75 sec. (tree size = 1097.09 MB, solutions = 7)
Nodefile size = 969.13 MB (894.44 MB after compression)
  41100 37621      208.0000   100      209.0000      207.0000  3585085    0.96%
  41200 37716      208.0000   100      209.0000      207.0000  3593158    0.96%
  41300 37806      208.0000    88      209.0000      207.0000  3605142    0.96%
  41400 37906      208.0000    68      209.0000      207.0000  3609708    0.96%
  41500 37993      207.0000   145      209.0000      207.0000  3623049    0.96%
  41600 38092      208.0000    98      209.0000      207.0000  3628361    0.96%
  41700 38183      208.0000   143      209.0000      207.0000  3638401    0.96%
  41800 38276      208.0000    98      209.0000      207.0000  3646771    0.96%
  41900 38368    infeasible            209.0000      207.0000  3656509    0.96%
  42000 38463      208.0000   122      209.0000      207.0000  3662699    0.96%
Elapsed time = 4801.91 sec. (tree size = 1135.38 MB, solutions = 7)
Nodefile size = 1008.17 MB (930.68 MB after compression)
  42100 38558      208.0000    74      209.0000      207.0000  3672479    0.96%
  42200 38647      208.0000   117      209.0000      207.0000  3683672    0.96%
  42300 38743      208.0000   172      209.0000      207.0000  3692224    0.96%
  42400 38836      208.0000    48      209.0000      207.0000  3701027    0.96%
  42500 38928      207.0000    86      209.0000      207.0000  3708982    0.96%
  42600 39027      208.0000    79      209.0000      207.0000  3714052    0.96%
  42700 39123      207.0000   163      209.0000      207.0000  3721821    0.96%
  42800 39222      208.0000   118      209.0000      207.0000  3726009    0.96%
  42900 39313      208.0000    97      209.0000      207.0000  3736734    0.96%
  43000 39413      208.0000   109      209.0000      207.0000  3742128    0.96%
Elapsed time = 4946.06 sec. (tree size = 1174.00 MB, solutions = 7)
Nodefile size = 1046.67 MB (966.18 MB after compression)
  43100 39505      208.0000    67      209.0000      207.0000  3751122    0.96%
  43200 39597      207.0000   130      209.0000      207.0000  3761846    0.96%
  43300 39696      208.0000   110      209.0000      207.0000  3767099    0.96%
  43400 39784      208.0000   142      209.0000      207.0000  3780645    0.96%
  43500 39877      208.0000   137      209.0000      207.0000  3791516    0.96%
  43600 39966      208.0000   138      209.0000      207.0000  3804552    0.96%
  43700 40055      208.0000    98      209.0000      207.0000  3816769    0.96%
  43800 40146      208.0000   135      209.0000      207.0000  3826637    0.96%
  43900 40241      208.0000    83      209.0000      207.0000  3836871    0.96%
  44000 40337      208.0000   150      209.0000      207.0000  3847143    0.96%
Elapsed time = 5118.23 sec. (tree size = 1211.79 MB, solutions = 7)
Nodefile size = 1084.58 MB (1001.70 MB after compression)
  44100 40427      208.0000   176      209.0000      207.0000  3856745    0.96%
  44200 40527      208.0000   113      209.0000      207.0000  3862057    0.96%
  44300 40622      208.0000   134      209.0000      207.0000  3868755    0.96%
  44400 40714      208.0000    93      209.0000      207.0000  3878885    0.96%
  44500 40804    infeasible            209.0000      207.0000  3888015    0.96%
  44600 40901      208.0000   106      209.0000      207.0000  3893689    0.96%
  44700 40992      208.0000   100      209.0000      207.0000  3902967    0.96%
  44800 41087      208.0000    95      209.0000      207.0000  3910326    0.96%
  44900 41187      208.0000    97      209.0000      207.0000  3913819    0.96%
  45000 41282      208.0000    86      209.0000      207.0000  3920149    0.96%
Elapsed time = 5244.09 sec. (tree size = 1250.31 MB, solutions = 7)
Nodefile size = 1122.71 MB (1037.69 MB after compression)
  45100 41375      208.0000    96      209.0000      207.0000  3929657    0.96%
  45200 41475      208.0000    96      209.0000      207.0000  3933860    0.96%
  45300 41570      208.0000    67      209.0000      207.0000  3941062    0.96%
  45400 41670      208.0000   100      209.0000      207.0000  3944734    0.96%
  45500 41763      208.0000    95      209.0000      207.0000  3950897    0.96%
  45600 41850      208.0000    61      209.0000      207.0000  3960462    0.96%
  45700 41950      208.0000    62      209.0000      207.0000  3964470    0.96%
  45800 42037      208.0000    90      209.0000      207.0000  3975847    0.96%
  45900 42137      208.0000   154      209.0000      207.0000  3981310    0.96%
  46000 42228      208.0000    91      209.0000      207.0000  3990534    0.96%
Elapsed time = 5363.69 sec. (tree size = 1288.79 MB, solutions = 7)
Nodefile size = 1161.18 MB (1073.44 MB after compression)
  46100 42320    infeasible            209.0000      207.0000  4000394    0.96%
  46200 42419      208.0000   133      209.0000      207.0000  4006116    0.96%
  46300 42513      207.0000   115      209.0000      207.0000  4016424    0.96%
  46400 42606      208.0000    82      209.0000      207.0000  4024169    0.96%
  46500 42704      208.0000    92      209.0000      207.0000  4030001    0.96%
  46600 42797      208.0000   113      209.0000      207.0000  4038740    0.96%
  46700 42893      207.0000   122      209.0000      207.0000  4046092    0.96%
  46800 42991      208.0000    73      209.0000      207.0000  4052090    0.96%
  46900 43080      208.0000   108      209.0000      207.0000  4064567    0.96%
  47000 43180      208.0000   123      209.0000      207.0000  4069530    0.96%
Elapsed time = 5492.20 sec. (tree size = 1327.47 MB, solutions = 7)
Nodefile size = 1199.73 MB (1109.21 MB after compression)
  47100 43273      208.0000    88      209.0000      207.0000  4078800    0.96%
  47200 43360      208.0000   143      209.0000      207.0000  4092207    0.96%
  47300 43447      208.0000   100      209.0000      207.0000  4102332    0.96%
  47400 43540      208.0000    97      209.0000      207.0000  4111609    0.96%
  47500 43633      208.0000   114      209.0000      207.0000  4119638    0.96%
  47600 43726      208.0000   122      209.0000      207.0000  4132129    0.96%
  47700 43819      208.0000   117      209.0000      207.0000  4144094    0.96%
  47800 43914      208.0000   106      209.0000      207.0000  4153936    0.96%
  47900 44014      208.0000   105      209.0000      207.0000  4157314    0.96%
  48000 44110      207.0000   148      209.0000      207.0000  4165668    0.96%
Elapsed time = 5659.11 sec. (tree size = 1365.30 MB, solutions = 7)
Nodefile size = 1237.64 MB (1144.72 MB after compression)
  48100 44204      208.0000    60      209.0000      207.0000  4170895    0.96%
  48200 44302      208.0000    71      209.0000      207.0000  4176925    0.96%
  48300 44391      208.0000    94      209.0000      207.0000  4185663    0.96%
  48400 44487    infeasible            209.0000      207.0000  4192863    0.96%
  48500 44586      208.0000    93      209.0000      207.0000  4196501    0.96%
  48600 44681      208.0000    83      209.0000      207.0000  4202684    0.96%
  48700 44775      208.0000    61      209.0000      207.0000  4211558    0.96%
  48800 44875      208.0000    70      209.0000      207.0000  4217379    0.96%
  48900 44964      208.0000   165      209.0000      207.0000  4230012    0.96%
  49000 45057      208.0000   150      209.0000      207.0000  4242580    0.96%
Elapsed time = 5801.70 sec. (tree size = 1403.92 MB, solutions = 7)
Nodefile size = 1276.70 MB (1181.57 MB after compression)
  49100 45141      208.0000    62      209.0000      207.0000  4260278    0.96%
  49200 45229    infeasible            209.0000      207.0000  4273558    0.96%
  49300 45328      208.0000   109      209.0000      207.0000  4281005    0.96%
  49400 45422      207.0000   110      209.0000      207.0000  4289591    0.96%
  49500 45521      208.0000    85      209.0000      207.0000  4294792    0.96%
  49600 45616      208.0000   155      209.0000      207.0000  4303415    0.96%
  49700 45704      208.0000    82      209.0000      207.0000  4316166    0.96%
  49800 45804      208.0000   116      209.0000      207.0000  4321679    0.96%
  49900 45899      208.0000    88      209.0000      207.0000  4329346    0.96%
  50000 45994      208.0000    90      209.0000      207.0000  4337293    0.96%
Elapsed time = 5966.48 sec. (tree size = 1442.06 MB, solutions = 7)
Nodefile size = 1314.85 MB (1217.47 MB after compression)
  50100 46094      208.0000   100      209.0000      207.0000  4341057    0.96%
  50200 46187      208.0000   136      209.0000      207.0000  4351668    0.96%
  50300 46266      208.0000   140      209.0000      207.0000  4367147    0.96%
  50400 46359      208.0000    88      209.0000      207.0000  4374555    0.96%
  50500 46454      208.0000   118      209.0000      207.0000  4383510    0.96%
  50600 46545      208.0000    70      209.0000      207.0000  4391085    0.96%
  50700 46639      208.0000   111      209.0000      207.0000  4400247    0.96%
  50800 46728      208.0000    85      209.0000      207.0000  4408083    0.96%
  50900 46824      207.0000   121      209.0000      207.0000  4414607    0.96%
  51000 46923      208.0000   105      209.0000      207.0000  4419471    0.96%
Elapsed time = 6102.09 sec. (tree size = 1479.84 MB, solutions = 7)
Nodefile size = 1352.02 MB (1252.52 MB after compression)
  51100 47016      208.0000    88      209.0000      207.0000  4427337    0.96%
  51200 47112    infeasible            209.0000      207.0000  4434807    0.96%
  51300 47206      208.0000    77      209.0000      207.0000  4442631    0.96%
  51400 47306      208.0000    66      209.0000      207.0000  4445971    0.96%
  51500 47397      208.0000   104      209.0000      207.0000  4455042    0.96%
  51600 47490      208.0000   114      209.0000      207.0000  4463552    0.96%
  51700 47585      208.0000   113      209.0000      207.0000  4473942    0.96%
  51800 47678      208.0000   110      209.0000      207.0000  4483652    0.96%
  51900 47767      208.0000   125      209.0000      207.0000  4495260    0.96%
  52000 47862      208.0000   121      209.0000      207.0000  4504478    0.96%
Elapsed time = 6247.77 sec. (tree size = 1518.17 MB, solutions = 7)
Nodefile size = 1390.17 MB (1288.43 MB after compression)
  52100 47956      207.0000   122      209.0000      207.0000  4515343    0.96%
  52200 48055      208.0000   115      209.0000      207.0000  4520780    0.96%
  52300 48151      207.0000   104      209.0000      207.0000  4527613    0.96%
  52400 48249      208.0000    67      209.0000      207.0000  4531363    0.96%
  52500 48334      208.0000   129      209.0000      207.0000  4540773    0.96%
  52600 48434      208.0000   107      209.0000      207.0000  4545234    0.96%
  52700 48529      208.0000    98      209.0000      207.0000  4556265    0.96%
  52800 48629      208.0000   150      209.0000      207.0000  4563132    0.96%
  52900 48724      208.0000   122      209.0000      207.0000  4569903    0.96%
  53000 48815      208.0000   102      209.0000      207.0000  4581666    0.96%
Elapsed time = 6381.84 sec. (tree size = 1556.89 MB, solutions = 7)
Nodefile size = 1429.33 MB (1325.40 MB after compression)
  53100 48905      207.0000   254      209.0000      207.0000  4591252    0.96%
  53200 49004      208.0000   146      209.0000      207.0000  4599702    0.96%
  53300 49097      208.0000   109      209.0000      207.0000  4609049    0.96%
  53400 49192      208.0000    91      209.0000      207.0000  4618733    0.96%
  53500 49292      208.0000    96      209.0000      207.0000  4621664    0.96%
  53600 49382      208.0000   109      209.0000      207.0000  4632462    0.96%
  53700 49468    infeasible            209.0000      207.0000  4644581    0.96%
  53800 49561      208.0000    77      209.0000      207.0000  4651100    0.96%
  53900 49656      208.0000    88      209.0000      207.0000  4660296    0.96%
  54000 49756      208.0000   100      209.0000      207.0000  4664331    0.96%
Elapsed time = 6514.56 sec. (tree size = 1595.22 MB, solutions = 7)
Nodefile size = 1467.56 MB (1361.42 MB after compression)
  54100 49851      208.0000    88      209.0000      207.0000  4670609    0.96%
  54200 49946      208.0000    56      209.0000      207.0000  4677316    0.96%
  54300 50036      207.0000   119      209.0000      207.0000  4688331    0.96%
  54400 50135      208.0000   107      209.0000      207.0000  4692443    0.96%
  54500 50226      208.0000   100      209.0000      207.0000  4699792    0.96%
  54600 50319      207.0088   163      209.0000      207.0000  4709790    0.96%
  54700 50419      208.0000    76      209.0000      207.0000  4712524    0.96%
  54800 50512      208.0000    96      209.0000      207.0000  4720671    0.96%
  54900 50597      208.0000   139      209.0000      207.0000  4733280    0.96%
  55000 50688      208.0000   104      209.0000      207.0000  4742033    0.96%
Elapsed time = 6644.75 sec. (tree size = 1633.13 MB, solutions = 7)
Nodefile size = 1505.80 MB (1397.42 MB after compression)
  55100 50777      208.0000    99      209.0000      207.0000  4751333    0.96%
  55200 50867      208.0000    86      209.0000      207.0000  4760435    0.96%
  55300 50960      208.0000   105      209.0000      207.0000  4769237    0.96%
  55400 51055      208.0000    70      209.0000      207.0000  4776844    0.96%
  55500 51155      208.0000   108      209.0000      207.0000  4780320    0.96%
  55600 51250      208.0000   104      209.0000      207.0000  4788085    0.96%
  55700 51350      208.0000    92      209.0000      207.0000  4791755    0.96%
  55800 51443      208.0000   140      209.0000      207.0000  4801539    0.96%
  55900 51543      208.0000    83      209.0000      207.0000  4805254    0.96%
  56000 51632      208.0000    80      209.0000      207.0000  4816501    0.96%
Elapsed time = 6774.55 sec. (tree size = 1671.46 MB, solutions = 7)
Nodefile size = 1543.92 MB (1433.33 MB after compression)
  56100 51732      208.0000   113      209.0000      207.0000  4821153    0.96%
  56200 51825      208.0000   118      209.0000      207.0000  4829813    0.96%
  56300 51920      208.0000   119      209.0000      207.0000  4838965    0.96%
  56400 52013      208.0000   108      209.0000      207.0000  4846998    0.96%
  56500 52098      208.0000    81      209.0000      207.0000  4857864    0.96%
  56600 52198      208.0000    97      209.0000      207.0000  4861550    0.96%
  56700 52289      208.0000   195      209.0000      207.0000  4872217    0.96%
  56800 52384      208.0000   103      209.0000      207.0000  4880276    0.96%
  56900 52471      208.0000    45      209.0000      207.0000  4892048    0.96%
  57000 52564      207.0074   163      209.0000      207.0000  4901577    0.96%
Elapsed time = 6924.55 sec. (tree size = 1709.54 MB, solutions = 7)
Nodefile size = 1582.05 MB (1469.16 MB after compression)
  57100 52664      208.0000    96      209.0000      207.0000  4904840    0.96%
  57200 52757      208.0000   176      209.0000      207.0000  4915601    0.96%
  57300 52843      208.0000    82      209.0000      207.0000  4929179    0.96%
  57400 52936      208.0000    99      209.0000      207.0000  4937205    0.96%
  57500 53036      208.0000   122      209.0000      207.0000  4940882    0.96%
  57600 53129      208.0000    89      209.0000      207.0000  4947756    0.96%
  57700 53224      208.0000    74      209.0000      207.0000  4956979    0.96%
  57800 53320      207.0000   143      209.0000      207.0000  4963919    0.96%
  57900 53417      208.0000    82      209.0000      207.0000  4971185    0.96%
  58000 53512      208.0000    75      209.0000      207.0000  4979051    0.96%
Elapsed time = 7058.92 sec. (tree size = 1748.21 MB, solutions = 7)
Nodefile size = 1621.14 MB (1505.91 MB after compression)
  58100 53607      208.0000   155      209.0000      207.0000  4987693    0.96%
  58200 53700      208.0000   120      209.0000      207.0000  4996116    0.96%
  58300 53793      208.0000    96      209.0000      207.0000  5004798    0.96%
  58400 53893      208.0000   151      209.0000      207.0000  5012725    0.96%
  58500 53986      208.0000    79      209.0000      207.0000  5018357    0.96%
  58600 54077      208.0000    98      209.0000      207.0000  5027343    0.96%
  58700 54172      208.0000    80      209.0000      207.0000  5035014    0.96%
  58800 54268      207.0000   151      209.0000      207.0000  5042749    0.96%
  58900 54364      208.0000    84      209.0000      207.0000  5047693    0.96%
  59000 54464      208.0000    92      209.0000      207.0000  5053434    0.96%
Elapsed time = 7188.56 sec. (tree size = 1786.95 MB, solutions = 7)
Nodefile size = 1659.25 MB (1541.90 MB after compression)

Cover cuts applied:  2647
Zero-half cuts applied:  1
Gomory fractional cuts applied:  2

Solution pool: 7 solutions saved.

MIP - Time limit exceeded, integer feasible:  Objective = 2.0900000000e+002
Current MIP best bound = 2.0700000000e+002 (gap = 2, 0.96%)
Solution time = 7200.06 sec.  Iterations = 5061126  Nodes = 59078 (54534)


Incumbent solution
Variable Name           Solution Value
Cmax                        209.000000
X_1_27                        1.000000
X_2_3                         1.000000
X_3_20                        1.000000
X_4_28                        1.000000
X_5_24                        1.000000
X_6_21                        1.000000
X_7_22                        1.000000
X_8_10                        1.000000
X_9_26                        1.000000
X_10_17                       1.000000
X_11_18                       1.000000
X_12_10                       1.000000
X_13_29                       1.000000
X_14_1                        1.000000
X_15_15                       1.000000
X_16_13                       1.000000
X_17_8                        1.000000
X_18_24                       1.000000
X_19_2                        1.000000
X_20_20                       1.000000
X_21_27                       1.000000
X_22_17                       1.000000
X_23_29                       1.000000
X_24_9                        1.000000
X_25_27                       1.000000
X_26_6                        1.000000
X_27_13                       1.000000
X_28_15                       1.000000
X_29_15                       1.000000
X_30_23                       1.000000
X_31_17                       1.000000
X_32_26                       1.000000
X_33_6                        1.000000
X_34_12                       1.000000
X_35_22                       1.000000
X_36_16                       1.000000
X_37_16                       1.000000
X_38_4                        1.000000
X_39_11                       1.000000
X_40_2                        1.000000
X_41_12                       1.000000
X_42_11                       1.000000
X_43_2                        1.000000
X_44_22                       1.000000
X_45_25                       1.000000
X_46_13                       1.000000
X_47_18                       1.000000
X_48_21                       1.000000
X_49_14                       1.000000
X_50_15                       1.000000
X_51_2                        1.000000
X_52_14                       1.000000
X_53_25                       1.000000
X_54_16                       1.000000
X_55_5                        1.000000
X_56_28                       1.000000
X_57_20                       1.000000
X_58_20                       1.000000
X_59_28                       1.000000
X_60_2                        1.000000
X_61_9                        1.000000
X_62_12                       1.000000
X_63_11                       1.000000
X_64_28                       1.000000
X_65_16                       1.000000
X_66_10                       1.000000
X_67_10                       1.000000
X_68_6                        1.000000
X_69_9                        1.000000
X_70_15                       1.000000
X_71_17                       1.000000
X_72_8                        1.000000
X_73_5                        1.000000
X_74_1                        1.000000
X_75_21                       1.000000
X_76_12                       1.000000
X_77_22                       1.000000
X_78_3                        1.000000
X_79_9                        1.000000
X_80_24                       1.000000
X_81_13                       1.000000
X_82_1                        1.000000
X_83_26                       1.000000
X_84_5                        1.000000
X_85_22                       1.000000
X_86_20                       1.000000
X_87_25                       1.000000
X_88_18                       1.000000
X_89_11                       1.000000
X_90_16                       1.000000
X_91_13                       1.000000
X_92_9                        1.000000
X_93_23                       1.000000
X_94_3                        1.000000
X_95_4                        1.000000
X_96_5                        1.000000
X_97_5                        1.000000
X_98_6                        1.000000
X_99_4                        1.000000
X_100_18                      1.000000
X_101_22                      1.000000
X_102_12                      1.000000
X_103_30                      1.000000
X_104_14                      1.000000
X_105_27                      1.000000
X_106_30                      1.000000
X_107_9                       1.000000
X_108_7                       1.000000
X_109_12                      1.000000
X_110_22                      1.000000
X_111_18                      1.000000
X_112_24                      1.000000
X_113_6                       1.000000
X_114_29                      1.000000
X_115_9                       1.000000
X_116_10                      1.000000
X_117_3                       1.000000
X_118_26                      1.000000
X_119_21                      1.000000
X_120_28                      1.000000
X_121_14                      1.000000
X_122_27                      1.000000
X_123_24                      1.000000
X_124_16                      1.000000
X_125_14                      1.000000
X_126_21                      1.000000
X_127_21                      1.000000
X_128_4                       1.000000
X_129_28                      1.000000
X_130_21                      1.000000
X_131_20                      1.000000
X_132_24                      1.000000
X_133_8                       1.000000
X_134_8                       1.000000
X_135_17                      1.000000
X_136_24                      1.000000
X_137_30                      1.000000
X_138_8                       1.000000
X_139_22                      1.000000
X_140_24                      1.000000
X_141_15                      1.000000
X_142_10                      1.000000
X_143_28                      1.000000
X_144_16                      1.000000
X_145_12                      1.000000
X_146_17                      1.000000
X_147_6                       1.000000
X_148_2                       1.000000
X_149_17                      1.000000
X_150_10                      1.000000
X_151_30                      1.000000
X_152_18                      1.000000
X_153_27                      1.000000
X_154_16                      1.000000
X_155_15                      1.000000
X_156_14                      1.000000
X_157_27                      1.000000
X_158_20                      1.000000
X_159_18                      1.000000
X_160_1                       1.000000
X_161_25                      1.000000
X_162_19                      1.000000
X_163_18                      1.000000
X_164_24                      1.000000
X_165_7                       1.000000
X_166_26                      1.000000
X_167_18                      1.000000
X_168_4                       1.000000
X_169_28                      1.000000
X_170_15                      1.000000
X_171_13                      1.000000
X_172_13                      1.000000
X_173_21                      1.000000
X_174_3                       1.000000
X_175_24                      1.000000
X_176_20                      1.000000
X_177_4                       1.000000
X_178_19                      1.000000
X_179_11                      1.000000
X_180_4                       1.000000
X_181_20                      1.000000
X_182_19                      1.000000
X_183_27                      1.000000
X_184_30                      1.000000
X_185_25                      1.000000
X_186_11                      1.000000
X_187_15                      1.000000
X_188_28                      1.000000
X_189_15                      1.000000
X_190_2                       1.000000
X_191_14                      1.000000
X_192_11                      1.000000
X_193_12                      1.000000
X_194_16                      1.000000
X_195_14                      1.000000
X_196_27                      1.000000
X_197_3                       1.000000
X_198_1                       1.000000
X_199_28                      1.000000
X_200_1                       1.000000
X_201_2                       1.000000
X_202_20                      1.000000
X_203_8                       1.000000
X_204_9                       1.000000
X_205_2                       1.000000
X_206_16                      1.000000
X_207_19                      1.000000
X_208_4                       1.000000
X_209_23                      1.000000
X_210_2                       1.000000
X_211_23                      1.000000
X_212_27                      1.000000
X_213_2                       1.000000
X_214_8                       1.000000
X_215_4                       1.000000
X_216_3                       1.000000
X_217_8                       1.000000
X_218_19                      1.000000
X_219_8                       1.000000
X_220_14                      1.000000
X_221_3                       1.000000
X_222_23                      1.000000
X_223_5                       1.000000
X_224_28                      1.000000
X_225_26                      1.000000
X_226_23                      1.000000
X_227_13                      1.000000
X_228_10                      1.000000
X_229_6                       1.000000
X_230_20                      1.000000
X_231_30                      1.000000
X_232_7                       1.000000
X_233_24                      1.000000
X_234_23                      1.000000
X_235_29                      1.000000
X_236_16                      1.000000
X_237_1                       1.000000
X_238_30                      1.000000
X_239_26                      1.000000
X_240_4                       1.000000
X_241_15                      1.000000
X_242_30                      1.000000
X_243_6                       1.000000
X_244_27                      1.000000
X_245_19                      1.000000
X_246_1                       1.000000
X_247_13                      1.000000
X_248_19                      1.000000
X_249_13                      1.000000
X_250_11                      1.000000
X_251_8                       1.000000
X_252_7                       1.000000
X_253_16                      1.000000
X_254_19                      1.000000
X_255_1                       1.000000
X_256_29                      1.000000
X_257_10                      1.000000
X_258_3                       1.000000
X_259_22                      1.000000
X_260_4                       1.000000
X_261_12                      1.000000
X_262_12                      1.000000
X_263_3                       1.000000
X_264_26                      1.000000
X_265_5                       1.000000
X_266_20                      1.000000
X_267_24                      1.000000
X_268_16                      1.000000
X_269_17                      1.000000
X_270_16                      1.000000
X_271_9                       1.000000
X_272_19                      1.000000
X_273_15                      1.000000
X_274_30                      1.000000
X_275_25                      1.000000
X_276_7                       1.000000
X_277_14                      1.000000
X_278_17                      1.000000
X_279_4                       1.000000
X_280_26                      1.000000
X_281_14                      1.000000
X_282_4                       1.000000
X_283_7                       1.000000
X_284_29                      1.000000
X_285_9                       1.000000
X_286_15                      1.000000
X_287_17                      1.000000
X_288_21                      1.000000
X_289_7                       1.000000
X_290_21                      1.000000
X_291_20                      1.000000
X_292_22                      1.000000
X_293_13                      1.000000
X_294_21                      1.000000
X_295_7                       1.000000
X_296_15                      1.000000
X_297_10                      1.000000
X_298_28                      1.000000
X_299_18                      1.000000
X_300_21                      1.000000
X_301_22                      1.000000
X_302_23                      1.000000
X_303_10                      1.000000
X_304_20                      1.000000
X_305_11                      1.000000
X_306_16                      1.000000
X_307_21                      1.000000
X_308_24                      1.000000
X_309_6                       1.000000
X_310_25                      1.000000
X_311_3                       1.000000
X_312_18                      1.000000
X_313_23                      1.000000
X_314_13                      1.000000
X_315_1                       1.000000
X_316_5                       1.000000
X_317_14                      1.000000
X_318_10                      1.000000
X_319_26                      1.000000
X_320_29                      1.000000
X_321_7                       1.000000
X_322_2                       1.000000
X_323_22                      1.000000
X_324_27                      1.000000
X_325_29                      1.000000
X_326_25                      1.000000
X_327_12                      1.000000
X_328_5                       1.000000
X_329_15                      1.000000
X_330_26                      1.000000
X_331_12                      1.000000
X_332_7                       1.000000
X_333_20                      1.000000
X_334_3                       1.000000
X_335_17                      1.000000
X_336_28                      1.000000
X_337_11                      1.000000
X_338_5                       1.000000
X_339_17                      1.000000
X_340_22                      1.000000
X_341_22                      1.000000
X_342_11                      1.000000
X_343_8                       1.000000
X_344_12                      1.000000
X_345_14                      1.000000
X_346_3                       1.000000
X_347_13                      1.000000
X_348_23                      1.000000
X_349_10                      1.000000
X_350_1                       1.000000
X_351_29                      1.000000
X_352_26                      1.000000
X_353_24                      1.000000
X_354_13                      1.000000
X_355_17                      1.000000
X_356_1                       1.000000
X_357_29                      1.000000
X_358_25                      1.000000
X_359_24                      1.000000
X_360_25                      1.000000
X_361_7                       1.000000
X_362_19                      1.000000
X_363_8                       1.000000
X_364_17                      1.000000
X_365_1                       1.000000
X_366_7                       1.000000
X_367_28                      1.000000
X_368_6                       1.000000
X_369_23                      1.000000
X_370_9                       1.000000
X_371_24                      1.000000
X_372_27                      1.000000
X_373_8                       1.000000
X_374_26                      1.000000
X_375_3                       1.000000
X_376_29                      1.000000
X_377_17                      1.000000
X_378_24                      1.000000
X_379_8                       1.000000
X_380_30                      1.000000
X_381_15                      1.000000
X_382_6                       1.000000
X_383_30                      1.000000
X_384_18                      1.000000
X_385_29                      1.000000
X_386_5                       1.000000
X_387_7                       1.000000
X_388_25                      1.000000
X_389_1                       1.000000
X_390_18                      1.000000
X_391_12                      1.000000
X_392_29                      1.000000
X_393_25                      1.000000
X_394_11                      1.000000
X_395_13                      1.000000
X_396_19                      1.000000
X_397_24                      1.000000
X_398_23                      1.000000
X_399_7                       1.000000
X_400_28                      1.000000
X_401_30                      1.000000
X_402_28                      1.000000
X_403_25                      1.000000
X_404_19                      1.000000
X_405_10                      1.000000
X_406_18                      1.000000
X_407_4                       1.000000
X_408_23                      1.000000
X_409_4                       1.000000
X_410_12                      1.000000
X_411_6                       1.000000
X_412_27                      1.000000
X_413_14                      1.000000
X_414_26                      1.000000
X_415_6                       1.000000
X_416_22                      1.000000
X_417_17                      1.000000
X_418_9                       1.000000
X_419_18                      1.000000
X_420_27                      1.000000
X_421_4                       1.000000
X_422_5                       1.000000
X_423_2                       1.000000
X_424_21                      1.000000
X_425_29                      1.000000
X_426_28                      1.000000
X_427_9                       1.000000
X_428_9                       1.000000
X_429_25                      1.000000
X_430_20                      1.000000
X_431_23                      1.000000
X_432_9                       1.000000
X_433_27                      1.000000
X_434_21                      1.000000
X_435_12                      1.000000
X_436_7                       1.000000
X_437_5                       1.000000
X_438_20                      1.000000
X_439_30                      1.000000
X_440_1                       1.000000
X_441_2                       1.000000
X_442_25                      1.000000
X_443_3                       1.000000
X_444_13                      1.000000
X_445_25                      1.000000
X_446_3                       1.000000
X_447_29                      1.000000
X_448_14                      1.000000
X_449_28                      1.000000
X_450_8                       1.000000
X_451_26                      1.000000
X_452_30                      1.000000
X_453_29                      1.000000
X_454_12                      1.000000
X_455_26                      1.000000
X_456_13                      1.000000
X_457_21                      1.000000
X_458_1                       1.000000
X_459_18                      1.000000
X_460_10                      1.000000
X_461_9                       1.000000
X_462_17                      1.000000
X_463_10                      1.000000
X_464_25                      1.000000
X_465_18                      1.000000
X_466_16                      1.000000
X_467_8                       1.000000
X_468_19                      1.000000
X_469_30                      1.000000
X_470_12                      1.000000
X_471_11                      1.000000
X_472_8                       1.000000
X_473_11                      1.000000
X_474_1                       1.000000
X_475_30                      1.000000
X_476_19                      1.000000
X_477_22                      1.000000
X_478_15                      1.000000
X_479_30                      1.000000
X_480_5                       1.000000
X_481_19                      1.000000
X_482_19                      1.000000
X_483_9                       1.000000
X_484_25                      1.000000
X_485_23                      1.000000
X_486_6                       1.000000
X_487_6                       1.000000
X_488_23                      1.000000
X_489_9                       1.000000
X_490_2                       1.000000
X_491_11                      1.000000
X_492_22                      1.000000
X_493_5                       1.000000
X_494_11                      1.000000
X_495_1                       1.000000
X_496_5                       1.000000
X_497_4                       1.000000
X_498_6                       1.000000
X_499_22                      1.000000
X_500_7                       1.000000
All other variables in the range 1-15001 are 0.
