
Log started (V11.0.0) Sat May 31 16:01:40 2008

Tried aggregator 1 time.
Reduced MIP has 530 rows, 15001 columns, and 30030 nonzeros.
Presolve time =    0.09 sec.
Clique table members: 500.
MIP emphasis: balance optimality and feasibility.
MIP search method: dynamic search.
Parallel mode: none, using 1 thread.
Root relaxation solution time =    0.66 sec.

        Nodes                                         Cuts/
   Node  Left     Objective  IInf  Best Integer     Best Node    ItCnt     Gap

*     0+    0                        27380.0000      208.9999      856   99.24%
*     0+    0                          217.0000      208.9999      856    3.69%
      0     0      209.0196    61      217.0000      Fract: 6      872    3.68%
*     0+    0                          216.0000      209.0196      872    3.23%
      0     0      209.0223    63      216.0000     Covers: 1      880    3.23%
*     0+    0                          213.0000      209.0223      880    1.87%
      0     0      209.0223    65      213.0000     Covers: 1      883    1.87%
      0     2      209.0223    65      213.0000      209.0223      883    1.87%
    100   101      210.0000    55      213.0000      209.0336     4184    1.86%
    200   178      211.0000    56      213.0000      209.0336    11485    1.86%
    300   267      212.0000    48      213.0000      209.0336    18190    1.86%
    400   341    infeasible            213.0000      209.0336    27391    1.86%
    500   420      210.0000    48      213.0000      209.0375    33509    1.86%
    600   451      212.0000    51      213.0000      210.0000    39103    1.41%
    700   467      211.0033    59      213.0000      210.0000    44421    1.41%
    800   484      210.0000    66      213.0000      210.0000    50270    1.41%
    900   501      211.0000    53      213.0000      210.0000    54920    1.41%
   1000   531      211.0000    71      213.0000      210.0000    61277    1.41%
Elapsed time =  86.67 sec. (tree size =  6.14 MB, solutions = 4)
   1100   532    infeasible            213.0000      210.0000    71984    1.41%
   1200   615      211.0000    62      213.0000      210.0000    77460    1.41%
   1300   708      212.0000    54      213.0000      210.0000    84709    1.41%
   1400   786      212.0000    65      213.0000      210.0000    96857    1.41%
   1500   878      212.0000    76      213.0000      210.0000   102518    1.41%
   1600   970      212.0000    68      213.0000      210.0000   107672    1.41%
   1700  1061      211.0000    87      213.0000      210.0000   113444    1.41%
   1800  1157      212.0000    63      213.0000      210.0000   119278    1.41%
   1900  1247      212.0000    61      213.0000      210.0000   124885    1.41%
   2000  1340      211.0000    78      213.0000      210.0000   130781    1.41%
Elapsed time = 150.83 sec. (tree size = 18.67 MB, solutions = 4)
   2100  1435      212.0000    63      213.0000      210.0000   135981    1.41%
   2200  1520      211.0000    72      213.0000      210.0000   143888    1.41%
   2300  1612      211.0000    62      213.0000      210.0000   150149    1.41%
   2400  1711      211.0000    52      213.0000      210.0000   154867    1.41%
   2500  1802      212.0000    66      213.0000      210.0000   165875    1.41%
   2600  1855      211.0000    76      213.0000      210.0000   183778    1.41%
   2700  1947      211.0000   104      213.0000      210.0000   189492    1.41%
   2800  2046      212.0000    75      213.0000      210.0000   192888    1.41%
   2900  2141      211.0000    59      213.0000      210.0000   197288    1.41%
   3000  2231      212.0000    64      213.0000      210.0000   205083    1.41%
Elapsed time = 228.53 sec. (tree size = 32.98 MB, solutions = 4)
   3100  2324      211.0000    65      213.0000      210.0000   210543    1.41%
   3200  2422      211.0354   107      213.0000      210.0000   216139    1.41%
   3300  2502      212.0000    71      213.0000      210.0000   226072    1.41%
   3400  2528    infeasible            213.0000      210.0000   254244    1.41%
   3500  2605      211.0000    56      213.0000      210.0000   264233    1.41%
   3600  2694      212.0000   104      213.0000      210.0000   270950    1.41%
   3700  2790      210.0000    86      213.0000      210.0000   275268    1.41%
   3800  2883      211.0000    58      213.0000      210.0000   280276    1.41%
   3900  2982      211.0171   105      213.0000      210.0000   285481    1.41%
   4000  3074      210.0000    89      213.0000      210.0000   292443    1.41%
Elapsed time = 296.28 sec. (tree size = 46.62 MB, solutions = 4)
   4100  3168      210.0000    70      213.0000      210.0000   298028    1.41%
   4200  3267      211.0000    60      213.0000      210.0000   301547    1.41%
   4300  3360      210.0000    87      213.0000      210.0000   306214    1.41%
   4400  3454      210.0000    86      213.0000      210.0000   311153    1.41%
   4500  3554      210.0000    56      213.0000      210.0000   315080    1.41%
   4600  3640      211.0000    60      213.0000      210.0000   320919    1.41%
   4700  3700      212.0000    53      213.0000      210.0000   337084    1.41%
   4800  3759      210.0000    59      213.0000      210.0000   350103    1.41%
   4900  3850      211.9113    83      213.0000      210.0000   355752    1.41%
   5000  3934      212.0000    51      213.0000      210.0000   364724    1.41%
Elapsed time = 356.75 sec. (tree size = 61.00 MB, solutions = 4)
   5100  4000      212.0000    53      213.0000      210.0000   378036    1.41%
   5200  4090      212.0000    69      213.0000      210.0000   383073    1.41%
   5300  4173      210.0000    81      213.0000      210.0000   390655    1.41%
   5400  4271      211.0000    52      213.0000      210.0000   394497    1.41%
   5500  4354      212.0000    51      213.0000      210.0000   401017    1.41%
   5600  4431      211.0000   117      213.0000      210.0000   409061    1.41%
   5700  4531      211.0000    74      213.0000      210.0000   413411    1.41%
   5800  4622      212.0000    52      213.0000      210.0000   420734    1.41%
   5900  4711      211.0000    68      213.0000      210.0000   427988    1.41%
   6000  4806      210.0000    79      213.0000      210.0000   435408    1.41%
Elapsed time = 421.45 sec. (tree size = 77.37 MB, solutions = 4)
   6100  4902      211.0000    59      213.0000      210.0000   441151    1.41%
   6200  4985      212.0000    49      213.0000      210.0000   450350    1.41%
   6300  5055    infeasible            213.0000      210.0000   469157    1.41%
   6400  5139    infeasible            213.0000      210.0000   478256    1.41%
   6500  5237      210.0000    71      213.0000      210.0000   482485    1.41%
   6600  5330      211.0000    79      213.0000      210.0000   488696    1.41%
   6700  5423      210.0000   103      213.0000      210.0000   495780    1.41%
   6800  5520      211.0000    68      213.0000      210.0000   500549    1.41%
   6900  5604      212.0000    55      213.0000      210.0000   509322    1.41%
   7000  5676      210.0000   102      213.0000      210.0000   521171    1.41%
Elapsed time = 503.78 sec. (tree size = 94.61 MB, solutions = 4)
   7100  5760        cutoff            213.0000      210.0000   529629    1.41%
   7200  5848      211.0014    96      213.0000      210.0000   538714    1.41%
   7300  5942      210.1215   107      213.0000      210.0000   544905    1.41%
   7400  6032      211.0000    54      213.0000      210.0000   550288    1.41%
   7500  6131      211.0925    83      213.0000      210.0000   553028    1.41%
   7600  6227      210.0000    94      213.0000      210.0000   557549    1.41%
   7700  6326      211.0000    83      213.0000      210.0000   562126    1.41%
   7800  6417      210.0000   112      213.0000      210.0000   568912    1.41%
   7900  6511      211.0000    75      213.0000      210.0000   575017    1.41%
   8000  6593      212.0000    63      213.0000      210.0000   582913    1.41%
Elapsed time = 579.81 sec. (tree size = 113.54 MB, solutions = 4)
   8100  6653    infeasible            213.0000      210.0000   597405    1.41%
   8200  6742      211.0000    84      213.0000      210.0000   602958    1.41%
   8300  6836      211.0000   103      213.0000      210.0000   609015    1.41%
   8400  6936      211.0000    92      213.0000      210.0000   613048    1.41%
   8500  7029      210.0000    91      213.0000      210.0000   619748    1.41%
   8600  7128      211.0000    85      213.0000      210.0000   624698    1.41%
   8700  7222      211.0000    51      213.0000      210.0000   629412    1.41%
Began writing nodes to disk (directory ./cpxa03764 created)
   8800  7322      211.0000    63      213.0000      210.0000   633428    1.41%
   8900  7415      212.0000    63      213.0000      210.0000   640298    1.41%
   9000  7478      211.0000   225      213.0000      210.0000   662181    1.41%
Elapsed time = 658.94 sec. (tree size = 132.74 MB, solutions = 4)
Nodefile size =  4.94 MB (4.10 MB after compression)
   9100  7578      211.0000    86      213.0000      210.0000   665188    1.41%
   9200  7672      212.0000    58      213.0000      210.0000   671593    1.41%
   9300  7758    infeasible            213.0000      210.0000   678552    1.41%
   9400  7848      212.0000    53      213.0000      210.0000   684400    1.41%
   9500  7943      211.0000    83      213.0000      210.0000   691897    1.41%
   9600  8043      211.0000    89      213.0000      210.0000   694282    1.41%
   9700  8136      210.0000   112      213.0000      210.0000   702183    1.41%
   9800  8232      211.0000    59      213.0000      210.0000   706852    1.41%
   9900  8331      211.0000    61      213.0000      210.0000   710170    1.41%
  10000  8427      211.0041    82      213.0000      210.0000   716295    1.41%
Elapsed time = 734.05 sec. (tree size = 153.62 MB, solutions = 4)
Nodefile size = 26.55 MB (21.32 MB after compression)
  10100  8510      211.0000    96      213.0000      210.0000   725465    1.41%
  10200  8610      211.0000    81      213.0000      210.0000   728261    1.41%
  10300  8709      212.0000    72      213.0000      210.0000   731837    1.41%
  10400  8808      211.0000    64      213.0000      210.0000   736096    1.41%
  10500  8906      211.0000    69      213.0000      210.0000   742185    1.41%
  10600  9005      211.0000    73      213.0000      210.0000   748399    1.41%
  10700  9104      212.0000    67      213.0000      210.0000   752315    1.41%
  10800  9203      211.0000    69      213.0000      210.0000   755778    1.41%
  10900  9300      212.0000    64      213.0000      210.0000   759853    1.41%
  11000  9400      210.0000   112      213.0000      210.0000   764910    1.41%
Elapsed time = 799.69 sec. (tree size = 175.68 MB, solutions = 4)
Nodefile size = 48.68 MB (38.78 MB after compression)
  11100  9492    infeasible            213.0000      210.0000   769563    1.41%
  11200  9591      211.0000    52      213.0000      210.0000   775163    1.41%
  11300  9681      211.0000   133      213.0000      210.0000   781627    1.41%
  11400  9781      211.0000    64      213.0000      210.0000   783385    1.41%
  11500  9881      211.0000    56      213.0000      210.0000   787812    1.41%
  11600  9980      210.0000    97      213.0000      210.0000   794761    1.41%
  11700 10075      211.0000    58      213.0000      210.0000   799189    1.41%
  11800 10174      211.0000    76      213.0000      210.0000   804875    1.41%
  11900 10269      212.0000    83      213.0000      210.0000   810727    1.41%
  12000 10368      211.0000    78      213.0000      210.0000   814955    1.41%
Elapsed time = 863.38 sec. (tree size = 198.09 MB, solutions = 4)
Nodefile size = 70.41 MB (56.67 MB after compression)
  12100 10467      212.0000    86      213.0000      210.0000   820200    1.41%
  12200 10566      211.0000    74      213.0000      210.0000   825011    1.41%
  12300 10660      211.0000    93      213.0000      210.0000   831469    1.41%
  12400 10760      211.0000    76      213.0000      210.0000   834688    1.41%
  12500 10860      211.0000    68      213.0000      210.0000   840307    1.41%
  12600 10959      210.0000    88      213.0000      210.0000   845199    1.41%
  12700 11058      211.0000    75      213.0000      210.0000   849525    1.41%
  12800 11158      210.0000    85      213.0000      210.0000   854826    1.41%
  12900 11257      211.0000    81      213.0000      210.0000   858818    1.41%
  13000 11356      211.0000    90      213.0000      210.0000   862919    1.41%
Elapsed time = 928.11 sec. (tree size = 221.22 MB, solutions = 4)
Nodefile size = 94.18 MB (76.52 MB after compression)
  13100 11448      211.0000    80      213.0000      210.0000   869817    1.41%
  13200 11548      211.0000    78      213.0000      210.0000   872657    1.41%
  13300 11644      212.0000    54      213.0000      210.0000   877559    1.41%
  13400 11743      211.0000    77      213.0000      210.0000   881266    1.41%
  13500 11840      212.0000    56      213.0000      210.0000   887216    1.41%
  13600 11939      211.0000    89      213.0000      210.0000   891834    1.41%
  13700 12034    infeasible            213.0000      210.0000   897281    1.41%
  13800 12133      211.0000    88      213.0000      210.0000   900824    1.41%
  13900 12226      211.0000    72      213.0000      210.0000   909152    1.41%
  14000 12326      211.0000    88      213.0000      210.0000   912287    1.41%
Elapsed time = 1005.28 sec. (tree size = 245.57 MB, solutions = 4)
Nodefile size = 117.96 MB (96.97 MB after compression)
  14100 12419      212.0000    50      213.0000      210.0000   918806    1.41%
  14200 12518      211.0000    73      213.0000      210.0000   924449    1.41%
  14300 12617      212.0000    97      213.0000      210.0000   928593    1.41%
  14400 12713      210.0000   134      213.0000      210.0000   938615    1.41%
  14500 12810      211.0000    67      213.0000      210.0000   941954    1.41%
  14600 12909      211.0000    81      213.0000      210.0000   945145    1.41%
  14700 13008      212.0000    65      213.0000      210.0000   948933    1.41%
  14800 13107      211.0000    62      213.0000      210.0000   952860    1.41%
  14900 13207      211.0000    82      213.0000      210.0000   956965    1.41%
  15000 13306      211.0000    62      213.0000      210.0000   961942    1.41%
Elapsed time = 1084.44 sec. (tree size = 270.86 MB, solutions = 4)
Nodefile size = 143.70 MB (118.96 MB after compression)
  15100 13406      211.0000    90      213.0000      210.0000   965847    1.41%
  15200 13505      211.0000    63      213.0000      210.0000   972053    1.41%
  15300 13605      211.0000   103      213.0000      210.0000   975883    1.41%
  15400 13701      211.0000    64      213.0000      210.0000   982283    1.41%
  15500 13799      211.0000    68      213.0000      210.0000   986477    1.41%
  15600 13899      210.0000    84      213.0000      210.0000   990503    1.41%
  15700 13998      210.0000    79      213.0000      210.0000   996040    1.41%
  15800 14097      211.0000    63      213.0000      210.0000  1002269    1.41%
  15900 14196      212.0000    75      213.0000      210.0000  1006286    1.41%
  16000 14295      211.0000    83      213.0000      210.0000  1013337    1.41%
Elapsed time = 1158.97 sec. (tree size = 296.33 MB, solutions = 4)
Nodefile size = 168.45 MB (140.18 MB after compression)
  16100 14395      211.0000   104      213.0000      210.0000  1016198    1.41%
  16200 14494      211.0000    87      213.0000      210.0000  1021370    1.41%
  16300 14593      212.0000    93      213.0000      210.0000  1026539    1.41%
  16400 14691      211.0000    75      213.0000      210.0000  1033267    1.41%
  16500 14791      211.0000    72      213.0000      210.0000  1037152    1.41%
  16600 14890      211.0000    76      213.0000      210.0000  1043178    1.41%
  16700 14989      212.0000    79      213.0000      210.0000  1047420    1.41%
  16800 15088      211.0000   107      213.0000      210.0000  1052119    1.41%
  16900 15180      211.0000    68      213.0000      210.0000  1058028    1.41%
  17000 15279      212.0000   103      213.0000      210.0000  1062842    1.41%
Elapsed time = 1230.63 sec. (tree size = 322.86 MB, solutions = 4)
Nodefile size = 195.13 MB (163.48 MB after compression)
  17100 15372      211.0000    72      213.0000      210.0000  1070390    1.41%
  17200 15472      211.0000    71      213.0000      210.0000  1075255    1.41%
  17300 15564      212.0000    53      213.0000      210.0000  1084330    1.41%
  17400 15663      211.0000   114      213.0000      210.0000  1089478    1.41%
  17500 15757      212.0000    51      213.0000      210.0000  1096288    1.41%
  17600 15856      211.0000    95      213.0000      210.0000  1100917    1.41%
  17700 15949    infeasible            213.0000      210.0000  1108197    1.41%
  17800 16046      211.0000    86      213.0000      210.0000  1113056    1.41%
  17900 16145      212.0000    81      213.0000      210.0000  1116869    1.41%
  18000 16237      211.0000    52      213.0000      210.0000  1124958    1.41%
Elapsed time = 1320.81 sec. (tree size = 349.37 MB, solutions = 4)
Nodefile size = 221.82 MB (186.98 MB after compression)
  18100 16337      211.0000    86      213.0000      210.0000  1130055    1.41%
  18200 16436      211.0000    88      213.0000      210.0000  1133840    1.41%
  18300 16525      211.0000   103      213.0000      210.0000  1143398    1.41%
  18400 16625      211.0000    79      213.0000      210.0000  1146277    1.41%
  18500 16725      211.0000    74      213.0000      210.0000  1152149    1.41%
  18600 16824      211.0000    88      213.0000      210.0000  1155367    1.41%
  18700 16921      212.0000    94      213.0000      210.0000  1161269    1.41%
  18800 17020      211.0000    67      213.0000      210.0000  1165168    1.41%
  18900 17117      212.0000    61      213.0000      210.0000  1169581    1.41%
  19000 17216      211.0000    90      213.0000      210.0000  1173343    1.41%
Elapsed time = 1402.91 sec. (tree size = 376.96 MB, solutions = 4)
Nodefile size = 249.41 MB (211.20 MB after compression)
  19100 17313      212.0000    84      213.0000      210.0000  1178255    1.41%
  19200 17410      211.0000    69      213.0000      210.0000  1184174    1.41%
  19300 17510      211.0000    96      213.0000      210.0000  1187834    1.41%
  19400 17607      211.0000    71      213.0000      210.0000  1193464    1.41%
  19500 17707      211.0000    89      213.0000      210.0000  1198134    1.41%
  19600 17806      211.0000    98      213.0000      210.0000  1201899    1.41%
  19700 17906      211.0000    84      213.0000      210.0000  1207077    1.41%
  19800 18005      211.0000    67      213.0000      210.0000  1213178    1.41%
  19900 18104      212.0000    47      213.0000      210.0000  1217625    1.41%
  20000 18203      211.0000    71      213.0000      210.0000  1223754    1.41%
Elapsed time = 1489.30 sec. (tree size = 405.07 MB, solutions = 4)
Nodefile size = 278.00 MB (236.49 MB after compression)
  20100 18302      212.0000    70      213.0000      210.0000  1227236    1.41%
  20200 18401      211.0000    75      213.0000      210.0000  1231150    1.41%
  20300 18500      212.0000    75      213.0000      210.0000  1236179    1.41%
  20400 18597      211.0000    82      213.0000      210.0000  1242964    1.41%
  20500 18697      211.0000    79      213.0000      210.0000  1247718    1.41%
  20600 18796      211.0000    62      213.0000      210.0000  1252321    1.41%
  20700 18895      212.0000    82      213.0000      210.0000  1256277    1.41%
  20800 18994      211.0000    74      213.0000      210.0000  1261934    1.41%
  20900 19093      212.0000    67      213.0000      210.0000  1265138    1.41%
  21000 19192      211.0000    86      213.0000      210.0000  1271221    1.41%
Elapsed time = 1562.66 sec. (tree size = 433.82 MB, solutions = 4)
Nodefile size = 306.59 MB (261.79 MB after compression)
  21100 19291      212.0000    76      213.0000      210.0000  1274926    1.41%
  21200 19390      211.0000    78      213.0000      210.0000  1278929    1.41%
  21300 19488      212.0000    62      213.0000      210.0000  1284141    1.41%
  21400 19587      211.0000    88      213.0000      210.0000  1288459    1.41%
  21500 19687      211.0000   100      213.0000      210.0000  1292961    1.41%
  21600 19786      211.0000    89      213.0000      210.0000  1297400    1.41%
  21700 19885      212.0000    73      213.0000      210.0000  1301319    1.41%
  21800 19984      211.0000    85      213.0000      210.0000  1306398    1.41%
  21900 20083      212.0000    52      213.0000      210.0000  1310874    1.41%
  22000 20182      211.0000    67      213.0000      210.0000  1316528    1.41%
Elapsed time = 1632.47 sec. (tree size = 463.01 MB, solutions = 4)
Nodefile size = 335.32 MB (287.39 MB after compression)
  22100 20280      212.0000    49      213.0000      210.0000  1322191    1.41%
  22200 20379      211.0000   103      213.0000      210.0000  1328752    1.41%
  22300 20478      212.0000    77      213.0000      210.0000  1333790    1.41%
  22400 20577      211.0000    95      213.0000      210.0000  1338698    1.41%
  22500 20669      211.0000   104      213.0000      210.0000  1344812    1.41%
  22600 20769      211.0000    86      213.0000      210.0000  1348622    1.41%
  22700 20861      211.0000    53      213.0000      210.0000  1354341    1.41%
  22800 20961      211.0000    84      213.0000      210.0000  1357459    1.41%
  22900 21054      211.0205    92      213.0000      210.0000  1364775    1.41%
  23000 21151      211.0000    89      213.0000      210.0000  1369370    1.41%
Elapsed time = 1716.25 sec. (tree size = 491.91 MB, solutions = 4)
Nodefile size = 364.85 MB (313.52 MB after compression)
  23100 21250      212.0000    77      213.0000      210.0000  1374039    1.41%
  23200 21349      211.0000   101      213.0000      210.0000  1378077    1.41%
  23300 21448      212.0000    96      213.0000      210.0000  1382685    1.41%
  23400 21547      211.0000    91      213.0000      210.0000  1387029    1.41%
  23500 21640      212.0000    90      213.0000      210.0000  1393595    1.41%
  23600 21737      211.0000    79      213.0000      210.0000  1400810    1.41%
  23700 21837      211.0000    68      213.0000      210.0000  1404581    1.41%
  23800 21936      211.0000    91      213.0000      210.0000  1408264    1.41%
  23900 22035      212.0000    54      213.0000      210.0000  1413235    1.41%
  24000 22134      211.0000    67      213.0000      210.0000  1416681    1.41%
Elapsed time = 1796.22 sec. (tree size = 521.38 MB, solutions = 4)
Nodefile size = 393.57 MB (339.14 MB after compression)
  24100 22234      211.0000   103      213.0000      210.0000  1421183    1.41%
  24200 22332      211.0000    78      213.0000      210.0000  1425235    1.41%
  24300 22431      212.0000    69      213.0000      210.0000  1429616    1.41%
  24400 22529      211.0000    69      213.0000      210.0000  1436418    1.41%
  24500 22629      211.0000    70      213.0000      210.0000  1438656    1.41%
  24600 22728      211.0000    76      213.0000      210.0000  1443587    1.41%
  24700 22827      212.0000    78      213.0000      210.0000  1446200    1.41%
  24800 22926      211.0000    69      213.0000      210.0000  1453173    1.41%
  24900 23026      211.0000    97      213.0000      210.0000  1455996    1.41%
  25000 23125      211.0000    71      213.0000      210.0000  1460492    1.41%
Elapsed time = 1877.42 sec. (tree size = 551.40 MB, solutions = 4)
Nodefile size = 424.18 MB (366.23 MB after compression)
  25100 23224      212.0000    57      213.0000      210.0000  1463670    1.41%
  25200 23323      211.0000    99      213.0000      210.0000  1468700    1.41%
  25300 23423      211.0000    93      213.0000      210.0000  1473633    1.41%
  25400 23522      211.0000    91      213.0000      210.0000  1478747    1.41%
  25500 23616      211.0000   108      213.0000      210.0000  1483843    1.41%
  25600 23716      211.0000    96      213.0000      210.0000  1486690    1.41%
  25700 23813      212.0000    57      213.0000      210.0000  1490742    1.41%
  25800 23911      212.0000    80      213.0000      210.0000  1494745    1.41%
  25900 24005      211.0000    66      213.0000      210.0000  1501338    1.41%
  26000 24105      211.0000    64      213.0000      210.0000  1504029    1.41%
Elapsed time = 1956.22 sec. (tree size = 581.88 MB, solutions = 4)
Nodefile size = 453.95 MB (392.78 MB after compression)
  26100 24199      212.0000    56      213.0000      210.0000  1511038    1.41%
  26200 24298      211.0000    90      213.0000      210.0000  1513870    1.41%
  26300 24397      212.0000    51      213.0000      210.0000  1518617    1.41%
  26400 24496      211.0000    72      213.0000      210.0000  1521807    1.41%
  26500 24596      211.0000    87      213.0000      210.0000  1526261    1.41%
  26600 24695      211.0000    84      213.0000      210.0000  1529452    1.41%
  26700 24794      212.0000    67      213.0000      210.0000  1532643    1.41%
  26800 24892      211.0000    68      213.0000      210.0000  1536638    1.41%
  26900 24992      211.0000    66      213.0000      210.0000  1541383    1.41%
  27000 25091      211.0000   108      213.0000      210.0000  1546084    1.41%
Elapsed time = 2034.83 sec. (tree size = 612.66 MB, solutions = 4)
Nodefile size = 484.67 MB (420.01 MB after compression)
  27100 25191      211.0000    92      213.0000      210.0000  1549479    1.41%
  27200 25290      211.0000    84      213.0000      210.0000  1554082    1.41%
  27300 25390      211.0000    84      213.0000      210.0000  1557693    1.41%
  27400 25489      211.0000    71      213.0000      210.0000  1561453    1.41%
  27500 25588      212.0000    69      213.0000      210.0000  1566514    1.41%
  27600 25687      211.0000    79      213.0000      210.0000  1570636    1.41%
  27700 25787      211.0000    70      213.0000      210.0000  1576157    1.41%
  27800 25886      211.0000    88      213.0000      210.0000  1580312    1.41%
  27900 25986      211.0000    98      213.0000      210.0000  1585007    1.41%
  28000 26085      211.0000    76      213.0000      210.0000  1589070    1.41%
Elapsed time = 2113.83 sec. (tree size = 643.86 MB, solutions = 4)
Nodefile size = 516.18 MB (448.36 MB after compression)
  28100 26185      211.0000    76      213.0000      210.0000  1592046    1.41%
  28200 26284      211.0000    90      213.0000      210.0000  1596964    1.41%
  28300 26383      212.0000    87      213.0000      210.0000  1601049    1.41%
  28400 26482      211.0000    81      213.0000      210.0000  1604974    1.41%
  28500 26582      211.0000    93      213.0000      210.0000  1610800    1.41%
  28600 26681      211.0000   103      213.0000      210.0000  1614983    1.41%
  28700 26780      212.0000    68      213.0000      210.0000  1618883    1.41%
  28800 26879      211.0000    73      213.0000      210.0000  1623001    1.41%
  28900 26979      211.0000    96      213.0000      210.0000  1626363    1.41%
  29000 27079      210.0000   103      213.0000      210.0000  1631073    1.41%
Elapsed time = 2187.69 sec. (tree size = 675.11 MB, solutions = 4)
Nodefile size = 547.47 MB (476.46 MB after compression)
  29100 27179      210.0000   103      213.0000      210.0000  1635860    1.41%
  29200 27273      211.0000    68      213.0000      210.0000  1642052    1.41%
  29300 27373      211.0000    70      213.0000      210.0000  1644776    1.41%
  29400 27472      211.0000    72      213.0000      210.0000  1650879    1.41%
  29500 27571      212.0000    81      213.0000      210.0000  1654404    1.41%
  29600 27670      211.0000    83      213.0000      210.0000  1660354    1.41%
  29700 27770      211.0000    67      213.0000      210.0000  1662956    1.41%
  29800 27869      211.0000   103      213.0000      210.0000  1670076    1.41%
  29900 27969      211.0000    65      213.0000      210.0000  1672334    1.41%
  30000 28069      210.0000    88      213.0000      210.0000  1678364    1.41%
Elapsed time = 2266.02 sec. (tree size = 706.24 MB, solutions = 4)
Nodefile size = 579.09 MB (504.32 MB after compression)
  30100 28166      211.0000    65      213.0000      210.0000  1684587    1.41%
  30200 28265      211.0000    68      213.0000      210.0000  1690061    1.41%
  30300 28364      212.0000    83      213.0000      210.0000  1694406    1.41%
  30400 28463      211.0000    60      213.0000      210.0000  1700033    1.41%
  30500 28562      212.0000    64      213.0000      210.0000  1703604    1.41%
  30600 28661      211.0000    87      213.0000      210.0000  1709589    1.41%
  30700 28760      212.0000    60      213.0000      210.0000  1713952    1.41%
  30800 28859      211.0000    84      213.0000      210.0000  1719920    1.41%
  30900 28954      212.0000    58      213.0000      210.0000  1725442    1.41%
  31000 29053      211.0000    88      213.0000      210.0000  1731606    1.41%
Elapsed time = 2357.25 sec. (tree size = 738.06 MB, solutions = 4)
Nodefile size = 610.38 MB (532.25 MB after compression)
  31100 29152      212.0000    86      213.0000      210.0000  1735375    1.41%
  31200 29251      211.0000    91      213.0000      210.0000  1741302    1.41%
  31300 29350      212.0000    80      213.0000      210.0000  1745599    1.41%
  31400 29449      211.0000    99      213.0000      210.0000  1751714    1.41%
  31500 29548      212.0000    86      213.0000      210.0000  1755873    1.41%
  31600 29647      211.0000    89      213.0000      210.0000  1761184    1.41%
  31700 29741      212.0000    69      213.0000      210.0000  1768383    1.41%
  31800 29840      211.0000    87      213.0000      210.0000  1772983    1.41%
  31900 29939      212.0000    67      213.0000      210.0000  1777325    1.41%
  32000 30038      211.0000    86      213.0000      210.0000  1781320    1.41%
Elapsed time = 2440.58 sec. (tree size = 770.43 MB, solutions = 4)
Nodefile size = 642.91 MB (561.74 MB after compression)
  32100 30135      212.0000    60      213.0000      210.0000  1786325    1.41%
  32200 30234      211.0000    77      213.0000      210.0000  1790005    1.41%
  32300 30333      212.0000    69      213.0000      210.0000  1793886    1.41%
  32400 30430      211.0000    78      213.0000      210.0000  1801706    1.41%
  32500 30530      211.0000    91      213.0000      210.0000  1804494    1.41%
  32600 30629      211.0000    91      213.0000      210.0000  1811242    1.41%
  32700 30729      211.0000    99      213.0000      210.0000  1815628    1.41%
  32800 30828      211.0000    91      213.0000      210.0000  1820625    1.41%
  32900 30927      212.0000    84      213.0000      210.0000  1824138    1.41%
  33000 31026      211.0000    81      213.0000      210.0000  1831291    1.41%
Elapsed time = 2532.53 sec. (tree size = 803.00 MB, solutions = 4)
Nodefile size = 675.44 MB (590.78 MB after compression)
  33100 31126      211.0000    89      213.0000      210.0000  1833830    1.41%
  33200 31223      211.0000    64      213.0000      210.0000  1842198    1.41%
  33300 31322      211.0000    59      213.0000      210.0000  1844882    1.41%
  33400 31421      211.0000    90      213.0000      210.0000  1851133    1.41%
  33500 31521      211.0000    82      213.0000      210.0000  1854556    1.41%
  33600 31620      211.0000    79      213.0000      210.0000  1861046    1.41%
  33700 31720      211.0000    83      213.0000      210.0000  1863950    1.41%
  33800 31819      211.0000   101      213.0000      210.0000  1868771    1.41%
  33900 31918      212.0000    99      213.0000      210.0000  1872736    1.41%
  34000 32015      211.0000    60      213.0000      210.0000  1877061    1.41%
Elapsed time = 2628.11 sec. (tree size = 836.72 MB, solutions = 4)
Nodefile size = 708.92 MB (620.85 MB after compression)
  34100 32115      211.0000    69      213.0000      210.0000  1880681    1.41%
  34200 32214      211.0000    77      213.0000      210.0000  1884777    1.41%
  34300 32314      211.0000    98      213.0000      210.0000  1889298    1.41%
  34400 32414      210.0000    98      213.0000      210.0000  1893882    1.41%
  34500 32513      211.0000   102      213.0000      210.0000  1897433    1.41%
  34600 32612      211.0000    88      213.0000      210.0000  1901856    1.41%
  34700 32711      212.0000    67      213.0000      210.0000  1906068    1.41%
* 34731+29450                          212.0000      210.0000  1908966    0.94%
  34800 29519      211.0000    68      212.0000      210.0000  1914086    0.94%
  34900 29619      211.0000   106      212.0000      210.0000  1918264    0.94%
  35000 29718      211.0000    71      212.0000      210.0000  1923183    0.94%
Elapsed time = 2739.03 sec. (tree size = 806.43 MB, solutions = 5)
Nodefile size = 678.62 MB (598.85 MB after compression)
  35100 29818      211.0000    90      212.0000      210.0000  1927677    0.94%
  35200 29918      210.0000   111      212.0000      210.0000  1933971    0.94%
  35300 30017      211.0000    91      212.0000      210.0000  1938640    0.94%
  35400 30116      211.0000   102      212.0000      210.0000  1944503    0.94%
  35500 30211      211.0000    90      212.0000      210.0000  1950161    0.94%
  35600 30311      211.0000    77      212.0000      210.0000  1953531    0.94%
  35700 30411      211.0000    83      212.0000      210.0000  1957599    0.94%
  35800 30510      211.0000    84      212.0000      210.0000  1963176    0.94%
  35900 30603      211.0000    78      212.0000      210.0000  1968843    0.94%
  36000 30703      211.0000    80      212.0000      210.0000  1973072    0.94%
Elapsed time = 2837.58 sec. (tree size = 841.98 MB, solutions = 5)
Nodefile size = 714.60 MB (631.03 MB after compression)
  36100 30798      211.0000    84      212.0000      210.0000  1978417    0.94%
  36200 30898      211.0000    80      212.0000      210.0000  1981428    0.94%
  36300 30990      211.0000    58      212.0000      210.0000  1987794    0.94%
  36400 31090      211.0000    66      212.0000      210.0000  1990782    0.94%
  36500 31190      211.0000    79      212.0000      210.0000  1996843    0.94%
  36600 31289      211.0000    70      212.0000      210.0000  2000897    0.94%
  36700 31384      211.0000    44      212.0000      210.0000  2007188    0.94%
  36800 31484      211.0000    89      212.0000      210.0000  2010346    0.94%
  36900 31579      211.0000    69      212.0000      210.0000  2015333    0.94%
  37000 31670      211.0000    87      212.0000      210.0000  2023244    0.94%
Elapsed time = 2922.55 sec. (tree size = 877.34 MB, solutions = 5)
Nodefile size = 750.04 MB (663.09 MB after compression)
  37100 31768    infeasible            212.0000      210.0000  2030154    0.94%
  37200 31861      211.0000    80      212.0000      210.0000  2035473    0.94%
  37300 31961      211.0000    94      212.0000      210.0000  2039673    0.94%
  37400 32056      211.0000    78      212.0000      210.0000  2044976    0.94%
  37500 32156      211.0000    95      212.0000      210.0000  2048470    0.94%
  37600 32251      211.0000    89      212.0000      210.0000  2055354    0.94%
  37700 32351      211.0000    80      212.0000      210.0000  2057837    0.94%
  37800 32445      210.0000   121      212.0000      210.0000  2065393    0.94%
  37900 32541      211.0000    63      212.0000      210.0000  2071897    0.94%
  38000 32641      211.0000    73      212.0000      210.0000  2075708    0.94%
Elapsed time = 3007.20 sec. (tree size = 912.99 MB, solutions = 5)
Nodefile size = 785.70 MB (695.53 MB after compression)
  38100 32726      211.0000    75      212.0000      210.0000  2085359    0.94%
  38200 32826      211.0000   109      212.0000      210.0000  2089124    0.94%
  38300 32921      211.0000    80      212.0000      210.0000  2096776    0.94%
  38400 33021      211.0000    89      212.0000      210.0000  2099496    0.94%
  38500 33113      210.0000   105      212.0000      210.0000  2106638    0.94%
  38600 33212      211.0000    72      212.0000      210.0000  2111339    0.94%
  38700 33312      211.0000   111      212.0000      210.0000  2115027    0.94%
  38800 33412      210.0000    97      212.0000      210.0000  2122594    0.94%
  38900 33509      211.0000    58      212.0000      210.0000  2127885    0.94%
  39000 33608      211.0000   102      212.0000      210.0000  2132796    0.94%
Elapsed time = 3103.59 sec. (tree size = 948.50 MB, solutions = 5)
Nodefile size = 821.15 MB (727.63 MB after compression)
  39100 33704      210.0000    92      212.0000      210.0000  2139361    0.94%
  39200 33803      211.0000    88      212.0000      210.0000  2143461    0.94%
  39300 33898      211.0000    86      212.0000      210.0000  2149299    0.94%
  39400 33991      210.3785   192      212.0000      210.0000  2157114    0.94%
  39500 34091      211.0000    97      212.0000      210.0000  2162222    0.94%
  39600 34182      211.0000    97      212.0000      210.0000  2171046    0.94%
  39700 34280      211.0000    94      212.0000      210.0000  2176876    0.94%
  39800 34373      211.0000    91      212.0000      210.0000  2184712    0.94%
  39900 34471    infeasible            212.0000      210.0000  2189337    0.94%
  40000 34568      211.0000    96      212.0000      210.0000  2194968    0.94%
Elapsed time = 3209.66 sec. (tree size = 984.95 MB, solutions = 5)
Nodefile size = 857.46 MB (760.75 MB after compression)
  40100 34661      211.0000    83      212.0000      210.0000  2202692    0.94%
  40200 34761      211.0000    87      212.0000      210.0000  2207161    0.94%
  40300 34852      211.0000   109      212.0000      210.0000  2214442    0.94%
  40400 34952      211.0000    87      212.0000      210.0000  2217637    0.94%
  40500 35041      211.0000    87      212.0000      210.0000  2226425    0.94%
  40600 35141      211.0000   100      212.0000      210.0000  2230208    0.94%
  40700 35234      211.0000    85      212.0000      210.0000  2238020    0.94%
  40800 35329      211.0000    93      212.0000      210.0000  2244696    0.94%
  40900 35429      211.0000    81      212.0000      210.0000  2247152    0.94%
  41000 35520      211.0000    73      212.0000      210.0000  2255310    0.94%
Elapsed time = 3315.16 sec. (tree size = 1021.85 MB, solutions = 5)
Nodefile size = 894.14 MB (794.29 MB after compression)
  41100 35620      211.0000    89      212.0000      210.0000  2260185    0.94%
  41200 35715      211.0000    74      212.0000      210.0000  2264783    0.94%
  41300 35815      211.0000   108      212.0000      210.0000  2269599    0.94%
  41400 35908      211.0000    88      212.0000      210.0000  2274989    0.94%
  41500 36003      210.0000   134      212.0000      210.0000  2282274    0.94%
  41600 36098      211.0000    77      212.0000      210.0000  2288009    0.94%
  41700 36198      211.0000    86      212.0000      210.0000  2293217    0.94%
  41800 36293      211.0000    75      212.0000      210.0000  2298965    0.94%
  41900 36393      211.0000    97      212.0000      210.0000  2303015    0.94%
  42000 36486      211.0000    97      212.0000      210.0000  2309380    0.94%
Elapsed time = 3416.95 sec. (tree size = 1059.37 MB, solutions = 5)
Nodefile size = 932.00 MB (828.85 MB after compression)
  42100 36581      211.0000    99      212.0000      210.0000  2316952    0.94%
  42200 36676      211.0000   113      212.0000      210.0000  2323967    0.94%
  42300 36769      211.0000    84      212.0000      210.0000  2332915    0.94%
  42400 36869      211.0000    92      212.0000      210.0000  2336048    0.94%
  42500 36964      211.0000    94      212.0000      210.0000  2342623    0.94%
  42600 37055      211.0000   162      212.0000      210.0000  2349794    0.94%
  42700 37155      211.0000    85      212.0000      210.0000  2352730    0.94%
  42800 37255      211.0000   116      212.0000      210.0000  2356823    0.94%
  42900 37350      211.0000    81      212.0000      210.0000  2361860    0.94%
  43000 37448      211.0000   100      212.0000      210.0000  2368909    0.94%
Elapsed time = 3512.55 sec. (tree size = 1097.22 MB, solutions = 5)
Nodefile size = 969.24 MB (862.92 MB after compression)
  43100 37543      211.0000    65      212.0000      210.0000  2377495    0.94%
  43200 37643      211.0000   103      212.0000      210.0000  2380326    0.94%
  43300 37739      210.0000   124      212.0000      210.0000  2386978    0.94%
  43400 37838      211.0000    77      212.0000      210.0000  2391121    0.94%
  43500 37938      211.0000    93      212.0000      210.0000  2393768    0.94%
  43600 38028      210.5013   227      212.0000      210.0000  2403669    0.94%
  43700 38121      211.0000    92      212.0000      210.0000  2413498    0.94%
  43800 38217      211.0000   144      212.0000      210.0000  2420959    0.94%
  43900 38312      211.0000    83      212.0000      210.0000  2426591    0.94%
  44000 38407      211.0000    58      212.0000      210.0000  2433674    0.94%
Elapsed time = 3624.91 sec. (tree size = 1135.64 MB, solutions = 5)
Nodefile size = 1008.49 MB (898.96 MB after compression)
  44100 38507      211.0000    81      212.0000      210.0000  2437145    0.94%
  44200 38599      211.0000    66      212.0000      210.0000  2444393    0.94%
  44300 38699      211.0000    69      212.0000      210.0000  2448216    0.94%
  44400 38791      210.0000   147      212.0000      210.0000  2455623    0.94%
  44500 38890      211.0000    70      212.0000      210.0000  2461150    0.94%
  44600 38984      210.0000   124      212.0000      210.0000  2465981    0.94%
  44700 39083      211.0000    67      212.0000      210.0000  2469972    0.94%
  44800 39183      211.0000   106      212.0000      210.0000  2473253    0.94%
  44900 39276      211.0000    97      212.0000      210.0000  2480878    0.94%
  45000 39376      211.0000   112      212.0000      210.0000  2484060    0.94%
Elapsed time = 3716.02 sec. (tree size = 1175.37 MB, solutions = 5)
Nodefile size = 1047.86 MB (935.10 MB after compression)
  45100 39469      211.0000    85      212.0000      210.0000  2491105    0.94%
  45200 39569      211.0000    85      212.0000      210.0000  2495054    0.94%
  45300 39663      210.0000   140      212.0000      210.0000  2502975    0.94%
  45400 39762      211.0000    77      212.0000      210.0000  2507771    0.94%
  45500 39851      211.0000   131      212.0000      210.0000  2514424    0.94%
  45600 39951      211.0000   107      212.0000      210.0000  2519283    0.94%
  45700 40042      211.0000    96      212.0000      210.0000  2527576    0.94%
  45800 40137      211.0000    91      212.0000      210.0000  2535442    0.94%
  45900 40226      211.0000   158      212.0000      210.0000  2544476    0.94%
  46000 40326      211.0000    81      212.0000      210.0000  2548178    0.94%
Elapsed time = 3834.14 sec. (tree size = 1215.02 MB, solutions = 5)
Nodefile size = 1087.86 MB (972.13 MB after compression)
  46100 40419      211.0000    58      212.0000      210.0000  2554669    0.94%
  46200 40519      211.0000    71      212.0000      210.0000  2557985    0.94%
  46300 40614      211.0000    85      212.0000      210.0000  2562327    0.94%
  46400 40709      211.0000    79      212.0000      210.0000  2568386    0.94%
  46500 40809      211.0000    67      212.0000      210.0000  2571849    0.94%
  46600 40902      211.0000    78      212.0000      210.0000  2578137    0.94%
  46700 40997      211.0000    83      212.0000      210.0000  2584673    0.94%
  46800 41097      211.0000    95      212.0000      210.0000  2588963    0.94%
  46900 41192      211.0000    69      212.0000      210.0000  2594769    0.94%
  47000 41292      211.0000   119      212.0000      210.0000  2599643    0.94%
Elapsed time = 3937.97 sec. (tree size = 1255.66 MB, solutions = 5)
Nodefile size = 1128.60 MB (1009.61 MB after compression)
  47100 41387      211.0000    70      212.0000      210.0000  2603423    0.94%
  47200 41487      211.0000    85      212.0000      210.0000  2607315    0.94%
  47300 41580      211.0000    81      212.0000      210.0000  2612017    0.94%
  47400 41680      211.0000    80      212.0000      210.0000  2615619    0.94%
  47500 41771      211.0000    79      212.0000      210.0000  2623011    0.94%
  47600 41869      211.0000   109      212.0000      210.0000  2628322    0.94%
  47700 41962      211.0000    85      212.0000      210.0000  2633648    0.94%
  47800 42062      211.0000   104      212.0000      210.0000  2638970    0.94%
  47900 42154      211.0000    78      212.0000      210.0000  2647786    0.94%
  48000 42254      211.0000    64      212.0000      210.0000  2651685    0.94%
Elapsed time = 4043.38 sec. (tree size = 1296.32 MB, solutions = 5)
Nodefile size = 1168.41 MB (1046.15 MB after compression)
  48100 42349      211.0000    92      212.0000      210.0000  2660239    0.94%
  48200 42449      211.0000    83      212.0000      210.0000  2663815    0.94%
  48300 42544      211.0000    88      212.0000      210.0000  2669918    0.94%
  48400 42644      211.0000    84      212.0000      210.0000  2674365    0.94%
  48500 42737      211.0000    68      212.0000      210.0000  2682187    0.94%
  48600 42832      211.0000   116      212.0000      210.0000  2688222    0.94%
  48700 42932      211.0000    77      212.0000      210.0000  2693042    0.94%
  48800 43025      211.0000    90      212.0000      210.0000  2700394    0.94%
  48900 43120      211.0000   100      212.0000      210.0000  2706764    0.94%
  49000 43220      211.0000    97      212.0000      210.0000  2711043    0.94%
Elapsed time = 4158.17 sec. (tree size = 1337.18 MB, solutions = 5)
Nodefile size = 1210.13 MB (1084.66 MB after compression)
  49100 43316      210.0000   136      212.0000      210.0000  2718806    0.94%
  49200 43415      211.0000    84      212.0000      210.0000  2722158    0.94%
  49300 43509      211.0000    70      212.0000      210.0000  2732414    0.94%
  49400 43609      211.0000    65      212.0000      210.0000  2734908    0.94%
  49500 43709      211.0000    81      212.0000      210.0000  2738397    0.94%
  49600 43797      210.0000   139      212.0000      210.0000  2747749    0.94%
  49700 43896      211.0000    66      212.0000      210.0000  2750594    0.94%
  49800 43994    infeasible            212.0000      210.0000  2756195    0.94%
  49900 44091      211.0000    65      212.0000      210.0000  2761198    0.94%
  50000 44184      211.0000    78      212.0000      210.0000  2768039    0.94%
Elapsed time = 4275.11 sec. (tree size = 1377.63 MB, solutions = 5)
Nodefile size = 1250.10 MB (1121.54 MB after compression)
  50100 44284      211.0000   103      212.0000      210.0000  2771698    0.94%
  50200 44374      211.0000    59      212.0000      210.0000  2780500    0.94%
  50300 44474      211.0000    70      212.0000      210.0000  2783317    0.94%
  50400 44564      210.0000   132      212.0000      210.0000  2792260    0.94%
  50500 44663      211.0000    95      212.0000      210.0000  2797919    0.94%
  50600 44759      210.0000   142      212.0000      210.0000  2805677    0.94%
  50700 44858      211.0000    63      212.0000      210.0000  2810874    0.94%
  50800 44958      211.0000    93      212.0000      210.0000  2814051    0.94%
  50900 45054      210.0000   108      212.0000      210.0000  2821249    0.94%
  51000 45153      211.0000    87      212.0000      210.0000  2825093    0.94%
Elapsed time = 4377.75 sec. (tree size = 1418.24 MB, solutions = 5)
Nodefile size = 1291.11 MB (1159.37 MB after compression)
  51100 45249      210.0000   119      212.0000      210.0000  2831572    0.94%
  51200 45346      211.0000    73      212.0000      210.0000  2840207    0.94%
  51300 45446      211.0000    61      212.0000      210.0000  2841893    0.94%
  51400 45544      211.0000    67      212.0000      210.0000  2845695    0.94%
  51500 45634      210.0000   132      212.0000      210.0000  2854020    0.94%
  51600 45733      211.0000    71      212.0000      210.0000  2857807    0.94%
  51700 45829      210.0000   140      212.0000      210.0000  2862613    0.94%
  51800 45928      211.0000    76      212.0000      210.0000  2868934    0.94%
  51900 46028      211.0000    85      212.0000      210.0000  2872428    0.94%
  52000 46124      210.0000    88      212.0000      210.0000  2879279    0.94%
Elapsed time = 4483.81 sec. (tree size = 1458.68 MB, solutions = 5)
Nodefile size = 1331.11 MB (1195.43 MB after compression)
  52100 46223      211.0000    84      212.0000      210.0000  2882826    0.94%
  52200 46319      210.0000    83      212.0000      210.0000  2888994    0.94%
  52300 46416      211.0000    42      212.0000      210.0000  2894265    0.94%
  52400 46506      211.0000    73      212.0000      210.0000  2900985    0.94%
  52500 46596      211.0000    60      212.0000      210.0000  2913108    0.94%
  52600 46685      210.0000    97      212.0000      210.0000  2923837    0.94%
  52700 46784      211.0000    89      212.0000      210.0000  2928689    0.94%
  52800 46884      211.0000    79      212.0000      210.0000  2932692    0.94%
  52900 46977      211.0000    74      212.0000      210.0000  2937935    0.94%
  53000 47077      211.0000    97      212.0000      210.0000  2942247    0.94%
Elapsed time = 4606.42 sec. (tree size = 1498.69 MB, solutions = 5)
Nodefile size = 1371.05 MB (1232.31 MB after compression)
  53100 47172      210.0000    91      212.0000      210.0000  2949646    0.94%
  53200 47271      211.0000    70      212.0000      210.0000  2954659    0.94%
  53300 47365      211.0000   103      212.0000      210.0000  2958846    0.94%
  53400 47456      211.0000   104      212.0000      210.0000  2967300    0.94%
  53500 47551      211.0000   104      212.0000      210.0000  2977296    0.94%
  53600 47649    infeasible            212.0000      210.0000  2983526    0.94%
  53700 47746      211.0000   109      212.0000      210.0000  2989633    0.94%
  53800 47839      211.0000   105      212.0000      210.0000  2996959    0.94%
  53900 47939      211.0000   104      212.0000      210.0000  3001209    0.94%
  54000 48034      211.0000    95      212.0000      210.0000  3006901    0.94%
Elapsed time = 4711.00 sec. (tree size = 1538.94 MB, solutions = 5)
Nodefile size = 1411.88 MB (1269.49 MB after compression)
  54100 48134      211.0000    96      212.0000      210.0000  3012396    0.94%
  54200 48223      211.0000   108      212.0000      210.0000  3019488    0.94%
  54300 48316      211.0000   137      212.0000      210.0000  3028326    0.94%
  54400 48416      211.0000    95      212.0000      210.0000  3031558    0.94%
  54500 48511      211.0000    96      212.0000      210.0000  3038423    0.94%
  54600 48611      211.0000    84      212.0000      210.0000  3042258    0.94%
  54700 48706      211.0000    76      212.0000      210.0000  3048253    0.94%
  54800 48806      211.0000    96      212.0000      210.0000  3053137    0.94%
  54900 48899      211.0000    96      212.0000      210.0000  3060234    0.94%
  55000 48992      211.0000   109      212.0000      210.0000  3065938    0.94%
Elapsed time = 4812.92 sec. (tree size = 1579.54 MB, solutions = 5)
Nodefile size = 1451.65 MB (1306.11 MB after compression)
  55100 49092      211.0000    70      212.0000      210.0000  3068739    0.94%
  55200 49187      211.0000    70      212.0000      210.0000  3075531    0.94%
  55300 49287      211.0000    93      212.0000      210.0000  3079697    0.94%
  55400 49379      211.0000    69      212.0000      210.0000  3087267    0.94%
  55500 49479      211.0000    83      212.0000      210.0000  3090259    0.94%
  55600 49568      211.0000   112      212.0000      210.0000  3097673    0.94%
  55700 49668      211.0000    99      212.0000      210.0000  3101650    0.94%
  55800 49762      210.0000   142      212.0000      210.0000  3110172    0.94%
  55900 49861      211.0000    71      212.0000      210.0000  3112839    0.94%
  56000 49955      210.0000   176      212.0000      210.0000  3119620    0.94%
Elapsed time = 4909.03 sec. (tree size = 1620.16 MB, solutions = 5)
Nodefile size = 1492.45 MB (1343.80 MB after compression)
  56100 50054      211.0000    82      212.0000      210.0000  3124107    0.94%
  56200 50154      211.0000    93      212.0000      210.0000  3127600    0.94%
  56300 50250      210.0000   136      212.0000      210.0000  3137475    0.94%
  56400 50349      211.0000    86      212.0000      210.0000  3142004    0.94%
  56500 50449      211.0000    75      212.0000      210.0000  3147784    0.94%
  56600 50543      210.0000   103      212.0000      210.0000  3156658    0.94%
  56700 50642      211.0000    82      212.0000      210.0000  3160922    0.94%
  56800 50735      211.0000   106      212.0000      210.0000  3168318    0.94%
  56900 50830      211.0000    66      212.0000      210.0000  3176501    0.94%
  57000 50930      211.0000    90      212.0000      210.0000  3180460    0.94%
Elapsed time = 5031.58 sec. (tree size = 1660.77 MB, solutions = 5)
Nodefile size = 1533.52 MB (1381.71 MB after compression)
  57100 51024      211.0000    73      212.0000      210.0000  3187513    0.94%
  57200 51124      211.0000    73      212.0000      210.0000  3190250    0.94%
  57300 51216      210.0000   131      212.0000      210.0000  3197085    0.94%
  57400 51315      211.0000    77      212.0000      210.0000  3202392    0.94%
  57500 51415      211.0000    97      212.0000      210.0000  3206129    0.94%
  57600 51511      210.0000   117      212.0000      210.0000  3214587    0.94%
  57700 51610      211.0000    87      212.0000      210.0000  3218701    0.94%
  57800 51704      210.0000   112      212.0000      210.0000  3226121    0.94%
  57900 51803      211.0000    70      212.0000      210.0000  3232655    0.94%
  58000 51903      211.0000    82      212.0000      210.0000  3235053    0.94%
Elapsed time = 5141.00 sec. (tree size = 1701.50 MB, solutions = 5)
Nodefile size = 1574.43 MB (1419.48 MB after compression)
  58100 51997      210.0000   151      212.0000      210.0000  3244596    0.94%
  58200 52094      211.0000    66      212.0000      210.0000  3248158    0.94%
  58300 52190      211.0000    74      212.0000      210.0000  3252102    0.94%
  58400 52283      211.0000    96      212.0000      210.0000  3257335    0.94%
  58500 52379      210.0000   102      212.0000      210.0000  3264007    0.94%
  58600 52479      210.0000   110      212.0000      210.0000  3269478    0.94%
  58700 52578      211.0000    60      212.0000      210.0000  3273442    0.94%
  58800 52673      211.0000    91      212.0000      210.0000  3279292    0.94%
  58900 52768      211.0000   108      212.0000      210.0000  3288764    0.94%
  59000 52868      211.0000    85      212.0000      210.0000  3295073    0.94%
Elapsed time = 5261.03 sec. (tree size = 1741.92 MB, solutions = 5)
Nodefile size = 1614.37 MB (1456.27 MB after compression)
  59100 52961      211.0000   108      212.0000      210.0000  3303672    0.94%
  59200 53056      211.0000    94      212.0000      210.0000  3311567    0.94%
  59300 53151      211.0000    75      212.0000      210.0000  3319664    0.94%
  59400 53251      211.0000    73      212.0000      210.0000  3321735    0.94%
  59500 53344      211.0000    80      212.0000      210.0000  3328432    0.94%
  59600 53444      211.0000    73      212.0000      210.0000  3331961    0.94%
  59700 53544      211.0000    70      212.0000      210.0000  3337774    0.94%
  59800 53637      211.0000    70      212.0000      210.0000  3345182    0.94%
  59900 53737      211.0000    92      212.0000      210.0000  3348662    0.94%
  60000 53830      211.0000    70      212.0000      210.0000  3354418    0.94%
Elapsed time = 5372.25 sec. (tree size = 1782.65 MB, solutions = 5)
Nodefile size = 1655.10 MB (1493.61 MB after compression)
  60100 53930      211.0000    88      212.0000      210.0000  3358212    0.94%
  60200 54021      211.0000    88      212.0000      210.0000  3365709    0.94%
  60300 54113      211.0000   105      212.0000      210.0000  3376101    0.94%
  60400 54213      211.0000    63      212.0000      210.0000  3378302    0.94%
  60500 54313      211.0000    73      212.0000      210.0000  3382156    0.94%
  60600 54409      210.0000   179      212.0000      210.0000  3389769    0.94%
  60700 54508      211.0000    69      212.0000      210.0000  3392911    0.94%
  60800 54606      211.0000    98      212.0000      210.0000  3397638    0.94%
  60900 54699      211.0000    87      212.0000      210.0000  3403702    0.94%
  61000 54799      211.0000    96      212.0000      210.0000  3408992    0.94%
Elapsed time = 5475.27 sec. (tree size = 1823.49 MB, solutions = 5)
Nodefile size = 1695.93 MB (1531.24 MB after compression)
  61100 54894      211.0000   106      212.0000      210.0000  3418507    0.94%
  61200 54994      211.0000   106      212.0000      210.0000  3422456    0.94%
  61300 55090      210.0000    97      212.0000      210.0000  3428831    0.94%
  61400 55181      211.0000    66      212.0000      210.0000  3436731    0.94%
  61500 55281      211.0000    66      212.0000      210.0000  3439912    0.94%
  61600 55375      210.0000   121      212.0000      210.0000  3447821    0.94%
  61700 55474      211.0000    82      212.0000      210.0000  3455716    0.94%
  61800 55574      211.0000    90      212.0000      210.0000  3459154    0.94%
  61900 55669      211.0000    79      212.0000      210.0000  3465224    0.94%
  62000 55769      211.0000   122      212.0000      210.0000  3470130    0.94%
Elapsed time = 5581.81 sec. (tree size = 1864.00 MB, solutions = 5)
Nodefile size = 1736.86 MB (1568.93 MB after compression)
  62100 55864      211.0000    88      212.0000      210.0000  3476580    0.94%
  62200 55957      211.0000   128      212.0000      210.0000  3485328    0.94%
  62300 56052      211.0000   103      212.0000      210.0000  3494388    0.94%
  62400 56152      211.0000   100      212.0000      210.0000  3498325    0.94%
  62500 56246      210.0000   111      212.0000      210.0000  3507304    0.94%
  62600 56345      211.0000    76      212.0000      210.0000  3509869    0.94%
  62700 56441      210.0000   121      212.0000      210.0000  3516218    0.94%
  62800 56540      211.0000    64      212.0000      210.0000  3521186    0.94%
  62900 56640      211.0000    87      212.0000      210.0000  3523893    0.94%
  63000 56734      210.0000   119      212.0000      210.0000  3531102    0.94%
Elapsed time = 5705.52 sec. (tree size = 1904.52 MB, solutions = 5)
Nodefile size = 1776.74 MB (1605.74 MB after compression)
  63100 56832      211.0000    67      212.0000      210.0000  3537653    0.94%
  63200 56932      211.0000    59      212.0000      210.0000  3540341    0.94%
  63300 57026      210.0000   123      212.0000      210.0000  3547631    0.94%
  63400 57125      211.0000    82      212.0000      210.0000  3552059    0.94%
  63500 57225      211.0000    74      212.0000      210.0000  3555028    0.94%
  63600 57317      210.0000   112      212.0000      210.0000  3562016    0.94%
  63700 57416      211.0000    60      212.0000      210.0000  3567126    0.94%
  63800 57516      211.0000    88      212.0000      210.0000  3569702    0.94%
  63900 57608      210.0000   112      212.0000      210.0000  3577748    0.94%
  64000 57707      211.0000    99      212.0000      210.0000  3582038    0.94%
Elapsed time = 5805.17 sec. (tree size = 1945.11 MB, solutions = 5)
Nodefile size = 1817.73 MB (1643.64 MB after compression)
  64100 57803      210.0000   124      212.0000      210.0000  3589173    0.94%
  64200 57899      211.0000    76      212.0000      210.0000  3594668    0.94%
  64300 57992      211.0000   126      212.0000      210.0000  3603926    0.94%
  64400 58092      211.0000    93      212.0000      210.0000  3607112    0.94%
  64500 58188      210.0000   139      212.0000      210.0000  3614579    0.94%
  64600 58287      211.0000   100      212.0000      210.0000  3619803    0.94%
  64700 58383      210.0000   106      212.0000      210.0000  3627540    0.94%
  64800 58482      211.0000    79      212.0000      210.0000  3630447    0.94%
  64900 58578      210.0000    85      212.0000      210.0000  3635676    0.94%
  65000 58675      211.0000    71      212.0000      210.0000  3643034    0.94%
Elapsed time = 5919.25 sec. (tree size = 1985.46 MB, solutions = 5)
Nodefile size = 1857.75 MB (1680.61 MB after compression)
  65100 58775      211.0000    83      212.0000      210.0000  3646153    0.94%
  65200 58867      210.0000    75      212.0000      210.0000  3652809    0.94%
  65300 58966      211.0000    71      212.0000      210.0000  3655695    0.94%
  65400 59058      210.0000   129      212.0000      210.0000  3663005    0.94%
  65500 59157      211.0000    85      212.0000      210.0000  3668327    0.94%
  65600 59257      211.0000    87      212.0000      210.0000  3670978    0.94%
  65700 59351      210.0000   118      212.0000      210.0000  3677952    0.94%
  65800 59450      211.0000    86      212.0000      210.0000  3682899    0.94%
  65900 59550      211.0000   107      212.0000      210.0000  3686722    0.94%
  66000 59645      211.0000    70      212.0000      210.0000  3692897    0.94%
Elapsed time = 6020.59 sec. (tree size = 2025.79 MB, solutions = 5)
Nodefile size = 1898.74 MB (1718.44 MB after compression)
  66100 59745      211.0000    81      212.0000      210.0000  3696434    0.94%
  66200 59844      211.0000    94      212.0000      210.0000  3701103    0.94%
  66300 59939      211.0000    58      212.0000      210.0000  3707092    0.94%
  66400 60039      211.0000    90      212.0000      210.0000  3709533    0.94%
  66500 60132      211.0000    78      212.0000      210.0000  3716509    0.94%
  66600 60232      211.0000   105      212.0000      210.0000  3721606    0.94%
  66700 60322      211.0000   121      212.0000      210.0000  3731962    0.94%
  66800 60422      211.0000    68      212.0000      210.0000  3735508    0.94%
  66900 60512      210.0000    93      212.0000      210.0000  3744118    0.94%
  67000 60611      211.0000   106      212.0000      210.0000  3750036    0.94%
Elapsed time = 6129.88 sec. (tree size = 2066.34 MB, solutions = 5)
Nodefile size = 1938.57 MB (1755.13 MB after compression)
  67100 60711      211.0000    80      212.0000      210.0000  3753208    0.94%
  67200 60811      210.0000   106      212.0000      210.0000  3758852    0.94%
  67300 60910      211.0000    65      212.0000      210.0000  3761910    0.94%
  67400 61009      211.0000   110      212.0000      210.0000  3767846    0.94%
  67500 61104      211.0000    95      212.0000      210.0000  3775034    0.94%
  67600 61202      211.0000   120      212.0000      210.0000  3782150    0.94%
  67700 61295      211.0000   104      212.0000      210.0000  3788927    0.94%
  67800 61390      211.0000   100      212.0000      210.0000  3795742    0.94%
  67900 61490      211.0000    90      212.0000      210.0000  3798951    0.94%
  68000 61585      211.0000    72      212.0000      210.0000  3805684    0.94%
Elapsed time = 6239.28 sec. (tree size = 2107.40 MB, solutions = 5)
Nodefile size = 1979.43 MB (1792.78 MB after compression)
  68100 61685      211.0000    99      212.0000      210.0000  3807916    0.94%
  68200 61781    infeasible            212.0000      210.0000  3812810    0.94%
  68300 61877      211.0000    59      212.0000      210.0000  3818268    0.94%
  68400 61975    infeasible            212.0000      210.0000  3821891    0.94%
  68500 62068      211.0000    77      212.0000      210.0000  3828070    0.94%
  68600 62168      211.0000   116      212.0000      210.0000  3833297    0.94%
  68700 62261      211.0000   100      212.0000      210.0000  3840098    0.94%
  68800 62354      211.0000   101      212.0000      210.0000  3846933    0.94%
  68900 62452      211.0000   107      212.0000      210.0000  3852435    0.94%
  69000 62545      211.0000    72      212.0000      210.0000  3858575    0.94%
Elapsed time = 6336.52 sec. (tree size = 2147.98 MB, solutions = 5)
Nodefile size = 2020.22 MB (1830.35 MB after compression)
  69100 62640      211.0000    81      212.0000      210.0000  3865808    0.94%
  69200 62740      211.0000    96      212.0000      210.0000  3870717    0.94%
  69300 62835      211.0000    60      212.0000      210.0000  3877566    0.94%
  69400 62935      211.0000    99      212.0000      210.0000  3882678    0.94%
  69500 63031      210.0000   133      212.0000      210.0000  3891887    0.94%
  69600 63130      211.0000    89      212.0000      210.0000  3895795    0.94%
  69700 63224      210.0000   115      212.0000      210.0000  3901648    0.94%
  69800 63322      211.0000   118      212.0000      210.0000  3909969    0.94%
  69900 63422      211.0000    79      212.0000      210.0000  3913428    0.94%
  70000 63518      210.0000   109      212.0000      210.0000  3920822    0.94%
Elapsed time = 6448.67 sec. (tree size = 2188.75 MB, solutions = 5)
Nodefile size = 2061.15 MB (1868.27 MB after compression)
  70100 63617      211.0000    94      212.0000      210.0000  3926108    0.94%
  70200 63709      210.0000   131      212.0000      210.0000  3933606    0.94%
  70300 63806      211.0000    68      212.0000      210.0000  3943867    0.94%
  70400 63906      211.0000    70      212.0000      210.0000  3947239    0.94%
  70500 63991      211.0000   117      212.0000      210.0000  3957143    0.94%
  70600 64085      211.0000    62      212.0000      210.0000  3965864    0.94%
  70700 64185      211.0000    81      212.0000      210.0000  3969035    0.94%
  70800 64279      210.0000   129      212.0000      210.0000  3977550    0.94%
  70900 64378      211.0000    86      212.0000      210.0000  3981884    0.94%
  71000 64474      210.0000   138      212.0000      210.0000  3989090    0.94%
Elapsed time = 6571.64 sec. (tree size = 2228.83 MB, solutions = 5)
Nodefile size = 2101.13 MB (1905.31 MB after compression)
  71100 64573      211.0000    90      212.0000      210.0000  3992162    0.94%
  71200 64669      210.0000   213      212.0000      210.0000  3998160    0.94%
  71300 64768      211.0000   105      212.0000      210.0000  4004675    0.94%
  71400 64868      211.0000    83      212.0000      210.0000  4006662    0.94%
  71500 64964      210.0000   118      212.0000      210.0000  4012803    0.94%
  71600 65064      210.0000    89      212.0000      210.0000  4019067    0.94%
  71700 65160      211.0000    53      212.0000      210.0000  4024171    0.94%
  71800 65259      211.0000    75      212.0000      210.0000  4030783    0.94%
  71900 65359      211.0000    90      212.0000      210.0000  4033881    0.94%
  72000 65458      211.0000    77      212.0000      210.0000  4041156    0.94%
Elapsed time = 6670.77 sec. (tree size = 2269.78 MB, solutions = 5)
Nodefile size = 2142.05 MB (1943.08 MB after compression)
  72100 65558      211.0000    89      212.0000      210.0000  4043572    0.94%
  72200 65657      211.0000   104      212.0000      210.0000  4049332    0.94%
  72300 65753      210.0000    83      212.0000      210.0000  4055135    0.94%
  72400 65846      211.0000    68      212.0000      210.0000  4060279    0.94%
  72500 65946      211.0000    68      212.0000      210.0000  4063218    0.94%
  72600 66045      211.0000    66      212.0000      210.0000  4067013    0.94%
  72700 66143      211.0000    67      212.0000      210.0000  4070828    0.94%
  72800 66240      211.0000    66      212.0000      210.0000  4075489    0.94%
  72900 66340      211.0000    96      212.0000      210.0000  4078783    0.94%
  73000 66439      211.0000    72      212.0000      210.0000  4082487    0.94%
Elapsed time = 6753.67 sec. (tree size = 2310.83 MB, solutions = 5)
Nodefile size = 2182.96 MB (1980.81 MB after compression)
  73100 66535    infeasible            212.0000      210.0000  4087099    0.94%
  73200 66630      211.0000    60      212.0000      210.0000  4093244    0.94%
  73300 66726      211.0000    64      212.0000      210.0000  4099905    0.94%
  73400 66825      211.0000    65      212.0000      210.0000  4103368    0.94%
  73500 66921      210.0000    90      212.0000      210.0000  4108157    0.94%
  73600 67020      211.0000    73      212.0000      210.0000  4111161    0.94%
  73700 67112      210.0000    98      212.0000      210.0000  4117505    0.94%
  73800 67211      211.0000    66      212.0000      210.0000  4119156    0.94%
  73900 67306      211.0000    66      212.0000      210.0000  4122627    0.94%
  74000 67406      211.0000    71      212.0000      210.0000  4125535    0.94%
Elapsed time = 6836.66 sec. (tree size = 2351.38 MB, solutions = 5)
Nodefile size = 2223.87 MB (2018.40 MB after compression)
  74100 67500      210.0000    88      212.0000      210.0000  4131463    0.94%
  74200 67599      211.0000    83      212.0000      210.0000  4134455    0.94%
  74300 67692      211.0000    58      212.0000      210.0000  4140275    0.94%
  74400 67792      211.0000    80      212.0000      210.0000  4142699    0.94%
  74500 67887      211.0000    76      212.0000      210.0000  4146429    0.94%
  74600 67987      211.0000    74      212.0000      210.0000  4149975    0.94%
  74700 68074      211.0000    66      212.0000      210.0000  4154912    0.94%
  74800 68170      210.0000    85      212.0000      210.0000  4160258    0.94%
  74900 68269      211.0000    66      212.0000      210.0000  4162748    0.94%
  75000 68364      211.0000    54      212.0000      210.0000  4168413    0.94%
Elapsed time = 6918.70 sec. (tree size = 2391.59 MB, solutions = 5)
Nodefile size = 2263.75 MB (2055.31 MB after compression)
  75100 68464      211.0000    67      212.0000      210.0000  4170479    0.94%
  75200 68557      211.0000    65      212.0000      210.0000  4175971    0.94%
  75300 68657      211.0000    67      212.0000      210.0000  4178513    0.94%
  75400 68748      211.0000    58      212.0000      210.0000  4183644    0.94%
  75500 68846      211.0000    63      212.0000      210.0000  4187191    0.94%
  75600 68937      211.0000    63      212.0000      210.0000  4192864    0.94%
  75700 69031      210.0000   107      212.0000      210.0000  4197647    0.94%
  75800 69130      211.0000    96      212.0000      210.0000  4201578    0.94%
  75900 69225      211.0000   139      212.0000      210.0000  4209810    0.94%
  76000 69314      211.0000    66      212.0000      210.0000  4215574    0.94%
Elapsed time = 7003.78 sec. (tree size = 2431.57 MB, solutions = 5)
Nodefile size = 2303.58 MB (2092.30 MB after compression)
  76100 69414      211.0000    65      212.0000      210.0000  4218702    0.94%
  76200 69505      211.0000    56      212.0000      210.0000  4223840    0.94%
  76300 69605      211.0000    74      212.0000      210.0000  4225629    0.94%
  76400 69698      211.0000    51      212.0000      210.0000  4231331    0.94%
  76500 69798      211.0000    87      212.0000      210.0000  4233935    0.94%
  76600 69894      210.0000    93      212.0000      210.0000  4239799    0.94%
  76700 69993      211.0000    66      212.0000      210.0000  4246129    0.94%
  76800 70093      211.0000    99      212.0000      210.0000  4249336    0.94%
  76900 70187      210.0000   120      212.0000      210.0000  4258099    0.94%
  77000 70283      211.0000    77      212.0000      210.0000  4262016    0.94%
Elapsed time = 7100.30 sec. (tree size = 2472.02 MB, solutions = 5)
Nodefile size = 2344.55 MB (2130.20 MB after compression)
  77100 70383      211.0000    81      212.0000      210.0000  4267197    0.94%
  77200 70476      211.0000    74      212.0000      210.0000  4274163    0.94%
  77300 70576      211.0000    84      212.0000      210.0000  4276976    0.94%
  77400 70667      211.0000    62      212.0000      210.0000  4284815    0.94%
  77500 70763      210.0000   106      212.0000      210.0000  4290036    0.94%
  77600 70862      211.0000    64      212.0000      210.0000  4293756    0.94%
  77700 70962      211.0000    74      212.0000      210.0000  4296068    0.94%
  77800 71052      211.0000    73      212.0000      210.0000  4302128    0.94%
  77900 71150      211.0000    73      212.0000      210.0000  4306298    0.94%

Cover cuts applied:  2642
Mixed integer rounding cuts applied:  1
Gomory fractional cuts applied:  7

Solution pool: 5 solutions saved.

MIP - Time limit exceeded, integer feasible:  Objective = 2.1200000000e+002
Current MIP best bound = 2.1000000000e+002 (gap = 2, 0.94%)
Solution time = 7200.02 sec.  Iterations = 4313519  Nodes = 77989 (71232)


Incumbent solution
Variable Name           Solution Value
Cmax                        212.000000
X_1_7                         1.000000
X_2_22                        1.000000
X_3_23                        1.000000
X_4_21                        1.000000
X_5_18                        1.000000
X_6_20                        1.000000
X_7_29                        1.000000
X_8_26                        1.000000
X_9_14                        1.000000
X_10_6                        1.000000
X_11_14                       1.000000
X_12_5                        1.000000
X_13_7                        1.000000
X_14_6                        1.000000
X_15_15                       1.000000
X_16_19                       1.000000
X_17_27                       1.000000
X_18_25                       1.000000
X_19_4                        1.000000
X_20_8                        1.000000
X_21_7                        1.000000
X_22_19                       1.000000
X_23_7                        1.000000
X_24_12                       1.000000
X_25_1                        1.000000
X_26_19                       1.000000
X_27_16                       1.000000
X_28_27                       1.000000
X_29_5                        1.000000
X_30_27                       1.000000
X_31_21                       1.000000
X_32_2                        1.000000
X_33_27                       1.000000
X_34_21                       1.000000
X_35_21                       1.000000
X_36_10                       1.000000
X_37_20                       1.000000
X_38_15                       1.000000
X_39_25                       1.000000
X_40_15                       1.000000
X_41_24                       1.000000
X_42_2                        1.000000
X_43_7                        1.000000
X_44_2                        1.000000
X_45_10                       1.000000
X_46_18                       1.000000
X_47_18                       1.000000
X_48_3                        1.000000
X_49_18                       1.000000
X_50_5                        1.000000
X_51_6                        1.000000
X_52_9                        1.000000
X_53_6                        1.000000
X_54_19                       1.000000
X_55_30                       1.000000
X_56_12                       1.000000
X_57_11                       1.000000
X_58_7                        1.000000
X_59_24                       1.000000
X_60_13                       1.000000
X_61_29                       1.000000
X_62_2                        1.000000
X_63_23                       1.000000
X_64_23                       1.000000
X_65_13                       1.000000
X_66_29                       1.000000
X_67_27                       1.000000
X_68_24                       1.000000
X_69_22                       1.000000
X_70_4                        1.000000
X_71_1                        1.000000
X_72_30                       1.000000
X_73_13                       1.000000
X_74_2                        1.000000
X_75_8                        1.000000
X_76_9                        1.000000
X_77_18                       1.000000
X_78_2                        1.000000
X_79_3                        1.000000
X_80_28                       1.000000
X_81_22                       1.000000
X_82_27                       1.000000
X_83_8                        1.000000
X_84_28                       1.000000
X_85_28                       1.000000
X_86_1                        1.000000
X_87_5                        1.000000
X_88_4                        1.000000
X_89_21                       1.000000
X_90_26                       1.000000
X_91_8                        1.000000
X_92_11                       1.000000
X_93_15                       1.000000
X_94_19                       1.000000
X_95_29                       1.000000
X_96_9                        1.000000
X_97_25                       1.000000
X_98_2                        1.000000
X_99_5                        1.000000
X_100_23                      1.000000
X_101_18                      1.000000
X_102_25                      1.000000
X_103_3                       1.000000
X_104_26                      1.000000
X_105_18                      1.000000
X_106_15                      1.000000
X_107_28                      1.000000
X_108_5                       1.000000
X_109_23                      1.000000
X_110_9                       1.000000
X_111_5                       1.000000
X_112_19                      1.000000
X_113_17                      1.000000
X_114_12                      1.000000
X_115_17                      1.000000
X_116_28                      1.000000
X_117_22                      1.000000
X_118_5                       1.000000
X_119_26                      1.000000
X_120_23                      1.000000
X_121_25                      1.000000
X_122_4                       1.000000
X_123_21                      1.000000
X_124_14                      1.000000
X_125_19                      1.000000
X_126_18                      1.000000
X_127_13                      1.000000
X_128_21                      1.000000
X_129_2                       1.000000
X_130_9                       1.000000
X_131_23                      1.000000
X_132_16                      1.000000
X_133_9                       1.000000
X_134_9                       1.000000
X_135_30                      1.000000
X_136_21                      1.000000
X_137_15                      1.000000
X_138_26                      1.000000
X_139_19                      1.000000
X_140_15                      1.000000
X_141_24                      1.000000
X_142_18                      1.000000
X_143_10                      1.000000
X_144_22                      1.000000
X_145_12                      1.000000
X_146_27                      1.000000
X_147_30                      1.000000
X_148_10                      1.000000
X_149_5                       1.000000
X_150_17                      1.000000
X_151_24                      1.000000
X_152_21                      1.000000
X_153_3                       1.000000
X_154_14                      1.000000
X_155_25                      1.000000
X_156_19                      1.000000
X_157_26                      1.000000
X_158_1                       1.000000
X_159_20                      1.000000
X_160_7                       1.000000
X_161_20                      1.000000
X_162_22                      1.000000
X_163_29                      1.000000
X_164_11                      1.000000
X_165_15                      1.000000
X_166_10                      1.000000
X_167_1                       1.000000
X_168_12                      1.000000
X_169_10                      1.000000
X_170_13                      1.000000
X_171_22                      1.000000
X_172_28                      1.000000
X_173_13                      1.000000
X_174_3                       1.000000
X_175_2                       1.000000
X_176_12                      1.000000
X_177_17                      1.000000
X_178_15                      1.000000
X_179_17                      1.000000
X_180_14                      1.000000
X_181_12                      1.000000
X_182_16                      1.000000
X_183_20                      1.000000
X_184_7                       1.000000
X_185_23                      1.000000
X_186_20                      1.000000
X_187_25                      1.000000
X_188_3                       1.000000
X_189_28                      1.000000
X_190_1                       1.000000
X_191_29                      1.000000
X_192_9                       1.000000
X_193_19                      1.000000
X_194_24                      1.000000
X_195_20                      1.000000
X_196_10                      1.000000
X_197_20                      1.000000
X_198_6                       1.000000
X_199_9                       1.000000
X_200_27                      1.000000
X_201_28                      1.000000
X_202_16                      1.000000
X_203_17                      1.000000
X_204_10                      1.000000
X_205_1                       1.000000
X_206_14                      1.000000
X_207_13                      1.000000
X_208_23                      1.000000
X_209_4                       1.000000
X_210_9                       1.000000
X_211_3                       1.000000
X_212_17                      1.000000
X_213_27                      1.000000
X_214_23                      1.000000
X_215_3                       1.000000
X_216_20                      1.000000
X_217_1                       1.000000
X_218_27                      1.000000
X_219_24                      1.000000
X_220_5                       1.000000
X_221_1                       1.000000
X_222_9                       1.000000
X_223_19                      1.000000
X_224_16                      1.000000
X_225_23                      1.000000
X_226_27                      1.000000
X_227_23                      1.000000
X_228_26                      1.000000
X_229_12                      1.000000
X_230_3                       1.000000
X_231_1                       1.000000
X_232_25                      1.000000
X_233_10                      1.000000
X_234_28                      1.000000
X_235_6                       1.000000
X_236_4                       1.000000
X_237_28                      1.000000
X_238_10                      1.000000
X_239_6                       1.000000
X_240_3                       1.000000
X_241_22                      1.000000
X_242_6                       1.000000
X_243_2                       1.000000
X_244_19                      1.000000
X_245_24                      1.000000
X_246_10                      1.000000
X_247_21                      1.000000
X_248_12                      1.000000
X_249_26                      1.000000
X_250_17                      1.000000
X_251_11                      1.000000
X_252_10                      1.000000
X_253_4                       1.000000
X_254_13                      1.000000
X_255_11                      1.000000
X_256_24                      1.000000
X_257_2                       1.000000
X_258_5                       1.000000
X_259_11                      1.000000
X_260_30                      1.000000
X_261_11                      1.000000
X_262_6                       1.000000
X_263_30                      1.000000
X_264_17                      1.000000
X_265_4                       1.000000
X_266_27                      1.000000
X_267_22                      1.000000
X_268_7                       1.000000
X_269_25                      1.000000
X_270_17                      1.000000
X_271_16                      1.000000
X_272_24                      1.000000
X_273_8                       1.000000
X_274_18                      1.000000
X_275_19                      1.000000
X_276_13                      1.000000
X_277_25                      1.000000
X_278_7                       1.000000
X_279_20                      1.000000
X_280_14                      1.000000
X_281_29                      1.000000
X_282_15                      1.000000
X_283_9                       1.000000
X_284_16                      1.000000
X_285_8                       1.000000
X_286_30                      1.000000
X_287_4                       1.000000
X_288_14                      1.000000
X_289_30                      1.000000
X_290_29                      1.000000
X_291_23                      1.000000
X_292_24                      1.000000
X_293_8                       1.000000
X_294_20                      1.000000
X_295_23                      1.000000
X_296_16                      1.000000
X_297_17                      1.000000
X_298_28                      1.000000
X_299_14                      1.000000
X_300_27                      1.000000
X_301_24                      1.000000
X_302_11                      1.000000
X_303_14                      1.000000
X_304_13                      1.000000
X_305_24                      1.000000
X_306_22                      1.000000
X_307_21                      1.000000
X_308_5                       1.000000
X_309_5                       1.000000
X_310_21                      1.000000
X_311_2                       1.000000
X_312_8                       1.000000
X_313_4                       1.000000
X_314_23                      1.000000
X_315_18                      1.000000
X_316_21                      1.000000
X_317_7                       1.000000
X_318_14                      1.000000
X_319_30                      1.000000
X_320_3                       1.000000
X_321_15                      1.000000
X_322_22                      1.000000
X_323_16                      1.000000
X_324_3                       1.000000
X_325_13                      1.000000
X_326_21                      1.000000
X_327_26                      1.000000
X_328_19                      1.000000
X_329_2                       1.000000
X_330_7                       1.000000
X_331_6                       1.000000
X_332_21                      1.000000
X_333_28                      1.000000
X_334_8                       1.000000
X_335_25                      1.000000
X_336_15                      1.000000
X_337_28                      1.000000
X_338_22                      1.000000
X_339_17                      1.000000
X_340_8                       1.000000
X_341_6                       1.000000
X_342_29                      1.000000
X_343_30                      1.000000
X_344_14                      1.000000
X_345_16                      1.000000
X_346_4                       1.000000
X_347_6                       1.000000
X_348_3                       1.000000
X_349_16                      1.000000
X_350_29                      1.000000
X_351_27                      1.000000
X_352_8                       1.000000
X_353_12                      1.000000
X_354_26                      1.000000
X_355_21                      1.000000
X_356_14                      1.000000
X_357_7                       1.000000
X_358_5                       1.000000
X_359_11                      1.000000
X_360_9                       1.000000
X_361_29                      1.000000
X_362_15                      1.000000
X_363_3                       1.000000
X_364_6                       1.000000
X_365_19                      1.000000
X_366_27                      1.000000
X_367_5                       1.000000
X_368_17                      1.000000
X_369_1                       1.000000
X_370_17                      1.000000
X_371_5                       1.000000
X_372_24                      1.000000
X_373_23                      1.000000
X_374_9                       1.000000
X_375_11                      1.000000
X_376_27                      1.000000
X_377_18                      1.000000
X_378_24                      1.000000
X_379_2                       1.000000
X_380_2                       1.000000
X_381_11                      1.000000
X_382_21                      1.000000
X_383_20                      1.000000
X_384_26                      1.000000
X_385_12                      1.000000
X_386_29                      1.000000
X_387_30                      1.000000
X_388_20                      1.000000
X_389_15                      1.000000
X_390_10                      1.000000
X_391_25                      1.000000
X_392_15                      1.000000
X_393_22                      1.000000
X_394_11                      1.000000
X_395_26                      1.000000
X_396_11                      1.000000
X_397_13                      1.000000
X_398_16                      1.000000
X_399_18                      1.000000
X_400_13                      1.000000
X_401_30                      1.000000
X_402_26                      1.000000
X_403_4                       1.000000
X_404_22                      1.000000
X_405_26                      1.000000
X_406_11                      1.000000
X_407_13                      1.000000
X_408_25                      1.000000
X_409_13                      1.000000
X_410_17                      1.000000
X_411_24                      1.000000
X_412_12                      1.000000
X_413_22                      1.000000
X_414_14                      1.000000
X_415_1                       1.000000
X_416_11                      1.000000
X_417_4                       1.000000
X_418_26                      1.000000
X_419_14                      1.000000
X_420_7                       1.000000
X_421_25                      1.000000
X_422_5                       1.000000
X_423_15                      1.000000
X_424_6                       1.000000
X_425_16                      1.000000
X_426_26                      1.000000
X_427_16                      1.000000
X_428_8                       1.000000
X_429_29                      1.000000
X_430_27                      1.000000
X_431_28                      1.000000
X_432_3                       1.000000
X_433_10                      1.000000
X_434_5                       1.000000
X_435_30                      1.000000
X_436_22                      1.000000
X_437_29                      1.000000
X_438_18                      1.000000
X_439_14                      1.000000
X_440_20                      1.000000
X_441_9                       1.000000
X_442_4                       1.000000
X_443_29                      1.000000
X_444_18                      1.000000
X_445_17                      1.000000
X_446_1                       1.000000
X_447_12                      1.000000
X_448_11                      1.000000
X_449_4                       1.000000
X_450_10                      1.000000
X_451_6                       1.000000
X_452_4                       1.000000
X_453_28                      1.000000
X_454_8                       1.000000
X_455_18                      1.000000
X_456_3                       1.000000
X_457_6                       1.000000
X_458_19                      1.000000
X_459_16                      1.000000
X_460_24                      1.000000
X_461_22                      1.000000
X_462_27                      1.000000
X_463_10                      1.000000
X_464_13                      1.000000
X_465_1                       1.000000
X_466_19                      1.000000
X_467_2                       1.000000
X_468_9                       1.000000
X_469_16                      1.000000
X_470_3                       1.000000
X_471_29                      1.000000
X_472_10                      1.000000
X_473_30                      1.000000
X_474_3                       1.000000
X_475_16                      1.000000
X_476_14                      1.000000
X_477_28                      1.000000
X_478_12                      1.000000
X_479_1                       1.000000
X_480_25                      1.000000
X_481_9                       1.000000
X_482_1                       1.000000
X_483_28                      1.000000
X_484_30                      1.000000
X_485_8                       1.000000
X_486_29                      1.000000
X_487_30                      1.000000
X_488_1                       1.000000
X_489_8                       1.000000
X_490_4                       1.000000
X_491_18                      1.000000
X_492_7                       1.000000
X_493_15                      1.000000
X_494_25                      1.000000
X_495_13                      1.000000
X_496_15                      1.000000
X_497_7                       1.000000
X_498_19                      1.000000
X_499_6                       1.000000
X_500_28                      1.000000
All other variables in the range 1-15001 are 0.
