
Log started (V11.0.0) Sun Apr 20 19:59:52 2008

Tried aggregator 1 time.
Reduced MIP has 530 rows, 15001 columns, and 30030 nonzeros.
Presolve time =    0.11 sec.
Clique table members: 500.
MIP emphasis: balance optimality and feasibility.
MIP search method: dynamic search.
Parallel mode: none, using 1 thread.
Root relaxation solution time =    0.56 sec.

        Nodes                                         Cuts/
   Node  Left     Objective  IInf  Best Integer     Best Node    ItCnt     Gap

*     0+    0                        27577.0000      211.8001      941   99.23%
*     0+    0                          220.0000      211.8001      941    3.73%
      0     0      212.0000    54      220.0000      Fract: 6      955    3.64%
*     0+    0                          219.0000      212.0000      955    3.20%
      0     0      212.0000    60      219.0000     Covers: 1      972    3.20%
      0     0      212.0000    56      219.0000     Covers: 2      987    3.20%
*     0+    0                          218.0000      212.0000      987    2.75%
      0     0      212.0000    56      218.0000     Covers: 2      994    2.75%
      0     2      212.0000    56      218.0000      212.0000      994    2.75%
    100    84      214.0000    50      218.0000      212.0000     5889    2.75%
*   200+  149                          217.0000      212.0000    11792    2.30%
    200   151      215.0000    48      217.0000      212.0000    11792    2.30%
    300   239      215.0000    59      217.0000      212.0000    18265    2.30%
    400   324      216.0000    57      217.0000      212.0000    24380    2.30%
    500   384      212.0000    54      217.0000      212.0000    33987    2.30%
*   503+  257                          216.0000      212.0000    36162    1.85%
    600   278      215.0000    51      216.0000      212.0000    39970    1.85%
    700   271      215.0000    60      216.0000      212.0000    50275    1.85%
    800   289      213.0000    58      216.0000      212.0000    54214    1.85%
    900   341      213.0000    64      216.0000      212.0000    59108    1.85%
*   903+  239                          215.0000      212.0000    59155    1.40%
   1000   328      214.0000    62      215.0000      212.0000    63600    1.40%
Elapsed time =  90.70 sec. (tree size =  3.91 MB, solutions = 7)
   1100   408      213.0000    64      215.0000      212.0000    74050    1.40%
   1200   507      213.0000    66      215.0000      212.0000    77413    1.40%
   1300   596      214.0000    43      215.0000      212.0000    83052    1.40%
   1400   695      213.0000    65      215.0000      212.0000    86463    1.40%
   1500   793      214.0000    50      215.0000      212.0000    90832    1.40%
   1600   891      214.0000    49      215.0000      212.0000    94135    1.40%
   1700   984      213.0000    68      215.0000      212.0000    97469    1.40%
   1800  1068      213.0000    51      215.0000      212.0012   101743    1.39%
   1900  1167      213.0000    66      215.0000      212.0012   105159    1.39%
   2000  1247      214.0000    54      215.0000      212.0012   113024    1.39%
Elapsed time = 137.81 sec. (tree size = 16.43 MB, solutions = 7)
   2100  1326      213.0000    55      215.0000      212.0013   120215    1.39%
   2200  1421      214.0000    74      215.0000      212.0013   123809    1.39%
   2300  1516      213.0000    65      215.0000      212.0040   126744    1.39%
   2400  1614      213.0000    68      215.0000      212.0040   132863    1.39%
   2500  1692      214.0000    66      215.0000      212.0040   142325    1.39%
   2600  1787      213.0000    75      215.0000      212.0043   145875    1.39%
   2700  1877      213.0000    61      215.0000      212.0048   149341    1.39%
   2800  1974      214.0000    50      215.0000      212.0048   153304    1.39%
   2900  2052      214.0000    55      215.0000      212.0048   161731    1.39%
   3000  2150      214.0000    66      215.0000      212.0052   164807    1.39%
Elapsed time = 183.39 sec. (tree size = 29.13 MB, solutions = 7)
   3100  2243      213.0000    68      215.0000      213.0000   167179    0.93%
   3200  2338      213.0000    70      215.0000      213.0000   170854    0.93%
   3300  2435      213.0000    73      215.0000      213.0000   176503    0.93%
   3400  2524      213.0000    58      215.0000      213.0000   181221    0.93%
   3500  2621      214.0000    65      215.0000      213.0000   184907    0.93%
   3600  2715      213.0000    89      215.0000      213.0000   189532    0.93%
   3700  2808      213.0000    73      215.0000      213.0000   193430    0.93%
   3800  2908      213.0000    63      215.0000      213.0000   196763    0.93%
   3900  3007      214.0000    30      215.0000      213.0000   199378    0.93%
   4000  3107      214.0000    43      215.0000      213.0000   200221    0.93%
Elapsed time = 227.45 sec. (tree size = 42.77 MB, solutions = 7)
   4100  3207      214.0000    41      215.0000      213.0000   201733    0.93%
   4200  3306      214.0000    67      215.0000      213.0000   204412    0.93%
   4300  3394      213.0000    73      215.0000      213.0000   208132    0.93%
   4400  3488      214.0000    59      215.0000      213.0000   212693    0.93%
   4500  3586      214.0000    61      215.0000      213.0000   217812    0.93%
   4600  3686      213.0000    84      215.0000      213.0000   221157    0.93%
   4700  3779      213.0000    81      215.0000      213.0000   224967    0.93%
   4800  3872      213.0000    67      215.0000      213.0000   229277    0.93%
   4900  3967      213.0000    59      215.0000      213.0000   233512    0.93%
   5000  4067      213.0000    64      215.0000      213.0000   236978    0.93%
Elapsed time = 266.63 sec. (tree size = 57.88 MB, solutions = 7)
   5100  4157      214.0000    42      215.0000      213.0000   242792    0.93%
   5200  4245      213.0000    75      215.0000      213.0000   248059    0.93%
   5300  4344      213.0000    63      215.0000      213.0000   254423    0.93%
   5400  4430      214.0000    69      215.0000      213.0000   262096    0.93%
   5500  4522      213.0000    69      215.0000      213.0000   266455    0.93%
   5600  4615      213.0000    78      215.0000      213.0000   270658    0.93%
   5700  4710      214.0000    63      215.0000      213.0000   274563    0.93%
   5800  4802      213.0000    59      215.0000      213.0000   279393    0.93%
   5900  4896      214.0000    50      215.0000      213.0000   285246    0.93%
   6000  4988      213.0000    79      215.0000      213.0000   289284    0.93%
Elapsed time = 315.05 sec. (tree size = 73.11 MB, solutions = 7)
   6100  5088      213.0000    60      215.0000      213.0000   292213    0.93%
   6200  5183      213.0000    72      215.0000      213.0000   296745    0.93%
   6300  5273      214.0000    48      215.0000      213.0000   301239    0.93%
   6400  5369      213.0000    62      215.0000      213.0000   305690    0.93%
   6500  5464      213.0000    80      215.0000      213.0000   309659    0.93%
   6600  5564      213.0000    83      215.0000      213.0000   314212    0.93%
   6700  5657      214.0000    70      215.0000      213.0000   319055    0.93%
   6800  5746    infeasible            215.0000      213.0000   323925    0.93%
   6900  5837      214.0000    63      215.0000      213.0000   328877    0.93%
   7000  5919      214.0000    61      215.0000      213.0000   336748    0.93%
Elapsed time = 362.08 sec. (tree size = 89.94 MB, solutions = 7)
   7100  6003      214.0000    68      215.0000      213.0000   344643    0.93%
   7200  6071      213.0000    66      215.0000      213.0000   354262    0.93%
   7300  6171      213.0000    70      215.0000      213.0000   359479    0.93%
   7400  6259      214.0000    62      215.0000      213.0000   365619    0.93%
   7500  6341      213.0000    64      215.0000      213.0000   371764    0.93%
   7600  6441      213.0000    67      215.0000      213.0000   376103    0.93%
   7700  6540      214.0000    39      215.0000      213.0000   377746    0.93%
   7800  6640      214.0000    52      215.0000      213.0000   379382    0.93%
   7900  6740      214.0000    47      215.0000      213.0000   381321    0.93%
   8000  6840      213.0000    82      215.0000      213.0000   385442    0.93%
Elapsed time = 411.89 sec. (tree size = 107.24 MB, solutions = 7)
   8100  6935      213.0000    84      215.0000      213.0000   390302    0.93%
   8200  7022    infeasible            215.0000      213.0000   397156    0.93%
   8300  7110      213.0000    75      215.0000      213.0000   402700    0.93%
   8400  7205      214.0000    54      215.0000      213.0000   408205    0.93%
   8500  7297      213.0000    93      215.0000      213.0000   413906    0.93%
   8600  7397      213.0000    78      215.0000      213.0000   418189    0.93%
   8700  7492      213.0000    75      215.0000      213.0000   422305    0.93%
   8800  7591      214.0000    73      215.0000      213.0000   426484    0.93%
   8900  7685      213.0000    73      215.0000      213.0000   431034    0.93%
   9000  7774      213.0000    93      215.0000      213.0000   437631    0.93%
Elapsed time = 463.03 sec. (tree size = 125.21 MB, solutions = 7)
   9100  7874      213.0000    67      215.0000      213.0000   440750    0.93%
   9200  7968      214.0000    50      215.0000      213.0000   445844    0.93%
   9300  8054      214.0000    69      215.0000      213.0000   454572    0.93%
   9400  8144      214.0000    93      215.0000      213.0000   465062    0.93%
   9500  8240      213.0000    80      215.0000      213.0000   471482    0.93%
   9600  8329      213.0000    86      215.0000      213.0000   477136    0.93%
   9700  8429      213.0000    83      215.0000      213.0000   482417    0.93%
   9800  8521      214.0000    63      215.0000      213.0000   487882    0.93%
   9900  8617      213.0000    78      215.0000      213.0000   493337    0.93%
  10000  8708      213.0000    68      215.0000      213.0000   499260    0.93%
Elapsed time = 527.88 sec. (tree size = 146.45 MB, solutions = 7)
Nodefile size = 18.83 MB (14.45 MB after compression)
  10100  8808      213.0000    98      215.0000      213.0000   504359    0.93%
  10200  8897      214.0000    72      215.0000      213.0000   513066    0.93%
  10300  8955      214.0000    79      215.0000      213.0000   534066    0.93%
  10400  8999      213.0000    66      215.0000      213.0000   558588    0.93%
  10500  9098      214.0000    67      215.0000      213.0000   563080    0.93%
  10600  9184      213.0000    77      215.0000      213.0000   569424    0.93%
  10700  9283      214.0000    52      215.0000      213.0000   575447    0.93%
  10800  9363    infeasible            215.0000      213.0000   586751    0.93%
  10900  9451      213.0000    70      215.0000      213.0000   594820    0.93%
  11000  9546    infeasible            215.0000      213.0000   599969    0.93%
Elapsed time = 644.42 sec. (tree size = 167.52 MB, solutions = 7)
Nodefile size = 40.40 MB (30.73 MB after compression)
  11100  9642      213.0000    78      215.0000      213.0000   604287    0.93%
  11200  9735      213.0000    88      215.0000      213.0000   609303    0.93%
  11300  9835      213.0000    69      215.0000      213.0000   614193    0.93%
  11400  9925      213.0000    94      215.0000      213.0000   622928    0.93%
  11500 10023      214.0000    76      215.0000      213.0000   629231    0.93%
  11600 10117    infeasible            215.0000      213.0000   635662    0.93%
  11700 10210      214.0000    82      215.0000      213.0000   642722    0.93%
  11800 10302      213.0000    77      215.0000      213.0000   649354    0.93%
  11900 10391      213.0000    74      215.0000      213.0000   656635    0.93%
  12000 10488      214.0000    71      215.0000      213.0000   661256    0.93%
Elapsed time = 719.70 sec. (tree size = 191.95 MB, solutions = 7)
Nodefile size = 63.95 MB (48.98 MB after compression)
  12100 10584      213.0000    82      215.0000      213.0000   666140    0.93%
  12200 10680      214.0000    58      215.0000      213.0000   669943    0.93%
  12300 10772      213.0000    98      215.0000      213.0000   677418    0.93%
  12400 10871      214.0000    75      215.0000      213.0000   682038    0.93%
  12500 10965      213.0000    84      215.0000      213.0000   688036    0.93%
  12600 11058      213.0000    85      215.0000      213.0000   694940    0.93%
  12700 11157      214.0000    83      215.0000      213.0000   699227    0.93%
  12800 11225      213.0000    98      215.0000      213.0000   712111    0.93%
  12900 11325      213.0000    75      215.0000      213.0000   716689    0.93%
  13000 11424      214.0000    44      215.0000      213.0000   719732    0.93%
Elapsed time = 807.58 sec. (tree size = 216.52 MB, solutions = 7)
Nodefile size = 88.98 MB (68.56 MB after compression)
  13100 11515      214.0000   108      215.0000      213.0000   727869    0.93%
  13200 11594      214.0000   142      215.0000      213.0000   744543    0.93%
  13300 11683      214.0000   113      215.0000      213.0000   754083    0.93%
  13400 11772      214.0000    83      215.0000      213.0000   763595    0.93%
  13500 11861      214.0000   111      215.0000      213.0000   774516    0.93%
  13600 11952      214.0000    79      215.0000      213.0000   782812    0.93%
  13700 12025      214.0000   112      215.0000      213.0000   798736    0.93%
  13800 12121      213.0000    82      215.0000      213.0000   805580    0.93%
  13900 12221      213.0000    72      215.0000      213.0000   809981    0.93%
  14000 12312      214.0000    59      215.0000      213.0000   818250    0.93%
Elapsed time = 924.27 sec. (tree size = 241.59 MB, solutions = 7)
Nodefile size = 113.68 MB (89.87 MB after compression)
  14100 12392      213.0000    90      215.0000      213.0000   829299    0.93%
  14200 12492      213.0000    88      215.0000      213.0000   833399    0.93%
  14300 12587      213.0000    95      215.0000      213.0000   840400    0.93%
  14400 12682      213.0000   127      215.0000      213.0000   849892    0.93%
  14500 12780      214.0000    79      215.0000      213.0000   856128    0.93%
  14600 12870      213.0000   104      215.0000      213.0000   865389    0.93%
  14700 12967      214.0000    70      215.0000      213.0000   871414    0.93%
  14800 13065      214.0000    74      215.0000      213.0000   876505    0.93%
  14900 13151      213.0000   130      215.0000      213.0000   885760    0.93%
  15000 13236      213.0000    93      215.0000      213.0000   895444    0.93%
Elapsed time = 1035.86 sec. (tree size = 268.22 MB, solutions = 7)
Nodefile size = 140.41 MB (113.11 MB after compression)
  15100 13336      213.0000   117      215.0000      213.0000   899884    0.93%
  15200 13427      213.0000   106      215.0000      213.0000   907055    0.93%
  15300 13524    infeasible            215.0000      213.0000   912876    0.93%
  15400 13620      213.0000    72      215.0000      213.0000   918720    0.93%
  15500 13713      213.0000    85      215.0000      213.0000   925951    0.93%
  15600 13806      214.0000    69      215.0000      213.0000   931600    0.93%
  15700 13891      214.0000   103      215.0000      213.0000   940040    0.93%
  15800 13978      213.0000   102      215.0000      213.0000   952856    0.93%
  15900 14077      214.0000    83      215.0000      213.0000   958097    0.93%
  16000 14173      214.0000    69      215.0000      213.0000   964521    0.93%
Elapsed time = 1147.88 sec. (tree size = 296.50 MB, solutions = 7)
Nodefile size = 168.95 MB (137.72 MB after compression)
  16100 14271      214.0000    74      215.0000      213.0000   972420    0.93%
  16200 14360      214.0000    65      215.0000      213.0000   979987    0.93%
* 16203+ 8863                          214.0000      213.0000   980235    0.47%
  16300  8959      213.0000    68      214.0000      213.0000   983854    0.47%
  16400  9055      213.0000   104      214.0000      213.0000   989317    0.47%
  16500  9151      213.0000    88      214.0000      213.0000   996002    0.47%
  16600  9241      213.0000   128      214.0000      213.0000  1006802    0.47%
  16700  9337      213.0000   107      214.0000      213.0000  1013466    0.47%
  16800  9437      213.0000    82      214.0000      213.0000  1017632    0.47%
  16900  9531      213.0000    89      214.0000      213.0000  1026283    0.47%
  17000  9629    infeasible            214.0000      213.0000  1031033    0.47%
Elapsed time = 1255.67 sec. (tree size = 206.98 MB, solutions = 8)
Nodefile size = 79.78 MB (67.68 MB after compression)
  17100  9717      213.0000    74      214.0000      213.0000  1040441    0.47%
  17200  9811      213.0000    73      214.0000      213.0000  1047947    0.47%
  17300  9905      213.0000   107      214.0000      213.0000  1057204    0.47%
  17400  9989      213.0000   103      214.0000      213.0000  1068656    0.47%
  17500 10089      213.0000    81      214.0000      213.0000  1073433    0.47%
  17600 10181      213.0000    98      214.0000      213.0000  1081854    0.47%
  17700 10277      213.0000   108      214.0000      213.0000  1090533    0.47%
  17800 10371      213.0000   101      214.0000      213.0000  1098739    0.47%
  17900 10465      213.0000    96      214.0000      213.0000  1106018    0.47%
  18000 10549      213.0000    91      214.0000      213.0000  1117724    0.47%
Elapsed time = 1403.98 sec. (tree size = 237.79 MB, solutions = 8)
Nodefile size = 110.40 MB (94.06 MB after compression)
  18100 10645      213.0000    78      214.0000      213.0000  1126200    0.47%
  18200 10741      213.0000   123      214.0000      213.0000  1133449    0.47%
  18300 10831      213.0000    88      214.0000      213.0000  1142819    0.47%
  18400 10923      213.0000    96      214.0000      213.0000  1152520    0.47%
  18500 11019      213.0000    91      214.0000      213.0000  1159134    0.47%
  18600 11119      213.0000   100      214.0000      213.0000  1162911    0.47%
  18700 11211      213.0000    80      214.0000      213.0000  1170982    0.47%
  18800 11303      213.0000   118      214.0000      213.0000  1181207    0.47%
  18900 11403      213.0000    72      214.0000      213.0000  1188379    0.47%
  19000 11493      213.0000   123      214.0000      213.0000  1197957    0.47%
Elapsed time = 1550.05 sec. (tree size = 270.96 MB, solutions = 8)
Nodefile size = 142.99 MB (122.28 MB after compression)
  19100 11589      213.0000    80      214.0000      213.0000  1204400    0.47%
  19200 11683      213.0000    91      214.0000      213.0000  1210984    0.47%
  19300 11783      213.0000    97      214.0000      213.0000  1215149    0.47%
  19400 11879      213.0000    83      214.0000      213.0000  1220827    0.47%
  19500 11969    infeasible            214.0000      213.0000  1229950    0.47%
  19600 12067      213.0000   117      214.0000      213.0000  1237192    0.47%
  19700 12161      213.0000   100      214.0000      213.0000  1243484    0.47%
  19800 12245      213.0000   144      214.0000      213.0000  1257978    0.47%
  19900 12339      213.0000   116      214.0000      213.0000  1266550    0.47%
  20000 12439      213.0000    94      214.0000      213.0000  1272678    0.47%
Elapsed time = 1681.89 sec. (tree size = 305.73 MB, solutions = 8)
Nodefile size = 178.58 MB (153.33 MB after compression)
  20100 12531      213.0000    90      214.0000      213.0000  1281107    0.47%
  20200 12627      213.0000   132      214.0000      213.0000  1288038    0.47%
  20300 12721      213.0000   163      214.0000      213.0000  1297500    0.47%
  20400 12799      213.0000   114      214.0000      213.0000  1312431    0.47%
  20500 12899      213.0000   115      214.0000      213.0000  1318315    0.47%
  20600 12991      213.0000    72      214.0000      213.0000  1329129    0.47%
  20700 13083      213.0000   150      214.0000      213.0000  1340063    0.47%
  20800 13169      213.0000   101      214.0000      213.0000  1353551    0.47%
  20900 13269      213.0000    85      214.0000      213.0000  1359910    0.47%
  21000 13355      213.0000   123      214.0000      213.0000  1371434    0.47%
Elapsed time = 1887.91 sec. (tree size = 340.95 MB, solutions = 8)
Nodefile size = 213.14 MB (183.55 MB after compression)
  21100 13455      213.0000    84      214.0000      213.0000  1376505    0.47%
  21200 13545      213.0000    87      214.0000      213.0000  1386205    0.47%
  21300 13643      213.0000   118      214.0000      213.0000  1393417    0.47%
  21400 13737      213.0000   103      214.0000      213.0000  1401871    0.47%
  21500 13827      213.0000    88      214.0000      213.0000  1409843    0.47%
  21600 13921      213.0000   103      214.0000      213.0000  1417383    0.47%
  21700 14013      213.0000    83      214.0000      213.0000  1426496    0.47%
  21800 14113      213.0000   106      214.0000      213.0000  1432641    0.47%
  21900 14201      213.0000    91      214.0000      213.0000  1445657    0.47%
  22000 14301      213.0000    76      214.0000      213.0000  1452048    0.47%
Elapsed time = 2051.28 sec. (tree size = 378.65 MB, solutions = 8)
Nodefile size = 251.50 MB (217.33 MB after compression)
  22100 14393      213.0000    86      214.0000      213.0000  1460234    0.47%
  22200 14479      213.0000    96      214.0000      213.0000  1474221    0.47%
  22300 14579      213.0000    92      214.0000      213.0000  1479870    0.47%
  22400 14665      213.0000    84      214.0000      213.0000  1487992    0.47%
  22500 14759      213.0000   101      214.0000      213.0000  1496297    0.47%
  22600 14855      213.0000   110      214.0000      213.0000  1503427    0.47%
  22700 14945      213.0000    91      214.0000      213.0000  1513468    0.47%
  22800 15037      213.0000   109      214.0000      213.0000  1521186    0.47%
  22900 15133      213.0000   130      214.0000      213.0000  1527966    0.47%
  23000 15233      213.0000   127      214.0000      213.0000  1534544    0.47%
Elapsed time = 2210.86 sec. (tree size = 417.07 MB, solutions = 8)
Nodefile size = 289.94 MB (251.43 MB after compression)
  23100 15325      213.0000    90      214.0000      213.0000  1543120    0.47%
  23200 15421      213.0000    87      214.0000      213.0000  1549030    0.47%
  23300 15521      213.0000   106      214.0000      213.0000  1553780    0.47%
  23400 15617      213.0000    99      214.0000      213.0000  1560539    0.47%
  23500 15713      213.0000    90      214.0000      213.0000  1566997    0.47%
  23600 15809      213.0000    96      214.0000      213.0000  1574594    0.47%
  23700 15901      213.0000   117      214.0000      213.0000  1584331    0.47%
  23800 15991      213.0000    89      214.0000      213.0000  1594257    0.47%
  23900 16073      213.0000   119      214.0000      213.0000  1611993    0.47%
  24000 16159      213.0000   135      214.0000      213.0000  1623440    0.47%
Elapsed time = 2403.78 sec. (tree size = 456.44 MB, solutions = 8)
Nodefile size = 329.05 MB (286.09 MB after compression)
  24100 16259      213.0000    92      214.0000      213.0000  1628177    0.47%
  24200 16351      213.0000    89      214.0000      213.0000  1634741    0.47%
  24300 16445      213.0000    97      214.0000      213.0000  1642353    0.47%
  24400 16541      213.0000   101      214.0000      213.0000  1651997    0.47%
  24500 16637      213.0000    91      214.0000      213.0000  1659515    0.47%
  24600 16735      213.0000   104      214.0000      213.0000  1665031    0.47%
  24700 16827      213.0000   111      214.0000      213.0000  1671926    0.47%
  24800 16923      213.0000    72      214.0000      213.0000  1680447    0.47%
  24900 17013      213.0000   103      214.0000      213.0000  1690154    0.47%
  25000 17109      213.0000   103      214.0000      213.0000  1696676    0.47%
Elapsed time = 2559.52 sec. (tree size = 496.22 MB, solutions = 8)
Nodefile size = 368.38 MB (320.83 MB after compression)
  25100 17205      213.0000    76      214.0000      213.0000  1702283    0.47%
  25200 17299      213.0000   109      214.0000      213.0000  1710416    0.47%
  25300 17389      213.0000    95      214.0000      213.0000  1721477    0.47%
  25400 17489      213.0000   131      214.0000      213.0000  1727075    0.47%
  25500 17585      213.0000   133      214.0000      213.0000  1734757    0.47%
  25600 17681      213.0000    90      214.0000      213.0000  1740623    0.47%
  25700 17775      213.0000    86      214.0000      213.0000  1745502    0.47%
  25800 17875      213.0000    76      214.0000      213.0000  1751517    0.47%
  25900 17967      213.0000    94      214.0000      213.0000  1759020    0.47%
  26000 18067      213.0000   106      214.0000      213.0000  1765194    0.47%
Elapsed time = 2695.75 sec. (tree size = 536.70 MB, solutions = 8)
Nodefile size = 409.68 MB (357.29 MB after compression)
  26100 18163      213.0000    96      214.0000      213.0000  1770774    0.47%
  26200 18259      213.0000    93      214.0000      213.0000  1777033    0.47%
  26300 18343      213.0000   140      214.0000      213.0000  1788423    0.47%
  26400 18433      213.0000   135      214.0000      213.0000  1803119    0.47%
  26500 18529      213.0000    85      214.0000      213.0000  1812020    0.47%
  26600 18621      213.0000   113      214.0000      213.0000  1819325    0.47%
  26700 18710      213.0000   104      214.0000      213.0000  1832002    0.47%
  26800 18804      213.0000    97      214.0000      213.0000  1839104    0.47%
  26900 18904      213.0000    85      214.0000      213.0000  1844235    0.47%
  27000 18994      213.0000   114      214.0000      213.0000  1852392    0.47%
Elapsed time = 2880.22 sec. (tree size = 575.89 MB, solutions = 8)
Nodefile size = 448.85 MB (391.84 MB after compression)
  27100 19090      213.0000   116      214.0000      213.0000  1860836    0.47%
  27200 19186      213.0000   100      214.0000      213.0000  1868740    0.47%
  27300 19282      213.0000    96      214.0000      213.0000  1876675    0.47%
  27400 19378      213.0000   104      214.0000      213.0000  1885175    0.47%
  27500 19474      213.0000   109      214.0000      213.0000  1893957    0.47%
  27600 19570      213.0000   120      214.0000      213.0000  1901676    0.47%
  27700 19666      213.0000   105      214.0000      213.0000  1909765    0.47%
  27800 19756      213.0000   102      214.0000      213.0000  1921156    0.47%
  27900 19852      213.0000   104      214.0000      213.0000  1927078    0.47%
  28000 19946      213.0000    88      214.0000      213.0000  1933980    0.47%
Elapsed time = 3055.14 sec. (tree size = 615.74 MB, solutions = 8)
Nodefile size = 488.29 MB (426.67 MB after compression)
  28100 20042      213.0000    80      214.0000      213.0000  1941838    0.47%
  28200 20134      213.0000   121      214.0000      213.0000  1950024    0.47%
  28300 20224      213.0000    88      214.0000      213.0000  1961970    0.47%
  28400 20324      213.0000    70      214.0000      213.0000  1968926    0.47%
  28500 20412      213.0000   110      214.0000      213.0000  1978821    0.47%
  28600 20500      213.0000   104      214.0000      213.0000  1989219    0.47%
  28700 20594      213.0000    93      214.0000      213.0000  1998723    0.47%
  28800 20680      213.0000    95      214.0000      213.0000  2010343    0.47%
  28900 20776      213.0000   136      214.0000      213.0000  2016920    0.47%
  29000 20846      213.0000   110      214.0000      213.0000  2040229    0.47%
Elapsed time = 3260.78 sec. (tree size = 653.97 MB, solutions = 8)
Nodefile size = 526.61 MB (460.45 MB after compression)
  29100 20936      213.0000   107      214.0000      213.0000  2048865    0.47%
  29200 21036      213.0000   111      214.0000      213.0000  2054098    0.47%
  29300 21128      213.0000    77      214.0000      213.0000  2062015    0.47%
  29400 21218      213.0000    98      214.0000      213.0000  2070257    0.47%
  29500 21310      213.0000   108      214.0000      213.0000  2078305    0.47%
  29600 21406      213.0000   104      214.0000      213.0000  2084990    0.47%
  29700 21490      213.0000   162      214.0000      213.0000  2097044    0.47%
  29800 21582      213.0000    91      214.0000      213.0000  2104068    0.47%
  29900 21674      213.0000   108      214.0000      213.0000  2111683    0.47%
  30000 21764      213.0000   134      214.0000      213.0000  2122632    0.47%
Elapsed time = 3422.69 sec. (tree size = 692.86 MB, solutions = 8)
Nodefile size = 565.79 MB (495.30 MB after compression)
  30100 21850      213.0000   107      214.0000      213.0000  2134581    0.47%
  30200 21946      213.0000    93      214.0000      213.0000  2141701    0.47%
  30300 22042      213.0000    77      214.0000      213.0000  2150100    0.47%
  30400 22132      213.0000   100      214.0000      213.0000  2157417    0.47%
  30500 22218      213.0000    99      214.0000      213.0000  2165607    0.47%
  30600 22312      213.0000   101      214.0000      213.0000  2172723    0.47%
  30700 22408      213.0000    92      214.0000      213.0000  2178789    0.47%
  30800 22504      213.0000    91      214.0000      213.0000  2184010    0.47%
  30900 22600      213.0000    77      214.0000      213.0000  2190984    0.47%
  31000 22692      213.0000   139      214.0000      213.0000  2202842    0.47%
Elapsed time = 3591.81 sec. (tree size = 732.44 MB, solutions = 8)
Nodefile size = 604.99 MB (529.66 MB after compression)
  31100 22782      213.0000   104      214.0000      213.0000  2216292    0.47%
  31200 22874      213.0000   141      214.0000      213.0000  2230135    0.47%
  31300 22968      213.0000    80      214.0000      213.0000  2241588    0.47%
  31400 23056      213.0000    78      214.0000      213.0000  2249024    0.47%
  31500 23150      213.0000   110      214.0000      213.0000  2257097    0.47%
  31600 23236      213.0000   104      214.0000      213.0000  2272432    0.47%
  31700 23332      213.0000   103      214.0000      213.0000  2279549    0.47%
  31800 23430    infeasible            214.0000      213.0000  2285207    0.47%
  31900 23512      213.0000    98      214.0000      213.0000  2298080    0.47%
  32000 23602      213.0000   105      214.0000      213.0000  2307858    0.47%
Elapsed time = 3798.08 sec. (tree size = 771.12 MB, solutions = 8)
Nodefile size = 643.27 MB (563.51 MB after compression)
  32100 23698      213.0000    98      214.0000      213.0000  2317580    0.47%
  32200 23796      213.0000   105      214.0000      213.0000  2326924    0.47%
  32300 23884      213.0000   107      214.0000      213.0000  2337542    0.47%
  32400 23984      213.0000   111      214.0000      213.0000  2342010    0.47%
  32500 24080      213.0000   106      214.0000      213.0000  2347123    0.47%
  32600 24174      213.0000    74      214.0000      213.0000  2355436    0.47%
  32700 24268      213.0000    84      214.0000      213.0000  2363544    0.47%
  32800 24360      213.0000   112      214.0000      213.0000  2373495    0.47%
  32900 24454      213.0000    96      214.0000      213.0000  2384399    0.47%
  33000 24538    infeasible            214.0000      213.0000  2395883    0.47%
Elapsed time = 3965.31 sec. (tree size = 810.69 MB, solutions = 8)
Nodefile size = 682.73 MB (598.35 MB after compression)
  33100 24632      213.0000   105      214.0000      213.0000  2404213    0.47%
  33200 24726      213.0000   144      214.0000      213.0000  2410264    0.47%
  33300 24826      213.0000    74      214.0000      213.0000  2416856    0.47%
  33400 24900      213.0000    85      214.0000      213.0000  2432485    0.47%
  33500 24990      213.0000    83      214.0000      213.0000  2439578    0.47%
  33600 25086      213.0000    81      214.0000      213.0000  2446756    0.47%
  33700 25186      213.0000    90      214.0000      213.0000  2452433    0.47%
  33800 25274      213.0000    88      214.0000      213.0000  2461437    0.47%
  33900 25370      213.0000   121      214.0000      213.0000  2470071    0.47%
  34000 25464      213.0000    95      214.0000      213.0000  2476820    0.47%
Elapsed time = 4130.30 sec. (tree size = 849.91 MB, solutions = 8)
Nodefile size = 722.88 MB (633.75 MB after compression)
  34100 25558      213.0000    84      214.0000      213.0000  2484049    0.47%
  34200 25654      213.0000    91      214.0000      213.0000  2492019    0.47%
  34300 25750    infeasible            214.0000      213.0000  2499830    0.47%
  34400 25846      213.0000    92      214.0000      213.0000  2505929    0.47%
  34500 25938      213.0000    67      214.0000      213.0000  2514676    0.47%
  34600 26030      213.0000   128      214.0000      213.0000  2525093    0.47%
  34700 26126      213.0000   110      214.0000      213.0000  2533148    0.47%
  34800 26220      213.0000    90      214.0000      213.0000  2542047    0.47%
  34900 26308      213.0000    98      214.0000      213.0000  2552818    0.47%
  35000 26404      213.0000   102      214.0000      213.0000  2561224    0.47%
Elapsed time = 4303.17 sec. (tree size = 889.97 MB, solutions = 8)
Nodefile size = 762.91 MB (668.86 MB after compression)
  35100 26496      213.0000   118      214.0000      213.0000  2571736    0.47%
  35200 26586      213.0000   112      214.0000      213.0000  2580307    0.47%
  35300 26682      213.0000   103      214.0000      213.0000  2587692    0.47%
  35400 26782      213.0000   102      214.0000      213.0000  2593127    0.47%
  35500 26878      213.0000    76      214.0000      213.0000  2599915    0.47%
  35600 26970      213.0000    99      214.0000      213.0000  2611955    0.47%
  35700 27062    infeasible            214.0000      213.0000  2620953    0.47%
  35800 27160      213.0000    74      214.0000      213.0000  2626494    0.47%
  35900 27246      213.0000    88      214.0000      213.0000  2637475    0.47%
  36000 27342      213.0000    94      214.0000      213.0000  2642774    0.47%
Elapsed time = 4470.94 sec. (tree size = 929.82 MB, solutions = 8)
Nodefile size = 802.07 MB (703.46 MB after compression)
  36100 27436      213.0000    84      214.0000      213.0000  2650422    0.47%
  36200 27524      213.0000   106      214.0000      213.0000  2659574    0.47%
  36300 27616      213.0000    95      214.0000      213.0000  2669036    0.47%
  36400 27712      213.0000   118      214.0000      213.0000  2677421    0.47%
  36500 27806      213.0000   132      214.0000      213.0000  2686939    0.47%
  36600 27900      213.0000   106      214.0000      213.0000  2694713    0.47%
  36700 27994      213.0000    96      214.0000      213.0000  2703941    0.47%
  36800 28090      213.0000   107      214.0000      213.0000  2710705    0.47%
  36900 28188    infeasible            214.0000      213.0000  2718814    0.47%
  37000 28286      213.0000   104      214.0000      213.0000  2724198    0.47%
Elapsed time = 4624.08 sec. (tree size = 970.00 MB, solutions = 8)
Nodefile size = 842.93 MB (739.59 MB after compression)
  37100 28382      213.0000   111      214.0000      213.0000  2731612    0.47%
  37200 28478      213.0000    87      214.0000      213.0000  2739549    0.47%
  37300 28570      213.0000    69      214.0000      213.0000  2748246    0.47%
  37400 28660    infeasible            214.0000      213.0000  2757872    0.47%
  37500 28756      213.0000    94      214.0000      213.0000  2766267    0.47%
  37600 28840      213.0000    90      214.0000      213.0000  2777687    0.47%
  37700 28928      213.0000    88      214.0000      213.0000  2785608    0.47%
  37800 29024      213.0000    91      214.0000      213.0000  2792846    0.47%
  37900 29102      213.0000   110      214.0000      213.0000  2808209    0.47%
  38000 29188      213.0000    90      214.0000      213.0000  2818181    0.47%
Elapsed time = 4816.23 sec. (tree size = 1008.27 MB, solutions = 8)
Nodefile size = 881.04 MB (773.16 MB after compression)
  38100 29280      213.0000    92      214.0000      213.0000  2828630    0.47%
  38200 29360      213.0000   114      214.0000      213.0000  2839720    0.47%
  38300 29452      213.0000    77      214.0000      213.0000  2848338    0.47%
  38400 29536      213.0000   110      214.0000      213.0000  2859347    0.47%
  38500 29624      213.0000   216      214.0000      213.0000  2869163    0.47%
  38600 29724      213.0000   120      214.0000      213.0000  2874992    0.47%
  38700 29814      213.0000   102      214.0000      213.0000  2885957    0.47%
  38800 29900      213.0000   132      214.0000      213.0000  2898656    0.47%
  38900 29994      213.0000    93      214.0000      213.0000  2908982    0.47%
  39000 30090      213.0000   104      214.0000      213.0000  2916357    0.47%
Elapsed time = 5025.13 sec. (tree size = 1046.49 MB, solutions = 8)
Nodefile size = 919.21 MB (806.76 MB after compression)
  39100 30180    infeasible            214.0000      213.0000  2927019    0.47%
  39200 30270      213.0000   110      214.0000      213.0000  2938064    0.47%
  39300 30356      213.0000   113      214.0000      213.0000  2949770    0.47%
  39400 30450      213.0000   123      214.0000      213.0000  2960005    0.47%
  39500 30546      213.0000   113      214.0000      213.0000  2967027    0.47%
  39600 30614      213.0000   126      214.0000      213.0000  2990903    0.47%
  39700 30696      213.0000   108      214.0000      213.0000  3006367    0.47%
  39800 30790      213.0000   101      214.0000      213.0000  3014802    0.47%
  39900 30880      213.0000   102      214.0000      213.0000  3025730    0.47%
  40000 30976      213.0000   121      214.0000      213.0000  3034998    0.47%
Elapsed time = 5248.25 sec. (tree size = 1084.31 MB, solutions = 8)
Nodefile size = 956.59 MB (839.73 MB after compression)
  40100 31066      213.0000    91      214.0000      213.0000  3045035    0.47%
  40200 31162      213.0000    88      214.0000      213.0000  3052373    0.47%
  40300 31257      213.0000    90      214.0000      213.0000  3060135    0.47%
  40400 31357      213.0000    73      214.0000      213.0000  3065094    0.47%
  40500 31437      213.0000   118      214.0000      213.0000  3075290    0.47%
  40600 31529      213.0000    87      214.0000      213.0000  3082901    0.47%
  40700 31629      213.0000   111      214.0000      213.0000  3088402    0.47%
  40800 31699      213.0000    59      214.0000      213.0000  3102621    0.47%
  40900 31773      213.0000   111      214.0000      213.0000  3125856    0.47%
  41000 31835      213.0000   136      214.0000      213.0000  3154180    0.47%
Elapsed time = 5484.58 sec. (tree size = 1121.11 MB, solutions = 8)
Nodefile size = 993.81 MB (872.69 MB after compression)
  41100 31917      213.0000   146      214.0000      213.0000  3170108    0.47%
  41200 32005      213.0000    99      214.0000      213.0000  3184403    0.47%
  41300 32099      213.0000   121      214.0000      213.0000  3193085    0.47%
  41400 32195      213.0000   126      214.0000      213.0000  3201370    0.47%
  41500 32283      213.0000   104      214.0000      213.0000  3212558    0.47%
  41600 32377      213.0000    82      214.0000      213.0000  3221592    0.47%
  41700 32467      213.0000    79      214.0000      213.0000  3230362    0.47%
  41800 32567      213.0000    65      214.0000      213.0000  3235720    0.47%
  41900 32655      213.0000   148      214.0000      213.0000  3247406    0.47%
  42000 32727      213.0000    80      214.0000      213.0000  3262638    0.47%
Elapsed time = 5708.22 sec. (tree size = 1159.06 MB, solutions = 8)
Nodefile size = 1031.85 MB (906.39 MB after compression)
  42100 32809      213.0000    88      214.0000      213.0000  3269915    0.47%
  42200 32909      213.0000    78      214.0000      213.0000  3275100    0.47%
  42300 33003      213.0000   101      214.0000      213.0000  3281953    0.47%
  42400 33095      213.0000    87      214.0000      213.0000  3290070    0.47%
  42500 33187      213.0000   112      214.0000      213.0000  3300153    0.47%
  42600 33277      213.0000   101      214.0000      213.0000  3311777    0.47%
  42700 33365      213.0000   103      214.0000      213.0000  3320891    0.47%
  42800 33461      213.0000    97      214.0000      213.0000  3326725    0.47%
  42900 33555      213.0000    73      214.0000      213.0000  3333184    0.47%
  43000 33645      213.0000    93      214.0000      213.0000  3345674    0.47%
Elapsed time = 5881.22 sec. (tree size = 1198.26 MB, solutions = 8)
Nodefile size = 1071.03 MB (940.71 MB after compression)
  43100 33733      213.0000    86      214.0000      213.0000  3361235    0.47%
  43200 33829      213.0000    73      214.0000      213.0000  3368893    0.47%
  43300 33925      213.0000   106      214.0000      213.0000  3375615    0.47%
  43400 34015      213.0000    85      214.0000      213.0000  3384895    0.47%
  43500 34107      213.0000    89      214.0000      213.0000  3394197    0.47%
  43600 34201      213.0000    82      214.0000      213.0000  3403045    0.47%
  43700 34297      213.0000    95      214.0000      213.0000  3409506    0.47%
  43800 34393      213.0000   102      214.0000      213.0000  3416605    0.47%
  43900 34489      213.0000    98      214.0000      213.0000  3426105    0.47%
  44000 34585      213.0000    86      214.0000      213.0000  3432684    0.47%
Elapsed time = 6047.16 sec. (tree size = 1238.33 MB, solutions = 8)
Nodefile size = 1111.09 MB (976.28 MB after compression)
  44100 34679      213.0000    99      214.0000      213.0000  3440720    0.47%
  44200 34769      213.0000    97      214.0000      213.0000  3449078    0.47%
  44300 34857      213.0000    88      214.0000      213.0000  3458610    0.47%
  44400 34953      213.0000    83      214.0000      213.0000  3464810    0.47%
  44500 35047      213.0000    96      214.0000      213.0000  3473303    0.47%
  44600 35133      213.0000   135      214.0000      213.0000  3488241    0.47%
  44700 35225      213.0000   122      214.0000      213.0000  3499740    0.47%
  44800 35313      213.0000   138      214.0000      213.0000  3510323    0.47%
  44900 35413      213.0000    68      214.0000      213.0000  3516013    0.47%
  45000 35505      213.0000    98      214.0000      213.0000  3523538    0.47%
Elapsed time = 6216.67 sec. (tree size = 1277.48 MB, solutions = 8)
Nodefile size = 1150.09 MB (1010.79 MB after compression)
  45100 35599      213.0000   106      214.0000      213.0000  3531536    0.47%
  45200 35695      213.0000   101      214.0000      213.0000  3538608    0.47%
  45300 35791      213.0000    95      214.0000      213.0000  3547457    0.47%
  45400 35879      213.0000    91      214.0000      213.0000  3557846    0.47%
  45500 35975      213.0000   132      214.0000      213.0000  3566429    0.47%
  45600 36055      213.0000   148      214.0000      213.0000  3581292    0.47%
  45700 36143      213.0000   107      214.0000      213.0000  3592571    0.47%
  45800 36231      213.0000    82      214.0000      213.0000  3603896    0.47%
  45900 36323      213.0000    93      214.0000      213.0000  3613130    0.47%
  46000 36411      213.0000   113      214.0000      213.0000  3624372    0.47%
Elapsed time = 6423.47 sec. (tree size = 1315.94 MB, solutions = 8)
Nodefile size = 1188.17 MB (1044.69 MB after compression)
  46100 36499      213.0000   102      214.0000      213.0000  3633940    0.47%
  46200 36595      213.0000   111      214.0000      213.0000  3642874    0.47%
  46300 36683      213.0000   126      214.0000      213.0000  3652455    0.47%
  46400 36765      213.0000   103      214.0000      213.0000  3665810    0.47%
  46500 36865      213.0000    93      214.0000      213.0000  3672883    0.47%
  46600 36959      213.0000    93      214.0000      213.0000  3679552    0.47%
  46700 37043      213.0000    76      214.0000      213.0000  3689811    0.47%
  46800 37115      213.0000    75      214.0000      213.0000  3702811    0.47%
  46900 37199      213.0000   102      214.0000      213.0000  3713118    0.47%
  47000 37285      213.0000   100      214.0000      213.0000  3721789    0.47%
Elapsed time = 6614.53 sec. (tree size = 1353.07 MB, solutions = 8)
Nodefile size = 1225.45 MB (1077.51 MB after compression)
  47100 37379      213.0000   111      214.0000      213.0000  3729990    0.47%
  47200 37455      213.0000    96      214.0000      213.0000  3742009    0.47%
  47300 37537      213.0000   101      214.0000      213.0000  3752222    0.47%
  47400 37631      213.0000    66      214.0000      213.0000  3758981    0.47%
  47500 37717      213.0000    71      214.0000      213.0000  3766796    0.47%
  47600 37797      213.0000   120      214.0000      213.0000  3778437    0.47%
  47700 37885      213.0000   119      214.0000      213.0000  3789461    0.47%
  47800 37981      213.0000    95      214.0000      213.0000  3796835    0.47%
  47900 38045      213.0000   125      214.0000      213.0000  3831893    0.47%
  48000 38117      213.0000   133      214.0000      213.0000  3851176    0.47%
Elapsed time = 6860.20 sec. (tree size = 1388.87 MB, solutions = 8)
Nodefile size = 1261.72 MB (1109.54 MB after compression)
  48100 38207      213.0000    84      214.0000      213.0000  3860326    0.47%
  48200 38301      213.0000   134      214.0000      213.0000  3870090    0.47%
  48300 38391    infeasible            214.0000      213.0000  3878498    0.47%
  48400 38481      213.0000   128      214.0000      213.0000  3890738    0.47%
  48500 38573        cutoff            214.0000      213.0000  3898450    0.47%
  48600 38651      213.0000    93      214.0000      213.0000  3911897    0.47%
  48700 38745      213.0000    80      214.0000      213.0000  3919022    0.47%
  48800 38837      213.0000   105      214.0000      213.0000  3927302    0.47%
  48900 38931      213.0000    95      214.0000      213.0000  3933660    0.47%
  49000 39021      213.0000    90      214.0000      213.0000  3942208    0.47%
Elapsed time = 7031.20 sec. (tree size = 1427.45 MB, solutions = 8)
Nodefile size = 1299.77 MB (1143.29 MB after compression)
  49100 39115      213.0000    83      214.0000      213.0000  3948895    0.47%
  49200 39201      213.0000    90      214.0000      213.0000  3956134    0.47%
  49300 39295      213.0000    92      214.0000      213.0000  3962907    0.47%
  49400 39395      213.0000    85      214.0000      213.0000  3970410    0.47%
  49500 39475      213.0000   105      214.0000      213.0000  3982695    0.47%
  49600 39569      213.0000   109      214.0000      213.0000  3989665    0.47%
  49700 39659      213.0000   126      214.0000      213.0000  3998156    0.47%
  49800 39745      213.0000   138      214.0000      213.0000  4012173    0.47%

Cover cuts applied:  2641
Gomory fractional cuts applied:  9

Solution pool: 8 solutions saved.

MIP - Time limit exceeded, integer feasible:  Objective = 2.1400000000e+002
Current MIP best bound = 2.1300000000e+002 (gap = 1, 0.47%)
Solution time = 7201.48 sec.  Iterations = 4025044  Nodes = 49846 (39770)


Incumbent solution
Variable Name           Solution Value
Cmax                        214.000000
X_1_8                         1.000000
X_2_23                        1.000000
X_3_6                         1.000000
X_4_26                        1.000000
X_5_6                         1.000000
X_6_28                        1.000000
X_7_1                         1.000000
X_8_21                        1.000000
X_9_13                        1.000000
X_10_2                        1.000000
X_11_8                        1.000000
X_12_5                        1.000000
X_13_5                        1.000000
X_14_17                       1.000000
X_15_28                       1.000000
X_16_10                       1.000000
X_17_15                       1.000000
X_18_17                       1.000000
X_19_22                       1.000000
X_20_27                       1.000000
X_21_4                        1.000000
X_22_18                       1.000000
X_23_4                        1.000000
X_24_29                       1.000000
X_25_10                       1.000000
X_26_30                       1.000000
X_27_23                       1.000000
X_28_3                        1.000000
X_29_14                       1.000000
X_30_16                       1.000000
X_31_1                        1.000000
X_32_24                       1.000000
X_33_27                       1.000000
X_34_5                        1.000000
X_35_1                        1.000000
X_36_8                        1.000000
X_37_16                       1.000000
X_38_5                        1.000000
X_39_3                        1.000000
X_40_28                       1.000000
X_41_17                       1.000000
X_42_18                       1.000000
X_43_14                       1.000000
X_44_6                        1.000000
X_45_2                        1.000000
X_46_15                       1.000000
X_47_21                       1.000000
X_48_10                       1.000000
X_49_13                       1.000000
X_50_29                       1.000000
X_51_21                       1.000000
X_52_3                        1.000000
X_53_15                       1.000000
X_54_12                       1.000000
X_55_7                        1.000000
X_56_9                        1.000000
X_57_30                       1.000000
X_58_15                       1.000000
X_59_4                        1.000000
X_60_4                        1.000000
X_61_9                        1.000000
X_62_14                       1.000000
X_63_7                        1.000000
X_64_21                       1.000000
X_65_16                       1.000000
X_66_30                       1.000000
X_67_8                        1.000000
X_68_19                       1.000000
X_69_30                       1.000000
X_70_25                       1.000000
X_71_25                       1.000000
X_72_1                        1.000000
X_73_29                       1.000000
X_74_25                       1.000000
X_75_20                       1.000000
X_76_22                       1.000000
X_77_27                       1.000000
X_78_29                       1.000000
X_79_27                       1.000000
X_80_19                       1.000000
X_81_15                       1.000000
X_82_18                       1.000000
X_83_26                       1.000000
X_84_4                        1.000000
X_85_18                       1.000000
X_86_11                       1.000000
X_87_3                        1.000000
X_88_30                       1.000000
X_89_26                       1.000000
X_90_26                       1.000000
X_91_28                       1.000000
X_92_3                        1.000000
X_93_30                       1.000000
X_94_22                       1.000000
X_95_7                        1.000000
X_96_17                       1.000000
X_97_19                       1.000000
X_98_2                        1.000000
X_99_14                       1.000000
X_100_2                       1.000000
X_101_13                      1.000000
X_102_9                       1.000000
X_103_2                       1.000000
X_104_27                      1.000000
X_105_11                      1.000000
X_106_6                       1.000000
X_107_23                      1.000000
X_108_27                      1.000000
X_109_24                      1.000000
X_110_20                      1.000000
X_111_30                      1.000000
X_112_6                       1.000000
X_113_1                       1.000000
X_114_22                      1.000000
X_115_24                      1.000000
X_116_19                      1.000000
X_117_17                      1.000000
X_118_19                      1.000000
X_119_20                      1.000000
X_120_3                       1.000000
X_121_23                      1.000000
X_122_19                      1.000000
X_123_10                      1.000000
X_124_24                      1.000000
X_125_7                       1.000000
X_126_23                      1.000000
X_127_16                      1.000000
X_128_19                      1.000000
X_129_12                      1.000000
X_130_26                      1.000000
X_131_13                      1.000000
X_132_4                       1.000000
X_133_26                      1.000000
X_134_12                      1.000000
X_135_4                       1.000000
X_136_16                      1.000000
X_137_19                      1.000000
X_138_15                      1.000000
X_139_7                       1.000000
X_140_12                      1.000000
X_141_1                       1.000000
X_142_15                      1.000000
X_143_22                      1.000000
X_144_1                       1.000000
X_145_23                      1.000000
X_146_23                      1.000000
X_147_10                      1.000000
X_148_16                      1.000000
X_149_15                      1.000000
X_150_13                      1.000000
X_151_21                      1.000000
X_152_11                      1.000000
X_153_19                      1.000000
X_154_23                      1.000000
X_155_20                      1.000000
X_156_10                      1.000000
X_157_25                      1.000000
X_158_11                      1.000000
X_159_30                      1.000000
X_160_23                      1.000000
X_161_24                      1.000000
X_162_6                       1.000000
X_163_10                      1.000000
X_164_1                       1.000000
X_165_12                      1.000000
X_166_27                      1.000000
X_167_17                      1.000000
X_168_25                      1.000000
X_169_17                      1.000000
X_170_6                       1.000000
X_171_21                      1.000000
X_172_30                      1.000000
X_173_16                      1.000000
X_174_29                      1.000000
X_175_18                      1.000000
X_176_13                      1.000000
X_177_20                      1.000000
X_178_15                      1.000000
X_179_2                       1.000000
X_180_1                       1.000000
X_181_8                       1.000000
X_182_8                       1.000000
X_183_7                       1.000000
X_184_16                      1.000000
X_185_14                      1.000000
X_186_28                      1.000000
X_187_12                      1.000000
X_188_12                      1.000000
X_189_7                       1.000000
X_190_24                      1.000000
X_191_27                      1.000000
X_192_6                       1.000000
X_193_2                       1.000000
X_194_13                      1.000000
X_195_21                      1.000000
X_196_8                       1.000000
X_197_12                      1.000000
X_198_5                       1.000000
X_199_18                      1.000000
X_200_6                       1.000000
X_201_13                      1.000000
X_202_5                       1.000000
X_203_2                       1.000000
X_204_7                       1.000000
X_205_18                      1.000000
X_206_11                      1.000000
X_207_2                       1.000000
X_208_1                       1.000000
X_209_23                      1.000000
X_210_21                      1.000000
X_211_23                      1.000000
X_212_26                      1.000000
X_213_17                      1.000000
X_214_7                       1.000000
X_215_20                      1.000000
X_216_3                       1.000000
X_217_9                       1.000000
X_218_7                       1.000000
X_219_25                      1.000000
X_220_4                       1.000000
X_221_28                      1.000000
X_222_26                      1.000000
X_223_9                       1.000000
X_224_27                      1.000000
X_225_25                      1.000000
X_226_24                      1.000000
X_227_28                      1.000000
X_228_22                      1.000000
X_229_26                      1.000000
X_230_14                      1.000000
X_231_16                      1.000000
X_232_30                      1.000000
X_233_13                      1.000000
X_234_4                       1.000000
X_235_3                       1.000000
X_236_4                       1.000000
X_237_6                       1.000000
X_238_17                      1.000000
X_239_5                       1.000000
X_240_22                      1.000000
X_241_20                      1.000000
X_242_19                      1.000000
X_243_22                      1.000000
X_244_7                       1.000000
X_245_29                      1.000000
X_246_28                      1.000000
X_247_1                       1.000000
X_248_18                      1.000000
X_249_12                      1.000000
X_250_3                       1.000000
X_251_30                      1.000000
X_252_5                       1.000000
X_253_10                      1.000000
X_254_17                      1.000000
X_255_10                      1.000000
X_256_11                      1.000000
X_257_19                      1.000000
X_258_30                      1.000000
X_259_25                      1.000000
X_260_8                       1.000000
X_261_29                      1.000000
X_262_24                      1.000000
X_263_23                      1.000000
X_264_12                      1.000000
X_265_9                       1.000000
X_266_1                       1.000000
X_267_9                       1.000000
X_268_8                       1.000000
X_269_11                      1.000000
X_270_2                       1.000000
X_271_13                      1.000000
X_272_10                      1.000000
X_273_17                      1.000000
X_274_25                      1.000000
X_275_15                      1.000000
X_276_4                       1.000000
X_277_17                      1.000000
X_278_16                      1.000000
X_279_12                      1.000000
X_280_27                      1.000000
X_281_21                      1.000000
X_282_17                      1.000000
X_283_15                      1.000000
X_284_21                      1.000000
X_285_16                      1.000000
X_286_7                       1.000000
X_287_2                       1.000000
X_288_2                       1.000000
X_289_15                      1.000000
X_290_18                      1.000000
X_291_20                      1.000000
X_292_6                       1.000000
X_293_24                      1.000000
X_294_28                      1.000000
X_295_3                       1.000000
X_296_14                      1.000000
X_297_27                      1.000000
X_298_23                      1.000000
X_299_27                      1.000000
X_300_28                      1.000000
X_301_9                       1.000000
X_302_3                       1.000000
X_303_14                      1.000000
X_304_16                      1.000000
X_305_5                       1.000000
X_306_18                      1.000000
X_307_30                      1.000000
X_308_8                       1.000000
X_309_26                      1.000000
X_310_9                       1.000000
X_311_4                       1.000000
X_312_1                       1.000000
X_313_30                      1.000000
X_314_18                      1.000000
X_315_22                      1.000000
X_316_10                      1.000000
X_317_11                      1.000000
X_318_18                      1.000000
X_319_10                      1.000000
X_320_8                       1.000000
X_321_9                       1.000000
X_322_4                       1.000000
X_323_8                       1.000000
X_324_11                      1.000000
X_325_24                      1.000000
X_326_21                      1.000000
X_327_14                      1.000000
X_328_25                      1.000000
X_329_2                       1.000000
X_330_9                       1.000000
X_331_11                      1.000000
X_332_8                       1.000000
X_333_11                      1.000000
X_334_6                       1.000000
X_335_16                      1.000000
X_336_1                       1.000000
X_337_18                      1.000000
X_338_6                       1.000000
X_339_22                      1.000000
X_340_28                      1.000000
X_341_25                      1.000000
X_342_29                      1.000000
X_343_20                      1.000000
X_344_6                       1.000000
X_345_7                       1.000000
X_346_26                      1.000000
X_347_25                      1.000000
X_348_6                       1.000000
X_349_12                      1.000000
X_350_15                      1.000000
X_351_29                      1.000000
X_352_14                      1.000000
X_353_18                      1.000000
X_354_22                      1.000000
X_355_11                      1.000000
X_356_13                      1.000000
X_357_26                      1.000000
X_358_17                      1.000000
X_359_24                      1.000000
X_360_21                      1.000000
X_361_14                      1.000000
X_362_22                      1.000000
X_363_4                       1.000000
X_364_23                      1.000000
X_365_4                       1.000000
X_366_5                       1.000000
X_367_2                       1.000000
X_368_2                       1.000000
X_369_8                       1.000000
X_370_4                       1.000000
X_371_30                      1.000000
X_372_5                       1.000000
X_373_27                      1.000000
X_374_11                      1.000000
X_375_27                      1.000000
X_376_11                      1.000000
X_377_12                      1.000000
X_378_17                      1.000000
X_379_12                      1.000000
X_380_13                      1.000000
X_381_24                      1.000000
X_382_20                      1.000000
X_383_21                      1.000000
X_384_29                      1.000000
X_385_24                      1.000000
X_386_5                       1.000000
X_387_2                       1.000000
X_388_13                      1.000000
X_389_29                      1.000000
X_390_20                      1.000000
X_391_9                       1.000000
X_392_14                      1.000000
X_393_16                      1.000000
X_394_27                      1.000000
X_395_28                      1.000000
X_396_13                      1.000000
X_397_7                       1.000000
X_398_10                      1.000000
X_399_8                       1.000000
X_400_29                      1.000000
X_401_12                      1.000000
X_402_20                      1.000000
X_403_22                      1.000000
X_404_21                      1.000000
X_405_14                      1.000000
X_406_19                      1.000000
X_407_20                      1.000000
X_408_26                      1.000000
X_409_1                       1.000000
X_410_21                      1.000000
X_411_2                       1.000000
X_412_13                      1.000000
X_413_12                      1.000000
X_414_26                      1.000000
X_415_18                      1.000000
X_416_9                       1.000000
X_417_27                      1.000000
X_418_9                       1.000000
X_419_28                      1.000000
X_420_7                       1.000000
X_421_22                      1.000000
X_422_29                      1.000000
X_423_14                      1.000000
X_424_15                      1.000000
X_425_9                       1.000000
X_426_14                      1.000000
X_427_15                      1.000000
X_428_12                      1.000000
X_429_19                      1.000000
X_430_29                      1.000000
X_431_17                      1.000000
X_432_6                       1.000000
X_433_20                      1.000000
X_434_13                      1.000000
X_435_21                      1.000000
X_436_16                      1.000000
X_437_27                      1.000000
X_438_5                       1.000000
X_439_4                       1.000000
X_440_25                      1.000000
X_441_21                      1.000000
X_442_3                       1.000000
X_443_10                      1.000000
X_444_18                      1.000000
X_445_20                      1.000000
X_446_20                      1.000000
X_447_2                       1.000000
X_448_22                      1.000000
X_449_18                      1.000000
X_450_1                       1.000000
X_451_5                       1.000000
X_452_4                       1.000000
X_453_25                      1.000000
X_454_14                      1.000000
X_455_6                       1.000000
X_456_7                       1.000000
X_457_15                      1.000000
X_458_28                      1.000000
X_459_26                      1.000000
X_460_8                       1.000000
X_461_30                      1.000000
X_462_11                      1.000000
X_463_22                      1.000000
X_464_29                      1.000000
X_465_26                      1.000000
X_466_27                      1.000000
X_467_9                       1.000000
X_468_16                      1.000000
X_469_19                      1.000000
X_470_22                      1.000000
X_471_11                      1.000000
X_472_8                       1.000000
X_473_19                      1.000000
X_474_29                      1.000000
X_475_22                      1.000000
X_476_3                       1.000000
X_477_5                       1.000000
X_478_28                      1.000000
X_479_25                      1.000000
X_480_10                      1.000000
X_481_28                      1.000000
X_482_19                      1.000000
X_483_16                      1.000000
X_484_3                       1.000000
X_485_3                       1.000000
X_486_17                      1.000000
X_487_3                       1.000000
X_488_23                      1.000000
X_489_25                      1.000000
X_490_25                      1.000000
X_491_24                      1.000000
X_492_13                      1.000000
X_493_10                      1.000000
X_494_14                      1.000000
X_495_12                      1.000000
X_496_29                      1.000000
X_497_5                       1.000000
X_498_7                       1.000000
X_499_26                      1.000000
X_500_11                      1.000000
All other variables in the range 1-15001 are 0.
