
Log started (V11.0.0) Mon Apr 21 07:45:24 2008

Tried aggregator 1 time.
Reduced MIP has 540 rows, 20001 columns, and 40040 nonzeros.
Presolve time =    0.14 sec.
Clique table members: 500.
MIP emphasis: balance optimality and feasibility.
MIP search method: dynamic search.
Parallel mode: none, using 1 thread.
Root relaxation solution time =    0.81 sec.

        Nodes                                         Cuts/
   Node  Left     Objective  IInf  Best Integer     Best Node    ItCnt     Gap

*     0+    0                        28915.0000      148.6751     1003   99.49%
*     0+    0                          158.0000      148.6751     1003    5.90%
      0     0      149.0000    66      158.0000      Fract: 6     1009    5.70%
*     0+    0                          157.0000      149.0000     1009    5.10%
      0     0      149.0000    70      157.0000     Covers: 3     1027    5.10%
      0     0      149.0000    71      157.0000     Covers: 1     1032    5.10%
*     0+    0                          156.0000      149.0000     1032    4.49%
*     0+    0                          155.0000      149.0000     1032    3.87%
      0     2      149.0000    71      155.0000      149.0000     1032    3.87%
    100    91      151.0000    71      155.0000      149.0000     6626    3.87%
    200   160      151.0000    53      155.0000      149.0000    16847    3.87%
    300   242      151.0000    63      155.0000      149.0000    25881    3.87%
*   400+  311                          154.0000      149.0000    35434    3.25%
*   400+  279                          153.0000      149.0000    35434    2.61%
    400   279      152.0248    77      153.0000      149.0000    35434    2.61%
    500   335      149.0000    68      153.0000      149.0000    53173    2.61%
*   511+  229                          152.0000      149.0000    55805    1.97%
    600   260      151.0000    69      152.0000      149.0000    59200    1.97%
    700   244      151.0000    66      152.0000      149.0000    82533    1.97%
    800   260      151.0000    75      152.0000      149.0000    94676    1.97%
    900   300      150.2973   100      152.0000      149.0000   101724    1.97%
   1000   389      150.0000    72      152.0000      149.0000   108179    1.97%
Elapsed time = 155.26 sec. (tree size =  4.94 MB, solutions = 8)
   1100   484      151.0000    64      152.0000      149.0000   114079    1.97%
   1200   564      151.0000    83      152.0000      149.0000   125090    1.97%
   1300   626      151.0000    71      152.0000      149.0000   141811    1.97%
   1400   701      150.0000   102      152.0000      149.0000   159570    1.97%
   1500   801      150.0000    95      152.0000      149.0000   164065    1.97%
   1600   900      150.0000    99      152.0000      149.0000   170366    1.97%
   1700   984      150.0000    99      152.0000      149.0000   182831    1.97%
   1800  1070      150.0000   189      152.0000      149.0000   192786    1.97%
   1900  1170      150.0000   104      152.0000      149.0000   198219    1.97%
   2000  1259      151.0000    73      152.0000      149.0000   212394    1.97%
Elapsed time = 289.48 sec. (tree size = 19.94 MB, solutions = 8)
   2100  1353      151.0000    93      152.0000      149.0000   221451    1.97%
   2200  1452      150.0000   113      152.0000      149.0000   227460    1.97%
   2300  1532      150.0000    90      152.0000      149.0000   237839    1.97%
   2400  1632      150.0000    98      152.0000      149.0000   242886    1.97%
   2500  1723      151.0000    52      152.0000      149.0000   254030    1.97%
   2600  1820      150.0000   108      152.0000      149.0000   261445    1.97%
   2700  1908      150.0000    98      152.0000      149.0000   270409    1.97%
   2800  2008      150.0000    97      152.0000      149.0000   275283    1.97%
   2900  2100      151.0000   106      152.0000      149.0000   284191    1.97%
   3000  2199      150.0000   107      152.0000      149.0000   289489    1.97%
Elapsed time = 412.08 sec. (tree size = 39.07 MB, solutions = 8)
   3100  2293      150.0000    68      152.0000      149.0000   296299    1.97%
   3200  2385      150.0000    95      152.0000      149.0000   305878    1.97%
*  3211+ 1581                          151.0000      149.0000   306463    1.32%
   3300  1672      150.0000   124      151.0000      149.0000   310934    1.32%
   3400  1759      150.0000   107      151.0000      149.0000   321958    1.32%
   3500  1859      150.0000   125      151.0000      149.0000   329218    1.32%
   3600  1946      150.0000    96      151.0000      149.0000   341603    1.32%
   3700  2037      150.0000   118      151.0000      149.0000   349621    1.32%
   3800  2137      150.0000   138      151.0000      149.0000   355589    1.32%
   3900  2232      150.0000    80      151.0000      149.0000   365247    1.32%
   4000  2327      150.0000   107      151.0000      149.0000   373450    1.32%
Elapsed time = 515.22 sec. (tree size = 45.11 MB, solutions = 9)
   4100  2427      150.0000   103      151.0000      149.0000   378675    1.32%
   4200  2520      150.0000    84      151.0000      149.0000   387538    1.32%
   4300  2609      150.0000    73      151.0000      149.0000   398577    1.32%
   4400  2702      150.0000   108      151.0000      149.0000   406050    1.32%
   4500  2796      150.0000    75      151.0000      149.0000   414658    1.32%
   4600  2896      150.0000    83      151.0000      149.0000   421514    1.32%
   4700  2985      150.0000    75      151.0000      149.0000   433033    1.32%
   4800  3085      150.0000    82      151.0000      149.0000   438137    1.32%
   4900  3181      150.0000    83      151.0000      149.0000   447714    1.32%
   5000  3241      150.0000   100      151.0000      149.0000   476460    1.32%
Elapsed time = 629.55 sec. (tree size = 65.10 MB, solutions = 9)
   5100  3328      150.0000   102      151.0000      149.0000   487965    1.32%
   5200  3421      150.0000   135      151.0000      149.0000   496561    1.32%
   5300  3512      150.0000   111      151.0000      149.0000   505612    1.32%
   5400  3612      150.0000   127      151.0000      149.0000   513684    1.32%
   5500  3697      150.0000   226      151.0000      149.0000   529216    1.32%
   5600  3797      150.0000   124      151.0000      149.0000   533975    1.32%
   5700  3888      150.0000   119      151.0000      149.0000   542636    1.32%
   5800  3986      150.0000   113      151.0000      149.0000   550890    1.32%
   5900  4075      150.0000   132      151.0000      149.0000   561595    1.32%
   6000  4168      150.0000   114      151.0000      149.0000   571439    1.32%
Elapsed time = 734.80 sec. (tree size = 85.89 MB, solutions = 9)
   6100  4268      150.0000   118      151.0000      149.0000   579795    1.32%
   6200  4357      150.0000    95      151.0000      149.0000   591471    1.32%
   6300  4452      150.0000   103      151.0000      149.0000   599495    1.32%
   6400  4552      150.0000   145      151.0000      149.0000   604653    1.32%
   6500  4647      150.0000   117      151.0000      149.0000   612828    1.32%
   6600  4737      150.0000   139      151.0000      149.0000   627479    1.32%
   6700  4832      150.0000    85      151.0000      149.0000   632479    1.32%
   6800  4930      150.0000    92      151.0000      149.0000   641168    1.32%
   6900  5019      150.0000   103      151.0000      149.0000   648744    1.32%
   7000  5119      150.0000    84      151.0000      149.0000   653627    1.32%
Elapsed time = 853.25 sec. (tree size = 107.54 MB, solutions = 9)
   7100  5219      150.0000    97      151.0000      149.0000   657439    1.32%
   7200  5319      150.0000    92      151.0000      149.0000   663204    1.32%
   7300  5408    infeasible            151.0000      149.0000   673963    1.32%
   7400  5507      150.0000   154      151.0000      149.0000   682230    1.32%
   7500  5598      150.0000   124      151.0000      149.0000   691701    1.32%
   7600  5691      150.0000    70      151.0000      149.0000   705135    1.32%
   7700  5791      150.0000   115      151.0000      149.0000   711196    1.32%
   7800  5884      150.0000   135      151.0000      149.0000   719491    1.32%
   7900  5977      150.0000   109      151.0000      149.0000   729902    1.32%
   8000  6072      150.0000   115      151.0000      149.0000   739363    1.32%
Elapsed time = 966.44 sec. (tree size = 130.04 MB, solutions = 9)
Nodefile size =  2.94 MB (2.37 MB after compression)
   8100  6172      150.0000   103      151.0000      149.0000   746363    1.32%
   8200  6261      150.0000   100      151.0000      149.0000   760720    1.32%
   8300  6361      150.0000    93      151.0000      149.0000   764738    1.32%
   8400  6446      150.0000    81      151.0000      149.0000   776599    1.32%
   8500  6546      150.0000    99      151.0000      149.0000   780742    1.32%
   8600  6641      150.0000   130      151.0000      149.0000   788089    1.32%
   8700  6728      150.0000   102      151.0000      149.0000   797883    1.32%
   8800  6828      150.0000   100      151.0000      149.0000   805630    1.32%
   8900  6921      150.0000   119      151.0000      149.0000   815687    1.32%
   9000  7021      150.0000   125      151.0000      149.0000   822002    1.32%
Elapsed time = 1089.67 sec. (tree size = 152.30 MB, solutions = 9)
Nodefile size = 24.66 MB (20.09 MB after compression)
   9100  7116      150.0000   111      151.0000      149.0000   828690    1.32%
   9200  7207      150.0000   125      151.0000      149.0000   841056    1.32%
   9300  7302      149.1051   308      151.0000      149.0000   853310    1.32%
   9400  7402      150.0000    85      151.0000      149.0000   856590    1.32%
   9500  7502      150.0000   107      151.0000      149.0000   864350    1.32%
   9600  7595      150.0000   122      151.0000      149.0000   875123    1.32%
   9700  7686      150.0000   111      151.0000      149.0000   887581    1.32%
   9800  7779      150.0000    97      151.0000      149.0000   897501    1.32%
   9900  7879      150.0000    90      151.0000      149.0000   904944    1.32%
  10000  7966      150.0000   225      151.0000      149.0000   922656    1.32%
Elapsed time = 1217.03 sec. (tree size = 175.33 MB, solutions = 9)
Nodefile size = 47.40 MB (38.81 MB after compression)
  10100  8066      150.0000   110      151.0000      149.0000   928209    1.32%
  10200  8157      150.0000   113      151.0000      149.0000   940932    1.32%
  10300  8244      150.0000   156      151.0000      149.0000   954374    1.32%
  10400  8344      150.0000   153      151.0000      149.0000   959408    1.32%
  10500  8429      150.0000   129      151.0000      149.0000   970716    1.32%
  10600  8524      150.0000   112      151.0000      149.0000   980401    1.32%
  10700  8624      150.0000   121      151.0000      149.0000   987325    1.32%
  10800  8703      150.0000    79      151.0000      149.0000  1006099    1.32%
  10900  8797      150.0000   159      151.0000      149.0000  1014241    1.32%
  11000  8892      150.0000   138      151.0000      149.0000  1021389    1.32%
Elapsed time = 1363.39 sec. (tree size = 198.46 MB, solutions = 9)
Nodefile size = 71.11 MB (58.44 MB after compression)
  11100  8985      150.0000   100      151.0000      149.0000  1029787    1.32%
  11200  9080      150.0000   214      151.0000      149.0000  1039511    1.32%
  11300  9180      150.0000   121      151.0000      149.0000  1044336    1.32%
  11400  9280      150.0000    97      151.0000      149.0000  1052848    1.32%
  11500  9365      150.0000   109      151.0000      149.0000  1063197    1.32%
  11600  9463      150.0000   130      151.0000      149.0000  1071317    1.32%
  11700  9554      150.0000   125      151.0000      149.0000  1079117    1.32%
  11800  9649      150.0000   106      151.0000      149.0000  1088289    1.32%
  11900  9740      150.0000   130      151.0000      149.0000  1099333    1.32%
  12000  9840      150.0000   139      151.0000      149.0000  1107217    1.32%
Elapsed time = 1525.28 sec. (tree size = 222.45 MB, solutions = 9)
Nodefile size = 94.89 MB (78.15 MB after compression)
  12100  9921      150.0000   166      151.0000      149.0000  1122888    1.32%
  12200 10021      150.0000   128      151.0000      149.0000  1127727    1.32%
  12300 10116      150.0000    76      151.0000      149.0000  1134668    1.32%
  12400 10216      150.0000    98      151.0000      149.0000  1141460    1.32%
  12500 10311      150.0000   140      151.0000      149.0000  1151479    1.32%
  12600 10406      150.0000    95      151.0000      149.0000  1160201    1.32%
  12700 10506      150.0000   110      151.0000      149.0000  1167634    1.32%
  12800 10601      150.0000   123      151.0000      149.0000  1177122    1.32%
  12900 10692      150.0000   102      151.0000      149.0000  1189316    1.32%
  13000 10792      150.0000   155      151.0000      149.0000  1196210    1.32%
Elapsed time = 1649.48 sec. (tree size = 246.46 MB, solutions = 9)
Nodefile size = 118.58 MB (97.84 MB after compression)
  13100 10885      150.0000    97      151.0000      149.0000  1203387    1.32%
  13200 10983      150.0000    90      151.0000      149.0000  1212016    1.32%
  13300 11078      150.0000   108      151.0000      149.0000  1219041    1.32%
  13400 11178      150.0000   116      151.0000      149.0000  1225935    1.32%
  13500 11269      150.0000   101      151.0000      149.0000  1235480    1.32%
  13600 11369      150.0000   134      151.0000      149.0000  1240727    1.32%
  13700 11464      150.0000   101      151.0000      149.0000  1248980    1.32%
  13800 11559      150.0000   109      151.0000      149.0000  1257275    1.32%
  13900 11652      150.0000   118      151.0000      149.0000  1266657    1.32%
  14000 11752      150.0000   127      151.0000      149.0000  1272690    1.32%
Elapsed time = 1769.06 sec. (tree size = 271.14 MB, solutions = 9)
Nodefile size = 143.30 MB (118.34 MB after compression)
  14100 11847      150.0000   129      151.0000      149.0000  1283248    1.32%
  14200 11947      150.0000   140      151.0000      149.0000  1289310    1.32%
  14300 12036      150.0000   114      151.0000      149.0000  1297309    1.32%
  14400 12131      150.0000   106      151.0000      149.0000  1306618    1.32%
  14500 12231      150.0000   113      151.0000      149.0000  1311747    1.32%
  14600 12316      150.0000   105      151.0000      149.0000  1324901    1.32%
  14700 12416      150.0000   113      151.0000      149.0000  1331801    1.32%
  14800 12507      150.0000   114      151.0000      149.0000  1343961    1.32%
  14900 12607      150.0000   117      151.0000      149.0000  1349857    1.32%
  15000 12692      150.0000   114      151.0000      149.0000  1367748    1.32%
Elapsed time = 1890.73 sec. (tree size = 295.42 MB, solutions = 9)
Nodefile size = 167.97 MB (138.96 MB after compression)
  15100 12792      150.0000   125      151.0000      149.0000  1372503    1.32%
  15200 12877      150.0000   101      151.0000      149.0000  1384362    1.32%
  15300 12972      150.0000   237      151.0000      149.0000  1394479    1.32%
  15400 13072      150.0000   133      151.0000      149.0000  1402183    1.32%
  15500 13155      150.0000   128      151.0000      149.0000  1420062    1.32%
  15600 13255      150.0000   134      151.0000      149.0000  1425483    1.32%
  15700 13350      150.0000   125      151.0000      149.0000  1435549    1.32%
  15800 13445      150.0000   120      151.0000      149.0000  1445822    1.32%
  15900 13545      150.0000   117      151.0000      149.0000  1452360    1.32%
  16000 13640      150.0000    92      151.0000      149.0000  1459715    1.32%
Elapsed time = 2016.51 sec. (tree size = 319.99 MB, solutions = 9)
Nodefile size = 192.66 MB (159.58 MB after compression)
  16100 13740      150.0000   105      151.0000      149.0000  1465563    1.32%
  16200 13825      150.0000   110      151.0000      149.0000  1480327    1.32%
  16300 13925      150.0000   108      151.0000      149.0000  1485168    1.32%
  16400 14020      150.0000    98      151.0000      149.0097  1495433    1.32%
  16500 14120      150.0000   120      151.0000      149.0097  1503505    1.32%
  16600 14213      150.0000   100      151.0000      149.0185  1511204    1.31%
  16700 14313      150.0000    87      151.0000      149.0185  1520191    1.31%
  16800 14404      150.0000   152      151.0000      149.0218  1530136    1.31%
  16900 14504      150.0000   136      151.0000      149.0218  1542941    1.31%
  17000 14593      150.0000   120      151.0000      149.0228  1553354    1.31%
Elapsed time = 2147.75 sec. (tree size = 345.17 MB, solutions = 9)
Nodefile size = 217.32 MB (180.09 MB after compression)
  17100 14688      150.0000   128      151.0000      150.0000  1560888    0.66%
  17200 14780      150.0000   115      151.0000      150.0000  1573684    0.66%
  17300 14880      150.0000    98      151.0000      150.0000  1578785    0.66%
  17400 14970      150.0000   129      151.0000      150.0000  1590262    0.66%
  17500 15070      150.0000   124      151.0000      150.0000  1597769    0.66%
  17600 15162      150.0000    99      151.0000      150.0000  1609042    0.66%
  17700 15260      150.0000   173      151.0000      150.0000  1617363    0.66%
  17800 15356      150.0000   100      151.0000      150.0000  1624138    0.66%
  17900 15450      150.0000   123      151.0000      150.0000  1631799    0.66%
  18000 15544      150.0000   110      151.0000      150.0000  1641112    0.66%
Elapsed time = 2256.91 sec. (tree size = 370.65 MB, solutions = 9)
Nodefile size = 242.96 MB (201.51 MB after compression)
  18100 15644      150.0000   111      151.0000      150.0000  1647335    0.66%
  18200 15732      150.0000   123      151.0000      150.0000  1659022    0.66%
  18300 15832      150.0000    87      151.0000      150.0000  1665077    0.66%
  18400 15928      150.0000   101      151.0000      150.0000  1673245    0.66%
  18500 16022      150.0000   113      151.0000      150.0000  1681379    0.66%
  18600 16112      150.0000   109      151.0000      150.0000  1691849    0.66%
  18700 16212      150.0000   100      151.0000      150.0000  1699462    0.66%
  18800 16308      150.0000   100      151.0000      150.0000  1710527    0.66%
  18900 16408      150.0000   112      151.0000      150.0000  1716999    0.66%
  19000 16504      150.0000   114      151.0000      150.0000  1725617    0.66%
Elapsed time = 2376.13 sec. (tree size = 397.56 MB, solutions = 9)
Nodefile size = 269.65 MB (223.92 MB after compression)
  19100 16598      150.0000   118      151.0000      150.0000  1734872    0.66%
  19200 16686      150.0000   120      151.0000      150.0000  1745468    0.66%
  19300 16786      150.0000    68      151.0000      150.0000  1751950    0.66%
  19400 16884      150.0000   113      151.0000      150.0000  1763372    0.66%
  19500 16972      150.0000    98      151.0000      150.0000  1772374    0.66%
  19600 17072      150.0000    95      151.0000      150.0000  1777989    0.66%
  19700 17168      150.0000   123      151.0000      150.0000  1784971    0.66%
  19800 17268      150.0000   129      151.0000      150.0000  1790689    0.66%
  19900 17362      150.0000    87      151.0000      150.0000  1799184    0.66%
  20000 17458      150.0000   105      151.0000      150.0000  1808129    0.66%
Elapsed time = 2504.11 sec. (tree size = 425.80 MB, solutions = 9)
Nodefile size = 298.24 MB (248.11 MB after compression)
  20100 17544      150.0000   131      151.0000      150.0000  1828469    0.66%
  20200 17644      150.0000   139      151.0000      150.0000  1833902    0.66%
  20300 17736      150.0000   140      151.0000      150.0000  1846103    0.66%
  20400 17830      150.0000   129      151.0000      150.0000  1857340    0.66%
  20500 17930      150.0000   114      151.0000      150.0000  1865073    0.66%
  20600 18016      150.0000    93      151.0000      150.0000  1876436    0.66%
  20700 18116      150.0000   129      151.0000      150.0000  1883189    0.66%
  20800 18208      150.0000   106      151.0000      150.0000  1892301    0.66%
  20900 18304      150.0000   102      151.0000      150.0000  1898966    0.66%
  21000 18396      150.0000   112      151.0000      150.0000  1909222    0.66%
Elapsed time = 2676.30 sec. (tree size = 454.73 MB, solutions = 9)
Nodefile size = 326.77 MB (272.59 MB after compression)
  21100 18496      150.0000   112      151.0000      150.0000  1915645    0.66%
  21200 18590      150.0000   239      151.0000      150.0000  1930527    0.66%
  21300 18680      150.0000   149      151.0000      150.0000  1947681    0.66%
  21400 18780      150.0000   143      151.0000      150.0000  1954358    0.66%
  21500 18874      150.0000   139      151.0000      150.0000  1964625    0.66%
  21600 18966      150.0000   135      151.0000      150.0000  1977890    0.66%
  21700 19060      150.0000   174      151.0000      150.0000  1988443    0.66%
  21800 19160      150.0000   110      151.0000      150.0000  1994383    0.66%
  21900 19256      150.0000   117      151.0000      150.0000  2003127    0.66%
  22000 19352      150.0000    91      151.0000      150.0000  2012662    0.66%
Elapsed time = 2841.16 sec. (tree size = 486.15 MB, solutions = 9)
Nodefile size = 358.34 MB (299.95 MB after compression)
  22100 19452      150.0000    98      151.0000      150.0000  2021160    0.66%
  22200 19540      150.0000   152      151.0000      150.0000  2033290    0.66%
  22300 19632      150.0000   161      151.0000      150.0000  2044581    0.66%
  22400 19726      150.0000   156      151.0000      150.0000  2055785    0.66%
  22500 19826      150.0000   139      151.0000      150.0000  2062478    0.66%
  22600 19920      150.0000   147      151.0000      150.0000  2074736    0.66%
  22700 20008      150.0000   105      151.0000      150.0000  2087988    0.66%
  22800 20108      150.0000   131      151.0000      150.0000  2093828    0.66%
  22900 20204      150.0000   126      151.0000      150.0000  2103485    0.66%
  23000 20298      150.0000   170      151.0000      150.0000  2117780    0.66%
Elapsed time = 3040.05 sec. (tree size = 518.71 MB, solutions = 9)
Nodefile size = 390.82 MB (327.88 MB after compression)
  23100 20394      150.0000   193      151.0000      150.0000  2130817    0.66%
  23200 20494      150.0000   138      151.0000      150.0000  2141398    0.66%
  23300 20588      150.0000   108      151.0000      150.0000  2153287    0.66%
  23400 20684      150.0000   116      151.0000      150.0000  2162258    0.66%
  23500 20778      150.0000   111      151.0000      150.0000  2174115    0.66%
  23600 20876    infeasible            151.0000      150.0000  2183912    0.66%
  23700 20974      150.0000   102      151.0000      150.0000  2192098    0.66%
  23800 21074      150.0000    99      151.0000      150.0000  2200455    0.66%
  23900 21168      150.0000   119      151.0000      150.0000  2211235    0.66%
  24000 21266      150.0000   165      151.0000      150.0000  2219490    0.66%
Elapsed time = 3234.75 sec. (tree size = 553.73 MB, solutions = 9)
Nodefile size = 426.21 MB (358.86 MB after compression)
  24100 21362      150.0000   117      151.0000      150.0000  2227884    0.66%
  24200 21456      150.0000   121      151.0000      150.0000  2238930    0.66%
  24300 21548      150.0000   112      151.0000      150.0000  2252296    0.66%
  24400 21648      150.0000   136      151.0000      150.0000  2260675    0.66%
  24500 21734      150.0000   118      151.0000      150.0000  2273573    0.66%
  24600 21830    infeasible            151.0000      150.0000  2281321    0.66%
  24700 21928      150.0000   128      151.0000      150.0000  2288312    0.66%
  24800 22022      150.0000   110      151.0000      150.0000  2296356    0.66%
  24900 22122      150.0000   103      151.0000      150.0000  2302149    0.66%
  25000 22218      150.0000    90      151.0000      150.0000  2313260    0.66%
Elapsed time = 3411.55 sec. (tree size = 590.20 MB, solutions = 9)
Nodefile size = 462.55 MB (391.08 MB after compression)
  25100 22318      150.0000    91      151.0000      150.0000  2321311    0.66%
  25200 22408      150.0000   137      151.0000      150.0000  2334295    0.66%
  25300 22508      150.0000   119      151.0000      150.0000  2341186    0.66%
  25400 22604      150.0000   113      151.0000      150.0000  2350711    0.66%
  25500 22700      150.0000   130      151.0000      150.0000  2358921    0.66%
  25600 22796      150.0000   123      151.0000      150.0000  2369581    0.66%
  25700 22882      150.0000   146      151.0000      150.0000  2390311    0.66%
  25800 22982      150.0000   231      151.0000      150.0000  2399659    0.66%
  25900 23078      150.0000   108      151.0000      150.0000  2408857    0.66%
  26000 23170      150.0000   125      151.0000      150.0000  2420058    0.66%
Elapsed time = 3616.42 sec. (tree size = 628.15 MB, solutions = 9)
Nodefile size = 500.79 MB (425.07 MB after compression)
  26100 23270      150.0000   139      151.0000      150.0000  2429191    0.66%
  26200 23362      150.0000   108      151.0000      150.0000  2439816    0.66%
  26300 23456      150.0000   138      151.0000      150.0000  2452556    0.66%
  26400 23548      150.0000   116      151.0000      150.0000  2462663    0.66%
  26500 23642      150.0000   125      151.0000      150.0000  2472251    0.66%
  26600 23742      150.0000   103      151.0000      150.0000  2479299    0.66%
  26700 23832      150.0000   129      151.0000      150.0000  2492152    0.66%
  26800 23932      150.0000   151      151.0000      150.0000  2499902    0.66%
  26900 24024      150.0000   108      151.0000      150.0000  2509516    0.66%
  27000 24118      150.0000   148      151.0000      150.0000  2528092    0.66%
Elapsed time = 3826.94 sec. (tree size = 667.59 MB, solutions = 9)
Nodefile size = 540.00 MB (460.18 MB after compression)
  27100 24206      150.0000   141      151.0000      150.0000  2544127    0.66%
  27200 24298      150.0000   105      151.0000      150.0000  2558552    0.66%
  27300 24392      150.0000   106      151.0000      150.0000  2567934    0.66%
  27400 24492      150.0000    92      151.0000      150.0000  2574501    0.66%
  27500 24582      150.0000   119      151.0000      150.0000  2586914    0.66%
  27600 24676      150.0000   139      151.0000      150.0000  2597535    0.66%
  27700 24770      150.0000   101      151.0000      150.0000  2611634    0.66%
  27800 24870      150.0000   109      151.0000      150.0000  2619312    0.66%
  27900 24962      150.0000   159      151.0000      150.0000  2633318    0.66%
  28000 25062      150.0000   137      151.0000      150.0000  2639433    0.66%
Elapsed time = 4062.13 sec. (tree size = 708.78 MB, solutions = 9)
Nodefile size = 581.11 MB (496.55 MB after compression)
  28100 25156      150.0000   117      151.0000      150.0000  2649689    0.66%
  28200 25252      150.0000   320      151.0000      150.0000  2659791    0.66%
  28300 25348      150.0000   101      151.0000      150.0000  2678132    0.66%
  28400 25448      150.0000   133      151.0000      150.0000  2688584    0.66%
  28500 25538      150.0000   123      151.0000      150.0000  2698556    0.66%
  28600 25634      150.0000   111      151.0000      150.0000  2706593    0.66%
  28700 25724      150.0000   145      151.0000      150.0000  2719705    0.66%
  28800 25824      150.0000   120      151.0000      150.0000  2726584    0.66%
  28900 25918      150.0000   215      151.0000      150.0000  2743405    0.66%
  29000 26000      150.0000   109      151.0000      150.0000  2773554    0.66%
Elapsed time = 4341.76 sec. (tree size = 750.69 MB, solutions = 9)
Nodefile size = 623.34 MB (534.46 MB after compression)
  29100 26094      150.0000   149      151.0000      150.0000  2785717    0.66%
  29200 26190      150.0000   115      151.0000      150.0000  2794185    0.66%
  29300 26284      150.0000   148      151.0000      150.0000  2806804    0.66%
  29400 26378      150.0000   150      151.0000      150.0000  2821660    0.66%
  29500 26472      150.0000   149      151.0000      150.0000  2838332    0.66%
  29600 26560    infeasible            151.0000      150.0000  2851765    0.66%
  29700 26642      150.0000   114      151.0000      150.0000  2889048    0.66%
  29800 26728      150.0000   159      151.0000      150.0000  2904262    0.66%
  29900 26822      150.0000   124      151.0000      150.0000  2912446    0.66%
  30000 26918      150.0000   122      151.0000      150.0000  2920849    0.66%
Elapsed time = 4654.45 sec. (tree size = 791.47 MB, solutions = 9)
Nodefile size = 663.60 MB (570.48 MB after compression)
  30100 27012      150.0000   121      151.0000      150.0000  2929975    0.66%
  30200 27112      150.0000   121      151.0000      150.0000  2937782    0.66%
  30300 27212      150.0000   107      151.0000      150.0000  2947868    0.66%
  30400 27302      150.0000   163      151.0000      150.0000  2958662    0.66%
  30500 27396      150.0000   110      151.0000      150.0000  2968155    0.66%
  30600 27492      150.0000   120      151.0000      150.0000  2977206    0.66%
  30700 27586      150.0000   125      151.0000      150.0000  2990280    0.66%
  30800 27680      150.0000   131      151.0000      150.0000  3001239    0.66%
  30900 27770      150.0000   104      151.0000      150.0000  3014975    0.66%
  31000 27870      150.0000   132      151.0000      150.0000  3022745    0.66%
Elapsed time = 4872.95 sec. (tree size = 834.28 MB, solutions = 9)
Nodefile size = 706.83 MB (609.12 MB after compression)
  31100 27962      150.0000   128      151.0000      150.0000  3032903    0.66%
  31200 28058      150.0000   124      151.0000      150.0000  3044587    0.66%
  31300 28150      150.0000   139      151.0000      150.0000  3061725    0.66%
  31400 28246      150.0000   125      151.0000      150.0000  3070741    0.66%
  31500 28342      150.0000   141      151.0000      150.0000  3078747    0.66%
  31600 28438      150.0000   114      151.0000      150.0000  3088989    0.66%
  31700 28538      150.0000   117      151.0000      150.0000  3098109    0.66%
  31800 28624      150.0000   130      151.0000      150.0000  3113128    0.66%
  31900 28720      150.0000   143      151.0000      150.0000  3123149    0.66%
  32000 28810      150.0000   138      151.0000      150.0000  3141642    0.66%
Elapsed time = 5124.70 sec. (tree size = 876.70 MB, solutions = 9)
Nodefile size = 749.16 MB (646.97 MB after compression)
  32100 28910      150.0000   126      151.0000      150.0000  3148673    0.66%
  32200 29004      150.0000   120      151.0000      150.0000  3158931    0.66%
  32300 29096      150.0000   173      151.0000      150.0000  3175273    0.66%
  32400 29190      150.0000   135      151.0000      150.0000  3184082    0.66%
  32500 29262      150.0000   159      151.0000      150.0000  3216796    0.66%
  32600 29362      150.0000   142      151.0000      150.0000  3223031    0.66%
  32700 29456      150.0000   126      151.0000      150.0000  3233945    0.66%
  32800 29551      150.0000   129      151.0000      150.0000  3242992    0.66%
  32900 29647      150.0000   124      151.0000      150.0000  3251538    0.66%
  33000 29747      150.0000   125      151.0000      150.0000  3258962    0.66%
Elapsed time = 5368.20 sec. (tree size = 918.93 MB, solutions = 9)
Nodefile size = 791.50 MB (684.89 MB after compression)
  33100 29839      150.0000   137      151.0000      150.0000  3270308    0.66%
  33200 29931      150.0000   175      151.0000      150.0000  3283777    0.66%
  33300 30023      150.0000   132      151.0000      150.0000  3292610    0.66%
  33400 30105      150.0000   122      151.0000      150.0000  3307673    0.66%
  33500 30183      150.0000   109      151.0000      150.0000  3325533    0.66%
  33600 30271      150.0000    93      151.0000      150.0000  3338671    0.66%
  33700 30359      150.0000   116      151.0000      150.0000  3361456    0.66%
  33800 30439      150.0000   150      151.0000      150.0000  3405636    0.66%
  33900 30535      150.0000   134      151.0000      150.0000  3416371    0.66%
  34000 30629      150.0000   126      151.0000      150.0000  3430518    0.66%
Elapsed time = 5734.22 sec. (tree size = 958.90 MB, solutions = 9)
Nodefile size = 831.85 MB (721.10 MB after compression)
  34100 30721      150.0000   127      151.0000      150.0000  3442903    0.66%
  34200 30815      150.0000   109      151.0000      150.0000  3453891    0.66%
  34300 30901    infeasible            151.0000      150.0000  3467211    0.66%
  34400 30991      150.0000   110      151.0000      150.0000  3494236    0.66%
  34500 31091      150.0000   144      151.0000      150.0000  3501081    0.66%
  34600 31181      150.0000   117      151.0000      150.0000  3511807    0.66%
  34700 31281      150.0000   132      151.0000      150.0000  3520864    0.66%
  34800 31377      150.0000   115      151.0000      150.0000  3530037    0.66%
  34900 31471      150.0000   175      151.0000      150.0000  3541737    0.66%
  35000 31567    infeasible            151.0000      150.0000  3553209    0.66%
Elapsed time = 6018.58 sec. (tree size = 1000.92 MB, solutions = 9)
Nodefile size = 873.20 MB (758.00 MB after compression)
  35100 31667      150.0000   172      151.0000      150.0000  3563274    0.66%
  35200 31751      150.0000   140      151.0000      150.0000  3582219    0.66%
  35300 31849    infeasible            151.0000      150.0000  3592954    0.66%
  35400 31895      150.0000   164      151.0000      150.0000  3697427    0.66%
  35500 31981      150.0000   108      151.0000      150.0000  3720612    0.66%
  35600 32081      150.0000    97      151.0000      150.0000  3727875    0.66%
  35700 32177      150.0000   106      151.0000      150.0000  3738678    0.66%
  35800 32273      150.0000   110      151.0000      150.0000  3746326    0.66%
  35900 32369    infeasible            151.0000      150.0000  3753038    0.66%
  36000 32462      150.0000   145      151.0000      150.0000  3769833    0.66%
Elapsed time = 6459.25 sec. (tree size = 1041.55 MB, solutions = 9)
Nodefile size = 914.52 MB (794.75 MB after compression)
  36100 32562      150.0000   146      151.0000      150.0000  3778014    0.66%
  36200 32654      150.0000   125      151.0000      150.0000  3789669    0.66%
  36300 32738      150.0000   165      151.0000      150.0000  3828053    0.66%
  36400 32834      150.0000   106      151.0000      150.0000  3838296    0.66%
  36500 32928    infeasible            151.0000      150.0000  3848403    0.66%
  36600 33018      150.0000   125      151.0000      150.0000  3868964    0.66%
  36700 33110      150.0000   103      151.0000      150.0000  3888805    0.66%
  36800 33210      150.0000   115      151.0000      150.0000  3898331    0.66%
  36900 33304      150.0000   139      151.0000      150.0000  3907387    0.66%
  37000 33396      150.0000   101      151.0000      150.0000  3916230    0.66%
Elapsed time = 6782.70 sec. (tree size = 1083.80 MB, solutions = 9)
Nodefile size = 955.87 MB (831.79 MB after compression)
  37100 33490      150.0000   138      151.0000      150.0000  3926362    0.66%
  37200 33590      150.0000   113      151.0000      150.0000  3936428    0.66%
  37300 33686      150.0000   123      151.0000      150.0000  3946211    0.66%
  37400 33772      150.0000   148      151.0000      150.0000  3969799    0.66%
  37500 33864      150.0000   296      151.0000      150.0000  3984197    0.66%
  37600 33956      150.0000   122      151.0000      150.0000  3997678    0.66%
  37700 34048      150.0000   131      151.0000      150.0000  4011740    0.66%
  37800 34144      150.0000   131      151.0000      150.0000  4022251    0.66%
  37900 34244      150.0000    95      151.0000      150.0000  4030472    0.66%
  38000 34336      150.0000   117      151.0000      150.0000  4045517    0.66%
Elapsed time = 7052.33 sec. (tree size = 1126.18 MB, solutions = 9)
Nodefile size = 999.15 MB (870.74 MB after compression)
  38100 34436      150.0000   124      151.0000      150.0000  4051963    0.66%
  38200 34530      150.0000   139      151.0000      150.0000  4061108    0.66%
  38300 34622      150.0000   129      151.0000      150.0000  4079366    0.66%
  38400 34722      150.0000   116      151.0000      150.0000  4088573    0.66%
  38500 34808      150.0000   107      151.0000      150.0000  4109387    0.66%

Cover cuts applied:  2685
Gomory fractional cuts applied:  15

Solution pool: 9 solutions saved.

MIP - Time limit exceeded, integer feasible:  Objective = 1.5100000000e+002
Current MIP best bound = 1.5000000000e+002 (gap = 1, 0.66%)
Solution time = 7202.23 sec.  Iterations = 4117394  Nodes = 38595 (34898)


Incumbent solution
Variable Name           Solution Value
Cmax                        151.000000
X_1_7                         1.000000
X_2_36                        1.000000
X_3_32                        1.000000
X_4_37                        1.000000
X_5_14                        1.000000
X_6_21                        1.000000
X_7_2                         1.000000
X_8_22                        1.000000
X_9_8                         1.000000
X_10_36                       1.000000
X_11_25                       1.000000
X_12_34                       1.000000
X_13_20                       1.000000
X_14_30                       1.000000
X_15_37                       1.000000
X_16_10                       1.000000
X_17_9                        1.000000
X_18_4                        1.000000
X_19_8                        1.000000
X_20_1                        1.000000
X_21_33                       1.000000
X_22_11                       1.000000
X_23_34                       1.000000
X_24_20                       1.000000
X_25_40                       1.000000
X_26_33                       1.000000
X_27_36                       1.000000
X_28_32                       1.000000
X_29_20                       1.000000
X_30_31                       1.000000
X_31_35                       1.000000
X_32_38                       1.000000
X_33_33                       1.000000
X_34_4                        1.000000
X_35_38                       1.000000
X_36_39                       1.000000
X_37_15                       1.000000
X_38_9                        1.000000
X_39_1                        1.000000
X_40_33                       1.000000
X_41_29                       1.000000
X_42_12                       1.000000
X_43_27                       1.000000
X_44_3                        1.000000
X_45_19                       1.000000
X_46_32                       1.000000
X_47_38                       1.000000
X_48_40                       1.000000
X_49_4                        1.000000
X_50_1                        1.000000
X_51_9                        1.000000
X_52_29                       1.000000
X_53_32                       1.000000
X_54_5                        1.000000
X_55_31                       1.000000
X_56_39                       1.000000
X_57_30                       1.000000
X_58_14                       1.000000
X_59_27                       1.000000
X_60_2                        1.000000
X_61_23                       1.000000
X_62_16                       1.000000
X_63_5                        1.000000
X_64_18                       1.000000
X_65_38                       1.000000
X_66_22                       1.000000
X_67_11                       1.000000
X_68_19                       1.000000
X_69_8                        1.000000
X_70_35                       1.000000
X_71_28                       1.000000
X_72_6                        1.000000
X_73_29                       1.000000
X_74_12                       1.000000
X_75_1                        1.000000
X_76_15                       1.000000
X_77_11                       1.000000
X_78_11                       1.000000
X_79_8                        1.000000
X_80_35                       1.000000
X_81_9                        1.000000
X_82_36                       1.000000
X_83_35                       1.000000
X_84_23                       1.000000
X_85_7                        1.000000
X_86_2                        1.000000
X_87_38                       1.000000
X_88_40                       1.000000
X_89_29                       1.000000
X_90_23                       1.000000
X_91_1                        1.000000
X_92_8                        1.000000
X_93_21                       1.000000
X_94_38                       1.000000
X_95_34                       1.000000
X_96_19                       1.000000
X_97_7                        1.000000
X_98_5                        1.000000
X_99_6                        1.000000
X_100_6                       1.000000
X_101_38                      1.000000
X_102_37                      1.000000
X_103_21                      1.000000
X_104_5                       1.000000
X_105_3                       1.000000
X_106_22                      1.000000
X_107_13                      1.000000
X_108_11                      1.000000
X_109_3                       1.000000
X_110_7                       1.000000
X_111_35                      1.000000
X_112_23                      1.000000
X_113_13                      1.000000
X_114_5                       1.000000
X_115_31                      1.000000
X_116_4                       1.000000
X_117_36                      1.000000
X_118_25                      1.000000
X_119_36                      1.000000
X_120_32                      1.000000
X_121_1                       1.000000
X_122_8                       1.000000
X_123_3                       1.000000
X_124_31                      1.000000
X_125_16                      1.000000
X_126_21                      1.000000
X_127_36                      1.000000
X_128_40                      1.000000
X_129_19                      1.000000
X_130_11                      1.000000
X_131_15                      1.000000
X_132_1                       1.000000
X_133_12                      1.000000
X_134_40                      1.000000
X_135_5                       1.000000
X_136_35                      1.000000
X_137_2                       1.000000
X_138_15                      1.000000
X_139_13                      1.000000
X_140_39                      1.000000
X_141_31                      1.000000
X_142_22                      1.000000
X_143_35                      1.000000
X_144_1                       1.000000
X_145_25                      1.000000
X_146_34                      1.000000
X_147_23                      1.000000
X_148_2                       1.000000
X_149_16                      1.000000
X_150_39                      1.000000
X_151_16                      1.000000
X_152_22                      1.000000
X_153_33                      1.000000
X_154_9                       1.000000
X_155_25                      1.000000
X_156_8                       1.000000
X_157_28                      1.000000
X_158_36                      1.000000
X_159_29                      1.000000
X_160_27                      1.000000
X_161_9                       1.000000
X_162_37                      1.000000
X_163_15                      1.000000
X_164_28                      1.000000
X_165_28                      1.000000
X_166_29                      1.000000
X_167_18                      1.000000
X_168_15                      1.000000
X_169_23                      1.000000
X_170_9                       1.000000
X_171_24                      1.000000
X_172_24                      1.000000
X_173_9                       1.000000
X_174_36                      1.000000
X_175_14                      1.000000
X_176_12                      1.000000
X_177_22                      1.000000
X_178_7                       1.000000
X_179_16                      1.000000
X_180_31                      1.000000
X_181_25                      1.000000
X_182_40                      1.000000
X_183_12                      1.000000
X_184_28                      1.000000
X_185_20                      1.000000
X_186_18                      1.000000
X_187_14                      1.000000
X_188_36                      1.000000
X_189_11                      1.000000
X_190_25                      1.000000
X_191_30                      1.000000
X_192_34                      1.000000
X_193_21                      1.000000
X_194_17                      1.000000
X_195_10                      1.000000
X_196_13                      1.000000
X_197_10                      1.000000
X_198_4                       1.000000
X_199_24                      1.000000
X_200_11                      1.000000
X_201_6                       1.000000
X_202_40                      1.000000
X_203_20                      1.000000
X_204_38                      1.000000
X_205_23                      1.000000
X_206_17                      1.000000
X_207_29                      1.000000
X_208_28                      1.000000
X_209_19                      1.000000
X_210_35                      1.000000
X_211_39                      1.000000
X_212_23                      1.000000
X_213_2                       1.000000
X_214_12                      1.000000
X_215_35                      1.000000
X_216_26                      1.000000
X_217_17                      1.000000
X_218_23                      1.000000
X_219_13                      1.000000
X_220_13                      1.000000
X_221_30                      1.000000
X_222_26                      1.000000
X_223_18                      1.000000
X_224_18                      1.000000
X_225_28                      1.000000
X_226_6                       1.000000
X_227_28                      1.000000
X_228_24                      1.000000
X_229_31                      1.000000
X_230_11                      1.000000
X_231_22                      1.000000
X_232_3                       1.000000
X_233_26                      1.000000
X_234_31                      1.000000
X_235_24                      1.000000
X_236_32                      1.000000
X_237_7                       1.000000
X_238_39                      1.000000
X_239_37                      1.000000
X_240_29                      1.000000
X_241_28                      1.000000
X_242_14                      1.000000
X_243_4                       1.000000
X_244_2                       1.000000
X_245_24                      1.000000
X_246_13                      1.000000
X_247_33                      1.000000
X_248_2                       1.000000
X_249_4                       1.000000
X_250_3                       1.000000
X_251_10                      1.000000
X_252_4                       1.000000
X_253_8                       1.000000
X_254_13                      1.000000
X_255_15                      1.000000
X_256_10                      1.000000
X_257_24                      1.000000
X_258_4                       1.000000
X_259_38                      1.000000
X_260_18                      1.000000
X_261_20                      1.000000
X_262_23                      1.000000
X_263_1                       1.000000
X_264_6                       1.000000
X_265_10                      1.000000
X_266_27                      1.000000
X_267_39                      1.000000
X_268_22                      1.000000
X_269_30                      1.000000
X_270_1                       1.000000
X_271_26                      1.000000
X_272_18                      1.000000
X_273_13                      1.000000
X_274_39                      1.000000
X_275_15                      1.000000
X_276_27                      1.000000
X_277_13                      1.000000
X_278_5                       1.000000
X_279_27                      1.000000
X_280_23                      1.000000
X_281_29                      1.000000
X_282_3                       1.000000
X_283_5                       1.000000
X_284_34                      1.000000
X_285_34                      1.000000
X_286_37                      1.000000
X_287_33                      1.000000
X_288_30                      1.000000
X_289_20                      1.000000
X_290_22                      1.000000
X_291_2                       1.000000
X_292_39                      1.000000
X_293_15                      1.000000
X_294_14                      1.000000
X_295_4                       1.000000
X_296_30                      1.000000
X_297_37                      1.000000
X_298_22                      1.000000
X_299_15                      1.000000
X_300_33                      1.000000
X_301_33                      1.000000
X_302_40                      1.000000
X_303_21                      1.000000
X_304_14                      1.000000
X_305_35                      1.000000
X_306_1                       1.000000
X_307_9                       1.000000
X_308_17                      1.000000
X_309_35                      1.000000
X_310_1                       1.000000
X_311_27                      1.000000
X_312_17                      1.000000
X_313_4                       1.000000
X_314_10                      1.000000
X_315_25                      1.000000
X_316_19                      1.000000
X_317_30                      1.000000
X_318_14                      1.000000
X_319_28                      1.000000
X_320_16                      1.000000
X_321_23                      1.000000
X_322_37                      1.000000
X_323_35                      1.000000
X_324_30                      1.000000
X_325_15                      1.000000
X_326_16                      1.000000
X_327_17                      1.000000
X_328_24                      1.000000
X_329_5                       1.000000
X_330_3                       1.000000
X_331_10                      1.000000
X_332_21                      1.000000
X_333_12                      1.000000
X_334_19                      1.000000
X_335_26                      1.000000
X_336_31                      1.000000
X_337_7                       1.000000
X_338_9                       1.000000
X_339_27                      1.000000
X_340_39                      1.000000
X_341_7                       1.000000
X_342_14                      1.000000
X_343_13                      1.000000
X_344_28                      1.000000
X_345_3                       1.000000
X_346_32                      1.000000
X_347_5                       1.000000
X_348_26                      1.000000
X_349_9                       1.000000
X_350_25                      1.000000
X_351_24                      1.000000
X_352_29                      1.000000
X_353_11                      1.000000
X_354_26                      1.000000
X_355_8                       1.000000
X_356_17                      1.000000
X_357_27                      1.000000
X_358_24                      1.000000
X_359_6                       1.000000
X_360_27                      1.000000
X_361_23                      1.000000
X_362_10                      1.000000
X_363_21                      1.000000
X_364_17                      1.000000
X_365_15                      1.000000
X_366_32                      1.000000
X_367_6                       1.000000
X_368_16                      1.000000
X_369_7                       1.000000
X_370_35                      1.000000
X_371_31                      1.000000
X_372_21                      1.000000
X_373_10                      1.000000
X_374_18                      1.000000
X_375_3                       1.000000
X_376_19                      1.000000
X_377_40                      1.000000
X_378_21                      1.000000
X_379_6                       1.000000
X_380_13                      1.000000
X_381_8                       1.000000
X_382_26                      1.000000
X_383_17                      1.000000
X_384_9                       1.000000
X_385_18                      1.000000
X_386_21                      1.000000
X_387_6                       1.000000
X_388_31                      1.000000
X_389_32                      1.000000
X_390_1                       1.000000
X_391_18                      1.000000
X_392_19                      1.000000
X_393_12                      1.000000
X_394_33                      1.000000
X_395_12                      1.000000
X_396_28                      1.000000
X_397_27                      1.000000
X_398_2                       1.000000
X_399_33                      1.000000
X_400_36                      1.000000
X_401_34                      1.000000
X_402_40                      1.000000
X_403_24                      1.000000
X_404_31                      1.000000
X_405_38                      1.000000
X_406_15                      1.000000
X_407_2                       1.000000
X_408_37                      1.000000
X_409_14                      1.000000
X_410_3                       1.000000
X_411_19                      1.000000
X_412_12                      1.000000
X_413_25                      1.000000
X_414_10                      1.000000
X_415_20                      1.000000
X_416_34                      1.000000
X_417_34                      1.000000
X_418_28                      1.000000
X_419_14                      1.000000
X_420_17                      1.000000
X_421_12                      1.000000
X_422_30                      1.000000
X_423_40                      1.000000
X_424_8                       1.000000
X_425_26                      1.000000
X_426_20                      1.000000
X_427_37                      1.000000
X_428_5                       1.000000
X_429_17                      1.000000
X_430_37                      1.000000
X_431_33                      1.000000
X_432_25                      1.000000
X_433_37                      1.000000
X_434_20                      1.000000
X_435_24                      1.000000
X_436_2                       1.000000
X_437_39                      1.000000
X_438_22                      1.000000
X_439_30                      1.000000
X_440_14                      1.000000
X_441_13                      1.000000
X_442_37                      1.000000
X_443_20                      1.000000
X_444_19                      1.000000
X_445_33                      1.000000
X_446_6                       1.000000
X_447_27                      1.000000
X_448_31                      1.000000
X_449_16                      1.000000
X_450_10                      1.000000
X_451_32                      1.000000
X_452_40                      1.000000
X_453_32                      1.000000
X_454_19                      1.000000
X_455_12                      1.000000
X_456_30                      1.000000
X_457_7                       1.000000
X_458_18                      1.000000
X_459_12                      1.000000
X_460_25                      1.000000
X_461_26                      1.000000
X_462_3                       1.000000
X_463_36                      1.000000
X_464_39                      1.000000
X_465_34                      1.000000
X_466_20                      1.000000
X_467_24                      1.000000
X_468_34                      1.000000
X_469_3                       1.000000
X_470_10                      1.000000
X_471_26                      1.000000
X_472_25                      1.000000
X_473_11                      1.000000
X_474_20                      1.000000
X_475_30                      1.000000
X_476_16                      1.000000
X_477_40                      1.000000
X_478_2                       1.000000
X_479_26                      1.000000
X_480_21                      1.000000
X_481_6                       1.000000
X_482_29                      1.000000
X_483_6                       1.000000
X_484_32                      1.000000
X_485_29                      1.000000
X_486_14                      1.000000
X_487_4                       1.000000
X_488_9                       1.000000
X_489_4                       1.000000
X_490_36                      1.000000
X_491_22                      1.000000
X_492_5                       1.000000
X_493_39                      1.000000
X_494_11                      1.000000
X_495_16                      1.000000
X_496_19                      1.000000
X_497_16                      1.000000
X_498_38                      1.000000
X_499_7                       1.000000
X_500_17                      1.000000
All other variables in the range 1-20001 are 0.
