
Log started (V11.0.0) Sun Jun 01 06:01:49 2008

Tried aggregator 1 time.
Reduced MIP has 540 rows, 20001 columns, and 40040 nonzeros.
Presolve time =    0.16 sec.
Clique table members: 500.
MIP emphasis: balance optimality and feasibility.
MIP search method: dynamic search.
Parallel mode: none, using 1 thread.
Root relaxation solution time =    0.70 sec.

        Nodes                                         Cuts/
   Node  Left     Objective  IInf  Best Integer     Best Node    ItCnt     Gap

*     0+    0                        28057.0000      149.5379     1041   99.47%
*     0+    0                          159.0000      149.5379     1041    5.95%
      0     0      150.0000    68      159.0000      Fract: 6     1047    5.66%
*     0+    0                          158.0000      150.0000     1047    5.06%
      0     0      150.0000    66      158.0000     Covers: 3     1057    5.06%
      0     0      150.0000    70      158.0000     Covers: 2     1073    5.06%
      0     0      150.0000    75      158.0000     Covers: 1     1080    5.06%
*     0+    0                          157.0000      150.0000     1080    4.46%
*     0+    0                          156.0000      150.0000     1080    3.85%
      0     2      150.0000    75      156.0000      150.0000     1080    3.85%
    100    90      151.0000    79      156.0000      150.0000     7033    3.85%
*   200+  171                          155.0000      150.0000    14643    3.23%
    200   173      152.0000    73      155.0000      150.0000    14643    3.23%
    300   250      153.7880    78      155.0000      150.0000    22600    3.23%
    400   320      153.0000    56      155.0000      150.0000    34487    3.23%
    500   376      153.0000    64      155.0000      150.0000    49016    3.23%
*   508+  254                          154.0000      150.0000    52369    2.60%
    600   283      153.0000    81      154.0000      150.0000    56860    2.60%
    700   255    infeasible            154.0000      150.0000    80923    2.60%
    800   245      150.0000    81      154.0000      150.0000    97201    2.60%
*   808+  140                          153.0000      150.0000    97388    1.96%
    900   196    infeasible            153.0000      150.0000   101334    1.96%
   1000   280      150.0000    86      153.0000      150.0000   105711    1.96%
Elapsed time = 156.70 sec. (tree size =  3.42 MB, solutions = 8)
   1100   370      151.0000    62      153.0000      150.0000   112222    1.96%
   1200   447      151.0000    90      153.0000      150.0000   118583    1.96%
   1300   540      152.0000    66      153.0000      150.0000   127347    1.96%
   1400   623      151.0000    98      153.0000      150.0000   137055    1.96%
   1500   711      151.0000    89      153.0000      150.0000   144729    1.96%
   1600   793      151.0000    84      153.0000      150.0000   154873    1.96%
   1700   893      151.0000   109      153.0000      150.0000   162382    1.96%
   1800   987      152.0000    72      153.0000      150.0000   172967    1.96%
   1900  1064      151.0000   148      153.0000      150.0000   185972    1.96%
   2000  1161      152.0000    79      153.0000      150.0000   192211    1.96%
Elapsed time = 284.94 sec. (tree size = 19.50 MB, solutions = 8)
   2100  1254      151.0000    99      153.0000      150.0000   201639    1.96%
   2200  1343      152.0000    61      153.0000      150.0000   210417    1.96%
   2300  1439      152.0000    89      153.0000      150.0000   218920    1.96%
   2400  1498      151.0000    91      153.0000      150.0000   237968    1.96%
   2500  1586      151.0000   141      153.0000      150.0000   245884    1.96%
   2600  1685      151.0000    97      153.0000      150.0000   252181    1.96%
   2700  1776      152.0000    74      153.0000      150.0000   261800    1.96%
   2800  1876      152.0000    69      153.0000      150.0000   268392    1.96%
   2900  1961      151.0000    94      153.0000      150.0000   280154    1.96%
   3000  2055      151.0000   104      153.0000      150.0000   288320    1.96%
Elapsed time = 425.16 sec. (tree size = 37.66 MB, solutions = 8)
   3100  2154      152.0000    96      153.0000      150.0000   293565    1.96%
   3200  2249      151.0000   104      153.0000      150.0000   299933    1.96%
   3300  2339      152.0000   113      153.0000      150.0000   312402    1.96%
   3400  2435      152.0000    59      153.0000      150.0000   319650    1.96%
   3500  2508      151.0000    98      153.0000      150.0000   335357    1.96%
   3600  2608      151.0000   101      153.0000      150.0000   341811    1.96%
   3700  2701      152.0000    74      153.0000      150.0000   350402    1.96%
   3800  2800      151.0000   113      153.0000      150.0000   356501    1.96%
   3900  2888      151.0000   109      153.0000      150.0000   365036    1.96%
   4000  2988      151.0000   117      153.0000      150.0000   370341    1.96%
Elapsed time = 536.58 sec. (tree size = 57.14 MB, solutions = 8)
   4100  3088      151.0000   143      153.0000      150.0000   378317    1.96%
   4200  3186      151.0000   118      153.0000      150.0000   383993    1.96%
   4300  3278      151.0000    57      153.0000      150.0000   390284    1.96%
   4400  3378      151.0000    85      153.0000      150.0000   396040    1.96%
   4500  3468      151.0000   128      153.0000      150.0000   407028    1.96%
   4600  3563      151.0000   121      153.0000      150.0000   412683    1.96%
   4700  3651      151.0000    88      153.0000      150.0000   420650    1.96%
   4800  3745      151.0000    97      153.0000      150.0000   427662    1.96%
   4900  3844      152.0000    80      153.0000      150.0000   433110    1.96%
   5000  3939      151.0000    65      153.0000      150.0000   439108    1.96%
Elapsed time = 635.30 sec. (tree size = 77.17 MB, solutions = 8)
   5100  4039      151.0000    92      153.0000      150.0000   444820    1.96%
   5200  4129      152.0000    85      153.0000      150.0000   455993    1.96%
   5300  4209    infeasible            153.0000      150.0000   474457    1.96%
   5400  4300      151.0000   105      153.0000      150.0000   482432    1.96%
   5500  4391      152.0000    83      153.0000      150.0000   490711    1.96%
   5600  4490      151.0000   118      153.0000      150.0000   496075    1.96%
   5700  4560      151.0000   201      153.0000      150.0000   513334    1.96%
   5800  4660      151.0000    98      153.0000      150.0000   516665    1.96%
   5900  4740      151.0000   162      153.0000      150.0000   532359    1.96%
   6000  4838      151.0000    77      153.0000      150.0000   537104    1.96%
Elapsed time = 752.02 sec. (tree size = 96.30 MB, solutions = 8)
   6100  4938      151.0000   108      153.0000      150.0000   542874    1.96%
   6200  5037      151.0000   103      153.0000      150.0000   548380    1.96%
   6300  5127      151.0000    94      153.0000      150.0000   557054    1.96%
   6400  5227      151.0000    93      153.0000      150.0000   563826    1.96%
   6500  5321      152.0000    48      153.0000      150.0000   570605    1.96%
   6600  5417      152.0000    91      153.0000      150.0000   578629    1.96%
   6700  5512      151.0000    91      153.0000      150.0000   586955    1.96%
   6800  5607      152.0000    67      153.0000      150.0000   595750    1.96%
   6900  5701      152.0000    74      153.0000      150.0000   603331    1.96%
   7000  5799      152.0000   141      153.0000      150.0000   611086    1.96%
Elapsed time = 850.64 sec. (tree size = 117.22 MB, solutions = 8)
   7100  5890      151.0000    97      153.0000      150.0000   618278    1.96%
   7200  5989      152.0000    92      153.0000      150.0000   622896    1.96%
   7300  6084      151.0000    89      153.0000      150.0000   630349    1.96%
   7400  6173      152.0000   117      153.0000      150.0000   645833    1.96%
   7500  6234      151.0000   196      153.0000      150.0000   670717    1.96%
Began writing nodes to disk (directory ./cpxa03764 created)
   7600  6334      151.0000   110      153.0000      150.0000   675118    1.96%
   7700  6428      152.0000    67      153.0000      150.0000   681686    1.96%
   7800  6527      151.0000    99      153.0000      150.0000   687157    1.96%
   7900  6627      151.0000   108      153.0000      150.0000   692517    1.96%
   8000  6726      151.0000   110      153.0000      150.0000   698013    1.96%
Elapsed time = 978.41 sec. (tree size = 138.06 MB, solutions = 8)
Nodefile size = 10.87 MB (8.67 MB after compression)
   8100  6814      151.0000   116      153.0000      150.0000   708485    1.96%
   8200  6914      151.0000   114      153.0000      150.0000   712442    1.96%
   8300  7004      151.0000    86      153.0000      150.0000   720104    1.96%
   8400  7104      151.0000   111      153.0000      150.0000   726070    1.96%
*  8408+ 5116                          152.0000      150.0000   726561    1.32%
   8500  5201      151.0000    89      152.0000      150.0000   735432    1.32%
   8600  5301      151.0000   110      152.0000      150.0000   739590    1.32%
   8700  5384      151.0000    83      152.0000      150.0000   751345    1.32%
   8800  5478    infeasible            152.0000      150.0000   758455    1.32%
   8900  5577      151.0000    86      152.0000      150.0000   764992    1.32%
   9000  5668      151.0000    76      152.0000      150.0000   774581    1.32%
Elapsed time = 1079.06 sec. (tree size = 118.61 MB, solutions = 9)
   9100  5768      151.0000   104      152.0000      150.0000   780519    1.32%
   9200  5861      151.0000    77      152.0000      150.0000   789149    1.32%
   9300  5959      151.0000   147      152.0000      150.0000   795040    1.32%
   9400  6052      151.0000    99      152.0000      150.0000   801986    1.32%
   9500  6143      151.0000    68      152.0000      150.0000   812450    1.32%
   9600  6243      151.0000    81      152.0000      150.0000   818705    1.32%
   9700  6343      151.0000    89      152.0000      150.0000   825659    1.32%
   9800  6432      151.0000   118      152.0000      150.0000   834053    1.32%
   9900  6526    infeasible            152.0000      150.0000   843284    1.32%
  10000  6625      151.0000    84      152.0000      150.0000   848166    1.32%
Elapsed time = 1186.89 sec. (tree size = 140.68 MB, solutions = 9)
Nodefile size = 12.87 MB (10.23 MB after compression)
  10100  6725      151.0000   105      152.0000      150.0000   854402    1.32%
  10200  6810      151.0000    84      152.0000      150.0000   865810    1.32%
  10300  6910      151.0000   127      152.0000      150.0000   869949    1.32%
  10400  6999      151.0000    91      152.0000      150.0000   882887    1.32%
  10500  7095      151.0000   131      152.0000      150.0000   894777    1.32%
  10600  7188      151.0000    94      152.0000      150.0000   901084    1.32%
  10700  7281      151.0000   108      152.0000      150.0000   908945    1.32%
  10800  7381      151.0000   127      152.0000      150.0000   913644    1.32%
  10900  7472      151.0000    92      152.0000      150.0000   921565    1.32%
  11000  7561      151.0000   101      152.0000      150.0000   931335    1.32%
Elapsed time = 1298.41 sec. (tree size = 163.07 MB, solutions = 9)
Nodefile size = 35.57 MB (28.53 MB after compression)
  11100  7650      151.0000    85      152.0000      150.0000   941344    1.32%
  11200  7750      151.0000   103      152.0000      150.0000   945314    1.32%
  11300  7843      151.0000    85      152.0000      150.0000   955066    1.32%
  11400  7943      151.0000   117      152.0000      150.0000   959293    1.32%
  11500  8034      151.0000   131      152.0000      150.0000   970500    1.32%
  11600  8134      151.0000   115      152.0000      150.0000   976477    1.32%
  11700  8225      151.0000    79      152.0000      150.0000   986138    1.32%
  11800  8314      151.0000    89      152.0000      150.0000   999282    1.32%
  11900  8414      151.0000   127      152.0000      150.0000  1004879    1.32%
  12000  8507      151.0000   127      152.0000      150.0000  1014023    1.32%
Elapsed time = 1406.63 sec. (tree size = 186.06 MB, solutions = 9)
Nodefile size = 58.27 MB (46.92 MB after compression)
  12100  8602      151.0000   122      152.0000      150.0000  1021547    1.32%
  12200  8693      151.0000   103      152.0000      150.0000  1030909    1.32%
  12300  8793      151.0000    96      152.0000      150.0000  1037378    1.32%
  12400  8880      151.0000    95      152.0000      150.0000  1049109    1.32%
  12500  8980      151.0000   107      152.0000      150.0000  1056033    1.32%
  12600  9067      151.0000   110      152.0000      150.0000  1066663    1.32%
  12700  9163    infeasible            152.0000      150.0000  1074474    1.32%
  12800  9256      151.0000    99      152.0000      150.0000  1080436    1.32%
  12900  9351      151.0000   140      152.0000      150.0000  1089726    1.32%
  13000  9451      151.0000    77      152.0000      150.0000  1095214    1.32%
Elapsed time = 1522.75 sec. (tree size = 209.47 MB, solutions = 9)
Nodefile size = 82.01 MB (66.28 MB after compression)
  13100  9542      151.0000   106      152.0000      150.0000  1106400    1.32%
  13200  9642      151.0000   111      152.0000      150.0000  1111432    1.32%
  13300  9735      151.0000   108      152.0000      150.0000  1119607    1.32%
  13400  9835      151.0000    90      152.0000      150.0000  1126478    1.32%
  13500  9926      151.0000    83      152.0000      150.0000  1135442    1.32%
  13600 10026      151.0000   128      152.0000      150.0000  1140384    1.32%
  13700 10117      151.0000    71      152.0000      150.0000  1150318    1.32%
  13800 10217      151.0000    94      152.0000      150.0000  1156281    1.32%
  13900 10300      151.0000   118      152.0000      150.0000  1169341    1.32%
  14000 10400      151.0000   118      152.0000      150.0000  1175252    1.32%
Elapsed time = 1628.80 sec. (tree size = 233.29 MB, solutions = 9)
Nodefile size = 105.75 MB (85.64 MB after compression)
  14100 10495      151.0000   106      152.0000      150.0000  1182911    1.32%
  14200 10588      150.3763   296      152.0000      150.0000  1190791    1.32%
  14300 10688      151.0000   107      152.0000      150.0000  1196493    1.32%
  14400 10788      151.0000   105      152.0000      150.0000  1203846    1.32%
  14500 10881      151.0000   100      152.0000      150.0000  1210920    1.32%
  14600 10981      151.0000   109      152.0000      150.0000  1216190    1.32%
  14700 11072      151.0000    93      152.0000      150.0000  1226048    1.32%
  14800 11172      151.0000   120      152.0000      150.0000  1230852    1.32%
  14900 11261      151.0000    72      152.0000      150.0000  1241159    1.32%
  15000 11361      151.0000   121      152.0000      150.0000  1246056    1.32%
Elapsed time = 1723.16 sec. (tree size = 257.68 MB, solutions = 9)
Nodefile size = 130.47 MB (105.90 MB after compression)
  15100 11446      151.0000   104      152.0000      150.0000  1256076    1.32%
  15200 11546      151.0000   146      152.0000      150.0000  1262074    1.32%
  15300 11639      151.0000   112      152.0000      150.0000  1268983    1.32%
  15400 11739      151.0000   111      152.0000      150.0000  1275735    1.32%
  15500 11830      151.0000   107      152.0000      150.0000  1284410    1.32%
  15600 11930      151.0000   118      152.0000      150.0000  1290018    1.32%
  15700 12021      151.0000   106      152.0000      150.0000  1297826    1.32%
  15800 12121      151.0000   109      152.0000      150.0000  1303352    1.32%
  15900 12210      151.0000   101      152.0000      150.0000  1312915    1.32%
  16000 12301      151.0000    95      152.0000      150.0000  1321119    1.32%
Elapsed time = 1839.30 sec. (tree size = 281.38 MB, solutions = 9)
Nodefile size = 154.18 MB (125.24 MB after compression)
  16100 12401      151.0000   104      152.0000      150.0000  1324841    1.32%
  16200 12492      151.0000    78      152.0000      150.0000  1333427    1.32%
  16300 12592      151.0000    83      152.0000      150.0000  1337816    1.32%
  16400 12681      151.0000   123      152.0000      150.0000  1350382    1.32%
  16500 12781      151.0000   117      152.0000      150.0000  1354810    1.32%
  16600 12876      151.0000   124      152.0000      150.0000  1362487    1.32%
  16700 12976      151.0000   138      152.0000      150.0000  1368401    1.32%
  16800 13069      151.0000    75      152.0000      150.0000  1375099    1.32%
  16900 13169      151.0000    95      152.0000      150.0000  1380839    1.32%
  17000 13258      151.0000    60      152.0000      150.0000  1394009    1.32%
Elapsed time = 1950.63 sec. (tree size = 305.96 MB, solutions = 9)
Nodefile size = 178.91 MB (145.45 MB after compression)
  17100 13358      151.0000   108      152.0000      150.0000  1397777    1.32%
  17200 13451      151.0000   113      152.0000      150.0000  1406329    1.32%
  17300 13551      151.0000   115      152.0000      150.0000  1411774    1.32%
  17400 13640      151.0000   213      152.0000      150.0000  1424851    1.32%
  17500 13740      151.0000   122      152.0000      150.0000  1428845    1.32%
  17600 13831      151.0000    87      152.0000      150.0000  1437725    1.32%
  17700 13931      151.0000   114      152.0000      150.0000  1442783    1.32%
  17800 14029      151.0000   104      152.0000      150.0000  1451138    1.32%
  17900 14114      151.0000   101      152.0000      150.0000  1460035    1.32%
  18000 14214      151.0000   128      152.0000      150.0000  1466217    1.32%
Elapsed time = 2048.59 sec. (tree size = 330.70 MB, solutions = 9)
Nodefile size = 203.61 MB (165.80 MB after compression)
  18100 14309      151.0000   119      152.0000      150.0000  1472659    1.32%
  18200 14409      151.0000   129      152.0000      150.0000  1478384    1.32%
  18300 14502      151.0000    96      152.0000      150.0000  1487103    1.32%
  18400 14600      151.0000   113      152.0000      150.0000  1494848    1.32%
  18500 14691      151.0000    75      152.0000      150.0000  1502557    1.32%
  18600 14791      151.0000    99      152.0000      150.0000  1508315    1.32%
  18700 14882      151.0000   125      152.0000      150.0000  1516517    1.32%
  18800 14982      151.0000   118      152.0000      150.0000  1520952    1.32%
  18900 15077      151.0000   114      152.0000      150.0000  1528277    1.32%
  19000 15172      150.2668   257      152.0000      150.0000  1537089    1.32%
Elapsed time = 2146.13 sec. (tree size = 355.82 MB, solutions = 9)
Nodefile size = 228.32 MB (186.20 MB after compression)
  19100 15272      151.0000   109      152.0000      150.0000  1540759    1.32%
  19200 15365      151.0000    87      152.0000      150.0000  1548711    1.32%
  19300 15465      151.0000   105      152.0000      150.0000  1553961    1.32%
  19400 15560      151.0000   103      152.0000      150.0000  1562842    1.32%
  19500 15660      151.0000   146      152.0000      150.0000  1567942    1.32%
  19600 15755      151.0000    81      152.0000      150.0000  1578551    1.32%
  19700 15855      151.0000    91      152.0000      150.0000  1581091    1.32%
  19800 15946      151.0000   109      152.0000      150.0000  1589513    1.32%
  19900 16039      151.0000    82      152.0000      150.0000  1597704    1.32%
  20000 16139      151.0000    92      152.0000      150.0000  1603250    1.32%
Elapsed time = 2245.80 sec. (tree size = 381.16 MB, solutions = 9)
Nodefile size = 254.00 MB (207.40 MB after compression)
  20100 16230      151.0000   135      152.0000      150.0000  1617422    1.32%
  20200 16330      151.0000    91      152.0000      150.0000  1620073    1.32%
  20300 16423      151.0000   102      152.0000      150.0000  1626469    1.32%
  20400 16516      151.0000   114      152.0000      150.0000  1634420    1.32%
  20500 16616      151.0000   110      152.0000      150.0000  1639377    1.32%
  20600 16709      151.0000   103      152.0000      150.0000  1649104    1.32%
  20700 16796      151.0000    97      152.0000      150.0000  1658498    1.32%
  20800 16896      151.0000   130      152.0000      150.0000  1663278    1.32%
  20900 16987      151.0000   121      152.0000      150.0000  1672785    1.32%
  21000 17082      151.0000   102      152.0000      150.0000  1681583    1.32%
Elapsed time = 2369.11 sec. (tree size = 406.65 MB, solutions = 9)
Nodefile size = 278.69 MB (227.82 MB after compression)
  21100 17177      151.0000   120      152.0000      150.0000  1688686    1.32%
  21200 17270      151.0000   183      152.0000      150.0000  1701597    1.32%
  21300 17370      151.0000    82      152.0000      150.0000  1705631    1.32%
  21400 17470      151.0000    87      152.0000      150.0000  1711149    1.32%
  21500 17565      151.0000   117      152.0000      150.0000  1719927    1.32%
  21600 17663      151.0000   142      152.0000      150.0000  1728186    1.32%
  21700 17758      151.0000   139      152.0000      150.0000  1737249    1.32%
  21800 17848      151.0000   124      152.0000      150.0000  1750074    1.32%
  21900 17948      151.0000    82      152.0000      150.0000  1752932    1.32%
  22000 18048      151.0000   102      152.0000      150.0000  1760646    1.32%
Elapsed time = 2490.20 sec. (tree size = 432.99 MB, solutions = 9)
Nodefile size = 305.27 MB (249.82 MB after compression)
  22100 18141      151.0000   100      152.0000      150.0000  1769582    1.32%
  22200 18241      151.0000   118      152.0000      150.0000  1774742    1.32%
  22300 18334      151.0000   104      152.0000      150.0000  1781764    1.32%
  22400 18427      151.0000    96      152.0000      150.0000  1789827    1.32%
  22500 18519      150.0000   166      152.0000      150.0000  1799887    1.32%
  22600 18616      151.0000    77      152.0000      150.0000  1806954    1.32%
  22700 18716      151.0000    95      152.0000      150.0000  1812244    1.32%
  22800 18814      151.0000    87      152.0000      150.0000  1820332    1.32%
  22900 18903      151.0000   102      152.0000      150.0000  1829579    1.32%
  23000 18999      151.0000   146      152.0000      150.0000  1836480    1.32%
Elapsed time = 2601.19 sec. (tree size = 459.27 MB, solutions = 9)
Nodefile size = 331.98 MB (271.90 MB after compression)
  23100 19092      151.0000   128      152.0000      150.0000  1844498    1.32%
  23200 19185      151.0000   115      152.0000      150.0000  1857533    1.32%
  23300 19285      151.0000    93      152.0000      150.0000  1860320    1.32%
  23400 19380      151.0000   114      152.0000      150.0000  1867709    1.32%
  23500 19480      151.0000   103      152.0000      150.0000  1874057    1.32%
  23600 19573      151.0000   195      152.0000      150.0000  1884889    1.32%
  23700 19673      151.0000   124      152.0000      150.0000  1888729    1.32%
  23800 19766      151.0000    95      152.0000      150.0000  1896961    1.32%
  23900 19859      151.0000    97      152.0000      150.0000  1906432    1.32%
  24000 19959      151.0000   117      152.0000      150.0000  1911916    1.32%
Elapsed time = 2705.56 sec. (tree size = 486.21 MB, solutions = 9)
Nodefile size = 358.57 MB (294.24 MB after compression)
  24100 20048      151.0000   115      152.0000      150.0000  1923657    1.32%
  24200 20148      151.0000   103      152.0000      150.0000  1931275    1.32%
  24300 20241      151.0000    87      152.0000      150.0000  1939621    1.32%
  24400 20339      151.0000   111      152.0000      150.0000  1944907    1.32%
  24500 20432      151.0000   152      152.0000      150.0000  1955206    1.32%
  24600 20527      151.0000   159      152.0000      150.0000  1965061    1.32%
  24700 20620      151.0000   116      152.0000      150.0000  1974417    1.32%
  24800 20707      151.0000   126      152.0000      150.0000  1989162    1.32%
  24900 20807      151.0000   166      152.0000      150.0000  1996836    1.32%
  25000 20902      151.0000   119      152.0000      150.0000  2004870    1.32%
Elapsed time = 2856.14 sec. (tree size = 512.81 MB, solutions = 9)
Nodefile size = 385.10 MB (316.41 MB after compression)
  25100 20995      151.0000   126      152.0000      150.0000  2012972    1.32%
  25200 21095      151.0000   150      152.0000      150.0000  2019070    1.32%
  25300 21190      151.0000   119      152.0000      150.0000  2027313    1.32%
  25400 21288      151.0000   120      152.0000      150.0000  2035752    1.32%
  25500 21375      151.0000   132      152.0000      150.0000  2047629    1.32%
  25600 21468      151.0000   159      152.0000      150.0000  2057906    1.32%
  25700 21561      151.0000   111      152.0000      150.0000  2068271    1.32%
  25800 21661      151.0000   134      152.0000      150.0000  2074131    1.32%
  25900 21756      151.0000   109      152.0000      150.0000  2082118    1.32%
  26000 21851      151.0000   107      152.0000      150.0000  2091974    1.32%
Elapsed time = 2982.73 sec. (tree size = 540.56 MB, solutions = 9)
Nodefile size = 412.81 MB (339.87 MB after compression)
  26100 21947      150.0000   229      152.0000      150.0000  2103592    1.32%
  26200 22046      151.0000    85      152.0000      150.0000  2110480    1.32%
  26300 22146      151.0000   106      152.0000      150.0000  2114451    1.32%
  26400 22239      151.0000    98      152.0000      150.0000  2122150    1.32%
  26500 22334      151.0000   103      152.0000      150.0000  2130411    1.32%
  26600 22434      151.0000    93      152.0000      150.0000  2136133    1.32%
  26700 22517      150.2148   264      152.0000      150.0000  2150808    1.32%
  26800 22617      151.0000    92      152.0000      150.0000  2154700    1.32%
  26900 22710      151.0000   100      152.0000      150.0000  2162632    1.32%
  27000 22810      151.0000   111      152.0000      150.0000  2166577    1.32%
Elapsed time = 3096.83 sec. (tree size = 568.82 MB, solutions = 9)
Nodefile size = 441.44 MB (363.97 MB after compression)
  27100 22903      151.0000    81      152.0000      150.0000  2174213    1.32%
  27200 23003      151.0000   120      152.0000      150.0000  2179352    1.32%
  27300 23096      151.0000    91      152.0000      150.0000  2185959    1.32%
  27400 23196      151.0000    95      152.0000      150.0000  2194531    1.32%
  27500 23282      151.0000   116      152.0000      150.0000  2206997    1.32%
  27600 23375      151.0000    68      152.0000      150.0000  2216699    1.32%
  27700 23475      151.0000    98      152.0000      150.0000  2221803    1.32%
  27800 23570      151.0000    98      152.0000      150.0000  2229678    1.32%
  27900 23670      151.0000   103      152.0000      150.0000  2234026    1.32%
  28000 23770      151.0000    95      152.0000      150.0000  2239712    1.32%
Elapsed time = 3203.61 sec. (tree size = 597.33 MB, solutions = 9)
Nodefile size = 469.91 MB (388.13 MB after compression)
  28100 23863      151.0000   103      152.0000      150.0000  2247676    1.32%
  28200 23963      151.0000    86      152.0000      150.0000  2255092    1.32%
  28300 24052      151.0000    82      152.0000      150.0000  2265942    1.32%
  28400 24152      151.0000   154      152.0000      150.0000  2272252    1.32%
  28500 24247      151.0000   112      152.0000      150.0000  2279462    1.32%
  28600 24347      151.0000   148      152.0000      150.0000  2285673    1.32%
  28700 24442      151.0000   112      152.0000      150.0000  2293908    1.32%
  28800 24535      151.0000    97      152.0000      150.0000  2302648    1.32%
  28900 24635      151.0000   135      152.0000      150.0000  2309062    1.32%
  29000 24735      151.0000   127      152.0000      150.0000  2317848    1.32%
Elapsed time = 3330.72 sec. (tree size = 625.94 MB, solutions = 9)
Nodefile size = 498.52 MB (412.41 MB after compression)
  29100 24824      151.0000   117      152.0000      150.0000  2325729    1.32%
  29200 24922      151.0000   115      152.0000      150.0000  2331974    1.32%
  29300 25015      151.0000   124      152.0000      150.0000  2339319    1.32%
  29400 25110      151.0000   116      152.0000      150.0000  2347885    1.32%
  29500 25203      151.0000    83      152.0000      150.0000  2356077    1.32%
  29600 25297    infeasible            152.0000      150.0000  2363567    1.32%
  29700 25392      151.0000   166      152.0000      150.0000  2373331    1.32%
  29800 25485      151.0000   154      152.0000      150.0000  2383244    1.32%
  29900 25580      151.0000   152      152.0000      150.0000  2392021    1.32%
  30000 25675      151.0000   112      152.0000      150.0000  2401042    1.32%
Elapsed time = 3462.17 sec. (tree size = 654.23 MB, solutions = 9)
Nodefile size = 527.20 MB (436.53 MB after compression)
  30100 25775      151.0000   121      152.0000      150.0000  2409711    1.32%
  30200 25864      151.0000   118      152.0000      150.0000  2422075    1.32%
  30300 25959      151.0000   109      152.0000      150.0000  2430196    1.32%
  30400 26059      151.0000   124      152.0000      150.0000  2435451    1.32%
  30500 26152      151.0000   103      152.0000      150.0000  2445516    1.32%
  30600 26252      151.0000   137      152.0000      150.0000  2452509    1.32%
  30700 26343      151.0000    76      152.0000      150.0000  2460682    1.32%
  30800 26443      151.0000   101      152.0000      150.0000  2466840    1.32%
  30900 26532      151.0000   110      152.0000      150.0000  2477295    1.32%
  31000 26632      151.0000   137      152.0000      150.0000  2484023    1.32%
Elapsed time = 3586.31 sec. (tree size = 683.21 MB, solutions = 9)
Nodefile size = 555.96 MB (461.04 MB after compression)
  31100 26725      151.0000   117      152.0000      150.0000  2493414    1.32%
  31200 26820      151.0000   126      152.0000      150.0000  2501810    1.32%
  31300 26915      151.0000   108      152.0000      150.0000  2511236    1.32%
  31400 27015      151.0000   118      152.0000      150.0000  2516548    1.32%
  31500 27108      151.0000    93      152.0000      150.0000  2525166    1.32%
  31600 27208      151.0000   117      152.0000      150.0000  2531572    1.32%
  31700 27301      151.0000   104      152.0000      150.0000  2540103    1.32%
  31800 27390      151.0000   248      152.0000      150.0000  2550381    1.32%
  31900 27490      151.0000   110      152.0000      150.0000  2555151    1.32%
  32000 27585      151.0000    90      152.0000      150.0000  2563578    1.32%
Elapsed time = 3703.69 sec. (tree size = 712.24 MB, solutions = 9)
Nodefile size = 584.50 MB (485.30 MB after compression)
  32100 27685      151.0000    91      152.0000      150.0000  2569970    1.32%
  32200 27770      151.0000   119      152.0000      150.0000  2582113    1.32%
  32300 27870      151.0000   107      152.0000      150.0000  2587136    1.32%
  32400 27965      151.0000   151      152.0000      150.0000  2596333    1.32%
  32500 28060      151.0000   112      152.0000      150.0000  2607093    1.32%
  32600 28160      151.0000   148      152.0000      150.0000  2613332    1.32%
  32700 28255      151.0000   116      152.0000      150.0000  2624016    1.32%
  32800 28340      151.0000    84      152.0000      150.0000  2635607    1.32%
  32900 28440      151.0000   113      152.0000      150.0000  2640671    1.32%
  33000 28533      151.0000   120      152.0000      150.0000  2648477    1.32%
Elapsed time = 3824.02 sec. (tree size = 741.08 MB, solutions = 9)
Nodefile size = 613.99 MB (510.09 MB after compression)
  33100 28631      151.0000   129      152.0000      150.0000  2655333    1.32%
  33200 28722      151.0000   136      152.0000      150.0000  2666974    1.32%
  33300 28815      151.0000   128      152.0000      150.0000  2677091    1.32%
  33400 28915      151.0000    94      152.0000      150.0000  2682720    1.32%
  33500 29008      151.0000    86      152.0000      150.0000  2694234    1.32%
  33600 29108      151.0000   109      152.0000      150.0000  2698722    1.32%
  33700 29203      151.0000   127      152.0000      150.0000  2706496    1.32%
  33800 29298      151.0000   108      152.0000      150.0000  2716967    1.32%
  33900 29398      151.0000   107      152.0000      150.0000  2722262    1.32%
  34000 29493      151.0000    86      152.0000      150.0000  2729645    1.32%
Elapsed time = 3963.19 sec. (tree size = 770.45 MB, solutions = 9)
Nodefile size = 642.56 MB (534.19 MB after compression)
  34100 29593      151.0000    87      152.0000      150.0000  2734735    1.32%
  34200 29686      151.0000    95      152.0000      150.0000  2744164    1.32%
  34300 29786      151.0000    97      152.0000      150.0000  2748355    1.32%
  34400 29881      151.0000   126      152.0000      150.0000  2757583    1.32%
  34500 29981      151.0000   101      152.0000      150.0000  2760379    1.32%
  34600 30072      151.0000   115      152.0000      150.0000  2770282    1.32%
  34700 30167      151.0000   143      152.0000      150.0000  2781638    1.32%
  34800 30267      151.0000   130      152.0000      150.0000  2789318    1.32%
  34900 30356      151.0000   135      152.0000      150.0000  2800523    1.32%
  35000 30449      151.0000   131      152.0000      150.0000  2812493    1.32%
Elapsed time = 4096.28 sec. (tree size = 799.88 MB, solutions = 9)
Nodefile size = 672.06 MB (559.22 MB after compression)
  35100 30538      151.0000   124      152.0000      150.0000  2822882    1.32%
  35200 30638      151.0000   144      152.0000      150.0000  2827968    1.32%
  35300 30731      151.0000    89      152.0000      150.0000  2836557    1.32%
  35400 30831      151.0000    99      152.0000      150.0000  2843434    1.32%
  35500 30916      151.0000    78      152.0000      150.0000  2857565    1.32%
  35600 31016      151.0000   142      152.0000      150.0000  2864062    1.32%
  35700 31097      151.0000   104      152.0000      150.0000  2879515    1.32%
  35800 31195      151.0000   125      152.0000      150.0000  2886424    1.32%
  35900 31288      151.0000    81      152.0000      150.0000  2892761    1.32%
  36000 31379      151.0000    68      152.0000      150.0000  2901660    1.32%
Elapsed time = 4231.69 sec. (tree size = 828.63 MB, solutions = 9)
Nodefile size = 701.58 MB (584.41 MB after compression)
  36100 31479      151.0000    98      152.0000      150.0000  2907472    1.32%
  36200 31568      151.0000    80      152.0000      150.0000  2920137    1.32%
  36300 31668      151.0000   126      152.0000      150.0000  2925825    1.32%
  36400 31757      151.0000   110      152.0000      150.0000  2936539    1.32%
  36500 31852      151.0000   122      152.0000      150.0000  2946000    1.32%
  36600 31952      151.0000   142      152.0000      150.0000  2953349    1.32%
  36700 32045      151.0000    93      152.0000      150.0000  2963370    1.32%
  36800 32145      151.0000    85      152.0000      150.0000  2970608    1.32%
  36900 32224      151.0000    81      152.0000      150.0000  2982956    1.32%
  37000 32324      151.0000   125      152.0000      150.0000  2989628    1.32%
Elapsed time = 4356.95 sec. (tree size = 858.00 MB, solutions = 9)
Nodefile size = 730.26 MB (608.81 MB after compression)
  37100 32417      151.0000   115      152.0000      150.0000  2998872    1.32%
  37200 32510      151.0000   123      152.0000      150.0000  3007471    1.32%
  37300 32605      151.0000   127      152.0000      150.0000  3016358    1.32%
  37400 32705      151.0000    73      152.0000      150.0000  3020328    1.32%
  37500 32794      151.0000   196      152.0000      150.0000  3033316    1.32%
  37600 32894      151.0000   151      152.0000      150.0000  3039235    1.32%
  37700 32989      151.0000   111      152.0000      150.0000  3046677    1.32%
  37800 33084      151.0000   123      152.0000      150.0000  3057396    1.32%
  37900 33184      151.0000   125      152.0000      150.0000  3063969    1.32%
  38000 33279      151.0000   107      152.0000      150.0000  3073095    1.32%
Elapsed time = 4480.95 sec. (tree size = 887.74 MB, solutions = 9)
Nodefile size = 759.99 MB (634.08 MB after compression)
  38100 33379      151.0000   108      152.0000      150.0000  3080052    1.32%
  38200 33470      151.0000   132      152.0000      150.0000  3089531    1.32%
  38300 33568    infeasible            152.0000      150.0000  3097617    1.32%
  38400 33661      151.0000   150      152.0000      150.0000  3107126    1.32%
  38500 33756      151.0000   137      152.0000      150.0000  3117638    1.32%
  38600 33851      151.0000   120      152.0000      150.0000  3128625    1.32%
  38700 33947      151.0000   104      152.0000      150.0000  3139196    1.32%
  38800 34047      151.0000   110      152.0000      150.0000  3144865    1.32%
  38900 34142      151.0000   111      152.0000      150.0000  3153295    1.32%
  39000 34237      151.0000   150      152.0000      150.0000  3162585    1.32%
Elapsed time = 4636.86 sec. (tree size = 917.66 MB, solutions = 9)
Nodefile size = 790.44 MB (659.92 MB after compression)
  39100 34337      151.0000   144      152.0000      150.0000  3168237    1.32%
  39200 34432      151.0000    90      152.0000      150.0000  3176113    1.32%
  39300 34532      151.0000   108      152.0000      150.0000  3182548    1.32%
  39400 34625      151.0000   113      152.0000      150.0000  3192583    1.32%
  39500 34723      151.0000   132      152.0000      150.0000  3200006    1.32%
  39600 34818      151.0000   118      152.0000      150.0000  3207171    1.32%
  39700 34913      151.0000   112      152.0000      150.0000  3216402    1.32%
  39800 35013      151.0000   129      152.0000      150.0000  3223255    1.32%
  39900 35108      151.0000   110      152.0000      150.0000  3232407    1.32%
  40000 35196      150.0000   201      152.0000      150.0000  3245251    1.32%
Elapsed time = 4769.91 sec. (tree size = 947.85 MB, solutions = 9)
Nodefile size = 820.70 MB (685.71 MB after compression)
  40100 35295      151.0000    99      152.0000      150.0000  3252910    1.32%
  40200 35395      151.0000   101      152.0000      150.0000  3257775    1.32%
  40300 35490      151.0000   115      152.0000      150.0000  3267272    1.32%
  40400 35585      151.0000   143      152.0000      150.0000  3276318    1.32%
  40500 35685      151.0000    95      152.0000      150.0000  3281358    1.32%
  40600 35780      151.0000    97      152.0000      150.0000  3289417    1.32%
  40700 35880      151.0000   103      152.0000      150.0000  3295968    1.32%
  40800 35973      151.0000   108      152.0000      150.0000  3307540    1.32%
  40900 36073      151.0000   105      152.0000      150.0000  3313992    1.32%
  41000 36168      151.0000   131      152.0000      150.0000  3324549    1.32%
Elapsed time = 4905.30 sec. (tree size = 978.47 MB, solutions = 9)
Nodefile size = 851.13 MB (711.73 MB after compression)
  41100 36261      151.0000   146      152.0000      150.0000  3338774    1.32%
  41200 36354      151.0000   132      152.0000      150.0000  3350111    1.32%
  41300 36443      151.0000   203      152.0000      150.0000  3362073    1.32%
  41400 36543      151.0000   117      152.0000      150.0000  3368888    1.32%
  41500 36636      151.0000   104      152.0000      150.0000  3378690    1.32%
  41600 36734      151.0000   135      152.0000      150.0000  3386500    1.32%
  41700 36829      151.0000    86      152.0000      150.0000  3395463    1.32%
  41800 36920      151.0000    98      152.0000      150.0000  3405696    1.32%
  41900 37013      150.2185   259      152.0000      150.0000  3417395    1.32%
  42000 37113      151.0000   131      152.0000      150.0000  3421971    1.32%
Elapsed time = 5045.03 sec. (tree size = 1008.47 MB, solutions = 9)
Nodefile size = 880.60 MB (736.90 MB after compression)
  42100 37208      151.0000   100      152.0000      150.0000  3430647    1.32%
  42200 37308      151.0000   123      152.0000      150.0000  3437226    1.32%
  42300 37401      151.0000    79      152.0000      150.0000  3445803    1.32%
  42400 37501      151.0000   105      152.0000      150.0000  3450577    1.32%
  42500 37596      151.0000   129      152.0000      150.0000  3459272    1.32%
  42600 37687      151.0000   134      152.0000      150.0000  3472456    1.32%
  42700 37782      151.0000   123      152.0000      150.0000  3484037    1.32%
  42800 37875      151.0000   121      152.0000      150.0000  3494333    1.32%
  42900 37970      151.0000   218      152.0000      150.0000  3505774    1.32%
  43000 38070      151.0000   129      152.0000      150.0000  3513699    1.32%
Elapsed time = 5180.33 sec. (tree size = 1039.03 MB, solutions = 9)
Nodefile size = 911.15 MB (763.15 MB after compression)
  43100 38161      151.0000   130      152.0000      150.0000  3528337    1.32%
  43200 38261      151.0000   130      152.0000      150.0000  3534401    1.32%
  43300 38354      151.0000   160      152.0000      150.0000  3544674    1.32%
  43400 38445      151.0000   133      152.0000      150.0000  3554259    1.32%
  43500 38541    infeasible            152.0000      150.0000  3563589    1.32%
  43600 38640      151.0000   136      152.0000      150.0000  3572185    1.32%
  43700 38731      151.0000   201      152.0000      150.0000  3583932    1.32%
  43800 38826      151.0000   149      152.0000      150.0000  3594360    1.32%
  43900 38917      151.0000   103      152.0000      150.0000  3604416    1.32%
  44000 39012      151.0000   131      152.0000      150.0000  3615195    1.32%
Elapsed time = 5349.66 sec. (tree size = 1069.05 MB, solutions = 9)
Nodefile size = 941.82 MB (789.49 MB after compression)
  44100 39105      151.0000   123      152.0000      150.0000  3628851    1.32%
  44200 39205      151.0000   130      152.0000      150.0000  3635671    1.32%
  44300 39300      151.0000   106      152.0000      150.0000  3644227    1.32%
  44400 39400      151.0000   120      152.0000      150.0000  3651130    1.32%
  44500 39495      151.0000   129      152.0000      150.0000  3660501    1.32%
  44600 39590      151.0000   116      152.0000      150.0000  3669319    1.32%
  44700 39690      151.0000    84      152.0000      150.0000  3677683    1.32%
  44800 39781      151.0000   118      152.0000      150.0000  3689866    1.32%
  44900 39876      151.0000   177      152.0000      150.0000  3700602    1.32%
  45000 39976      151.0000   128      152.0000      150.0000  3707264    1.32%
Elapsed time = 5497.47 sec. (tree size = 1100.11 MB, solutions = 9)
Nodefile size = 972.58 MB (815.95 MB after compression)
  45100 40071      151.0000   121      152.0000      150.0000  3716020    1.32%
  45200 40166      151.0000   152      152.0000      150.0000  3726211    1.32%
  45300 40266      151.0000   114      152.0000      150.0000  3730763    1.32%
  45400 40366      151.0000   118      152.0000      150.0000  3739628    1.32%
  45500 40459      151.0000   108      152.0000      150.0000  3748416    1.32%
  45600 40554      151.0000    92      152.0000      150.0000  3758220    1.32%
  45700 40654      151.0000    98      152.0000      150.0000  3763074    1.32%
  45800 40749      151.0000   116      152.0000      150.0000  3770214    1.32%
  45900 40842      151.0000   141      152.0000      150.0000  3780022    1.32%
  46000 40942      151.0000   132      152.0000      150.0000  3787528    1.32%
Elapsed time = 5627.28 sec. (tree size = 1131.26 MB, solutions = 9)
Nodefile size = 1003.41 MB (842.54 MB after compression)
  46100 41021      151.0000   158      152.0000      150.0000  3805084    1.32%
  46200 41114      151.0000   125      152.0000      150.0000  3817658    1.32%
  46300 41214      151.0000   171      152.0000      150.0000  3826082    1.32%
  46400 41309      151.0000   169      152.0000      150.0000  3834809    1.32%
  46500 41402      151.0000   114      152.0000      150.0000  3844075    1.32%
  46600 41502      151.0000   105      152.0000      150.0000  3850609    1.32%
  46700 41587      151.0000   108      152.0000      150.0000  3864457    1.32%
  46800 41687      151.0000   132      152.0000      150.0000  3870022    1.32%
  46900 41782      151.0000   139      152.0000      150.0000  3878242    1.32%
  47000 41877      151.0000   146      152.0000      150.0000  3886786    1.32%
Elapsed time = 5777.83 sec. (tree size = 1161.69 MB, solutions = 9)
Nodefile size = 1034.63 MB (869.40 MB after compression)
  47100 41970      151.0000   117      152.0000      150.0000  3898081    1.32%
  47200 42061      151.0000   101      152.0000      150.0000  3912261    1.32%
  47300 42161      151.0000   145      152.0000      150.0000  3919021    1.32%
  47400 42254      151.0000   128      152.0000      150.0000  3928898    1.32%
  47500 42349      151.0000   137      152.0000      150.0000  3940181    1.32%
  47600 42442      151.0000    91      152.0000      150.0000  3950751    1.32%
  47700 42542      151.0000    94      152.0000      150.0000  3956149    1.32%
  47800 42635      151.0000    78      152.0000      150.0000  3967869    1.32%
  47900 42735      151.0000    85      152.0000      150.0000  3972990    1.32%
  48000 42830      151.0000   120      152.0000      150.0000  3981305    1.32%
Elapsed time = 5917.89 sec. (tree size = 1192.81 MB, solutions = 9)
Nodefile size = 1065.01 MB (895.57 MB after compression)
  48100 42930      151.0000   145      152.0000      150.0000  3986356    1.32%
  48200 43025      151.0000    88      152.0000      150.0000  3998352    1.32%
  48300 43125      151.0000    85      152.0000      150.0000  4000678    1.32%
  48400 43221      150.0000   143      152.0000      150.0000  4008646    1.32%
  48500 43319      151.0000    78      152.0000      150.0000  4012932    1.32%
  48600 43419      151.0000    78      152.0000      150.0000  4018166    1.32%
  48700 43510      151.0000    79      152.0000      150.0000  4028264    1.32%
  48800 43610      151.0000   102      152.0000      150.0000  4032223    1.32%
  48900 43706      150.0000   157      152.0000      150.0000  4040383    1.32%
  49000 43805      151.0000   100      152.0000      150.0000  4043526    1.32%
Elapsed time = 6038.80 sec. (tree size = 1224.51 MB, solutions = 9)
Nodefile size = 1097.47 MB (923.06 MB after compression)
  49100 43905      151.0000   108      152.0000      150.0000  4048342    1.32%
  49200 44000      151.0000   104      152.0000      150.0000  4055094    1.32%
  49300 44100      151.0000    96      152.0000      150.0000  4059884    1.32%
  49400 44189      151.0000    53      152.0000      150.0000  4072952    1.32%
  49500 44289      151.0000    93      152.0000      150.0000  4078462    1.32%
  49600 44389      151.0000    80      152.0000      150.0000  4085396    1.32%
  49700 44484      151.0000   114      152.0000      150.0000  4092777    1.32%
  49800 44584      151.0000   101      152.0000      150.0000  4096051    1.32%
  49900 44679      151.0000    75      152.0000      150.0000  4103749    1.32%
  50000 44779      151.0000   104      152.0000      150.0000  4107581    1.32%
Elapsed time = 6160.17 sec. (tree size = 1256.52 MB, solutions = 9)
Nodefile size = 1129.05 MB (950.32 MB after compression)
  50100 44874      151.0000    95      152.0000      150.0000  4114876    1.32%
  50200 44974      151.0000    93      152.0000      150.0000  4119042    1.32%
  50300 45062      151.0000   126      152.0000      150.0000  4128951    1.32%
  50400 45162      151.0000    87      152.0000      150.0000  4132958    1.32%
  50500 45262      151.0000   103      152.0000      150.0000  4140979    1.32%
  50600 45349      151.0000   111      152.0000      150.0000  4152564    1.32%
  50700 45449      151.0000   118      152.0000      150.0000  4155253    1.32%
  50800 45543      150.0000   215      152.0000      150.0000  4163589    1.32%
  50900 45642      151.0000   113      152.0000      150.0000  4168029    1.32%
  51000 45737      151.0000   108      152.0000      150.0000  4174593    1.32%
Elapsed time = 6288.28 sec. (tree size = 1288.64 MB, solutions = 9)
Nodefile size = 1161.52 MB (978.63 MB after compression)
  51100 45837      151.0000    93      152.0000      150.0000  4177479    1.32%
  51200 45930      151.0000    86      152.0000      150.0000  4185401    1.32%
  51300 46030      151.0000    99      152.0000      150.0000  4190352    1.32%
  51400 46130      151.0000   110      152.0000      150.0000  4197088    1.32%
  51500 46223      151.0000    94      152.0000      150.0000  4208151    1.32%
  51600 46323      151.0000    95      152.0000      150.0000  4213284    1.32%
  51700 46416      151.0000    92      152.0000      150.0000  4221755    1.32%
  51800 46516      151.0000    90      152.0000      150.0000  4226126    1.32%
  51900 46609      151.0000   155      152.0000      150.0000  4237461    1.32%
  52000 46709      151.0000    94      152.0000      150.0000  4241233    1.32%
Elapsed time = 6410.64 sec. (tree size = 1321.62 MB, solutions = 9)
Nodefile size = 1194.05 MB (1007.05 MB after compression)
  52100 46807    infeasible            152.0000      150.0000  4247378    1.32%
  52200 46898      151.0000    70      152.0000      150.0000  4252694    1.32%
  52300 46998      151.0000    94      152.0000      150.0000  4260065    1.32%
  52400 47085      151.0000    68      152.0000      150.0000  4273141    1.32%
  52500 47185      151.0000   105      152.0000      150.0000  4277435    1.32%
  52600 47276      151.0000   104      152.0000      150.0000  4289359    1.32%
  52700 47376      151.0000   111      152.0000      150.0000  4294420    1.32%
  52800 47469      151.0000    82      152.0000      150.0000  4304052    1.32%
  52900 47569      151.0000    95      152.0000      150.0000  4306085    1.32%
  53000 47659      151.0000   105      152.0000      150.0000  4313816    1.32%
Elapsed time = 6546.73 sec. (tree size = 1354.15 MB, solutions = 9)
Nodefile size = 1226.67 MB (1035.39 MB after compression)
  53100 47759      151.0000    91      152.0000      150.0000  4316505    1.32%
  53200 47859      151.0000    82      152.0000      150.0000  4322703    1.32%
  53300 47950      151.0000    87      152.0000      150.0000  4329854    1.32%
  53400 48050      151.0000   109      152.0000      150.0000  4333278    1.32%
  53500 48143      151.0000   113      152.0000      150.0000  4342343    1.32%
  53600 48243      151.0000   112      152.0000      150.0000  4346946    1.32%
  53700 48337      150.0000   214      152.0000      150.0000  4357785    1.32%
  53800 48436      151.0000   100      152.0000      150.0000  4363819    1.32%
  53900 48536      151.0000    91      152.0000      150.0000  4368356    1.32%
  54000 48636      151.0000    95      152.0000      150.0000  4374363    1.32%
Elapsed time = 6667.64 sec. (tree size = 1387.77 MB, solutions = 9)
Nodefile size = 1260.28 MB (1064.70 MB after compression)
  54100 48727      151.0000    77      152.0000      150.0000  4384027    1.32%
  54200 48827      151.0000   108      152.0000      150.0000  4388360    1.32%
  54300 48914      151.0000   174      152.0000      150.0000  4400667    1.32%
  54400 49014      151.0000   114      152.0000      150.0000  4403886    1.32%
  54500 49110      151.0000   126      152.0000      150.0000  4409558    1.32%
  54600 49203      151.0000    93      152.0000      150.0000  4416015    1.32%
  54700 49303      151.0000    96      152.0000      150.0000  4420923    1.32%
  54800 49396      151.0000    76      152.0000      150.0000  4429165    1.32%
  54900 49496      151.0000    87      152.0000      150.0000  4432035    1.32%
  55000 49584      151.0000    82      152.0000      150.0000  4445820    1.32%
Elapsed time = 6801.94 sec. (tree size = 1420.44 MB, solutions = 9)
Nodefile size = 1292.58 MB (1092.73 MB after compression)
  55100 49684      151.0000    70      152.0000      150.0000  4450389    1.32%
  55200 49777      151.0000    75      152.0000      150.0000  4458769    1.32%
  55300 49877      151.0000    96      152.0000      150.0000  4461887    1.32%
  55400 49971      150.0000   221      152.0000      150.0000  4470667    1.32%
  55500 50070      151.0000    89      152.0000      150.0000  4474796    1.32%
  55600 50166      150.0000   167      152.0000      150.0000  4481664    1.32%
  55700 50265      151.0000    92      152.0000      150.0000  4486722    1.32%
  55800 50356      151.0000   139      152.0000      150.0000  4496160    1.32%
  55900 50456      151.0000   106      152.0000      150.0000  4498852    1.32%
  56000 50556      151.0000   112      152.0000      150.0000  4505725    1.32%
Elapsed time = 6911.97 sec. (tree size = 1454.22 MB, solutions = 9)
Nodefile size = 1327.00 MB (1122.68 MB after compression)
  56100 50651      151.0000    81      152.0000      150.0000  4509417    1.32%
  56200 50747      150.0000   172      152.0000      150.0000  4516325    1.32%
  56300 50846      151.0000    92      152.0000      150.0000  4521676    1.32%
  56400 50946      151.0000   125      152.0000      150.0000  4528492    1.32%
  56500 51039      151.0000   100      152.0000      150.0000  4538557    1.32%
  56600 51139      151.0000   107      152.0000      150.0000  4543855    1.32%
  56700 51231      151.0000    98      152.0000      150.0000  4554081    1.32%
  56800 51331      151.0000    88      152.0000      150.0000  4558231    1.32%
  56900 51431      151.0000    91      152.0000      150.0000  4565229    1.32%
  57000 51522      151.0000    93      152.0000      150.0000  4575040    1.32%
Elapsed time = 7037.50 sec. (tree size = 1487.94 MB, solutions = 9)
Nodefile size = 1360.39 MB (1151.70 MB after compression)
  57100 51622      151.0000   101      152.0000      150.0000  4580276    1.32%
  57200 51715      151.0000   105      152.0000      150.0000  4586431    1.32%
  57300 51815      151.0000    97      152.0000      150.0000  4591878    1.32%
  57400 51904      151.0000    82      152.0000      150.0000  4599434    1.32%
  57500 52004      151.0000   119      152.0000      150.0000  4603279    1.32%
  57600 52098      151.0000    96      152.0000      150.0000  4610518    1.32%
  57700 52198      151.0000   101      152.0000      150.0000  4615711    1.32%
  57800 52291      151.0000   165      152.0000      150.0000  4627744    1.32%
  57900 52391      151.0000    83      152.0000      150.0000  4630162    1.32%
  58000 52491      151.0000   106      152.0000      150.0000  4635209    1.32%
Elapsed time = 7148.33 sec. (tree size = 1522.14 MB, solutions = 9)
Nodefile size = 1394.89 MB (1182.04 MB after compression)
  58100 52586      151.0000   102      152.0000      150.0000  4644152    1.32%
  58200 52686      151.0000   100      152.0000      150.0000  4648984    1.32%
  58300 52786      151.0000    94      152.0000      150.0000  4654224    1.32%

Cover cuts applied:  1887
Zero-half cuts applied:  1
Gomory fractional cuts applied:  8

Solution pool: 9 solutions saved.

MIP - Time limit exceeded, integer feasible:  Objective = 1.5200000000e+002
Current MIP best bound = 1.5000000000e+002 (gap = 2, 1.32%)
Solution time = 7200.02 sec.  Iterations = 4663480  Nodes = 58382 (52861)


Incumbent solution
Variable Name           Solution Value
Cmax                        152.000000
X_1_19                        1.000000
X_2_37                        1.000000
X_3_21                        1.000000
X_4_10                        1.000000
X_5_30                        1.000000
X_6_24                        1.000000
X_7_5                         1.000000
X_8_38                        1.000000
X_9_25                        1.000000
X_10_27                       1.000000
X_11_7                        1.000000
X_12_15                       1.000000
X_13_31                       1.000000
X_14_22                       1.000000
X_15_40                       1.000000
X_16_13                       1.000000
X_17_40                       1.000000
X_18_5                        1.000000
X_19_22                       1.000000
X_20_28                       1.000000
X_21_14                       1.000000
X_22_17                       1.000000
X_23_29                       1.000000
X_24_13                       1.000000
X_25_15                       1.000000
X_26_5                        1.000000
X_27_10                       1.000000
X_28_27                       1.000000
X_29_34                       1.000000
X_30_28                       1.000000
X_31_15                       1.000000
X_32_17                       1.000000
X_33_19                       1.000000
X_34_31                       1.000000
X_35_37                       1.000000
X_36_29                       1.000000
X_37_19                       1.000000
X_38_23                       1.000000
X_39_9                        1.000000
X_40_18                       1.000000
X_41_8                        1.000000
X_42_32                       1.000000
X_43_7                        1.000000
X_44_11                       1.000000
X_45_25                       1.000000
X_46_7                        1.000000
X_47_9                        1.000000
X_48_28                       1.000000
X_49_15                       1.000000
X_50_12                       1.000000
X_51_4                        1.000000
X_52_39                       1.000000
X_53_24                       1.000000
X_54_9                        1.000000
X_55_28                       1.000000
X_56_27                       1.000000
X_57_11                       1.000000
X_58_33                       1.000000
X_59_31                       1.000000
X_60_5                        1.000000
X_61_18                       1.000000
X_62_28                       1.000000
X_63_25                       1.000000
X_64_20                       1.000000
X_65_34                       1.000000
X_66_6                        1.000000
X_67_28                       1.000000
X_68_7                        1.000000
X_69_10                       1.000000
X_70_12                       1.000000
X_71_29                       1.000000
X_72_8                        1.000000
X_73_30                       1.000000
X_74_22                       1.000000
X_75_8                        1.000000
X_76_2                        1.000000
X_77_28                       1.000000
X_78_18                       1.000000
X_79_25                       1.000000
X_80_17                       1.000000
X_81_38                       1.000000
X_82_13                       1.000000
X_83_39                       1.000000
X_84_14                       1.000000
X_85_18                       1.000000
X_86_29                       1.000000
X_87_32                       1.000000
X_88_21                       1.000000
X_89_9                        1.000000
X_90_29                       1.000000
X_91_22                       1.000000
X_92_1                        1.000000
X_93_10                       1.000000
X_94_27                       1.000000
X_95_23                       1.000000
X_96_27                       1.000000
X_97_36                       1.000000
X_98_30                       1.000000
X_99_5                        1.000000
X_100_38                      1.000000
X_101_40                      1.000000
X_102_19                      1.000000
X_103_30                      1.000000
X_104_23                      1.000000
X_105_35                      1.000000
X_106_12                      1.000000
X_107_24                      1.000000
X_108_16                      1.000000
X_109_29                      1.000000
X_110_29                      1.000000
X_111_24                      1.000000
X_112_33                      1.000000
X_113_34                      1.000000
X_114_23                      1.000000
X_115_4                       1.000000
X_116_8                       1.000000
X_117_28                      1.000000
X_118_34                      1.000000
X_119_37                      1.000000
X_120_38                      1.000000
X_121_27                      1.000000
X_122_33                      1.000000
X_123_3                       1.000000
X_124_38                      1.000000
X_125_37                      1.000000
X_126_38                      1.000000
X_127_17                      1.000000
X_128_3                       1.000000
X_129_40                      1.000000
X_130_27                      1.000000
X_131_36                      1.000000
X_132_10                      1.000000
X_133_6                       1.000000
X_134_20                      1.000000
X_135_2                       1.000000
X_136_14                      1.000000
X_137_35                      1.000000
X_138_3                       1.000000
X_139_34                      1.000000
X_140_19                      1.000000
X_141_40                      1.000000
X_142_36                      1.000000
X_143_20                      1.000000
X_144_11                      1.000000
X_145_19                      1.000000
X_146_35                      1.000000
X_147_17                      1.000000
X_148_36                      1.000000
X_149_29                      1.000000
X_150_5                       1.000000
X_151_21                      1.000000
X_152_18                      1.000000
X_153_26                      1.000000
X_154_5                       1.000000
X_155_25                      1.000000
X_156_7                       1.000000
X_157_36                      1.000000
X_158_9                       1.000000
X_159_20                      1.000000
X_160_13                      1.000000
X_161_33                      1.000000
X_162_31                      1.000000
X_163_23                      1.000000
X_164_28                      1.000000
X_165_29                      1.000000
X_166_37                      1.000000
X_167_10                      1.000000
X_168_21                      1.000000
X_169_32                      1.000000
X_170_35                      1.000000
X_171_2                       1.000000
X_172_22                      1.000000
X_173_18                      1.000000
X_174_21                      1.000000
X_175_6                       1.000000
X_176_8                       1.000000
X_177_23                      1.000000
X_178_4                       1.000000
X_179_4                       1.000000
X_180_15                      1.000000
X_181_18                      1.000000
X_182_26                      1.000000
X_183_1                       1.000000
X_184_26                      1.000000
X_185_37                      1.000000
X_186_20                      1.000000
X_187_2                       1.000000
X_188_13                      1.000000
X_189_7                       1.000000
X_190_8                       1.000000
X_191_19                      1.000000
X_192_25                      1.000000
X_193_4                       1.000000
X_194_39                      1.000000
X_195_39                      1.000000
X_196_34                      1.000000
X_197_20                      1.000000
X_198_13                      1.000000
X_199_12                      1.000000
X_200_38                      1.000000
X_201_2                       1.000000
X_202_25                      1.000000
X_203_22                      1.000000
X_204_34                      1.000000
X_205_40                      1.000000
X_206_21                      1.000000
X_207_30                      1.000000
X_208_6                       1.000000
X_209_15                      1.000000
X_210_39                      1.000000
X_211_11                      1.000000
X_212_7                       1.000000
X_213_6                       1.000000
X_214_28                      1.000000
X_215_13                      1.000000
X_216_21                      1.000000
X_217_23                      1.000000
X_218_23                      1.000000
X_219_12                      1.000000
X_220_4                       1.000000
X_221_8                       1.000000
X_222_8                       1.000000
X_223_27                      1.000000
X_224_11                      1.000000
X_225_7                       1.000000
X_226_1                       1.000000
X_227_33                      1.000000
X_228_26                      1.000000
X_229_4                       1.000000
X_230_14                      1.000000
X_231_7                       1.000000
X_232_28                      1.000000
X_233_31                      1.000000
X_234_16                      1.000000
X_235_19                      1.000000
X_236_23                      1.000000
X_237_22                      1.000000
X_238_4                       1.000000
X_239_35                      1.000000
X_240_6                       1.000000
X_241_10                      1.000000
X_242_20                      1.000000
X_243_33                      1.000000
X_244_11                      1.000000
X_245_2                       1.000000
X_246_39                      1.000000
X_247_36                      1.000000
X_248_2                       1.000000
X_249_6                       1.000000
X_250_19                      1.000000
X_251_23                      1.000000
X_252_24                      1.000000
X_253_24                      1.000000
X_254_5                       1.000000
X_255_26                      1.000000
X_256_33                      1.000000
X_257_17                      1.000000
X_258_12                      1.000000
X_259_8                       1.000000
X_260_31                      1.000000
X_261_10                      1.000000
X_262_18                      1.000000
X_263_27                      1.000000
X_264_2                       1.000000
X_265_35                      1.000000
X_266_25                      1.000000
X_267_9                       1.000000
X_268_9                       1.000000
X_269_17                      1.000000
X_270_25                      1.000000
X_271_32                      1.000000
X_272_16                      1.000000
X_273_40                      1.000000
X_274_36                      1.000000
X_275_22                      1.000000
X_276_13                      1.000000
X_277_31                      1.000000
X_278_10                      1.000000
X_279_38                      1.000000
X_280_34                      1.000000
X_281_33                      1.000000
X_282_3                       1.000000
X_283_40                      1.000000
X_284_32                      1.000000
X_285_20                      1.000000
X_286_4                       1.000000
X_287_28                      1.000000
X_288_6                       1.000000
X_289_4                       1.000000
X_290_40                      1.000000
X_291_13                      1.000000
X_292_15                      1.000000
X_293_35                      1.000000
X_294_1                       1.000000
X_295_7                       1.000000
X_296_8                       1.000000
X_297_8                       1.000000
X_298_15                      1.000000
X_299_32                      1.000000
X_300_33                      1.000000
X_301_27                      1.000000
X_302_29                      1.000000
X_303_26                      1.000000
X_304_21                      1.000000
X_305_36                      1.000000
X_306_40                      1.000000
X_307_32                      1.000000
X_308_20                      1.000000
X_309_26                      1.000000
X_310_6                       1.000000
X_311_33                      1.000000
X_312_19                      1.000000
X_313_10                      1.000000
X_314_8                       1.000000
X_315_35                      1.000000
X_316_31                      1.000000
X_317_11                      1.000000
X_318_39                      1.000000
X_319_37                      1.000000
X_320_16                      1.000000
X_321_34                      1.000000
X_322_27                      1.000000
X_323_14                      1.000000
X_324_18                      1.000000
X_325_14                      1.000000
X_326_36                      1.000000
X_327_11                      1.000000
X_328_38                      1.000000
X_329_9                       1.000000
X_330_17                      1.000000
X_331_38                      1.000000
X_332_1                       1.000000
X_333_34                      1.000000
X_334_2                       1.000000
X_335_24                      1.000000
X_336_1                       1.000000
X_337_29                      1.000000
X_338_5                       1.000000
X_339_17                      1.000000
X_340_3                       1.000000
X_341_38                      1.000000
X_342_34                      1.000000
X_343_14                      1.000000
X_344_20                      1.000000
X_345_26                      1.000000
X_346_12                      1.000000
X_347_30                      1.000000
X_348_6                       1.000000
X_349_29                      1.000000
X_350_18                      1.000000
X_351_3                       1.000000
X_352_31                      1.000000
X_353_30                      1.000000
X_354_14                      1.000000
X_355_12                      1.000000
X_356_11                      1.000000
X_357_2                       1.000000
X_358_39                      1.000000
X_359_25                      1.000000
X_360_37                      1.000000
X_361_35                      1.000000
X_362_17                      1.000000
X_363_3                       1.000000
X_364_24                      1.000000
X_365_23                      1.000000
X_366_15                      1.000000
X_367_21                      1.000000
X_368_27                      1.000000
X_369_19                      1.000000
X_370_3                       1.000000
X_371_37                      1.000000
X_372_36                      1.000000
X_373_11                      1.000000
X_374_30                      1.000000
X_375_18                      1.000000
X_376_30                      1.000000
X_377_16                      1.000000
X_378_24                      1.000000
X_379_2                       1.000000
X_380_12                      1.000000
X_381_26                      1.000000
X_382_17                      1.000000
X_383_5                       1.000000
X_384_11                      1.000000
X_385_37                      1.000000
X_386_25                      1.000000
X_387_18                      1.000000
X_388_25                      1.000000
X_389_18                      1.000000
X_390_26                      1.000000
X_391_12                      1.000000
X_392_33                      1.000000
X_393_40                      1.000000
X_394_16                      1.000000
X_395_9                       1.000000
X_396_20                      1.000000
X_397_15                      1.000000
X_398_40                      1.000000
X_399_32                      1.000000
X_400_1                       1.000000
X_401_9                       1.000000
X_402_8                       1.000000
X_403_3                       1.000000
X_404_14                      1.000000
X_405_31                      1.000000
X_406_6                       1.000000
X_407_6                       1.000000
X_408_33                      1.000000
X_409_39                      1.000000
X_410_32                      1.000000
X_411_16                      1.000000
X_412_24                      1.000000
X_413_22                      1.000000
X_414_7                       1.000000
X_415_21                      1.000000
X_416_9                       1.000000
X_417_36                      1.000000
X_418_23                      1.000000
X_419_21                      1.000000
X_420_34                      1.000000
X_421_29                      1.000000
X_422_4                       1.000000
X_423_22                      1.000000
X_424_24                      1.000000
X_425_30                      1.000000
X_426_3                       1.000000
X_427_32                      1.000000
X_428_40                      1.000000
X_429_14                      1.000000
X_430_37                      1.000000
X_431_12                      1.000000
X_432_16                      1.000000
X_433_3                       1.000000
X_434_9                       1.000000
X_435_16                      1.000000
X_436_7                       1.000000
X_437_26                      1.000000
X_438_21                      1.000000
X_439_5                       1.000000
X_440_24                      1.000000
X_441_16                      1.000000
X_442_1                       1.000000
X_443_35                      1.000000
X_444_14                      1.000000
X_445_32                      1.000000
X_446_1                       1.000000
X_447_16                      1.000000
X_448_35                      1.000000
X_449_37                      1.000000
X_450_9                       1.000000
X_451_39                      1.000000
X_452_35                      1.000000
X_453_13                      1.000000
X_454_39                      1.000000
X_455_5                       1.000000
X_456_1                       1.000000
X_457_16                      1.000000
X_458_33                      1.000000
X_459_15                      1.000000
X_460_36                      1.000000
X_461_38                      1.000000
X_462_31                      1.000000
X_463_21                      1.000000
X_464_31                      1.000000
X_465_26                      1.000000
X_466_31                      1.000000
X_467_10                      1.000000
X_468_11                      1.000000
X_469_4                       1.000000
X_470_26                      1.000000
X_471_1                       1.000000
X_472_30                      1.000000
X_473_12                      1.000000
X_474_30                      1.000000
X_475_28                      1.000000
X_476_1                       1.000000
X_477_1                       1.000000
X_478_39                      1.000000
X_479_15                      1.000000
X_480_30                      1.000000
X_481_17                      1.000000
X_482_23                      1.000000
X_483_13                      1.000000
X_484_20                      1.000000
X_485_10                      1.000000
X_486_16                      1.000000
X_487_35                      1.000000
X_488_3                       1.000000
X_489_12                      1.000000
X_490_17                      1.000000
X_491_32                      1.000000
X_492_13                      1.000000
X_493_14                      1.000000
X_494_22                      1.000000
X_495_4                       1.000000
X_496_36                      1.000000
X_497_16                      1.000000
X_498_19                      1.000000
X_499_36                      1.000000
X_500_38                      1.000000
All other variables in the range 1-20001 are 0.
