
Log started (V11.0.0) Sun Jun 01 10:01:50 2008

Tried aggregator 1 time.
Reduced MIP has 540 rows, 20001 columns, and 40040 nonzeros.
Presolve time =    0.16 sec.
Clique table members: 500.
MIP emphasis: balance optimality and feasibility.
MIP search method: dynamic search.
Parallel mode: none, using 1 thread.
Root relaxation solution time =    0.91 sec.

        Nodes                                         Cuts/
   Node  Left     Objective  IInf  Best Integer     Best Node    ItCnt     Gap

*     0+    0                        26843.0000      145.4037     1015   99.46%
*     0+    0                          155.0000      145.4037     1015    6.19%
      0     0      146.0000    58      155.0000      Fract: 7     1025    5.81%
      0     0      146.0000    68      155.0000     Covers: 2     1050    5.81%
      0     0      146.0000    68      155.0000     Covers: 1     1051    5.81%
*     0+    0                          154.0000      146.0000     1051    5.19%
*     0+    0                          153.0000      146.0000     1051    4.58%
      0     2      146.0000    68      153.0000      146.0000     1051    4.58%
*    60+   59                          152.0000      146.0000     3144    3.95%
    100    92      148.0000    60      152.0000      146.0000     5233    3.95%
    200   166      148.0000    58      152.0000      146.0000    14544    3.95%
    300   235      148.0000    64      152.0000      146.0000    27215    3.95%
    400   311      148.0000    74      152.0000      146.0000    39681    3.95%
    500   404      148.0000    76      152.0000      146.0000    47969    3.95%
*   508+  272                          150.0000      146.0000    50756    2.67%
    600   299      146.0000    71      150.0000      146.0000    56004    2.67%
    700   295      149.0000    71      150.0000      146.0000    72021    2.67%
*   708+  188                          149.0000      146.0000    72511    2.01%
    800   203      146.0000    74      149.0000      146.0000    78440    2.01%
    900   261      147.0000    71      149.0000      146.0000    88173    2.01%
   1000   347      148.0000    70      149.0000      146.0000    96043    2.01%
Elapsed time = 153.17 sec. (tree size =  4.39 MB, solutions = 7)
   1100   416      146.0000    81      149.0000      146.0000   109760    2.01%
   1200   500      147.0000    58      149.0000      146.0000   118091    2.01%
   1300   572      147.2808    91      149.0000      146.0000   130437    2.01%
   1400   669      147.0000    93      149.0000      146.0000   135949    2.01%
   1500   762      148.0000    71      149.0000      146.0000   143373    2.01%
   1600   854      148.0000    86      149.0000      146.0000   150742    2.01%
*  1608+  680                          148.0000      146.0000   151001    1.35%
   1700   763      147.0000    76      148.0000      146.0000   157379    1.35%
   1800   851      147.0000    82      148.0000      146.0000   163360    1.35%
   1900   927      147.0000    82      148.0000      146.0000   174693    1.35%
   2000  1027      147.0000   105      148.0000      146.0000   180136    1.35%
Elapsed time = 249.59 sec. (tree size = 15.72 MB, solutions = 8)
   2100  1113      146.0000    85      148.0000      146.0000   189350    1.35%
   2200  1208      146.0000    90      148.0000      146.0000   195313    1.35%
   2300  1307      147.0000    70      148.0000      146.0000   200971    1.35%
   2400  1405      147.0000    86      148.0000      146.0000   206392    1.35%
   2500  1498      147.0000    88      148.0000      146.0000   212878    1.35%
   2600  1591      147.0000    95      148.0000      146.0000   219330    1.35%
   2700  1682      147.0000    75      148.0000      146.0000   226119    1.35%
   2800  1782      147.0000    76      148.0000      146.0000   230606    1.35%
   2900  1868      147.0000   126      148.0000      146.0000   238946    1.35%
   3000  1964      147.0000    78      148.0000      146.0000   242889    1.35%
Elapsed time = 347.33 sec. (tree size = 32.53 MB, solutions = 8)
   3100  2048      146.0000   137      148.0000      146.0000   252767    1.35%
   3200  2142      147.0000    72      148.0000      146.0000   258754    1.35%
   3300  2242      147.0000    78      148.0000      146.0000   260574    1.35%
   3400  2342      147.0000    92      148.0000      146.0000   264869    1.35%
   3500  2438      146.0000   149      148.0000      146.0000   271044    1.35%
   3600  2528      147.0000   129      148.0000      146.0000   277535    1.35%
   3700  2628      147.0000    90      148.0000      146.0000   283236    1.35%
   3800  2707      147.0000   100      148.0000      146.0000   295566    1.35%
   3900  2796      147.0000    69      148.0000      146.0000   305119    1.35%
   4000  2884      146.0000   103      148.0000      146.0000   313277    1.35%
Elapsed time = 437.09 sec. (tree size = 50.49 MB, solutions = 8)
   4100  2974      147.0000    84      148.0000      146.0000   319419    1.35%
   4200  3074      147.0000    94      148.0000      146.0000   325466    1.35%
   4300  3169      147.0000   114      148.0000      146.0000   333703    1.35%
   4400  3255      146.0000   110      148.0000      146.0000   349296    1.35%
   4500  3349      147.0000   118      148.0000      146.0000   356986    1.35%
   4600  3442      147.0000   110      148.0000      146.0000   364024    1.35%
   4700  3533      147.0000    83      148.0000      146.0000   372064    1.35%
   4800  3631      147.0000    86      148.0000      146.0000   379613    1.35%
   4900  3722      147.0000    96      148.0000      146.0000   385108    1.35%
   5000  3817      147.0000    80      148.0000      146.0000   390214    1.35%
Elapsed time = 519.33 sec. (tree size = 70.10 MB, solutions = 8)
   5100  3910      147.0000    78      148.0000      146.0000   397599    1.35%
   5200  4005      147.0000    65      148.0000      146.0000   402613    1.35%
   5300  4101      147.0000   101      148.0000      146.0000   409215    1.35%
   5400  4191      147.0000   126      148.0000      146.0000   415989    1.35%
   5500  4278      147.0000    70      148.0000      146.0000   425187    1.35%
   5600  4378      147.0000    91      148.0000      146.0000   430052    1.35%
   5700  4471      147.0000    99      148.0000      146.0000   437008    1.35%
   5800  4563      146.0000   111      148.0000      146.0000   446882    1.35%
   5900  4662      147.0000    82      148.0000      146.0000   451693    1.35%
   6000  4762      147.0000    76      148.0000      146.0000   455260    1.35%
Elapsed time = 600.47 sec. (tree size = 91.62 MB, solutions = 8)
   6100  4862      147.0000    92      148.0000      146.0000   458387    1.35%
   6200  4962      147.0000    75      148.0000      146.0000   460317    1.35%
   6300  5056      146.0000    92      148.0000      146.0000   467602    1.35%
   6400  5149      147.0000    86      148.0000      146.0000   474512    1.35%
   6500  5242      147.0000    93      148.0000      146.0000   483751    1.35%
   6600  5342      147.0000    93      148.0000      146.0000   490575    1.35%
   6700  5433      147.0000    85      148.0000      146.0000   497482    1.35%
   6800  5528      147.0000    82      148.0000      146.0000   503051    1.35%
   6900  5624      146.0000   118      148.0000      146.0000   512126    1.35%
   7000  5716      146.0000   120      148.0000      146.0000   522380    1.35%
Elapsed time = 691.22 sec. (tree size = 113.61 MB, solutions = 8)
   7100  5807      146.0000   128      148.0000      146.0000   531843    1.35%
   7200  5901      147.0000    67      148.0000      146.0000   539175    1.35%
   7300  5976      147.0000   106      148.0000      146.0000   556135    1.35%
   7400  6065      147.0000   107      148.0000      146.0000   568602    1.35%
   7500  6150      147.0000    88      148.0000      146.0000   581592    1.35%
   7600  6240    infeasible            148.0000      146.0000   592418    1.35%
Began writing nodes to disk (directory ./cpxa03764 created)
   7700  6333      147.0000   105      148.0000      146.0000   599400    1.35%
   7800  6427      147.0000    87      148.0000      146.0000   607874    1.35%
   7900  6518      147.0000    89      148.0000      146.0000   618535    1.35%
   8000  6612      146.0000   136      148.0000      146.0000   629665    1.35%
Elapsed time = 822.34 sec. (tree size = 134.91 MB, solutions = 8)
Nodefile size =  7.90 MB (6.31 MB after compression)
   8100  6706      147.0000    87      148.0000      146.0000   637048    1.35%
   8200  6795      147.0000    89      148.0000      146.0000   645732    1.35%
   8300  6884      147.0000    83      148.0000      146.0000   656795    1.35%
   8400  6978      146.0000   106      148.0000      146.0000   670012    1.35%
   8500  7065    infeasible            148.0000      146.0000   678932    1.35%
   8600  7158      147.0000    72      148.0000      146.0000   685905    1.35%
   8700  7258      147.0000    84      148.0000      146.0000   694820    1.35%
   8800  7345      147.0000   141      148.0000      146.0000   709035    1.35%
   8900  7432      147.0000    81      148.0000      146.0000   718231    1.35%
   9000  7528      146.0000   109      148.0000      146.0000   724984    1.35%
Elapsed time = 953.09 sec. (tree size = 157.20 MB, solutions = 8)
Nodefile size = 29.64 MB (23.69 MB after compression)
   9100  7619    infeasible            148.0000      146.0000   734577    1.35%
   9200  7711      146.0023   143      148.0000      146.0000   745802    1.35%
   9300  7808      147.0000    84      148.0000      146.0000   752792    1.35%
   9400  7896      146.0000   111      148.0000      146.0000   764506    1.35%
   9500  7995      147.0000    94      148.0000      146.0000   770523    1.35%
   9600  8084      147.0000    93      148.0000      146.0000   780157    1.35%
   9700  8179      147.0000   101      148.0000      146.0000   786788    1.35%
   9800  8272      147.0000    63      148.0000      146.0000   795118    1.35%
   9900  8372      147.0000    76      148.0000      146.0000   804610    1.35%
  10000  8459      147.0000   116      148.0000      146.0000   817300    1.35%
Elapsed time = 1094.19 sec. (tree size = 180.00 MB, solutions = 8)
Nodefile size = 52.43 MB (41.84 MB after compression)
  10100  8559      147.0000    87      148.0000      146.0000   822807    1.35%
  10200  8652      147.0000    86      148.0000      146.0000   833547    1.35%
  10300  8745      147.0000   162      148.0000      146.0000   840821    1.35%
  10400  8845      147.0000   109      148.0000      146.0000   844870    1.35%
  10500  8938      147.0000    81      148.0000      146.0000   851408    1.35%
  10600  9030      146.0000    93      148.0000      146.0000   859632    1.35%
  10700  9127    infeasible            148.0000      146.0000   865319    1.35%
  10800  9217      147.0000    80      148.0000      146.0000   873443    1.35%
  10900  9317      147.0000    82      148.0000      146.0000   884483    1.35%
  11000  9406      147.0000   116      148.0000      146.0000   895531    1.35%
Elapsed time = 1203.42 sec. (tree size = 204.27 MB, solutions = 8)
Nodefile size = 77.15 MB (61.76 MB after compression)
  11100  9499      147.0000    68      148.0000      146.0000   900975    1.35%
  11200  9599      147.0000    78      148.0000      146.0000   908784    1.35%
  11300  9688      147.0000    90      148.0000      146.0000   920164    1.35%
  11400  9784      147.0000   105      148.0000      146.0000   925599    1.35%
  11500  9877      147.0000    99      148.0000      146.0000   931617    1.35%
  11600  9963      147.0000    88      148.0000      146.0000   943228    1.35%
  11700 10061      147.0000    95      148.0000      146.0000   952012    1.35%
  11800 10151      146.0000   172      148.0000      146.0000   964573    1.35%
  11900 10251      146.0000    99      148.0000      146.0000   972037    1.35%
  12000 10347      147.0000    88      148.0000      146.0000   978958    1.35%
Elapsed time = 1317.31 sec. (tree size = 228.72 MB, solutions = 8)
Nodefile size = 100.88 MB (80.99 MB after compression)
  12100 10432      147.0000   104      148.0000      146.0000   995014    1.35%
  12200 10532      147.0000   104      148.0000      146.0000   998444    1.35%
  12300 10623      147.0000    79      148.0000      146.0000  1007116    1.35%
  12400 10716      147.0000    95      148.0000      146.0000  1014889    1.35%
  12500 10811      147.0000    86      148.0000      146.0000  1021252    1.35%
  12600 10911      147.0000    81      148.0000      146.0000  1025319    1.35%
  12700 11003    infeasible            148.0000      146.0000  1034156    1.35%
  12800 11098      146.0000   116      148.0000      146.0000  1042404    1.35%
  12900 11197      147.0000    85      148.0000      146.0000  1049483    1.35%
  13000 11292      147.0000    80      148.0000      146.0000  1056378    1.35%
Elapsed time = 1439.23 sec. (tree size = 253.37 MB, solutions = 8)
Nodefile size = 125.55 MB (100.98 MB after compression)
  13100 11386      146.0000   101      148.0000      146.0000  1064712    1.35%
  13200 11477      147.0000    67      148.0000      146.0000  1074671    1.35%
  13300 11569      147.0000    85      148.0000      146.0000  1084695    1.35%
  13400 11669      147.0000    90      148.0000      146.0000  1091708    1.35%
  13500 11762      147.0000   116      148.0000      146.0000  1101148    1.35%
  13600 11853      147.0000    90      148.0000      146.0000  1111098    1.35%
  13700 11949      146.0000   114      148.0000      146.0000  1117672    1.35%
  13800 12046      147.0000    88      148.0000      146.0000  1124385    1.35%
  13900 12144      147.0000   102      148.0000      146.0000  1132803    1.35%
  14000 12238      147.0000   119      148.0000      146.0000  1138581    1.35%
Elapsed time = 1560.72 sec. (tree size = 278.71 MB, solutions = 8)
Nodefile size = 151.09 MB (121.85 MB after compression)
  14100 12323      147.0000    85      148.0000      146.0000  1145566    1.35%
  14200 12412      147.0000   102      148.0000      146.0000  1155766    1.35%
  14300 12501      147.0000   136      148.0000      146.0000  1163989    1.35%
  14400 12601      147.0000   118      148.0000      146.0000  1168457    1.35%
  14500 12690      147.0000    71      148.0000      146.0000  1180066    1.35%
  14600 12779      147.0000   179      148.0000      146.0000  1189974    1.35%
  14700 12877    infeasible            148.0000      146.0000  1197701    1.35%
  14800 12973      146.0000   105      148.0000      146.0000  1205940    1.35%
  14900 13066      147.0000    68      148.0000      146.0000  1215098    1.35%
  15000 13164      147.0000    77      148.0000      146.0000  1230580    1.35%
Elapsed time = 1685.81 sec. (tree size = 304.29 MB, solutions = 8)
Nodefile size = 176.76 MB (142.91 MB after compression)
  15100 13247      147.0000    82      148.0000      146.0000  1243917    1.35%
  15200 13345      147.0000    79      148.0000      146.0000  1251054    1.35%
  15300 13433      146.0000   109      148.0000      146.0000  1261707    1.35%
  15400 13532      147.0000   103      148.0000      146.0000  1267179    1.35%
  15500 13627      147.0000    99      148.0000      146.0000  1272528    1.35%
  15600 13722      147.0000   103      148.0000      146.0000  1278157    1.35%
  15700 13815      147.0000   102      148.0000      146.0000  1284437    1.35%
  15800 13909    infeasible            148.0000      146.0000  1292423    1.35%
  15900 14006      147.0000   105      148.0000      146.0000  1298990    1.35%
  16000 14099      147.0000   107      148.0000      146.0000  1305209    1.35%
Elapsed time = 1797.11 sec. (tree size = 330.74 MB, solutions = 8)
Nodefile size = 203.42 MB (164.84 MB after compression)
  16100 14190      147.0000    98      148.0000      146.0000  1312941    1.35%
  16200 14285      147.0000    90      148.0000      146.0000  1319908    1.35%
  16300 14385      147.0000   100      148.0000      146.0000  1324748    1.35%
  16400 14476      147.0000   100      148.0000      146.0000  1334219    1.35%
  16500 14576      147.0000   108      148.0000      146.0000  1338702    1.35%
  16600 14669      147.0000    93      148.0000      146.0000  1343552    1.35%
  16700 14764      147.0000    91      148.0000      146.0000  1348928    1.35%
  16800 14857      147.0000    82      148.0000      146.0000  1355452    1.35%
  16900 14957      147.0000    79      148.0000      146.0000  1359764    1.35%
  17000 15055      147.0000    94      148.0000      146.0000  1370095    1.35%
Elapsed time = 1905.02 sec. (tree size = 358.53 MB, solutions = 8)
Nodefile size = 231.08 MB (187.85 MB after compression)
  17100 15142      147.0000   113      148.0000      146.0000  1378503    1.35%
  17200 15237      147.0000    92      148.0000      146.0000  1386212    1.35%
  17300 15331      147.0000   119      148.0000      146.0000  1391119    1.35%
  17400 15426      147.0000   106      148.0000      146.0000  1394976    1.35%
  17500 15517      147.0000    84      148.0000      146.0000  1401198    1.35%
  17600 15617      147.0000    86      148.0000      146.0000  1407382    1.35%
  17700 15703      146.0000   122      148.0000      146.0000  1418170    1.35%
  17800 15803      146.0000   104      148.0000      146.0000  1424215    1.35%
  17900 15902      147.0000    84      148.0000      146.0000  1427002    1.35%
  18000 16002      147.0000   104      148.0000      146.0000  1433545    1.35%
Elapsed time = 2010.58 sec. (tree size = 386.18 MB, solutions = 8)
Nodefile size = 258.77 MB (210.80 MB after compression)
  18100 16097      147.0000    85      148.0000      146.0000  1437648    1.35%
  18200 16192      147.0000    81      148.0000      146.0000  1443308    1.35%
  18300 16283      147.0000   138      148.0000      146.0000  1450133    1.35%
  18400 16383      147.0000   103      148.0000      146.0000  1453894    1.35%
  18500 16470      147.0000   122      148.0000      146.0000  1465884    1.35%
  18600 16570      147.0000   105      148.0000      146.0000  1468536    1.35%
  18700 16665      147.0000    87      148.0000      146.0000  1474141    1.35%
  18800 16765      147.0000    69      148.0000      146.0000  1478108    1.35%
  18900 16861      146.0000   115      148.0000      146.0000  1485054    1.35%
  19000 16956      146.0000   163      148.0000      146.0000  1492574    1.35%
Elapsed time = 2098.00 sec. (tree size = 414.37 MB, solutions = 8)
Nodefile size = 287.34 MB (234.57 MB after compression)
  19100 17053      147.0000    76      148.0000      146.0000  1499636    1.35%
  19200 17149      146.0000   178      148.0000      146.0000  1510545    1.35%
  19300 17248      147.0000    89      148.0000      146.0000  1514271    1.35%
  19400 17336      147.0000   103      148.0000      146.0000  1522702    1.35%
  19500 17436      147.0000    86      148.0000      146.0000  1525914    1.35%
  19600 17527      147.0000    80      148.0000      146.0000  1534033    1.35%
  19700 17622      147.0000   109      148.0000      146.0000  1540067    1.35%
  19800 17722      147.0000   119      148.0000      146.0000  1546733    1.35%
  19900 17817      147.0000   135      148.0000      146.0000  1554050    1.35%
  20000 17910      147.0000    89      148.0000      146.0000  1560936    1.35%
Elapsed time = 2201.39 sec. (tree size = 442.96 MB, solutions = 8)
Nodefile size = 315.07 MB (257.82 MB after compression)
  20100 18001      147.0000   110      148.0000      146.0000  1569230    1.35%
  20200 18096      147.0000   107      148.0000      146.0000  1576578    1.35%
  20300 18196      147.0000   117      148.0000      146.0000  1581826    1.35%
  20400 18289      147.0000   118      148.0000      146.0000  1589966    1.35%
  20500 18384      147.0000    81      148.0000      146.0000  1598297    1.35%
  20600 18478      146.0000   107      148.0000      146.0000  1605169    1.35%
  20700 18577      147.0000    72      148.0000      146.0000  1611473    1.35%
  20800 18668      147.0000    83      148.0000      146.0000  1618205    1.35%
  20900 18766      147.0000   102      148.0000      146.0000  1625126    1.35%
  21000 18861      147.0000   106      148.0000      146.0000  1631684    1.35%
Elapsed time = 2318.27 sec. (tree size = 471.50 MB, solutions = 8)
Nodefile size = 344.46 MB (282.35 MB after compression)
  21100 18956      147.0000    97      148.0000      146.0000  1638436    1.35%
  21200 19051      147.0000   113      148.0000      146.0000  1645026    1.35%
  21300 19151      147.0000   100      148.0000      146.0000  1648284    1.35%
  21400 19242      147.0000    83      148.0000      146.0000  1655486    1.35%
  21500 19337      146.0055   208      148.0000      146.0000  1666238    1.35%
  21600 19437      147.0000    84      148.0000      146.0000  1669739    1.35%
  21700 19530      147.0000    60      148.0000      146.0000  1676565    1.35%
  21800 19630      147.0000    97      148.0000      146.0000  1680150    1.35%
  21900 19719      147.0000   107      148.0000      146.0000  1689039    1.35%
  22000 19812      147.0000    92      148.0000      146.0000  1697513    1.35%
Elapsed time = 2428.44 sec. (tree size = 500.74 MB, solutions = 8)
Nodefile size = 373.02 MB (306.34 MB after compression)
  22100 19912      147.0000    90      148.0000      146.0000  1702390    1.35%
  22200 20005      147.0000   101      148.0000      146.0000  1710068    1.35%
  22300 20098      147.0000    90      148.0000      146.0000  1716716    1.35%
  22400 20198      147.0000   109      148.0000      146.0000  1721845    1.35%
  22500 20293      147.0000   127      148.0000      146.0000  1729813    1.35%
  22600 20386      147.0000   101      148.0000      146.0000  1736215    1.35%
  22700 20467      147.0000   100      148.0000      146.0000  1750023    1.35%
  22800 20560      147.0000   161      148.0000      146.0000  1756678    1.35%
  22900 20660      147.0000   108      148.0000      146.0000  1760136    1.35%
  23000 20753      147.0000    89      148.0000      146.0000  1765600    1.35%
Elapsed time = 2530.08 sec. (tree size = 530.09 MB, solutions = 8)
Nodefile size = 402.81 MB (331.34 MB after compression)
  23100 20842      147.0000    80      148.0000      146.0000  1773842    1.35%
  23200 20942      147.0000    86      148.0000      146.0000  1779561    1.35%
  23300 21035      147.0000   100      148.0000      146.0000  1787234    1.35%
  23400 21131      146.0000   101      148.0000      146.0000  1794087    1.35%
  23500 21225      147.0000    92      148.0000      146.0000  1800041    1.35%
  23600 21325      147.0000   158      148.0000      146.0000  1805254    1.35%
  23700 21420      147.0000    80      148.0000      146.0000  1812160    1.35%
  23800 21512      147.0000    74      148.0000      146.0000  1822758    1.35%
  23900 21607      147.0000   181      148.0000      146.0000  1829463    1.35%
  24000 21707      147.0000   109      148.0000      146.0000  1833450    1.35%
Elapsed time = 2630.64 sec. (tree size = 560.02 MB, solutions = 8)
Nodefile size = 432.34 MB (356.16 MB after compression)
  24100 21800      147.0000    93      148.0000      146.0000  1839180    1.35%
  24200 21892      146.0000   134      148.0000      146.0000  1848023    1.35%
  24300 21990      147.0000    90      148.0000      146.0000  1855312    1.35%
  24400 22090      147.0000    84      148.0000      146.0000  1860091    1.35%
  24500 22179      147.0000    89      148.0000      146.0000  1867655    1.35%
  24600 22274      147.0000   131      148.0000      146.0000  1874600    1.35%
  24700 22374      147.0000   103      148.0000      146.0000  1878329    1.35%
  24800 22469      147.0000   101      148.0000      146.0000  1885522    1.35%
  24900 22562      147.0000    89      148.0000      146.0000  1892453    1.35%
  25000 22662      147.0000   103      148.0000      146.0000  1896094    1.35%
Elapsed time = 2733.83 sec. (tree size = 589.93 MB, solutions = 8)
Nodefile size = 462.82 MB (381.91 MB after compression)
  25100 22757      147.0000    80      148.0000      146.0000  1902832    1.35%
  25200 22857      147.0000   127      148.0000      146.0000  1908823    1.35%
  25300 22950      147.0000    97      148.0000      146.0000  1914521    1.35%
  25400 23045      147.0000   114      148.0000      146.0000  1919701    1.35%
  25500 23140      147.0000   157      148.0000      146.0000  1926553    1.35%
  25600 23240      147.0000    96      148.0000      146.0000  1931065    1.35%
  25700 23340      147.0000    84      148.0000      146.0000  1938606    1.35%
  25800 23419      147.0000    85      148.0000      146.0000  1953512    1.35%
  25900 23517      147.0000    75      148.0000      146.0000  1958057    1.35%
  26000 23612      147.0000    80      148.0000      146.0000  1963755    1.35%
Elapsed time = 2847.30 sec. (tree size = 620.44 MB, solutions = 8)
Nodefile size = 492.46 MB (406.94 MB after compression)
  26100 23707      147.0000    80      148.0000      146.0000  1970162    1.35%
  26200 23807      147.0000   111      148.0000      146.0000  1973650    1.35%
  26300 23896      147.0000    84      148.0000      146.0000  1980928    1.35%
  26400 23996      147.0000    86      148.0000      146.0000  1988344    1.35%
  26500 24092      146.0000   117      148.0000      146.0000  1995991    1.35%
  26600 24191      147.0000    87      148.0000      146.0000  2001186    1.35%
  26700 24286      147.0000    89      148.0000      146.0000  2007444    1.35%
  26800 24386      147.0000   115      148.0000      146.0000  2013521    1.35%
  26900 24481      147.0000    95      148.0000      146.0000  2019540    1.35%
  27000 24572      147.0000    93      148.0000      146.0000  2028659    1.35%
Elapsed time = 2966.14 sec. (tree size = 651.26 MB, solutions = 8)
Nodefile size = 524.03 MB (433.56 MB after compression)
  27100 24672      147.0000    96      148.0000      146.0000  2034446    1.35%
  27200 24768      146.0000   116      148.0000      146.0000  2041832    1.35%
  27300 24865      147.0000    78      148.0000      146.0000  2046724    1.35%
  27400 24958      147.0000    86      148.0000      146.0000  2053894    1.35%
  27500 25058      147.0000    92      148.0000      146.0000  2056905    1.35%
  27600 25153      147.0000    83      148.0000      146.0000  2063189    1.35%
  27700 25246      146.0961   227      148.0000      146.0000  2069008    1.35%
  27800 25346      147.0000    77      148.0000      146.0000  2072036    1.35%
  27900 25442      146.0000   177      148.0000      146.0000  2080172    1.35%
  28000 25541      147.0000    89      148.0000      146.0000  2083313    1.35%
Elapsed time = 3068.13 sec. (tree size = 682.68 MB, solutions = 8)
Nodefile size = 555.48 MB (460.13 MB after compression)
  28100 25632      147.0000    80      148.0000      146.0000  2092450    1.35%
  28200 25732      147.0000   115      148.0000      146.0000  2095397    1.35%
  28300 25827      147.0000   113      148.0000      146.0000  2101872    1.35%
  28400 25927      147.0000   119      148.0000      146.0000  2107535    1.35%
  28500 26020      147.0000    95      148.0000      146.0000  2114167    1.35%
  28600 26120      147.0000    89      148.0000      146.0000  2122309    1.35%
  28700 26205      147.0000   122      148.0000      146.0000  2134875    1.35%
  28800 26305      147.0000    92      148.0000      146.0000  2137512    1.35%
  28900 26398      147.0000   110      148.0000      146.0000  2144128    1.35%
  29000 26496    infeasible            148.0000      146.0000  2150481    1.35%
Elapsed time = 3173.94 sec. (tree size = 714.05 MB, solutions = 8)
Nodefile size = 586.07 MB (486.09 MB after compression)
  29100 26591      147.0000   111      148.0000      146.0000  2156205    1.35%
  29200 26687      146.0000    95      148.0000      146.0000  2164078    1.35%
  29300 26787      146.0000    92      148.0000      146.0000  2170506    1.35%
  29400 26882      147.0000    59      148.0000      146.0000  2176788    1.35%
  29500 26976      147.0000    78      148.0000      146.0000  2190690    1.35%
  29600 27043      147.0000    77      148.0000      146.0000  2210686    1.35%
  29700 27136      147.0000    92      148.0000      146.0000  2216316    1.35%
  29800 27227      147.0000   104      148.0000      146.0000  2225076    1.35%
  29900 27327      147.0000   115      148.0000      146.0000  2229367    1.35%
  30000 27416      147.0000    87      148.0000      146.0000  2238909    1.35%
Elapsed time = 3309.31 sec. (tree size = 744.62 MB, solutions = 8)
Nodefile size = 616.78 MB (512.22 MB after compression)
  30100 27516      147.0000    88      148.0000      146.0000  2245663    1.35%
  30200 27609      147.0000    97      148.0000      146.0000  2252627    1.35%
  30300 27702      147.0000    79      148.0000      146.0000  2259909    1.35%
  30400 27793      147.0000   100      148.0000      146.0000  2267270    1.35%
  30500 27893      147.0000    86      148.0000      146.0000  2270080    1.35%
  30600 27985      146.0000   107      148.0000      146.0000  2279813    1.35%
  30700 28082      147.0000    64      148.0000      146.0000  2285833    1.35%
  30800 28180      147.0000    89      148.0000      146.0000  2295365    1.35%
  30900 28269      147.0000    95      148.0000      146.0000  2304598    1.35%
  31000 28369      147.0000    95      148.0000      146.0000  2308069    1.35%
Elapsed time = 3426.47 sec. (tree size = 777.40 MB, solutions = 8)
Nodefile size = 650.32 MB (540.78 MB after compression)
  31100 28465      146.0000   113      148.0000      146.0000  2314990    1.35%
  31200 28564      147.0000    90      148.0000      146.0000  2319126    1.35%
  31300 28657      147.0000   104      148.0000      146.0000  2329407    1.35%
  31400 28746      147.0000   186      148.0000      146.0000  2338418    1.35%
  31500 28846      147.0000    96      148.0000      146.0000  2342301    1.35%
  31600 28940    infeasible            148.0000      146.0000  2350640    1.35%
  31700 29037      147.0000    84      148.0000      146.0000  2356035    1.35%
  31800 29122      147.0000   128      148.0000      146.0000  2365825    1.35%
  31900 29215      147.0000   127      148.0000      146.0000  2374761    1.35%
  32000 29315      147.0000   138      148.0000      146.0000  2379894    1.35%
Elapsed time = 3550.50 sec. (tree size = 810.19 MB, solutions = 8)
Nodefile size = 682.72 MB (568.52 MB after compression)
  32100 29406      147.0000    92      148.0000      146.0000  2386609    1.35%
  32200 29497      147.0000   138      148.0000      146.0000  2397274    1.35%
  32300 29595      147.0000   139      148.0000      146.0000  2404095    1.35%
  32400 29690      147.0000   120      148.0000      146.0000  2409931    1.35%
  32500 29783      147.0000   108      148.0000      146.0000  2415738    1.35%
  32600 29878      147.0000   117      148.0000      146.0000  2423136    1.35%
  32700 29978      147.0000    97      148.0000      146.0000  2427947    1.35%
  32800 30071      147.0000   113      148.0000      146.0000  2435267    1.35%
  32900 30171      147.0000   102      148.0000      146.0000  2439677    1.35%
  33000 30262      147.0000    84      148.0000      146.0000  2445688    1.35%
Elapsed time = 3675.36 sec. (tree size = 843.72 MB, solutions = 8)
Nodefile size = 716.26 MB (597.36 MB after compression)
  33100 30362      147.0000   112      148.0000      146.0000  2449527    1.35%
  33200 30451      147.0000   112      148.0000      146.0000  2457317    1.35%
  33300 30544      147.0000   152      148.0000      146.0000  2466491    1.35%
  33400 30644      147.0000   104      148.0000      146.0000  2470942    1.35%
  33500 30739      147.0000    99      148.0000      146.0000  2478936    1.35%
  33600 30839      147.0000   102      148.0000      146.0000  2483111    1.35%
  33700 30934      147.0000    93      148.0000      146.0000  2489089    1.35%
  33800 31030      147.0000   132      148.0000      146.0000  2496057    1.35%
  33900 31125      147.0000   123      148.0000      146.0000  2504386    1.35%
  34000 31220      147.0000    91      148.0000      146.0000  2513937    1.35%
Elapsed time = 3796.69 sec. (tree size = 877.90 MB, solutions = 8)
Nodefile size = 750.83 MB (627.06 MB after compression)
  34100 31313      147.0000   110      148.0000      146.0000  2525395    1.35%
  34200 31406      147.0000   142      148.0000      146.0000  2534743    1.35%
  34300 31506      147.0000    86      148.0000      146.0000  2540185    1.35%
  34400 31599      147.0000   110      148.0000      146.0000  2548411    1.35%
  34500 31692      147.0000    89      148.0000      146.0000  2558378    1.35%
  34600 31785      147.0000    85      148.0000      146.0000  2567524    1.35%
  34700 31885      147.0000   115      148.0000      146.0000  2571567    1.35%
  34800 31980      147.0000    75      148.0000      146.0000  2578094    1.35%
  34900 32080      147.0000    91      148.0000      146.0000  2582988    1.35%
  35000 32173      147.0000   106      148.0000      146.0000  2589472    1.35%
Elapsed time = 3920.70 sec. (tree size = 912.39 MB, solutions = 8)
Nodefile size = 784.91 MB (656.49 MB after compression)
  35100 32266      147.0000   107      148.0000      146.0000  2597267    1.35%
  35200 32362      147.0000   104      148.0000      146.0000  2605385    1.35%
  35300 32455      147.0000    92      148.0000      146.0000  2611805    1.35%
  35400 32544      147.0000   104      148.0000      146.0000  2619934    1.35%
  35500 32644      147.0000   116      148.0000      146.0000  2624716    1.35%
  35600 32735      147.0000    70      148.0000      146.0000  2629850    1.35%
  35700 32824      147.0000    82      148.0000      146.0000  2636848    1.35%
  35800 32924      147.0000   102      148.0000      146.0000  2642208    1.35%
  35900 33011      147.0000    88      148.0000      146.0000  2652446    1.35%
  36000 33111      147.0000   110      148.0000      146.0000  2655787    1.35%
Elapsed time = 4032.39 sec. (tree size = 946.63 MB, solutions = 8)
Nodefile size = 819.43 MB (686.48 MB after compression)
  36100 33202      147.0000    93      148.0000      146.0000  2662743    1.35%
  36200 33295      147.0000    97      148.0000      146.0000  2669288    1.35%
  36300 33395      147.0000   128      148.0000      146.0000  2675200    1.35%
  36400 33488      147.0000   110      148.0000      146.0000  2682252    1.35%
  36500 33586      147.0000   112      148.0000      146.0000  2690941    1.35%
  36600 33681      147.0000   104      148.0000      146.0000  2697349    1.35%
  36700 33776      147.0000   140      148.0000      146.0000  2704781    1.35%
  36800 33876      147.0000    89      148.0000      146.0000  2707582    1.35%
  36900 33967      147.0000    81      148.0000      146.0000  2716655    1.35%
  37000 34067      147.0000   119      148.0000      146.0000  2720085    1.35%
Elapsed time = 4142.91 sec. (tree size = 982.06 MB, solutions = 8)
Nodefile size = 854.69 MB (717.09 MB after compression)
  37100 34160      147.0000    71      148.0000      146.0000  2729279    1.35%
  37200 34260      147.0000   101      148.0000      146.0000  2734738    1.35%
  37300 34347      147.0000   150      148.0000      146.0000  2745865    1.35%
  37400 34447      147.0000   135      148.0000      146.0000  2751737    1.35%
  37500 34542      147.0000   112      148.0000      146.0000  2758266    1.35%
  37600 34635      147.0000    99      148.0000      146.0000  2765335    1.35%
  37700 34735      147.0000   129      148.0000      146.0000  2772347    1.35%
  37800 34825      147.0000    77      148.0000      146.0000  2781053    1.35%
  37900 34925      147.0000    78      148.0000      146.0000  2786162    1.35%
  38000 35020      147.0000    91      148.0000      146.0000  2794727    1.35%
Elapsed time = 4291.00 sec. (tree size = 1017.33 MB, solutions = 8)
Nodefile size = 889.73 MB (747.37 MB after compression)
  38100 35115      147.0000   118      148.0000      146.0000  2800532    1.35%
  38200 35210      147.0000   101      148.0000      146.0000  2808041    1.35%
  38300 35304      146.0000   141      148.0000      146.0000  2814308    1.35%
  38400 35403      147.0000    92      148.0000      146.0000  2818741    1.35%
  38500 35498      147.0000    76      148.0000      146.0000  2825173    1.35%
  38600 35598      147.0000    96      148.0000      146.0000  2828131    1.35%
  38700 35690      146.0000   118      148.0000      146.0000  2837469    1.35%
  38800 35789      147.0000    94      148.0000      146.0000  2843131    1.35%
  38900 35889      147.0000   110      148.0000      146.0000  2847799    1.35%
  39000 35982      147.0000   110      148.0000      146.0000  2854091    1.35%
Elapsed time = 4409.84 sec. (tree size = 1053.19 MB, solutions = 8)
Nodefile size = 925.92 MB (778.58 MB after compression)
  39100 36080      147.0000   131      148.0000      146.0000  2860620    1.35%
  39200 36175      147.0000    82      148.0000      146.0000  2867287    1.35%
  39300 36271      146.0000   152      148.0000      146.0000  2873708    1.35%
  39400 36366      147.0000    83      148.0000      146.0000  2884075    1.35%
  39500 36466      147.0000    97      148.0000      146.0000  2889142    1.35%
  39600 36560      146.0000   164      148.0000      146.0000  2897375    1.35%
  39700 36659      147.0000   107      148.0000      146.0000  2900002    1.35%
  39800 36748      147.0000    88      148.0000      146.0000  2908031    1.35%
  39900 36841      147.0000   108      148.0000      146.0000  2916568    1.35%
  40000 36939      147.0000   122      148.0000      146.0000  2922372    1.35%
Elapsed time = 4543.22 sec. (tree size = 1089.07 MB, solutions = 8)
Nodefile size = 961.19 MB (809.25 MB after compression)
  40100 37032      147.0000    85      148.0000      146.0000  2929840    1.35%
  40200 37132      147.0000    88      148.0000      146.0000  2936998    1.35%
  40300 37217      147.0000    84      148.0000      146.0000  2944912    1.35%
  40400 37312      147.0000    70      148.0000      146.0000  2952192    1.35%
  40500 37412      147.0000   104      148.0000      146.0000  2955091    1.35%
  40600 37505      147.0000    84      148.0000      146.0000  2962106    1.35%
  40700 37600      147.0000    74      148.0000      146.0000  2968162    1.35%
  40800 37697      147.0000    73      148.0000      146.0000  2972208    1.35%
  40900 37793      147.0000   101      148.0000      146.0000  2981436    1.35%
  41000 37893      147.0000    98      148.0000      146.0000  2984188    1.35%
Elapsed time = 4668.27 sec. (tree size = 1125.27 MB, solutions = 8)
Nodefile size = 997.65 MB (841.09 MB after compression)
  41100 37986      147.0000   105      148.0000      146.0000  2991377    1.35%
  41200 38086      147.0000   115      148.0000      146.0000  2996788    1.35%
  41300 38181      147.0000   101      148.0000      146.0000  3002274    1.35%
  41400 38272      147.0000    81      148.0000      146.0000  3009763    1.35%
  41500 38372      147.0000    78      148.0000      146.0000  3014858    1.35%
  41600 38463      147.0000    69      148.0000      146.0000  3022990    1.35%
  41700 38559      147.0000    99      148.0000      146.0000  3028804    1.35%
  41800 38654      147.0000    73      148.0000      146.0000  3037014    1.35%
  41900 38750      146.0000   107      148.0000      146.0000  3043325    1.35%
  42000 38849      147.0000    91      148.0000      146.0000  3048802    1.35%
Elapsed time = 4783.02 sec. (tree size = 1161.76 MB, solutions = 8)
Nodefile size = 1034.30 MB (872.51 MB after compression)
  42100 38938      147.0000   113      148.0000      146.0000  3057276    1.35%
  42200 39038      147.0000    84      148.0000      146.0000  3060771    1.35%
  42300 39134      147.0000   105      148.0000      146.0000  3068128    1.35%
  42400 39227      147.0000   100      148.0000      146.0000  3073970    1.35%
  42500 39322      147.0000    98      148.0000      146.0000  3081518    1.35%
  42600 39422      147.0000   107      148.0000      146.0000  3085706    1.35%
  42700 39518      146.0000   130      148.0000      146.0000  3094964    1.35%
  42800 39617      147.0000    88      148.0000      146.0000  3098098    1.35%
  42900 39710      147.0000    80      148.0000      146.0000  3105334    1.35%
  43000 39810      147.0000    82      148.0000      146.0000  3108406    1.35%
Elapsed time = 4894.22 sec. (tree size = 1198.62 MB, solutions = 8)
Nodefile size = 1071.10 MB (904.53 MB after compression)
  43100 39906      147.0000    89      148.0000      146.0000  3115982    1.35%
  43200 40001      147.0000    98      148.0000      146.0000  3122706    1.35%
  43300 40101      147.0000    89      148.0000      146.0000  3128039    1.35%
  43400 40196      147.0000    94      148.0000      146.0000  3132167    1.35%
  43500 40289      147.0000   113      148.0000      146.0000  3138770    1.35%
  43600 40389      147.0000    71      148.0000      146.0000  3140925    1.35%
  43700 40484      147.0000    70      148.0000      146.0000  3147960    1.35%
  43800 40582      147.0000    86      148.0000      146.0000  3153218    1.35%
  43900 40673      147.0000   115      148.0000      146.0000  3162900    1.35%
  44000 40771      147.0000   135      148.0000      146.0000  3168318    1.35%
Elapsed time = 5004.89 sec. (tree size = 1235.89 MB, solutions = 8)
Nodefile size = 1108.86 MB (937.15 MB after compression)
  44100 40866      147.0000   123      148.0000      146.0000  3173542    1.35%
  44200 40955      147.0000   102      148.0000      146.0000  3182693    1.35%
  44300 41050      147.0000   137      148.0000      146.0000  3190092    1.35%
  44400 41150      147.0000    96      148.0000      146.0000  3194936    1.35%
  44500 41241      147.0000   106      148.0000      146.0000  3202953    1.35%
  44600 41339      147.0000   106      148.0000      146.0000  3208945    1.35%
  44700 41434      147.0000    69      148.0000      146.0000  3216854    1.35%
  44800 41534      147.0000   107      148.0000      146.0000  3220487    1.35%
  44900 41625      147.0000    90      148.0000      146.0000  3231977    1.35%
  45000 41725      147.0000   104      148.0000      146.0000  3234404    1.35%
Elapsed time = 5122.45 sec. (tree size = 1272.93 MB, solutions = 8)
Nodefile size = 1145.83 MB (969.42 MB after compression)
  45100 41820      146.0000   174      148.0000      146.0000  3244158    1.35%
  45200 41918      147.0000    88      148.0000      146.0000  3247783    1.35%
  45300 42012      147.0000   111      148.0000      146.0000  3256235    1.35%
  45400 42099      147.0000    88      148.0000      146.0000  3267576    1.35%
  45500 42199      147.0000   109      148.0000      146.0000  3272000    1.35%
  45600 42290      147.0000    85      148.0000      146.0000  3282072    1.35%
  45700 42390      147.0000   106      148.0000      146.0000  3286368    1.35%
  45800 42483      147.0000    87      148.0000      146.0000  3291914    1.35%
  45900 42574      146.0000   119      148.0000      146.0000  3300835    1.35%
  46000 42669      147.0000    84      148.0000      146.0000  3305602    1.35%
Elapsed time = 5258.02 sec. (tree size = 1309.41 MB, solutions = 8)
Nodefile size = 1181.94 MB (1000.57 MB after compression)
  46100 42767      147.0000    94      148.0000      146.0000  3311775    1.35%
  46200 42862      147.0000    77      148.0000      146.0000  3317150    1.35%
  46300 42951      147.0000    74      148.0000      146.0000  3324466    1.35%
  46400 43051      147.0000    98      148.0000      146.0000  3327522    1.35%
  46500 43142      147.0000    99      148.0000      146.0000  3333986    1.35%
  46600 43237      147.0000    82      148.0000      146.0000  3340824    1.35%
  46700 43337      147.0000    96      148.0000      146.0000  3347263    1.35%
  46800 43428      147.0000    86      148.0000      146.0000  3355536    1.35%
  46900 43515      146.0123   204      148.0000      146.0000  3364665    1.35%
  47000 43615      147.0000    85      148.0000      146.0000  3367086    1.35%
Elapsed time = 5380.61 sec. (tree size = 1346.80 MB, solutions = 8)
Nodefile size = 1219.41 MB (1033.52 MB after compression)
  47100 43710      147.0000    81      148.0000      146.0000  3373806    1.35%
  47200 43810      147.0000    97      148.0000      146.0000  3377970    1.35%
  47300 43905      147.0000    88      148.0000      146.0000  3385804    1.35%
  47400 44005      147.0000    86      148.0000      146.0000  3390297    1.35%
  47500 44092      147.0000    89      148.0000      146.0000  3400800    1.35%
  47600 44192      147.0000   101      148.0000      146.0000  3405518    1.35%
  47700 44286      146.0000   106      148.0000      146.0000  3413120    1.35%
  47800 44385      147.0000    66      148.0000      146.0000  3419469    1.35%
  47900 44485      147.0000   124      148.0000      146.0000  3423811    1.35%
  48000 44580      147.0000   115      148.0000      146.0000  3430258    1.35%
Elapsed time = 5505.27 sec. (tree size = 1385.18 MB, solutions = 8)
Nodefile size = 1257.94 MB (1067.12 MB after compression)
  48100 44680      147.0000   131      148.0000      146.0000  3435999    1.35%
  48200 44773      147.0000    98      148.0000      146.0000  3442776    1.35%
  48300 44873      147.0000   123      148.0000      146.0000  3449676    1.35%
  48400 44964      147.0000    77      148.0000      146.0000  3457427    1.35%
  48500 45064      147.0000   103      148.0000      146.0000  3461359    1.35%
  48600 45159      147.0000   101      148.0000      146.0000  3467203    1.35%
  48700 45254      147.0000    71      148.0000      146.0000  3474342    1.35%
  48800 45354      147.0000    92      148.0000      146.0000  3476189    1.35%
  48900 45450      146.0000   129      148.0000      146.0000  3483719    1.35%
  49000 45548      147.0000    72      148.0000      146.0000  3489153    1.35%
Elapsed time = 5628.13 sec. (tree size = 1424.06 MB, solutions = 8)
Nodefile size = 1296.70 MB (1101.10 MB after compression)
  49100 45648      147.0000    98      148.0000      146.0000  3494768    1.35%
  49200 45743      147.0000    90      148.0000      146.0000  3501754    1.35%
  49300 45836      147.0000    85      148.0000      146.0000  3509485    1.35%
  49400 45936      147.0000    93      148.0000      146.0000  3512707    1.35%
  49500 46029      147.0000    67      148.0000      146.0000  3518226    1.35%
  49600 46129      147.0000    86      148.0000      146.0000  3523358    1.35%
  49700 46220      147.0000    69      148.0000      146.0000  3530688    1.35%
  49800 46320      147.0000    89      148.0000      146.0000  3536277    1.35%
  49900 46420      147.0000    90      148.0000      146.0000  3542676    1.35%
  50000 46513      147.0000    72      148.0000      146.0000  3553273    1.35%
Elapsed time = 5760.13 sec. (tree size = 1463.23 MB, solutions = 8)
Nodefile size = 1335.82 MB (1135.47 MB after compression)
  50100 46613      147.0000   117      148.0000      146.0000  3556594    1.35%
  50200 46708      147.0000    89      148.0000      146.0000  3564286    1.35%
  50300 46808      147.0000    89      148.0000      146.0000  3567735    1.35%
  50400 46904      146.0000   138      148.0000      146.0000  3576545    1.35%
  50500 47003      147.0000   103      148.0000      146.0000  3582682    1.35%
  50600 47103      147.0000   119      148.0000      146.0000  3588486    1.35%
  50700 47195      147.0000    82      148.0000      146.0000  3598749    1.35%
  50800 47295      147.0000    88      148.0000      146.0000  3602309    1.35%
  50900 47395      147.0000    82      148.0000      146.0000  3608121    1.35%
  51000 47486      147.0000   109      148.0000      146.0000  3615649    1.35%
Elapsed time = 5882.58 sec. (tree size = 1502.89 MB, solutions = 8)
Nodefile size = 1375.05 MB (1169.97 MB after compression)
  51100 47586      147.0000   120      148.0000      146.0000  3620524    1.35%
  51200 47681      147.0000    88      148.0000      146.0000  3625983    1.35%
  51300 47775      147.0000    85      148.0000      146.0000  3632930    1.35%
  51400 47875      147.0000   108      148.0000      146.0000  3636359    1.35%
  51500 47967      147.0000    87      148.0000      146.0000  3643835    1.35%
  51600 48067      147.0000   114      148.0000      146.0000  3649007    1.35%
  51700 48160      147.0000    85      148.0000      146.0000  3656371    1.35%
  51800 48258      147.0000   107      148.0000      146.0000  3663090    1.35%
  51900 48353      147.0000    84      148.0000      146.0000  3668592    1.35%
  52000 48442      147.0000    88      148.0000      146.0000  3678988    1.35%
Elapsed time = 6002.86 sec. (tree size = 1542.38 MB, solutions = 8)
Nodefile size = 1414.64 MB (1204.92 MB after compression)
  52100 48542      147.0000   107      148.0000      146.0000  3681881    1.35%
  52200 48632      146.0000   142      148.0000      146.0000  3692011    1.35%
  52300 48729      147.0000    81      148.0000      146.0000  3695993    1.35%
  52400 48829      147.0000    95      148.0000      146.0000  3702606    1.35%
  52500 48922      147.0000    86      148.0000      146.0000  3710957    1.35%
  52600 49022      147.0000   101      148.0000      146.0000  3713952    1.35%
  52700 49113      147.0000   106      148.0000      146.0000  3722831    1.35%
  52800 49207      146.0000   139      148.0000      146.0000  3731103    1.35%
  52900 49306      147.0000   112      148.0000      146.0000  3735946    1.35%
  53000 49401      147.0000    88      148.0000      146.0000  3741762    1.35%
Elapsed time = 6121.63 sec. (tree size = 1582.09 MB, solutions = 8)
Nodefile size = 1455.04 MB (1240.51 MB after compression)
  53100 49501      147.0000    79      148.0000      146.0000  3745540    1.35%
  53200 49601      147.0000    90      148.0000      146.0000  3752876    1.35%
  53300 49690      147.0000    85      148.0000      146.0000  3761410    1.35%
  53400 49785      147.0000    75      148.0000      146.0000  3767192    1.35%
  53500 49885      147.0000   135      148.0000      146.0000  3772256    1.35%
  53600 49978      147.0000    95      148.0000      146.0000  3776112    1.35%
  53700 50071      147.0000    96      148.0000      146.0000  3783375    1.35%
  53800 50171      147.0000    84      148.0000      146.0000  3786074    1.35%
  53900 50264      147.0000    67      148.0000      146.0000  3793479    1.35%
  54000 50364      147.0000    95      148.0000      146.0000  3796517    1.35%
Elapsed time = 6233.13 sec. (tree size = 1622.86 MB, solutions = 8)
Nodefile size = 1495.83 MB (1276.25 MB after compression)
  54100 50459      147.0000    83      148.0000      146.0000  3800765    1.35%
  54200 50559      147.0000   121      148.0000      146.0000  3806650    1.35%
  54300 50652      147.0000    72      148.0000      146.0000  3812772    1.35%
  54400 50752      147.0000   106      148.0000      146.0000  3817465    1.35%
  54500 50842      147.0000    49      148.0000      146.0000  3828374    1.35%
  54600 50942      147.0000    83      148.0000      146.0000  3834751    1.35%
  54700 51031      147.0000    80      148.0000      146.0000  3844725    1.35%
  54800 51131      147.0000    88      148.0000      146.0000  3849800    1.35%
  54900 51222      147.0000    95      148.0000      146.0000  3854494    1.35%
  55000 51317      147.0000    94      148.0000      146.0000  3862609    1.35%
Elapsed time = 6362.77 sec. (tree size = 1663.57 MB, solutions = 8)
Nodefile size = 1535.96 MB (1311.66 MB after compression)
  55100 51417      147.0000   133      148.0000      146.0000  3868006    1.35%
  55200 51513      146.0000   133      148.0000      146.0000  3878763    1.35%
  55300 51611      147.0000    89      148.0000      146.0000  3883162    1.35%
  55400 51711      147.0000    84      148.0000      146.0000  3889961    1.35%
  55500 51804      147.0000    86      148.0000      146.0000  3897591    1.35%
  55600 51904      147.0000    87      148.0000      146.0000  3901346    1.35%
  55700 51997      147.0000    84      148.0000      146.0000  3908503    1.35%
  55800 52095    infeasible            148.0000      146.0000  3913402    1.35%
  55900 52190      147.0000    94      148.0000      146.0000  3921583    1.35%
  56000 52290      147.0000    79      148.0000      146.0000  3924498    1.35%
Elapsed time = 6482.05 sec. (tree size = 1705.06 MB, solutions = 8)
Nodefile size = 1577.38 MB (1348.16 MB after compression)
  56100 52386      146.0000   120      148.0000      146.0000  3934360    1.35%
  56200 52483      147.0000    88      148.0000      146.0000  3941453    1.35%
  56300 52583      147.0000    90      148.0000      146.0000  3948018    1.35%
  56400 52679      146.0000   160      148.0000      146.0000  3957795    1.35%
  56500 52778      147.0000    93      148.0000      146.0000  3960811    1.35%
  56600 52874      146.0000   160      148.0000      146.0000  3969772    1.35%
  56700 52973      147.0000   115      148.0000      146.0000  3974276    1.35%
  56800 53073      147.0000   135      148.0000      146.0000  3979955    1.35%
  56900 53168      147.0000    89      148.0000      146.0000  3985534    1.35%
  57000 53268      147.0000    99      148.0000      146.0000  3990150    1.35%
Elapsed time = 6635.16 sec. (tree size = 1746.85 MB, solutions = 8)
Nodefile size = 1619.78 MB (1385.44 MB after compression)
  57100 53360      147.0000    82      148.0000      146.0000  3999480    1.35%
  57200 53460      147.0000    94      148.0000      146.0000  4003895    1.35%
  57300 53556      146.0000   126      148.0000      146.0000  4012074    1.35%
  57400 53655      147.0000    96      148.0000      146.0000  4015843    1.35%
  57500 53749      146.0000   132      148.0000      146.0000  4022976    1.35%
  57600 53848      147.0000    88      148.0000      146.0000  4026323    1.35%
  57700 53943      147.0000    78      148.0000      146.0000  4033659    1.35%
  57800 54043      147.0000   114      148.0000      146.0000  4038626    1.35%
  57900 54134      147.0000    76      148.0000      146.0000  4047747    1.35%
  58000 54234      147.0000    75      148.0000      146.0000  4051829    1.35%
Elapsed time = 6771.39 sec. (tree size = 1788.68 MB, solutions = 8)
Nodefile size = 1661.07 MB (1421.96 MB after compression)
  58100 54325      147.0000   102      148.0000      146.0000  4061475    1.35%
  58200 54425      147.0000   106      148.0000      146.0000  4065531    1.35%
  58300 54521      146.0000   156      148.0000      146.0000  4073786    1.35%
  58400 54620      147.0000    93      148.0000      146.0000  4077096    1.35%
  58500 54713      147.0000    82      148.0000      146.0000  4085500    1.35%
  58600 54813      147.0000    94      148.0000      146.0000  4088610    1.35%
  58700 54904      146.0017   150      148.0000      146.0000  4097620    1.35%
  58800 55002      147.0000    76      148.0000      146.0000  4101775    1.35%
  58900 55102      147.0000    94      148.0000      146.0000  4110881    1.35%
  59000 55197      147.0000    94      148.0000      146.0000  4115713    1.35%
Elapsed time = 6907.42 sec. (tree size = 1830.85 MB, solutions = 8)
Nodefile size = 1703.72 MB (1459.96 MB after compression)
  59100 55297      147.0000   106      148.0000      146.0000  4120636    1.35%
  59200 55386      147.0000   105      148.0000      146.0000  4126294    1.35%
  59300 55481      147.0000    73      148.0000      146.0000  4133462    1.35%
  59400 55581      147.0000    96      148.0000      146.0000  4136254    1.35%
  59500 55674      147.0000    77      148.0000      146.0000  4144262    1.35%
  59600 55774      147.0000    86      148.0000      146.0000  4148483    1.35%
  59700 55874      147.0000    86      148.0000      146.0000  4154742    1.35%
  59800 55967      147.0000    95      148.0000      146.0000  4159916    1.35%
  59900 56067      147.0000   134      148.0000      146.0000  4165052    1.35%
  60000 56160      147.0000    93      148.0000      146.0000  4170642    1.35%
Elapsed time = 7023.64 sec. (tree size = 1873.60 MB, solutions = 8)
Nodefile size = 1745.61 MB (1496.61 MB after compression)
  60100 56256      147.0000   110      148.0000      146.0000  4177398    1.35%
  60200 56351      147.0000    84      148.0000      146.0000  4184014    1.35%
  60300 56449      147.0000    99      148.0000      146.0000  4189007    1.35%
  60400 56539      147.0000    81      148.0000      146.0000  4198809    1.35%
  60500 56638      147.0000    88      148.0000      146.0000  4204587    1.35%
  60600 56729      147.0000    87      148.0000      146.0000  4211628    1.35%
  60700 56829      147.0000   127      148.0000      146.0000  4215789    1.35%
  60800 56924      147.0000    79      148.0000      146.0000  4223132    1.35%
  60900 57019      147.0000   195      148.0000      146.0000  4229251    1.35%
  61000 57119      147.0000    98      148.0000      146.0000  4232380    1.35%
Elapsed time = 7166.39 sec. (tree size = 1916.25 MB, solutions = 8)
Nodefile size = 1788.70 MB (1534.88 MB after compression)
  61100 57212      147.0000    97      148.0000      146.0000  4239988    1.35%
  61200 57305      147.0000    99      148.0000      146.0000  4249631    1.35%

Cover cuts applied:  2698
Gomory fractional cuts applied:  2

Solution pool: 8 solutions saved.

MIP - Time limit exceeded, integer feasible:  Objective = 1.4800000000e+002
Current MIP best bound = 1.4600000000e+002 (gap = 2, 1.35%)
Solution time = 7200.08 sec.  Iterations = 4250734  Nodes = 61249 (57353)


Incumbent solution
Variable Name           Solution Value
Cmax                        148.000000
X_1_1                         1.000000
X_2_39                        1.000000
X_3_17                        1.000000
X_4_10                        1.000000
X_5_3                         1.000000
X_6_38                        1.000000
X_7_38                        1.000000
X_8_11                        1.000000
X_9_27                        1.000000
X_10_13                       1.000000
X_11_38                       1.000000
X_12_15                       1.000000
X_13_20                       1.000000
X_14_4                        1.000000
X_15_20                       1.000000
X_16_26                       1.000000
X_17_30                       1.000000
X_18_8                        1.000000
X_19_12                       1.000000
X_20_32                       1.000000
X_21_24                       1.000000
X_22_3                        1.000000
X_23_35                       1.000000
X_24_28                       1.000000
X_25_20                       1.000000
X_26_32                       1.000000
X_27_34                       1.000000
X_28_17                       1.000000
X_29_35                       1.000000
X_30_37                       1.000000
X_31_25                       1.000000
X_32_13                       1.000000
X_33_19                       1.000000
X_34_23                       1.000000
X_35_18                       1.000000
X_36_1                        1.000000
X_37_4                        1.000000
X_38_30                       1.000000
X_39_24                       1.000000
X_40_8                        1.000000
X_41_39                       1.000000
X_42_27                       1.000000
X_43_8                        1.000000
X_44_12                       1.000000
X_45_16                       1.000000
X_46_32                       1.000000
X_47_35                       1.000000
X_48_14                       1.000000
X_49_5                        1.000000
X_50_39                       1.000000
X_51_6                        1.000000
X_52_11                       1.000000
X_53_2                        1.000000
X_54_40                       1.000000
X_55_1                        1.000000
X_56_16                       1.000000
X_57_26                       1.000000
X_58_23                       1.000000
X_59_9                        1.000000
X_60_28                       1.000000
X_61_13                       1.000000
X_62_14                       1.000000
X_63_31                       1.000000
X_64_23                       1.000000
X_65_4                        1.000000
X_66_19                       1.000000
X_67_17                       1.000000
X_68_19                       1.000000
X_69_17                       1.000000
X_70_24                       1.000000
X_71_5                        1.000000
X_72_39                       1.000000
X_73_18                       1.000000
X_74_23                       1.000000
X_75_11                       1.000000
X_76_19                       1.000000
X_77_15                       1.000000
X_78_17                       1.000000
X_79_24                       1.000000
X_80_14                       1.000000
X_81_10                       1.000000
X_82_40                       1.000000
X_83_26                       1.000000
X_84_30                       1.000000
X_85_7                        1.000000
X_86_29                       1.000000
X_87_13                       1.000000
X_88_9                        1.000000
X_89_6                        1.000000
X_90_33                       1.000000
X_91_27                       1.000000
X_92_30                       1.000000
X_93_14                       1.000000
X_94_34                       1.000000
X_95_31                       1.000000
X_96_40                       1.000000
X_97_11                       1.000000
X_98_39                       1.000000
X_99_18                       1.000000
X_100_28                      1.000000
X_101_33                      1.000000
X_102_32                      1.000000
X_103_37                      1.000000
X_104_38                      1.000000
X_105_36                      1.000000
X_106_22                      1.000000
X_107_29                      1.000000
X_108_10                      1.000000
X_109_34                      1.000000
X_110_36                      1.000000
X_111_31                      1.000000
X_112_38                      1.000000
X_113_1                       1.000000
X_114_33                      1.000000
X_115_25                      1.000000
X_116_40                      1.000000
X_117_6                       1.000000
X_118_31                      1.000000
X_119_6                       1.000000
X_120_36                      1.000000
X_121_20                      1.000000
X_122_38                      1.000000
X_123_22                      1.000000
X_124_36                      1.000000
X_125_12                      1.000000
X_126_38                      1.000000
X_127_18                      1.000000
X_128_28                      1.000000
X_129_11                      1.000000
X_130_10                      1.000000
X_131_9                       1.000000
X_132_4                       1.000000
X_133_21                      1.000000
X_134_26                      1.000000
X_135_22                      1.000000
X_136_14                      1.000000
X_137_23                      1.000000
X_138_10                      1.000000
X_139_39                      1.000000
X_140_23                      1.000000
X_141_18                      1.000000
X_142_6                       1.000000
X_143_4                       1.000000
X_144_33                      1.000000
X_145_32                      1.000000
X_146_22                      1.000000
X_147_33                      1.000000
X_148_3                       1.000000
X_149_35                      1.000000
X_150_22                      1.000000
X_151_37                      1.000000
X_152_18                      1.000000
X_153_9                       1.000000
X_154_32                      1.000000
X_155_11                      1.000000
X_156_9                       1.000000
X_157_25                      1.000000
X_158_31                      1.000000
X_159_32                      1.000000
X_160_8                       1.000000
X_161_10                      1.000000
X_162_23                      1.000000
X_163_26                      1.000000
X_164_20                      1.000000
X_165_28                      1.000000
X_166_26                      1.000000
X_167_39                      1.000000
X_168_21                      1.000000
X_169_21                      1.000000
X_170_24                      1.000000
X_171_13                      1.000000
X_172_1                       1.000000
X_173_9                       1.000000
X_174_20                      1.000000
X_175_28                      1.000000
X_176_34                      1.000000
X_177_3                       1.000000
X_178_13                      1.000000
X_179_33                      1.000000
X_180_3                       1.000000
X_181_19                      1.000000
X_182_24                      1.000000
X_183_17                      1.000000
X_184_3                       1.000000
X_185_26                      1.000000
X_186_31                      1.000000
X_187_27                      1.000000
X_188_14                      1.000000
X_189_24                      1.000000
X_190_1                       1.000000
X_191_38                      1.000000
X_192_4                       1.000000
X_193_30                      1.000000
X_194_18                      1.000000
X_195_10                      1.000000
X_196_38                      1.000000
X_197_39                      1.000000
X_198_30                      1.000000
X_199_34                      1.000000
X_200_7                       1.000000
X_201_26                      1.000000
X_202_38                      1.000000
X_203_21                      1.000000
X_204_3                       1.000000
X_205_21                      1.000000
X_206_5                       1.000000
X_207_16                      1.000000
X_208_4                       1.000000
X_209_11                      1.000000
X_210_33                      1.000000
X_211_3                       1.000000
X_212_37                      1.000000
X_213_4                       1.000000
X_214_8                       1.000000
X_215_36                      1.000000
X_216_9                       1.000000
X_217_18                      1.000000
X_218_34                      1.000000
X_219_2                       1.000000
X_220_4                       1.000000
X_221_15                      1.000000
X_222_32                      1.000000
X_223_33                      1.000000
X_224_36                      1.000000
X_225_2                       1.000000
X_226_37                      1.000000
X_227_37                      1.000000
X_228_16                      1.000000
X_229_5                       1.000000
X_230_13                      1.000000
X_231_3                       1.000000
X_232_7                       1.000000
X_233_7                       1.000000
X_234_6                       1.000000
X_235_7                       1.000000
X_236_12                      1.000000
X_237_25                      1.000000
X_238_29                      1.000000
X_239_21                      1.000000
X_240_2                       1.000000
X_241_6                       1.000000
X_242_10                      1.000000
X_243_20                      1.000000
X_244_12                      1.000000
X_245_8                       1.000000
X_246_14                      1.000000
X_247_23                      1.000000
X_248_36                      1.000000
X_249_8                       1.000000
X_250_14                      1.000000
X_251_7                       1.000000
X_252_8                       1.000000
X_253_9                       1.000000
X_254_6                       1.000000
X_255_21                      1.000000
X_256_32                      1.000000
X_257_11                      1.000000
X_258_20                      1.000000
X_259_27                      1.000000
X_260_39                      1.000000
X_261_18                      1.000000
X_262_22                      1.000000
X_263_19                      1.000000
X_264_25                      1.000000
X_265_7                       1.000000
X_266_31                      1.000000
X_267_36                      1.000000
X_268_13                      1.000000
X_269_28                      1.000000
X_270_16                      1.000000
X_271_30                      1.000000
X_272_2                       1.000000
X_273_27                      1.000000
X_274_23                      1.000000
X_275_26                      1.000000
X_276_17                      1.000000
X_277_4                       1.000000
X_278_40                      1.000000
X_279_18                      1.000000
X_280_27                      1.000000
X_281_25                      1.000000
X_282_17                      1.000000
X_283_2                       1.000000
X_284_32                      1.000000
X_285_38                      1.000000
X_286_37                      1.000000
X_287_2                       1.000000
X_288_2                       1.000000
X_289_5                       1.000000
X_290_24                      1.000000
X_291_37                      1.000000
X_292_35                      1.000000
X_293_18                      1.000000
X_294_27                      1.000000
X_295_14                      1.000000
X_296_34                      1.000000
X_297_15                      1.000000
X_298_29                      1.000000
X_299_35                      1.000000
X_300_33                      1.000000
X_301_5                       1.000000
X_302_14                      1.000000
X_303_5                       1.000000
X_304_25                      1.000000
X_305_28                      1.000000
X_306_12                      1.000000
X_307_10                      1.000000
X_308_37                      1.000000
X_309_36                      1.000000
X_310_19                      1.000000
X_311_17                      1.000000
X_312_7                       1.000000
X_313_13                      1.000000
X_314_20                      1.000000
X_315_9                       1.000000
X_316_16                      1.000000
X_317_22                      1.000000
X_318_15                      1.000000
X_319_15                      1.000000
X_320_28                      1.000000
X_321_10                      1.000000
X_322_27                      1.000000
X_323_2                       1.000000
X_324_11                      1.000000
X_325_29                      1.000000
X_326_34                      1.000000
X_327_40                      1.000000
X_328_18                      1.000000
X_329_10                      1.000000
X_330_29                      1.000000
X_331_1                       1.000000
X_332_18                      1.000000
X_333_20                      1.000000
X_334_26                      1.000000
X_335_40                      1.000000
X_336_36                      1.000000
X_337_25                      1.000000
X_338_11                      1.000000
X_339_29                      1.000000
X_340_5                       1.000000
X_341_1                       1.000000
X_342_23                      1.000000
X_343_15                      1.000000
X_344_31                      1.000000
X_345_8                       1.000000
X_346_3                       1.000000
X_347_15                      1.000000
X_348_3                       1.000000
X_349_6                       1.000000
X_350_4                       1.000000
X_351_26                      1.000000
X_352_9                       1.000000
X_353_3                       1.000000
X_354_30                      1.000000
X_355_16                      1.000000
X_356_40                      1.000000
X_357_37                      1.000000
X_358_36                      1.000000
X_359_21                      1.000000
X_360_28                      1.000000
X_361_15                      1.000000
X_362_33                      1.000000
X_363_20                      1.000000
X_364_32                      1.000000
X_365_27                      1.000000
X_366_25                      1.000000
X_367_12                      1.000000
X_368_8                       1.000000
X_369_29                      1.000000
X_370_33                      1.000000
X_371_11                      1.000000
X_372_34                      1.000000
X_373_1                       1.000000
X_374_22                      1.000000
X_375_30                      1.000000
X_376_25                      1.000000
X_377_17                      1.000000
X_378_40                      1.000000
X_379_35                      1.000000
X_380_5                       1.000000
X_381_39                      1.000000
X_382_7                       1.000000
X_383_21                      1.000000
X_384_7                       1.000000
X_385_1                       1.000000
X_386_38                      1.000000
X_387_28                      1.000000
X_388_29                      1.000000
X_389_22                      1.000000
X_390_21                      1.000000
X_391_24                      1.000000
X_392_32                      1.000000
X_393_19                      1.000000
X_394_35                      1.000000
X_395_23                      1.000000
X_396_30                      1.000000
X_397_17                      1.000000
X_398_16                      1.000000
X_399_23                      1.000000
X_400_15                      1.000000
X_401_37                      1.000000
X_402_31                      1.000000
X_403_19                      1.000000
X_404_1                       1.000000
X_405_7                       1.000000
X_406_16                      1.000000
X_407_29                      1.000000
X_408_24                      1.000000
X_409_34                      1.000000
X_410_34                      1.000000
X_411_6                       1.000000
X_412_19                      1.000000
X_413_29                      1.000000
X_414_17                      1.000000
X_415_24                      1.000000
X_416_8                       1.000000
X_417_9                       1.000000
X_418_31                      1.000000
X_419_35                      1.000000
X_420_5                       1.000000
X_421_37                      1.000000
X_422_7                       1.000000
X_423_37                      1.000000
X_424_5                       1.000000
X_425_22                      1.000000
X_426_22                      1.000000
X_427_12                      1.000000
X_428_30                      1.000000
X_429_7                       1.000000
X_430_16                      1.000000
X_431_29                      1.000000
X_432_35                      1.000000
X_433_21                      1.000000
X_434_13                      1.000000
X_435_22                      1.000000
X_436_32                      1.000000
X_437_12                      1.000000
X_438_40                      1.000000
X_439_10                      1.000000
X_440_24                      1.000000
X_441_22                      1.000000
X_442_33                      1.000000
X_443_19                      1.000000
X_444_4                       1.000000
X_445_26                      1.000000
X_446_9                       1.000000
X_447_25                      1.000000
X_448_19                      1.000000
X_449_13                      1.000000
X_450_12                      1.000000
X_451_22                      1.000000
X_452_28                      1.000000
X_453_25                      1.000000
X_454_27                      1.000000
X_455_24                      1.000000
X_456_35                      1.000000
X_457_16                      1.000000
X_458_13                      1.000000
X_459_6                       1.000000
X_460_11                      1.000000
X_461_26                      1.000000
X_462_15                      1.000000
X_463_21                      1.000000
X_464_8                       1.000000
X_465_20                      1.000000
X_466_12                      1.000000
X_467_31                      1.000000
X_468_23                      1.000000
X_469_30                      1.000000
X_470_14                      1.000000
X_471_36                      1.000000
X_472_2                       1.000000
X_473_39                      1.000000
X_474_31                      1.000000
X_475_27                      1.000000
X_476_15                      1.000000
X_477_12                      1.000000
X_478_39                      1.000000
X_479_1                       1.000000
X_480_13                      1.000000
X_481_38                      1.000000
X_482_2                       1.000000
X_483_21                      1.000000
X_484_2                       1.000000
X_485_10                      1.000000
X_486_34                      1.000000
X_487_6                       1.000000
X_488_31                      1.000000
X_489_5                       1.000000
X_490_19                      1.000000
X_491_40                      1.000000
X_492_16                      1.000000
X_493_14                      1.000000
X_494_40                      1.000000
X_495_5                       1.000000
X_496_36                      1.000000
X_497_3                       1.000000
X_498_15                      1.000000
X_499_30                      1.000000
X_500_11                      1.000000
All other variables in the range 1-20001 are 0.
