
Log started (V11.0.0) Thu May 15 02:51:39 2008

Tried aggregator 1 time.
Reduced MIP has 110 rows, 1001 columns, and 2010 nonzeros.
Presolve time =   -0.00 sec.
Clique table members: 100.
MIP emphasis: balance optimality and feasibility.
MIP search method: dynamic search.
Parallel mode: none, using 1 thread.
Root relaxation solution time =    0.02 sec.

        Nodes                                         Cuts/
   Node  Left     Objective  IInf  Best Integer     Best Node    ItCnt     Gap

*     0+    0                       104926.0000    10068.4053      149   90.40%
*     0+    0                        10096.0000    10068.4053      149    0.27%
      0     0    10069.0000    18    10096.0000      Fract: 6      155    0.27%
      0     0    10069.3474    23    10096.0000     Covers: 1      174    0.26%
      0     0    10069.8784    25    10096.0000       Cuts: 2      180    0.26%
*     0+    0                        10093.0000    10069.8784      180    0.23%
      0     0    10070.0595    29    10093.0000       Cuts: 2      192    0.23%
      0     0    10070.7382    31    10093.0000       Cuts: 2      201    0.22%
      0     0    10071.0999    34    10093.0000    MIRcuts: 1      209    0.22%
*     0+    0                        10092.0000    10071.0999      209    0.21%
      0     2    10072.0000    27    10092.0000    10071.0999      209    0.21%
    100    67    10086.0000    17    10092.0000    10072.0000     2756    0.20%
*   137+   74                        10090.0000    10072.0000     3761    0.18%
*   137+   58                        10086.0000    10072.0000     3761    0.14%
    200   112    10079.5682    18    10086.0000    10072.0000     4770    0.14%
    300   187        cutoff          10086.0000    10072.0000     6018    0.14%
    400   265    10073.0000    22    10086.0000    10072.0000     7175    0.14%
    500   341    10073.0000    18    10086.0000    10073.0000    10046    0.13%
    600   340    10075.0000    18    10086.0000    10073.0000    11751    0.13%
    700   345    10076.0000    15    10086.0000    10073.0000    13425    0.13%
    800   353    10074.0000    28    10086.0000    10073.0000    15272    0.13%
    900   349    10075.1120    42    10086.0000    10073.0000    18233    0.13%
   1000   385    10078.0000    17    10086.0000    10073.0000    19729    0.13%
Elapsed time =   4.47 sec. (tree size =  0.18 MB, solutions = 6)
   1100   472    10076.0000    18    10086.0000    10073.0000    21502    0.13%
   1200   559    10075.0000    23    10086.0000    10073.0000    23417    0.13%
   1300   641    10079.0000    15    10086.0000    10073.0000    25186    0.13%
   1400   728    10079.0000    17    10086.0000    10073.1413    26961    0.13%
*  1491+  795                        10085.0000    10074.0000    28517    0.11%
   1500   806    10082.0000    18    10085.0000    10074.0000    28583    0.11%
*  1591+  789                        10083.0000    10074.0000    31381    0.09%
   1600   798    10082.0000    18    10083.0000    10074.0000    31532    0.09%
   1700   867    10078.0000    17    10083.0000    10074.0000    35143    0.09%
   1800   940    10078.0000    16    10083.0000    10074.0000    37781    0.09%
   1900  1021    10076.0000    18    10083.0000    10074.0000    40862    0.09%
   2000  1114    10082.0000    18    10083.0000    10074.0000    42186    0.09%
Elapsed time =   7.78 sec. (tree size =  0.55 MB, solutions = 8)
   2100  1204    10081.0000    15    10083.0000    10074.0000    43920    0.09%
   2200  1290    10079.0000    24    10083.0000    10074.0000    45473    0.09%
   2300  1376    10082.0000    32    10083.0000    10074.0000    47302    0.09%
   2400  1459    10076.1168    42    10083.0000    10074.0000    49117    0.09%
*  2491+ 1303                        10081.0000    10074.0000    49793    0.07%
   2500  1310    10076.6224    52    10081.0000    10074.0000    50323    0.07%
   2600  1399    10077.0000    28    10081.0000    10074.0000    52289    0.07%
   2700  1485    10076.0000    21    10081.0000    10074.0000    54658    0.07%
   2800  1570    10080.0000    20    10081.0000    10074.0000    57762    0.07%
   2900  1657    10075.0000    32    10081.0000    10074.0000    60286    0.07%
   3000  1744    10076.0000    21    10081.0000    10074.0000    62040    0.07%
Elapsed time =  10.41 sec. (tree size =  0.86 MB, solutions = 9)
   3100  1834    10078.0000    19    10081.0000    10074.0000    63649    0.07%
   3200  1915    10076.0000    17    10081.0000    10074.0000    64959    0.07%
   3300  2001    10077.0000    16    10081.0000    10074.0000    67248    0.07%
   3400  2091    10079.0000    15    10081.0000    10074.0000    68633    0.07%
*  3491+ 2056                        10080.0000    10074.0000    70429    0.06%
   3500  2063    10076.0000    12    10080.0000    10074.0000    70832    0.06%
   3600  2114    10076.0000    16    10080.0000    10074.0000    77538    0.06%
   3700  2150    10077.0000    33    10080.0000    10074.0000    85647    0.06%
   3800  2236    10078.0000    31    10080.0000    10074.0000    88415    0.06%
   3900  2327    10076.0000    18    10080.0000    10074.0000    90181    0.06%
   4000  2413    10075.0000    47    10080.0000    10074.0000    92613    0.06%
Elapsed time =  14.08 sec. (tree size =  1.22 MB, solutions = 10)
   4100  2504    10076.0000    23    10080.0000    10074.0000    95763    0.06%
   4200  2597    10076.0000    16    10080.0000    10074.0000    97200    0.06%
   4300  2689    10076.0000    16    10080.0000    10074.0000    98372    0.06%
   4400  2789    10076.0000    20    10080.0000    10074.0000    98859    0.06%
   4500  2879    10076.0000    16    10080.0000    10074.0000   100706    0.06%
   4600  2977    10078.0000    15    10080.0000    10074.0000   101734    0.06%
   4700  3068    10076.0000    22    10080.0000    10074.0000   104467    0.06%
   4800  3161    10076.0000    30    10080.0000    10074.0000   106744    0.06%
   4900  3254    10078.0000    10    10080.0000    10074.0000   109098    0.06%
   5000  3345    10077.0000    16    10080.0000    10074.0000   110142    0.06%
Elapsed time =  16.55 sec. (tree size =  1.68 MB, solutions = 10)
   5100  3439    10077.0000    14    10080.0000    10074.0000   111668    0.06%
   5200  3532    10077.0000    18    10080.0000    10074.0000   113606    0.06%
   5300  3632    10077.0000    15    10080.0000    10074.0000   113793    0.06%
   5400  3725    10076.0000    20    10080.0000    10074.0000   114877    0.06%
   5500  3822    10076.2764    27    10080.0000    10074.0000   115517    0.06%
   5600  3911    10077.0000    24    10080.0000    10074.0000   117084    0.06%
   5700  4002    10078.0000    20    10080.0000    10074.0000   119175    0.06%
   5800  4093    10077.0000    14    10080.0000    10074.0000   120406    0.06%
   5900  4180    10077.0000    16    10080.0000    10074.0000   121902    0.06%
   6000  4267    10077.0000    21    10080.0000    10074.0000   123595    0.06%
Elapsed time =  18.41 sec. (tree size =  2.20 MB, solutions = 10)
   6100  4354    10077.0000    18    10080.0000    10074.0000   125320    0.06%
   6200  4449    10076.0000    16    10080.0000    10074.0000   126253    0.06%
   6300  4539    10079.0000    28    10080.0000    10074.0000   127460    0.06%
   6400  4622    10075.0000    37    10080.0000    10074.0000   130352    0.06%
   6500  4714    10074.0000    47    10080.0000    10074.0000   132863    0.06%
   6600  4799    10077.0000    10    10080.0000    10074.0000   135463    0.06%
   6700  4887    10078.0000    18    10080.0000    10074.0000   137704    0.06%
   6800  4975    10077.0000    16    10080.0000    10074.0000   139986    0.06%
   6900  5055    10075.0000    24    10080.0000    10074.0000   142195    0.06%
   7000  5146    10076.1257    37    10080.0000    10074.0000   143766    0.06%
Elapsed time =  20.92 sec. (tree size =  2.64 MB, solutions = 10)
   7100  5239    10078.0000    17    10080.0000    10074.0000   145888    0.06%
   7200  5323    10076.0000    29    10080.0000    10074.0000   148737    0.06%
   7300  5402    10076.0000    32    10080.0000    10074.0000   153251    0.06%
   7400  5484    10077.0000    19    10080.0000    10074.0000   156307    0.06%
   7500  5561    10079.0000    29    10080.0000    10074.0000   159504    0.06%
   7600  5655    10076.0000    21    10080.0000    10074.0000   161116    0.06%
   7700  5746    10076.0000    22    10080.0000    10074.0000   162840    0.06%
   7800  5831    10076.0000    27    10080.0000    10074.0000   164627    0.06%
   7900  5918    10076.0000    23    10080.0000    10074.0000   166429    0.06%
   8000  6001    10077.0000    36    10080.0000    10074.0000   170940    0.06%
Elapsed time =  24.11 sec. (tree size =  3.07 MB, solutions = 10)
   8100  6088    10076.0000    17    10080.0000    10074.0000   172376    0.06%
   8200  6170    10076.0000    22    10080.0000    10074.0000   176121    0.06%
   8300  6258    10078.0000    21    10080.0000    10074.0000   178488    0.06%
   8400  6344    10078.0000    25    10080.0000    10074.0000   181405    0.06%
   8500  6433        cutoff          10080.0000    10074.0000   184197    0.06%
   8600  6513    10077.0000     8    10080.0000    10074.0000   188904    0.06%
   8700  6602    10078.0000    28    10080.0000    10074.0000   190474    0.06%
   8800  6688    10076.0000    14    10080.0000    10074.0000   193746    0.06%
   8900  6771    10077.0000    16    10080.0000    10074.0000   196294    0.06%
   9000  6844    10077.0000    25    10080.0000    10074.0000   200047    0.06%
Elapsed time =  28.05 sec. (tree size =  3.49 MB, solutions = 10)
   9100  6932    infeasible          10080.0000    10074.0561   202156    0.06%
   9200  7014    10078.0000    20    10080.0000    10074.9837   206728    0.05%
   9300  7081    10077.0000    29    10080.0000    10075.0000   212192    0.05%
   9400  7153    10079.0000    24    10080.0000    10075.0000   216082    0.05%
   9500  7232    10078.0000    32    10080.0000    10075.0000   219642    0.05%
   9600  7299    10075.0000    28    10080.0000    10075.0000   224477    0.05%
   9700  7375    10079.0000    22    10080.0000    10075.0000   228869    0.05%
   9800  7402    infeasible          10080.0000    10075.0000   238264    0.05%
   9900  7485    10077.0000    24    10080.0000    10075.0000   241926    0.05%
  10000  7511    10078.0000    14    10080.0000    10075.0000   252075    0.05%
Elapsed time =  34.89 sec. (tree size =  3.84 MB, solutions = 10)
  10100  7566    10076.0000    32    10080.0000    10075.0000   260453    0.05%
  10200  7637    10079.0000    28    10080.0000    10075.0000   264203    0.05%
  10300  7681    10078.1580    31    10080.0000    10075.0000   276274    0.05%
  10400  7736    10075.0000    35    10080.0000    10075.0000   283964    0.05%
  10500  7815    10078.0000    23    10080.0000    10075.0000   289799    0.05%
  10600  7867    10077.0000    40    10080.0000    10075.0000   299898    0.05%
  10700  7937    10079.0000    12    10080.0000    10075.0000   307236    0.05%
  10800  8029    10078.0000    12    10080.0000    10075.0000   308978    0.05%
  10900  8091    10079.0000    18    10080.0000    10075.0000   315794    0.05%
  11000  8133    10076.0000    20    10080.0000    10075.0000   328342    0.05%
Elapsed time =  46.22 sec. (tree size =  4.16 MB, solutions = 10)
  11100  8223    10077.0000    34    10080.0000    10075.0000   331709    0.05%
  11200  8275    10077.3925    42    10080.0000    10075.0000   340575    0.05%
  11300  8327    10079.0000    47    10080.0000    10075.0000   352380    0.05%
  11400  8350    10078.0000    36    10080.0000    10075.0000   371574    0.05%
  11500  8364    10078.0271    44    10080.0000    10075.0000   389080    0.05%
  11600  8387    10079.0000    29    10080.0000    10075.0000   404081    0.05%
  11700  8444    10076.0000    42    10080.0000    10075.0000   419975    0.05%
* 11711+ 7497                        10079.0000    10075.0000   422221    0.04%
  11800  7511    infeasible          10079.0000    10075.0000   436468    0.04%
  11900  7516    10077.7307    44    10079.0000    10075.0000   455387    0.04%
  12000  7529    10077.0000    31    10079.0000    10075.0000   472286    0.04%
Elapsed time =  71.99 sec. (tree size =  4.01 MB, solutions = 11)
  12100  7532        cutoff          10079.0000    10075.0000   489889    0.04%
  12200  7524    10077.0619    45    10079.0000    10075.0000   506640    0.04%
  12300  7550        cutoff          10079.0000    10075.0000   523083    0.04%
  12400  7568    10077.0000    40    10079.0000    10075.0000   540089    0.04%
  12500  7595    10077.1940    46    10079.0000    10075.0000   560812    0.04%
  12600  7613    infeasible          10079.0000    10075.0000   575449    0.04%
  12700  7664    10075.7551    59    10079.0000    10075.0000   589366    0.04%
  12800  7645    10077.9733    36    10079.0000    10075.0000   610662    0.04%
  12900  7675        cutoff          10079.0000    10075.0000   629259    0.04%
  13000  7692    10078.0000    33    10079.0000    10075.0000   647418    0.04%
Elapsed time = 106.33 sec. (tree size =  4.12 MB, solutions = 11)
  13100  7706    10077.0000    49    10079.0000    10075.0000   661167    0.04%
  13200  7750    infeasible          10079.0000    10075.0000   676276    0.04%
  13300  7779    10078.0000    35    10079.0000    10075.0000   695319    0.04%
  13400  7814    10077.0050    37    10079.0000    10075.0000   711833    0.04%
  13500  7873    10078.0000    35    10079.0000    10075.0000   722909    0.04%
  13600  7906    10077.1266    38    10079.0000    10075.0000   740384    0.04%
  13700  7966        cutoff          10079.0000    10075.0000   753343    0.04%
  13800  7983    10077.0000    35    10079.0000    10075.0000   773372    0.04%
  13900  8034    10078.0000    32    10079.0000    10075.0000   785387    0.04%
  14000  8063    infeasible          10079.0000    10075.0000   799672    0.04%
Elapsed time = 134.14 sec. (tree size =  4.33 MB, solutions = 11)
  14100  8086    infeasible          10079.0000    10075.0000   815995    0.04%
  14200  8099    10078.0000    24    10079.0000    10075.0000   836720    0.04%
  14300  8151    10077.5797    57    10079.0000    10075.0000   847405    0.04%
  14400  8220    10078.0000    24    10079.0000    10075.0000   858593    0.04%
  14500  8237    10076.5060    55    10079.0000    10075.0000   875435    0.04%
  14600  8261    10077.0000    38    10079.0000    10075.0340   891589    0.04%
  14700  8316    10078.0000    42    10079.0000    10075.1159   903716    0.04%
  14800  8351    10078.0000    27    10079.0000    10075.6865   911110    0.03%
  14900  8387    infeasible          10079.0000    10075.9717   923289    0.03%
  15000  8439    10078.0000    30    10079.0000    10076.0000   937103    0.03%
Elapsed time = 159.25 sec. (tree size =  4.55 MB, solutions = 11)
  15100  8393        cutoff          10079.0000    10076.0000   959449    0.03%
  15200  8294        cutoff          10079.0000    10076.0000   987409    0.03%
  15300  8283        cutoff          10079.0000    10076.0000  1004970    0.03%
  15400  8183        cutoff          10079.0000    10076.0000  1030944    0.03%
  15500  8083        cutoff          10079.0000    10076.0000  1050864    0.03%
  15600  8023        cutoff          10079.0000    10076.0000  1076943    0.03%
  15700  7930        cutoff          10079.0000    10076.0000  1098305    0.03%
  15800  7831        cutoff          10079.0000    10076.0000  1120056    0.03%
  15900  7757        cutoff          10079.0000    10076.0000  1145223    0.03%
  16000  7657        cutoff          10079.0000    10076.0000  1169356    0.03%
Elapsed time = 200.86 sec. (tree size =  4.17 MB, solutions = 11)
  16100  7598    10078.0000    13    10079.0000    10076.0000  1189382    0.03%
  16200  7550        cutoff          10079.0000    10076.0000  1211046    0.03%
  16300  7472        cutoff          10079.0000    10076.0000  1231287    0.03%
  16400  7441        cutoff          10079.0000    10076.0000  1241659    0.03%
  16500  7343        cutoff          10079.0000    10076.0000  1267364    0.03%
  16600  7250        cutoff          10079.0000    10076.0000  1289217    0.03%
  16700  7192        cutoff          10079.0000    10076.0000  1306396    0.03%
  16800  7104        cutoff          10079.0000    10076.0000  1327735    0.03%
  16900  7010        cutoff          10079.0000    10076.0000  1344462    0.03%
  17000  6936        cutoff          10079.0000    10076.0000  1369234    0.03%
Elapsed time = 237.69 sec. (tree size =  3.82 MB, solutions = 11)
  17100  6893    10078.0000    33    10079.0000    10076.0000  1387132    0.03%
  17200  6872        cutoff          10079.0000    10076.0000  1404768    0.03%
  17300  6781        cutoff          10079.0000    10076.0000  1423512    0.03%
  17400  6749        cutoff          10079.0000    10076.0000  1442485    0.03%
  17500  6675        cutoff          10079.0000    10076.0000  1462669    0.03%
  17600  6633    10077.9693    41    10079.0000    10076.0000  1485381    0.03%
  17700  6555    10077.9383    47    10079.0000    10076.0000  1507008    0.03%
  17800  6492        cutoff          10079.0000    10076.0000  1528513    0.03%
  17900  6468    10077.0000    63    10079.0000    10076.0000  1546594    0.03%
  18000  6466        cutoff          10079.0000    10076.0000  1562165    0.03%
Elapsed time = 273.59 sec. (tree size =  3.60 MB, solutions = 11)
  18100  6447    10076.1697    47    10079.0000    10076.0000  1579067    0.03%
  18200  6449        cutoff          10079.0000    10076.0000  1597797    0.03%
  18300  6453    infeasible          10079.0000    10076.0000  1612359    0.03%
  18400  6425    10077.4017    46    10079.0000    10076.0000  1629582    0.03%
  18500  6397    10077.5313    53    10079.0000    10076.0000  1648206    0.03%
  18600  6427    10078.0000    38    10079.0000    10076.0000  1661884    0.03%
  18700  6440    10078.0000    16    10079.0000    10076.0000  1677519    0.03%
  18800  6457    10078.0000    36    10079.0000    10076.0000  1693945    0.03%
  18900  6513    10078.0000    32    10079.0000    10076.0000  1708234    0.03%
  19000  6524        cutoff          10079.0000    10076.0000  1725326    0.03%
Elapsed time = 303.77 sec. (tree size =  3.65 MB, solutions = 11)
  19100  6577    10078.0000    34    10079.0000    10076.0000  1738178    0.03%
  19200  6611        cutoff          10079.0000    10076.0000  1754891    0.03%
* 19291+ 3289                        10078.0000    10076.0000  1764925    0.02%
  19300  3300    10077.0000    19    10078.0000    10076.0000  1765096    0.02%
  19400  3308        cutoff          10078.0000    10076.0000  1781067    0.02%
  19500  3367    10077.0000    37    10078.0000    10076.0000  1793692    0.02%
  19600  3417        cutoff          10078.0000    10076.0000  1806884    0.02%
  19700  3462    10077.0000    32    10078.0000    10076.0000  1821373    0.02%
  19800  3517    10077.0000    30    10078.0000    10076.0000  1835879    0.02%
  19900  3554        cutoff          10078.0000    10076.0000  1849483    0.02%
  20000  3594    10076.9643    61    10078.0000    10076.0385  1862429    0.02%
Elapsed time = 327.30 sec. (tree size =  2.11 MB, solutions = 12)
  20100  3605    10077.0000    38    10078.0000    10076.1832  1871735    0.02%
  20200  3616    10076.4336    51    10078.0000    10076.3288  1877958    0.02%
  20300  3615    10076.9789    48    10078.0000    10076.5727  1885373    0.01%
  20400  3552        cutoff          10078.0000    10077.0000  1889452    0.01%
  20500  3578        cutoff          10078.0000    10077.0000  1907756    0.01%
  20600  3585    10077.0000    35    10078.0000    10077.0000  1924588    0.01%
  20700  3618    10077.0000    30    10078.0000    10077.0000  1938684    0.01%
  20800  3614    10077.0000    36    10078.0000    10077.0000  1955903    0.01%
  20900  3629        cutoff          10078.0000    10077.0000  1975369    0.01%
  21000  3573        cutoff          10078.0000    10077.0000  1998799    0.01%
Elapsed time = 349.03 sec. (tree size =  2.11 MB, solutions = 12)
  21100  3493        cutoff          10078.0000    10077.0000  2019235    0.01%
  21200  3409        cutoff          10078.0000    10077.0000  2041483    0.01%
  21300  3349        cutoff          10078.0000    10077.0000  2058503    0.01%
  21400  3293        cutoff          10078.0000    10077.0000  2079042    0.01%
  21500  3195        cutoff          10078.0000    10077.0000  2096390    0.01%
  21600  3149        cutoff          10078.0000    10077.0000  2111902    0.01%
  21700  3111        cutoff          10078.0000    10077.0000  2132673    0.01%
  21800  3033        cutoff          10078.0000    10077.0000  2150646    0.01%
  21900  2933        cutoff          10078.0000    10077.0000  2172093    0.01%
  22000  2907        cutoff          10078.0000    10077.0000  2188913    0.01%
Elapsed time = 379.70 sec. (tree size =  1.78 MB, solutions = 12)
  22100  2807        cutoff          10078.0000    10077.0000  2208552    0.01%
  22200  2738        cutoff          10078.0000    10077.0000  2228542    0.01%
  22300  2683        cutoff          10078.0000    10077.0000  2245697    0.01%
  22400  2630        cutoff          10078.0000    10077.0000  2266788    0.01%
  22500  2570        cutoff          10078.0000    10077.0000  2287212    0.01%
  22600  2538    infeasible          10078.0000    10077.0000  2303260    0.01%
  22700  2450        cutoff          10078.0000    10077.0000  2323982    0.01%
  22800  2397    infeasible          10078.0000    10077.0000  2345677    0.01%
  22900  2379    10077.0000    33    10078.0000    10077.0000  2364160    0.01%
  23000  2344    10077.0000    41    10078.0000    10077.0000  2381501    0.01%
Elapsed time = 410.55 sec. (tree size =  1.50 MB, solutions = 12)
  23100  2344        cutoff          10078.0000    10077.0000  2401573    0.01%
  23200  2327        cutoff          10078.0000    10077.0000  2419778    0.01%
  23300  2327        cutoff          10078.0000    10077.0000  2439059    0.01%
  23400  2338    10077.0000    34    10078.0000    10077.0000  2456103    0.01%
  23500  2292        cutoff          10078.0000    10077.0000  2476435    0.01%
  23600  2241    10077.0000    29    10078.0000    10077.0000  2496793    0.01%
  23700  2211        cutoff          10078.0000    10077.0000  2518837    0.01%
  23800  2187    10077.0000    34    10078.0000    10077.0000  2536639    0.01%
  23900  2193        cutoff          10078.0000    10077.0000  2554521    0.01%
  24000  2193    infeasible          10078.0000    10077.0000  2569853    0.01%
Elapsed time = 440.74 sec. (tree size =  1.44 MB, solutions = 12)
  24100  2149        cutoff          10078.0000    10077.0000  2590180    0.01%
  24200  2200    infeasible          10078.0000    10077.0000  2605543    0.01%
  24300  2173    infeasible          10078.0000    10077.0000  2626573    0.01%
  24400  2217    infeasible          10078.0000    10077.0000  2639112    0.01%
  24500  2241    10077.0000    30    10078.0000    10077.0000  2654021    0.01%
  24600  2247    infeasible          10078.0000    10077.0000  2671617    0.01%
  24700  2235    infeasible          10078.0000    10077.0000  2696594    0.01%
  24800  2231        cutoff          10078.0000    10077.0000  2712389    0.01%
  24900  2205    infeasible          10078.0000    10077.0000  2731189    0.01%
  25000  2223    10077.0000    29    10078.0000    10077.0000  2748541    0.01%
Elapsed time = 468.39 sec. (tree size =  1.46 MB, solutions = 12)
  25100  2246    infeasible          10078.0000    10077.0000  2768651    0.01%
  25200  2242    infeasible          10078.0000    10077.0000  2789527    0.01%
  25300  2210    10077.0000    28    10078.0000    10077.0000  2812544    0.01%
  25400  2219        cutoff          10078.0000    10077.0000  2829045    0.01%
  25500  2233    10077.0000    31    10078.0000    10077.0000  2849145    0.01%
  25600  2223    infeasible          10078.0000    10077.0000  2865392    0.01%
  25700  2259    10077.0000    35    10078.0000    10077.0000  2880621    0.01%
  25800  2289    10077.0000    30    10078.0000    10077.0000  2894206    0.01%
  25900  2295    infeasible          10078.0000    10077.0000  2909494    0.01%
  26000  2300    10077.0000    37    10078.0000    10077.0000  2928890    0.01%
Elapsed time = 496.24 sec. (tree size =  1.50 MB, solutions = 12)
  26100  2300    10077.0000    25    10078.0000    10077.0000  2947838    0.01%
  26200  2273    infeasible          10078.0000    10077.0000  2968391    0.01%
  26300  2272    10077.0000    41    10078.0000    10077.0000  2988817    0.01%
  26400  2278    infeasible          10078.0000    10077.0000  3007281    0.01%
  26500  2256    10077.0000    25    10078.0000    10077.0000  3027166    0.01%
  26600  2212    10077.0000    29    10078.0000    10077.0000  3050561    0.01%
  26700  2219    10077.0000    35    10078.0000    10077.0000  3066637    0.01%
  26800  2180    10077.0000    23    10078.0000    10077.0000  3088881    0.01%
  26900  2202    infeasible          10078.0000    10077.0000  3106133    0.01%
  27000  2238    10077.0000    28    10078.0000    10077.0000  3125324    0.01%
Elapsed time = 526.63 sec. (tree size =  1.47 MB, solutions = 12)
  27100  2270    infeasible          10078.0000    10077.0000  3142904    0.01%
  27200  2277    10077.0000    26    10078.0000    10077.0000  3159961    0.01%
  27300  2317    10077.0000    36    10078.0000    10077.0000  3172602    0.01%
  27400  2313    infeasible          10078.0000    10077.0000  3191448    0.01%
  27500  2291    10077.0000    30    10078.0000    10077.0000  3213437    0.01%
  27600  2274    infeasible          10078.0000    10077.0000  3236004    0.01%
  27700  2328    10077.0000    39    10078.0000    10077.0000  3253341    0.01%
  27800  2347    10077.0000    31    10078.0000    10077.0000  3272829    0.01%
  27900  2415    10077.0000    30    10078.0000    10077.0000  3286582    0.01%
  28000  2447    10077.0000    27    10078.0000    10077.0000  3303221    0.01%
Elapsed time = 554.67 sec. (tree size =  1.59 MB, solutions = 12)
  28100  2477    10077.0000    32    10078.0000    10077.0000  3321656    0.01%
  28200  2511    infeasible          10078.0000    10077.0000  3338253    0.01%
  28300  2498    10077.0000    25    10078.0000    10077.0000  3358639    0.01%
  28400  2499    infeasible          10078.0000    10077.0000  3379824    0.01%
  28500  2510    10077.0000    33    10078.0000    10077.0000  3394135    0.01%
  28600  2509    10077.0000    32    10078.0000    10077.0000  3411223    0.01%
  28700  2487    infeasible          10078.0000    10077.0000  3432831    0.01%
  28800  2510    infeasible          10078.0000    10077.0000  3448902    0.01%
  28900  2497    infeasible          10078.0000    10077.0000  3465622    0.01%
  29000  2525    infeasible          10078.0000    10077.0000  3481306    0.01%
Elapsed time = 582.20 sec. (tree size =  1.64 MB, solutions = 12)
  29100  2473    infeasible          10078.0000    10077.0000  3504302    0.01%
  29200  2464    10077.0000    25    10078.0000    10077.0000  3523758    0.01%
  29300  2424    infeasible          10078.0000    10077.0000  3548980    0.01%
  29400  2423    10077.0000    31    10078.0000    10077.0000  3570709    0.01%
  29500  2414    infeasible          10078.0000    10077.0000  3589681    0.01%
  29600  2402    10077.0000    36    10078.0000    10077.0000  3609004    0.01%
  29700  2389    infeasible          10078.0000    10077.0000  3628067    0.01%
  29800  2369    10077.0000    30    10078.0000    10077.0000  3649190    0.01%
  29900  2389    10077.0000    29    10078.0000    10077.0000  3668800    0.01%
  30000  2413    10077.0000    28    10078.0000    10077.0000  3692163    0.01%
Elapsed time = 614.83 sec. (tree size =  1.58 MB, solutions = 12)
  30100  2395    infeasible          10078.0000    10077.0000  3716618    0.01%
  30200  2377    infeasible          10078.0000    10077.0000  3740049    0.01%
  30300  2347    infeasible          10078.0000    10077.0000  3761670    0.01%
  30400  2338    10077.0000    28    10078.0000    10077.0000  3781492    0.01%
  30500  2342    infeasible          10078.0000    10077.0000  3799754    0.01%
  30600  2334    infeasible          10078.0000    10077.0000  3818786    0.01%
  30700  2306    10077.0000    24    10078.0000    10077.0000  3839768    0.01%
  30800  2294    infeasible          10078.0000    10077.0000  3858499    0.01%
  30900  2311    infeasible          10078.0000    10077.0000  3873582    0.01%
  31000  2289    10077.0000    32    10078.0000    10077.0000  3893160    0.01%
Elapsed time = 645.88 sec. (tree size =  1.51 MB, solutions = 12)
  31100  2241    10077.0000    29    10078.0000    10077.0000  3913713    0.01%
  31200  2244    infeasible          10078.0000    10077.0000  3935740    0.01%
  31300  2239    infeasible          10078.0000    10077.0000  3956096    0.01%
  31400  2241    10077.0000    26    10078.0000    10077.0000  3975733    0.01%
  31500  2216    infeasible          10078.0000    10077.0000  3992592    0.01%
  31600  2244    infeasible          10078.0000    10077.0000  4010753    0.01%
  31700  2201    infeasible          10078.0000    10077.0000  4031746    0.01%
  31800  2235    10077.0000    26    10078.0000    10077.0000  4046217    0.01%
  31900  2265    10077.0000    27    10078.0000    10077.0000  4060880    0.01%
  32000  2277    infeasible          10078.0000    10077.0000  4075107    0.01%
Elapsed time = 672.56 sec. (tree size =  1.50 MB, solutions = 12)
  32100  2285    infeasible          10078.0000    10077.0000  4091353    0.01%
  32200  2277    10077.0000    31    10078.0000    10077.0000  4107123    0.01%
  32300  2252    infeasible          10078.0000    10077.0000  4122906    0.01%
  32400  2226    infeasible          10078.0000    10077.0000  4140010    0.01%
  32500  2235    infeasible          10078.0000    10077.0000  4156065    0.01%
  32600  2205    infeasible          10078.0000    10077.0000  4174745    0.01%
  32700  2210    10077.0000    37    10078.0000    10077.0000  4193903    0.01%
  32800  2175    infeasible          10078.0000    10077.0000  4214848    0.01%
  32900  2166    infeasible          10078.0000    10077.0000  4234768    0.01%
  33000  2144    infeasible          10078.0000    10077.0000  4255772    0.01%
Elapsed time = 698.44 sec. (tree size =  1.43 MB, solutions = 12)
  33100  2126    10077.0000    32    10078.0000    10077.0000  4275565    0.01%
  33200  2112    infeasible          10078.0000    10077.0000  4294185    0.01%
  33300  2120    infeasible          10078.0000    10077.0000  4316316    0.01%
  33400  2098    10077.0000    29    10078.0000    10077.0000  4334906    0.01%
  33500  2063    10077.0000    35    10078.0000    10077.0000  4356839    0.01%
  33600  2065    infeasible          10078.0000    10077.0000  4375691    0.01%
  33700  2074    10077.0000    31    10078.0000    10077.0000  4389978    0.01%
  33800  2039    10077.0000    25    10078.0000    10077.0000  4406497    0.01%
  33900  1997    infeasible          10078.0000    10077.0000  4430804    0.01%
  34000  1965    infeasible          10078.0000    10077.0000  4453617    0.01%
Elapsed time = 727.81 sec. (tree size =  1.33 MB, solutions = 12)
  34100  1943    infeasible          10078.0000    10077.0000  4473403    0.01%
  34200  1956    10077.0000    25    10078.0000    10077.0000  4487079    0.01%
  34300  1952    infeasible          10078.0000    10077.0000  4500218    0.01%
  34400  1931    infeasible          10078.0000    10077.0000  4514497    0.01%
  34500  1936    10077.0000    34    10078.0000    10077.0000  4528593    0.01%
  34600  1904        cutoff          10078.0000    10077.0000  4548089    0.01%
  34700  1895    infeasible          10078.0000    10077.0000  4566004    0.01%
  34800  1852    infeasible          10078.0000    10077.0000  4585734    0.01%
  34900  1838    infeasible          10078.0000    10077.0000  4609691    0.01%
  35000  1816    10077.0000    38    10078.0000    10077.0000  4629315    0.01%
Elapsed time = 753.25 sec. (tree size =  1.25 MB, solutions = 12)
  35100  1836    10077.0000    28    10078.0000    10077.0000  4647344    0.01%
  35200  1842    infeasible          10078.0000    10077.0000  4660712    0.01%
  35300  1823    10077.0000    33    10078.0000    10077.0000  4678505    0.01%
  35400  1806    10077.0000    35    10078.0000    10077.0000  4700527    0.01%
  35500  1770        cutoff          10078.0000    10077.0000  4722553    0.01%
  35600  1760    infeasible          10078.0000    10077.0000  4741644    0.01%
  35700  1739    10077.0000    23    10078.0000    10077.0000  4762836    0.01%
  35800  1754    10077.0000    39    10078.0000    10077.0000  4787032    0.01%
  35900  1748    infeasible          10078.0000    10077.0000  4813159    0.01%
  36000  1732    10077.0000    34    10078.0000    10077.0000  4837209    0.01%
Elapsed time = 785.49 sec. (tree size =  1.21 MB, solutions = 12)
  36100  1694    infeasible          10078.0000    10077.0000  4859212    0.01%
  36200  1734    10077.0000    30    10078.0000    10077.0000  4881653    0.01%
  36300  1734    infeasible          10078.0000    10077.0000  4908756    0.01%
  36400  1727    infeasible          10078.0000    10077.0000  4930811    0.01%
  36500  1697    infeasible          10078.0000    10077.0000  4952927    0.01%
  36600  1721    10077.0000    27    10078.0000    10077.0000  4969777    0.01%
  36700  1703    10077.0000    31    10078.0000    10077.0000  4995644    0.01%
  36800  1673    10077.0000    31    10078.0000    10077.0000  5017803    0.01%
  36900  1653    infeasible          10078.0000    10077.0000  5036758    0.01%
  37000  1615    10077.0000    36    10078.0000    10077.0000  5058208    0.01%
Elapsed time = 820.81 sec. (tree size =  1.14 MB, solutions = 12)
  37100  1609    10077.0000    36    10078.0000    10077.0000  5083310    0.01%
  37200  1580    infeasible          10078.0000    10077.0000  5104773    0.01%
  37300  1583    10077.0000    22    10078.0000    10077.0000  5123236    0.01%
  37400  1531    infeasible          10078.0000    10077.0000  5147341    0.01%
  37500  1514    infeasible          10078.0000    10077.0000  5166406    0.01%
  37600  1519    infeasible          10078.0000    10077.0000  5187796    0.01%
  37700  1512    infeasible          10078.0000    10077.0000  5209814    0.01%
  37800  1473    infeasible          10078.0000    10077.0000  5229905    0.01%
  37900  1434    infeasible          10078.0000    10077.0000  5250650    0.01%
  38000  1416    infeasible          10078.0000    10077.0000  5274305    0.01%
Elapsed time = 854.91 sec. (tree size =  1.03 MB, solutions = 12)
  38100  1384    10077.0000    30    10078.0000    10077.0000  5298430    0.01%
  38200  1371    infeasible          10078.0000    10077.0000  5319858    0.01%
  38300  1353    infeasible          10078.0000    10077.0000  5341239    0.01%
  38400  1361    10077.0000    37    10078.0000    10077.0000  5365318    0.01%
  38500  1348    infeasible          10078.0000    10077.0000  5390350    0.01%
  38600  1348    10077.0000    33    10078.0000    10077.0000  5408845    0.01%
  38700  1326    infeasible          10078.0000    10077.0000  5428071    0.01%
  38800  1315    infeasible          10078.0000    10077.0000  5452074    0.01%
  38900  1326    infeasible          10078.0000    10077.0000  5465657    0.01%
  39000  1306    infeasible          10078.0000    10077.0000  5481626    0.01%
Elapsed time = 887.11 sec. (tree size =  0.97 MB, solutions = 12)
  39100  1316    infeasible          10078.0000    10077.0000  5498061    0.01%
  39200  1272    infeasible          10078.0000    10077.0000  5523067    0.01%
  39300  1254    10077.0000    22    10078.0000    10077.0000  5541949    0.01%
  39400  1198    infeasible          10078.0000    10077.0000  5565597    0.01%
  39500  1170    infeasible          10078.0000    10077.0000  5586090    0.01%
  39600  1158    infeasible          10078.0000    10077.0000  5607487    0.01%
  39700  1133    infeasible          10078.0000    10077.0000  5628266    0.01%
  39800  1122    infeasible          10078.0000    10077.0000  5651590    0.01%
  39900  1103    10077.0000    36    10078.0000    10077.0000  5672522    0.01%
  40000  1095    infeasible          10078.0000    10077.0000  5692253    0.01%
Elapsed time = 919.80 sec. (tree size =  0.86 MB, solutions = 12)
  40100  1092    infeasible          10078.0000    10077.0000  5710862    0.01%
  40200  1070    infeasible          10078.0000    10077.0000  5727383    0.01%
  40300  1066    10077.0000    29    10078.0000    10077.0000  5751307    0.01%
  40400  1074    10077.0000    35    10078.0000    10077.0000  5773500    0.01%
  40500  1065    10077.0000    25    10078.0000    10077.0000  5799701    0.01%
  40600  1063    infeasible          10078.0000    10077.0000  5826691    0.01%
  40700  1055        cutoff          10078.0000    10077.0000  5847209    0.01%
  40800  1024        cutoff          10078.0000    10077.0000  5869368    0.01%
  40900  1004    infeasible          10078.0000    10077.0000  5891695    0.01%
  41000   994    infeasible          10078.0000    10077.0000  5912824    0.01%
Elapsed time = 954.38 sec. (tree size =  0.80 MB, solutions = 12)
  41100   958    infeasible          10078.0000    10077.0000  5936514    0.01%
  41200   936    10077.0000    35    10078.0000    10077.0000  5962499    0.01%
  41300   922    infeasible          10078.0000    10077.0000  5985642    0.01%
  41400   902    infeasible          10078.0000    10077.0000  6008364    0.01%
  41500   848    10077.0000    37    10078.0000    10077.0000  6032228    0.01%
  41600   815    infeasible          10078.0000    10077.0000  6054928    0.01%
  41700   782    infeasible          10078.0000    10077.0000  6080783    0.01%
  41800   764    infeasible          10078.0000    10077.0000  6106061    0.01%
  41900   720    infeasible          10078.0000    10077.0000  6130557    0.01%
  42000   673    infeasible          10078.0000    10077.0000  6152999    0.01%
Elapsed time = 992.50 sec. (tree size =  0.63 MB, solutions = 12)
  42100   648    infeasible          10078.0000    10077.0000  6178019    0.01%
  42200   642    infeasible          10078.0000    10077.0000  6201255    0.01%
  42300   614    10077.0000    41    10078.0000    10077.0000  6225100    0.01%
  42400   591    10077.0000    42    10078.0000    10077.0000  6249639    0.01%
  42500   562    10077.0000    39    10078.0000    10077.0000  6273865    0.01%
  42600   558    10077.0000    30    10078.0000    10077.0000  6294504    0.01%
  42700   514    infeasible          10078.0000    10077.0000  6319801    0.01%
  42800   508    10077.0000    31    10078.0000    10077.0000  6338404    0.01%
  42900   495        cutoff          10078.0000    10077.0000  6360174    0.01%
  43000   466    10077.0000    38    10078.0000    10077.0000  6382158    0.01%
Elapsed time = 1028.16 sec. (tree size =  0.51 MB, solutions = 12)
  43100   431    10077.0000    32    10078.0000    10077.0000  6407571    0.01%
  43200   403    10077.0000    35    10078.0000    10077.0000  6430159    0.01%
  43300   351    10077.0000    39    10078.0000    10077.0000  6457624    0.01%
  43400   345    10077.0000    37    10078.0000    10077.0000  6477699    0.01%
  43500   393    10077.0000    23    10078.0000    10077.0000  6493651    0.01%
  43600   401    10077.0000    30    10078.0000    10077.0000  6514703    0.01%
  43700   389    infeasible          10078.0000    10077.0000  6537033    0.01%
  43800   358    10077.0000    28    10078.0000    10077.0000  6560075    0.01%
  43900   353    10077.0000    29    10078.0000    10077.0000  6577992    0.01%
  44000   335        cutoff          10078.0000    10077.0000  6598603    0.01%
Elapsed time = 1062.69 sec. (tree size =  0.44 MB, solutions = 12)
  44100   305        cutoff          10078.0000    10077.0000  6622834    0.01%
  44200   305    10077.0000    35    10078.0000    10077.0000  6642656    0.01%
  44300   289        cutoff          10078.0000    10077.0000  6661401    0.01%
  44400   273    10077.0000    36    10078.0000    10077.0000  6677855    0.01%
  44500   274        cutoff          10078.0000    10077.0000  6696504    0.01%
  44600   267    infeasible          10078.0000    10077.0000  6714717    0.01%
  44700   250    10077.0000    23    10078.0000    10077.0000  6734420    0.01%
  44800   218    10077.0000    44    10078.0000    10077.0000  6754899    0.01%
  44900   198    10077.0000    31    10078.0000    10077.0000  6776179    0.01%
  45000   167    10077.0000    29    10078.0000    10077.0000  6798122    0.01%
Elapsed time = 1094.86 sec. (tree size =  0.35 MB, solutions = 12)
  45100   135    10077.0000    35    10078.0000    10077.0000  6825164    0.01%
  45200   128        cutoff          10078.0000    10077.0000  6839654    0.01%
  45300    83    10077.0000    37    10078.0000    10077.0000  6862005    0.01%
  45400    38        cutoff          10078.0000    10077.0000  6883523    0.01%
  45500    20    10077.0000    29    10078.0000    10077.0000  6906043    0.01%

Cover cuts applied:  523
Mixed integer rounding cuts applied:  9
Gomory fractional cuts applied:  18

Solution pool: 12 solutions saved.

MIP - Integer optimal solution:  Objective = 1.0078000000e+004
Solution time = 1113.42 sec.  Iterations = 6916259  Nodes = 45566


Incumbent solution
Variable Name           Solution Value
Cmax                      10078.000000
X_1_8                         1.000000
X_2_2                         1.000000
X_3_3                         1.000000
X_4_7                         1.000000
X_5_2                         1.000000
X_6_7                         1.000000
X_7_1                         1.000000
X_8_10                        1.000000
X_9_4                         1.000000
X_10_8                        1.000000
X_11_1                        1.000000
X_12_8                        1.000000
X_13_7                        1.000000
X_14_10                       1.000000
X_15_3                        1.000000
X_16_4                        1.000000
X_17_9                        1.000000
X_18_8                        1.000000
X_19_6                        1.000000
X_20_4                        1.000000
X_21_5                        1.000000
X_22_2                        1.000000
X_23_1                        1.000000
X_24_3                        1.000000
X_25_5                        1.000000
X_26_4                        1.000000
X_27_6                        1.000000
X_28_2                        1.000000
X_29_9                        1.000000
X_30_9                        1.000000
X_31_10                       1.000000
X_32_8                        1.000000
X_33_5                        1.000000
X_34_6                        1.000000
X_35_9                        1.000000
X_36_2                        1.000000
X_37_10                       1.000000
X_38_1                        1.000000
X_39_4                        1.000000
X_40_4                        1.000000
X_41_3                        1.000000
X_42_10                       1.000000
X_43_8                        1.000000
X_44_5                        1.000000
X_45_1                        1.000000
X_46_2                        1.000000
X_47_1                        1.000000
X_48_5                        1.000000
X_49_10                       1.000000
X_50_6                        1.000000
X_51_7                        1.000000
X_52_7                        1.000000
X_53_9                        1.000000
X_54_9                        1.000000
X_55_8                        1.000000
X_56_6                        1.000000
X_57_7                        1.000000
X_58_10                       1.000000
X_59_8                        1.000000
X_60_9                        1.000000
X_61_7                        1.000000
X_62_5                        1.000000
X_63_4                        1.000000
X_64_3                        1.000000
X_65_3                        1.000000
X_66_10                       1.000000
X_67_2                        1.000000
X_68_5                        1.000000
X_69_4                        1.000000
X_70_1                        1.000000
X_71_5                        1.000000
X_72_9                        1.000000
X_73_6                        1.000000
X_74_9                        1.000000
X_75_1                        1.000000
X_76_6                        1.000000
X_77_6                        1.000000
X_78_10                       1.000000
X_79_10                       1.000000
X_80_8                        1.000000
X_81_6                        1.000000
X_82_5                        1.000000
X_83_1                        1.000000
X_84_9                        1.000000
X_85_7                        1.000000
X_86_4                        1.000000
X_87_4                        1.000000
X_88_7                        1.000000
X_89_3                        1.000000
X_90_3                        1.000000
X_91_2                        1.000000
X_92_8                        1.000000
X_93_2                        1.000000
X_94_3                        1.000000
X_95_6                        1.000000
X_96_7                        1.000000
X_97_3                        1.000000
X_98_1                        1.000000
X_99_5                        1.000000
X_100_2                       1.000000
All other variables in the range 1-1001 are 0.
