
Log started (V11.0.0) Tue May 20 03:59:20 2008

Tried aggregator 1 time.
Reduced MIP has 230 rows, 6001 columns, and 12030 nonzeros.
Presolve time =    0.05 sec.
Clique table members: 200.
MIP emphasis: balance optimality and feasibility.
MIP search method: dynamic search.
Parallel mode: none, using 1 thread.
Root relaxation solution time =    0.25 sec.

        Nodes                                         Cuts/
   Node  Left     Objective  IInf  Best Integer     Best Node    ItCnt     Gap

*     0+    0                       209626.0000     6687.7040      452   96.81%
*     0+    0                         7041.0000     6687.7040      452    5.02%
      0     0     6709.9135    59     7041.0000      Fract: 6      523    4.70%
*     0+    0                         7038.0000     6709.9135      523    4.66%
      0     0     6893.5995    67     7038.0000   MIRcuts: 29     2543    2.05%
      0     0     6893.6029    74     7038.0000      Cuts: 23     2731    2.05%
      0     0     6893.6082    81     7038.0000      Cuts: 17     2879    2.05%
      0     2     6894.0000    80     7038.0000     6893.6082     2879    2.05%
    100   102     6894.0000    52     7038.0000     6894.0000     4339    2.05%
    200   189     6894.0000    54     7038.0000     6894.0000    14290    2.05%
    300   280     6895.0000    53     7038.0000     6894.0000    21416    2.05%
    400   354     6927.5744    61     7038.0000     6894.0000    29303    2.05%
    500   431     6974.0041    78     7038.0000     6973.9852    37689    0.91%
    600   456     6975.0000    55     7038.0000     6973.9852    41162    0.91%
    700   437     6987.0000    49     7038.0000     6973.9852    45541    0.91%
    800   461     6987.0000    50     7038.0000     6973.9852    56863    0.91%
    900   484     6988.0000    47     7038.0000     6973.9852    77275    0.91%
   1000   511     6988.0000    46     7038.0000     6973.9852    92886    0.91%
Elapsed time =  98.08 sec. (tree size =  2.81 MB, solutions = 3)
   1100   571     6989.0000    45     7038.0000     6973.9852   107211    0.91%
   1200   671     6989.0000    48     7038.0000     6973.9852   115715    0.91%
   1300   771     6989.0548    59     7038.0000     6973.9852   127343    0.91%
   1400   869     6990.0000    54     7038.0000     6973.9852   132880    0.91%
   1500   968     6991.0819    53     7038.0000     6973.9852   141546    0.91%
   1600  1066     7007.2306    48     7038.0000     6973.9852   147498    0.91%
   1700  1140     7016.4878    45     7038.0000     6973.9852   150458    0.91%
   1800  1208     6975.0000    55     7038.0000     6973.9860   153279    0.91%
   1900  1308     6975.0000    55     7038.0000     6973.9860   160320    0.91%
   2000  1408     6975.0000    58     7038.0000     6973.9860   165907    0.91%
Elapsed time = 156.39 sec. (tree size =  8.03 MB, solutions = 3)
   2100  1506     6977.0000    57     7038.0000     6973.9860   173163    0.91%
   2200  1606     6978.8277    75     7038.0000     6973.9860   189095    0.91%
   2300  1706     6977.0000    55     7038.0000     6973.9860   202603    0.91%
   2400  1806     6978.8750    65     7038.0000     6973.9860   218663    0.91%
   2500  1902     6978.0000    52     7038.0000     6973.9860   232513    0.91%
   2600  2002     6978.0000    54     7038.0000     6973.9860   251171    0.91%
   2700  2102     6978.0000    54     7038.0000     6973.9860   271247    0.91%
   2800  2202     6979.6015    56     7038.0000     6973.9860   292325    0.91%
   2900  2302     6978.0000    53     7038.0000     6973.9860   315298    0.91%
   3000  2402     6978.0000    57     7038.0000     6973.9860   336849    0.91%
Elapsed time = 299.70 sec. (tree size = 14.28 MB, solutions = 3)
   3100  2502     6978.0000    55     7038.0000     6973.9860   356284    0.91%
   3200  2598     6983.7004    55     7038.0000     6973.9860   373562    0.91%
   3300  2697     6980.0000    58     7038.0000     6973.9860   392733    0.91%
   3400  2796     6981.0000    49     7038.0000     6973.9860   402092    0.91%
   3500  2895     6984.0000    48     7038.0000     6973.9860   411110    0.91%
   3600  2981        cutoff           7038.0000     6973.9860   419137    0.91%
   3700  3016     6974.0823   148     7038.0000     6973.9886   424911    0.91%
   3800  3114     6975.0000    60     7038.0000     6974.0006   438309    0.91%
   3900  3212     6974.1179   123     7038.0000     6974.0028   446423    0.91%
   4000  3310     6975.0000    56     7038.0000     6974.0028   449822    0.91%
Elapsed time = 402.72 sec. (tree size = 21.14 MB, solutions = 3)
   4100  3407     6974.1369   118     7038.0000     6974.0029   452863    0.91%
   4200  3505     6975.0000    57     7038.0000     6974.0029   454916    0.91%
   4300  3585     6974.1911   115     7038.0000     6974.0032   457100    0.91%
   4400  3683     6975.0000    60     7038.0000     6974.0032   467890    0.91%
   4500  3783     6974.1936   115     7038.0000     6974.0041   472961    0.91%
   4600  3881     6975.0000    59     7038.0000     6974.0041   474127    0.91%
   4700  3979     6974.1242   131     7038.0000     6974.0054   478051    0.91%
   4800  4078     6975.0000    62     7038.0000     6974.0054   479171    0.91%
   4900  4178     6974.2579   124     7038.0000     6974.0054   482858    0.91%
   5000  4277     6975.0000    62     7038.0000     6974.0054   483864    0.91%
Elapsed time = 479.34 sec. (tree size = 31.91 MB, solutions = 3)
   5100  4375     6974.1970   114     7038.0000     6974.0057   486656    0.91%
   5200  4473     6975.0000    57     7038.0000     6974.0057   487842    0.91%
   5300  4571     6977.3034   106     7038.0000     6974.0057   494939    0.91%
   5400  4669     6978.0000    67     7038.0000     6974.0057   496796    0.91%
   5500  4767     6974.1989   109     7038.0000     6974.0061   500034    0.91%
   5600  4866     6975.0000    61     7038.0000     6974.0061   501056    0.91%
   5700  4962     6974.1384   173     7038.0000     6974.0065   512364    0.91%
   5800  5061     6975.0000    65     7038.0000     6974.0065   514858    0.91%
   5900  5161     6974.2005   127     7038.0000     6974.0067   516781    0.91%
   6000  5260     6975.0000    65     7038.0000     6974.0067   517907    0.91%
Elapsed time = 546.27 sec. (tree size = 44.08 MB, solutions = 3)
   6100  5360     6974.3037   279     7038.0000     6974.0073   531611    0.91%
   6200  5459     6975.0000    73     7038.0000     6974.0073   534502    0.91%
   6300  5557     6974.2005   124     7038.0000     6974.0097   538404    0.91%
   6400  5655     6975.0000    61     7038.0000     6974.0097   539373    0.91%
   6500  5753     6974.1292   177     7038.0000     6974.0213   544560    0.91%
   6600  5852     6975.0000    61     7038.0000     6974.0213   545525    0.91%
   6700  5952     6974.2177   161     7038.0000     6974.0255   553815    0.91%
   6800  6050     6975.0000    59     7038.0000     6974.0255   555009    0.91%
   6900  6150     6974.1586   193     7038.0000     6974.0291   559623    0.91%
   7000  6249     6975.0000    61     7038.0000     6974.0291   560634    0.91%
Elapsed time = 632.38 sec. (tree size = 57.72 MB, solutions = 3)
   7100  6349     6974.1487   147     7038.0000     6974.0297   564491    0.91%
   7200  6448     6975.0000    58     7038.0000     6974.0297   565567    0.91%
   7300  6548     6974.2615   288     7038.0000     6974.0297   582055    0.91%
   7400  6647     6975.0000    63     7038.0000     6974.0297   588227    0.91%
   7500  6747     6974.2733   118     7038.0000     6974.0305   591116    0.91%
   7600  6846     6975.0000    69     7038.0000     6974.0305   593274    0.91%
   7700  6946     6974.2305   107     7038.0000     6974.0315   597026    0.91%
   7800  7045     6975.0000    62     7038.0000     6974.0315   597920    0.91%
   7900  7144     6974.1611   195     7038.0000     6974.0362   605993    0.91%
   8000  7243     6975.0000    65     7038.0000     6974.0362   607763    0.91%
Elapsed time = 740.41 sec. (tree size = 72.66 MB, solutions = 3)
   8100  7341     6974.2153   167     7038.0000     6974.0362   611633    0.91%
   8200  7440     6975.0000    64     7038.0000     6974.0362   613241    0.91%
   8300  7539     6974.2200   165     7038.0000     6974.0362   621145    0.91%
   8400  7638     6975.0000    58     7038.0000     6974.0362   623639    0.91%
   8500  7738     6974.2173   176     7038.0000     6974.0446   631581    0.91%
   8600  7837     6975.0000    63     7038.0000     6974.0446   632782    0.91%
   8700  7935     6974.2802   370     7038.0000     6974.0454   648615    0.91%
   8800  8034     6975.0000    60     7038.0000     6974.0454   658892    0.91%
   8900  8134     6974.5687   364     7038.0000     6974.0814   672002    0.91%
   9000  8232     6975.0000    65     7038.0000     6974.0814   681814    0.91%
Elapsed time = 890.67 sec. (tree size = 88.77 MB, solutions = 3)
   9100  8331     6974.1125   132     7038.0000     6974.0814   685306    0.91%
   9200  8429     6975.0000    59     7038.0000     6974.0814   686644    0.91%
   9300  8529     6974.0999   136     7038.0000     6974.0818   690165    0.91%
   9400  8627     6975.0000    58     7038.0000     6974.0818   692102    0.91%
   9500  8727     6974.1054   308     7038.0000     6974.0818   698130    0.91%
   9600  8826     6975.0000    62     7038.0000     6974.0818   707484    0.91%
   9700  8926     6974.1031   261     7038.0000     6974.0819   713927    0.91%
   9800  9024     6975.0000    67     7038.0000     6974.0819   715042    0.91%
   9900  9124     6974.1647   136     7038.0000     6974.0819   719010    0.91%
  10000  9222     6975.0000    71     7038.0000     6974.0819   721832    0.91%
Elapsed time = 967.28 sec. (tree size = 106.00 MB, solutions = 3)
  10100  9322     6974.1620   121     7038.0000     6974.0823   725841    0.91%
  10200  9420     6975.0000    80     7038.0000     6974.0823   729195    0.91%
  10300  9520     6974.1054   430     7038.0000     6974.0823   745664    0.91%
  10400  9618     6975.0000    72     7038.0000     6974.0823   755222    0.91%
  10500  9718     6974.1247   141     7038.0000     6974.0832   758440    0.91%
  10600  9816     6975.0000    66     7038.0000     6974.0832   760364    0.91%
  10700  9916     6974.1711   122     7038.0000     6974.0832   762471    0.91%
  10800 10010     6975.0000    66     7038.0000     6974.0832   763875    0.91%
  10900 10110     6974.1693   122     7038.0000     6974.0877   766351    0.91%
  11000 10208     6975.0000    69     7038.0000     6974.0877   767607    0.91%
Elapsed time = 1041.67 sec. (tree size = 123.68 MB, solutions = 3)
  11100 10308     6974.1078   202     7038.0000     6974.0877   776282    0.91%
  11200 10407     6975.0000    66     7038.0000     6974.0877   777695    0.91%
Began writing nodes to disk (directory ./cpxa01652 created)
  11300 10507     6974.1115   188     7038.0000     6974.0880   780809    0.91%
  11400 10605     6975.0000    65     7038.0000     6974.0880   782185    0.91%
  11500 10705     6974.1081   248     7038.0000     6974.0880   788819    0.91%
  11600 10804     6975.0000    68     7038.0000     6974.0880   790269    0.91%
  11700 10904     6974.1254   123     7038.0000     6974.0897   792488    0.91%
  11800 11002     6975.0000    64     7038.0000     6974.0897   793516    0.91%
  11900 11102     6974.1261   255     7038.0000     6974.0897   800474    0.91%
  12000 11201     6975.0000    62     7038.0000     6974.0897   802064    0.91%
Elapsed time = 1100.33 sec. (tree size = 141.41 MB, solutions = 3)
Nodefile size = 13.96 MB (6.05 MB after compression)
  12100 11301     6974.1275   134     7038.0000     6974.0954   810272    0.91%
  12200 11400     6975.0000    62     7038.0000     6974.0954   811416    0.91%
  12300 11498     6974.2132   138     7038.0000     6974.0954   818755    0.91%
  12400 11596     6975.0000    58     7038.0000     6974.0954   819960    0.91%
  12500 11696     6974.1394   359     7038.0000     6974.0964   827370    0.91%
  12600 11796     6974.2590    98     7038.0000     6974.0964   847175    0.91%
  12700 11894     6974.1715   115     7038.0000     6974.0964   858894    0.91%
  12800 11992     6977.2393    90     7038.0000     6974.0964   874043    0.91%
  12900 12090     6974.1628   123     7038.0000     6974.0964   886752    0.91%
  13000 12188     6975.0000    62     7038.0000     6974.0964   887779    0.91%
Elapsed time = 1235.13 sec. (tree size = 159.05 MB, solutions = 3)
Nodefile size = 31.49 MB (17.23 MB after compression)
  13100 12288     6974.1764   114     7038.0000     6974.0964   891420    0.91%
  13200 12386     6975.0000    63     7038.0000     6974.0964   899292    0.91%
  13300 12486     6974.1620   138     7038.0000     6974.0964   901725    0.91%
  13400 12584     6975.0000    68     7038.0000     6974.0964   920307    0.91%
  13500 12684     6974.1620   128     7038.0000     6974.0964   921927    0.91%
  13600 12782     6975.0000    68     7038.0000     6974.0964   923625    0.91%
  13700 12880     6974.1620   124     7038.0000     6974.0964   946578    0.91%
  13800 12978     6975.0000    61     7038.0000     6974.0964   952939    0.91%
  13900 13078     6974.1710   122     7038.0000     6974.0964   954277    0.91%
  14000 13176     6975.0000    57     7038.0000     6974.0964   960549    0.91%
Elapsed time = 1352.53 sec. (tree size = 176.68 MB, solutions = 3)
Nodefile size = 49.33 MB (30.54 MB after compression)
  14100 13276     6974.1519   126     7038.0000     6974.0964   962608    0.91%
  14200 13374     6975.0000    63     7038.0000     6974.0964   973842    0.91%
  14300 13472     6974.1710   133     7038.0000     6974.0964   976781    0.91%
  14400 13570     6975.0000    55     7038.0000     6974.0964   988184    0.91%
  14500 13670     6974.1620   120     7038.0000     6974.0964   992760    0.91%
  14600 13768     6975.0000    64     7038.0000     6974.0964   994536    0.91%
  14700 13864     6974.1710   113     7038.0000     6974.0964  1012566    0.91%
  14800 13962     6975.0000    65     7038.0000     6974.0964  1016639    0.91%
  14900 14060     6974.1200   129     7038.0000     6974.0964  1020677    0.91%
  15000 14160     6974.2822   102     7038.0000     6974.0964  1025422    0.91%
Elapsed time = 1453.44 sec. (tree size = 194.25 MB, solutions = 3)
Nodefile size = 67.18 MB (44.14 MB after compression)
  15100 14258     6974.1710   129     7038.0000     6974.0964  1038639    0.91%
  15200 14358     6974.3945   104     7038.0000     6974.0964  1040642    0.91%
  15300 14456     6974.1710   144     7038.0000     6974.0964  1059290    0.91%
  15400 14554     6975.0000    66     7038.0000     6974.0964  1072243    0.91%
  15500 14652     6974.1710   127     7038.0000     6974.0964  1078689    0.91%
  15600 14750     6975.0000    57     7038.0000     6974.0964  1091114    0.91%
  15700 14850     6974.1625   133     7038.0000     6974.0964  1093126    0.91%
  15800 14948     6975.0000    66     7038.0000     6974.0964  1094436    0.91%
  15900 15044     6974.1620   122     7038.0000     6974.0964  1125802    0.91%
  16000 15142     6975.0000    67     7038.0000     6974.0964  1137547    0.91%
Elapsed time = 1640.58 sec. (tree size = 211.77 MB, solutions = 3)
Nodefile size = 84.00 MB (57.14 MB after compression)
  16100 15240     6974.1620   130     7038.0000     6974.0964  1148513    0.91%
  16200 15338     6975.0000    69     7038.0000     6974.0964  1155372    0.91%
  16300 15438     6974.1625   123     7038.0000     6974.0964  1158303    0.91%
  16400 15538     6974.3297   100     7038.0000     6974.0964  1160363    0.91%
  16500 15636     6974.1620   131     7038.0000     6974.0964  1168419    0.91%
  16600 15734     6975.0000    72     7038.0000     6974.0964  1190574    0.91%
  16700 15832     6974.1625   131     7038.0000     6974.0964  1202517    0.91%
  16800 15930     6975.0000    60     7038.0000     6974.0964  1222024    0.91%
  16900 16030     6974.1625   134     7038.0000     6974.0964  1224366    0.91%
  17000 16128     6975.0000    66     7038.0000     6974.0964  1227165    0.91%
Elapsed time = 1790.80 sec. (tree size = 229.40 MB, solutions = 3)
Nodefile size = 101.87 MB (71.08 MB after compression)
  17100 16228     6974.1620   139     7038.0000     6974.0964  1229291    0.91%
  17200 16326     6975.0000    59     7038.0000     6974.0964  1236111    0.91%
  17300 16426     6974.1710   134     7038.0000     6974.0964  1239303    0.91%
  17400 16524     6975.0000    72     7038.0000     6974.0964  1242443    0.91%
  17500 16624     6974.1710   131     7038.0000     6974.0964  1245568    0.91%
  17600 16722     6975.0000    58     7038.0000     6974.0964  1251543    0.91%
  17700 16820     6974.1620   119     7038.0000     6974.0964  1260791    0.91%
  17800 16918     6975.0000    61     7038.0000     6974.0964  1263132    0.91%
  17900 17018     6974.1620   130     7038.0000     6974.0964  1266161    0.91%
  18000 17116     6975.0000    59     7038.0000     6974.0964  1267515    0.91%
Elapsed time = 1847.63 sec. (tree size = 247.04 MB, solutions = 3)
Nodefile size = 119.65 MB (84.63 MB after compression)
  18100 17216     6974.1620   133     7038.0000     6974.0964  1271329    0.91%
  18200 17314     6975.0000    68     7038.0000     6974.0964  1278128    0.91%
  18300 17414     6974.1620   119     7038.0000     6974.0964  1281092    0.91%
  18400 17512     6975.0000    60     7038.0000     6974.0964  1296096    0.91%
  18500 17612     6974.1647   121     7038.0000     6974.0964  1298397    0.91%
  18600 17710     6975.0000    60     7038.0000     6974.0964  1310026    0.91%
  18700 17810     6974.1710   125     7038.0000     6974.0964  1314258    0.91%
  18800 17908     6975.0000    59     7038.0000     6974.0964  1316196    0.91%
  18900 18008     6974.1620   122     7038.0000     6974.0964  1318020    0.91%
  19000 18106     6975.0000    62     7038.0000     6974.0964  1337052    0.91%
Elapsed time = 1955.81 sec. (tree size = 264.71 MB, solutions = 3)
Nodefile size = 137.47 MB (98.21 MB after compression)
  19100 18204     6974.1710   125     7038.0000     6974.0964  1346394    0.91%
  19200 18302    infeasible           7038.0000     6974.0964  1353792    0.91%
  19300 18402     6974.1620   123     7038.0000     6974.0964  1355127    0.91%
  19400 18500     6975.0000    72     7038.0000     6974.0964  1358054    0.91%
  19500 18600     6974.1620   134     7038.0000     6974.0964  1361451    0.91%
  19600 18698     6975.0341   143     7038.0000     6974.0964  1374383    0.91%
  19700 18796     6974.1620   127     7038.0000     6974.0964  1386724    0.91%
  19800 18894     6975.0000    60     7038.0000     6974.0964  1399667    0.91%
  19900 18992     6974.1862   125     7038.0000     6974.0964  1402979    0.91%
  20000 19090     6975.0000    67     7038.0000     6974.0964  1405509    0.91%
Elapsed time = 2072.73 sec. (tree size = 282.27 MB, solutions = 3)
Nodefile size = 155.23 MB (111.73 MB after compression)
  20100 19188     6974.1620   121     7038.0000     6974.0964  1415456    0.91%
  20200 19286     6975.0000    64     7038.0000     6974.0964  1422652    0.91%
  20300 19384     6974.1620   117     7038.0000     6974.0964  1460656    0.91%
  20400 19482     6975.0000    61     7038.0000     6974.0964  1463144    0.91%
  20500 19582     6974.1710   126     7038.0000     6974.0964  1466303    0.91%
  20600 19680     6975.0000    78     7038.0000     6974.0964  1486503    0.91%
  20700 19780     6974.1710   122     7038.0000     6974.0964  1488362    0.91%
  20800 19878     6975.0000    64     7038.0000     6974.0964  1491159    0.91%
  20900 19978     6974.1620   115     7038.0000     6974.0964  1492720    0.91%
  21000 20076    infeasible           7038.0000     6974.0964  1498796    0.91%
Elapsed time = 2246.28 sec. (tree size = 299.91 MB, solutions = 3)
Nodefile size = 172.87 MB (125.36 MB after compression)
  21100 20176     6974.1710   119     7038.0000     6974.0964  1501890    0.91%
  21200 20274     6975.0000    64     7038.0000     6974.0964  1506764    0.91%
  21300 20374     6974.1710   123     7038.0000     6974.0964  1511924    0.91%
  21400 20472     6975.0000    63     7038.0000     6974.0964  1513839    0.91%
  21500 20572     6974.1620   131     7038.0000     6974.0964  1515095    0.91%
  21600 20672     6974.4060   104     7038.0000     6974.0964  1518427    0.91%
  21700 20770     6974.1620   128     7038.0000     6974.0964  1524586    0.91%
  21800 20868     6975.0000    60     7038.0000     6974.0964  1526268    0.91%
  21900 20966     6974.1625   123     7038.0000     6974.0964  1531651    0.91%
  22000 21064     6975.0000    69     7038.0000     6974.0964  1538865    0.91%
Elapsed time = 2318.27 sec. (tree size = 317.53 MB, solutions = 3)
Nodefile size = 190.06 MB (138.50 MB after compression)
  22100 21162     6974.1687   131     7038.0000     6974.0964  1553624    0.91%
  22200 21260     6975.0000    69     7038.0000     6974.0964  1578881    0.91%
  22300 21358     6974.1620   122     7038.0000     6974.0964  1588701    0.91%
  22400 21456     6975.0000    58     7038.0000     6974.0964  1607132    0.91%
  22500 21556     6974.1620   119     7038.0000     6974.0964  1609988    0.91%
  22600 21656     6974.4052    98     7038.0000     6974.0964  1612487    0.91%
  22700 21754     6974.1710   183     7038.0000     6974.0964  1614597    0.91%
  22800 21852     6975.0000    61     7038.0000     6974.0964  1615943    0.91%
  22900 21952     6974.1710   177     7038.0000     6974.0964  1619204    0.91%
  23000 22052     6974.4548    90     7038.0000     6974.0964  1620914    0.91%
Elapsed time = 2464.44 sec. (tree size = 335.19 MB, solutions = 3)
Nodefile size = 207.49 MB (151.75 MB after compression)
  23100 22148     6974.1620   179     7038.0000     6974.0964  1638842    0.91%
  23200 22246     6975.0000    60     7038.0000     6974.0964  1650133    0.91%
  23300 22343     6975.0000   132     7038.0000     6974.0964  1685763    0.91%
  23400 22443     6975.0000    63     7038.0000     6974.0964  1687350    0.91%
  23500 22541     6975.0000   148     7038.0000     6974.0964  1694920    0.91%
  23600 22641     6975.0000    66     7038.0000     6974.0964  1696286    0.91%
  23700 22739     6975.0000   142     7038.0000     6974.0964  1706217    0.91%
  23800 22837     6976.0000   120     7038.0000     6974.0964  1721658    0.91%
  23900 22937     7021.0000    41     7038.0000     6974.0964  1722572    0.91%
  24000 23037     7032.0000    38     7038.0000     6974.0964  1723444    0.91%
Elapsed time = 2635.39 sec. (tree size = 352.89 MB, solutions = 3)
Nodefile size = 225.30 MB (166.41 MB after compression)
  24100 23116     6975.0000   183     7038.0000     6974.0964  1725229    0.91%
  24200 23216     6975.0000    64     7038.0000     6974.0964  1726680    0.91%
  24300 23316     6975.0000    66     7038.0000     6974.0964  1732907    0.91%
  24400 23415     6975.0000    65     7038.0000     6974.0964  1743156    0.91%
  24500 23511     6975.0000   116     7038.0000     6974.0964  1754820    0.91%
  24600 23611     6975.0000    60     7038.0000     6974.0964  1756200    0.91%
  24700 23702     6976.0000    55     7038.0000     6974.0964  1766128    0.91%
  24800 23798     6982.0000    51     7038.0000     6974.0964  1797972    0.91%
  24900 23894     6975.0000   131     7038.0000     6974.0964  1806977    0.91%
  25000 23992     6976.0000   110     7038.0000     6974.0964  1813239    0.91%
Elapsed time = 2772.11 sec. (tree size = 370.10 MB, solutions = 3)
Nodefile size = 242.12 MB (179.81 MB after compression)
  25100 24092     6976.0000    61     7038.0000     6974.0964  1814086    0.91%
  25200 24192     6976.0000    55     7038.0000     6974.0964  1817416    0.91%
  25300 24290     6975.0000    68     7038.0000     6974.0964  1832522    0.91%
  25400 24390     6975.0000    68     7038.0000     6974.0964  1834178    0.91%
  25500 24488     6976.0000    60     7038.0000     6974.0964  1841170    0.91%
  25600 24584     6977.0000    56     7038.0000     6974.0964  1855163    0.91%
  25700 24680     6975.0000   146     7038.0000     6974.0964  1861737    0.91%
  25800 24780     6975.0000    59     7038.0000     6974.0964  1863166    0.91%
  25900 24876     6975.0000   193     7038.0000     6974.0964  1888323    0.91%
  26000 24974     6976.0000    79     7038.0000     6974.0964  1895577    0.91%
Elapsed time = 2915.48 sec. (tree size = 387.80 MB, solutions = 3)
Nodefile size = 259.92 MB (194.25 MB after compression)
  26100 25072     6975.0000   212     7038.0000     6974.0964  1901039    0.91%
  26200 25172     6975.0000    61     7038.0000     6974.0964  1902379    0.91%
  26300 25270     6976.0000    58     7038.0000     6974.0964  1908226    0.91%
  26400 25366     6981.0000    55     7038.0000     6974.0964  1938775    0.91%
  26500 25460     6975.0000    59     7038.0000     6974.0964  1944430    0.91%
  26600 25560     6975.0000    65     7038.0000     6974.0964  1948233    0.91%
  26700 25660     6975.0002    75     7038.0000     6974.0964  1955450    0.91%
  26800 25752     6976.0000    58     7038.0000     6974.0964  1969238    0.91%
  26900 25846     6975.0000   118     7038.0000     6974.0964  1992249    0.91%
  27000 25946     6975.0000    67     7038.0000     6974.0964  1994051    0.91%
Elapsed time = 3064.64 sec. (tree size = 405.31 MB, solutions = 3)
Nodefile size = 277.73 MB (208.82 MB after compression)
  27100 26044     6976.0000    57     7038.0000     6974.0964  1996417    0.91%
  27200 26140     6982.0000    56     7038.0000     6974.0964  1998226    0.91%
  27300 26234     6975.0000   165     7038.0000     6974.0964  2009428    0.91%
  27400 26332     6976.0000   187     7038.0000     6974.0964  2024598    0.91%
  27500 26430     6975.0000    91     7038.0000     6974.0964  2043599    0.91%
  27600 26528     6976.0000    61     7038.0000     6974.0964  2059541    0.91%
  27700 26628     6976.0000    57     7038.0000     6974.0964  2060772    0.91%
  27800 26724     6977.0000    89     7038.0000     6974.0964  2067634    0.91%
  27900 26816     6975.0000    71     7038.0000     6974.0964  2077605    0.91%
  28000 26914     6976.0000    59     7038.0000     6974.0964  2090067    0.91%
Elapsed time = 3226.88 sec. (tree size = 422.74 MB, solutions = 3)
Nodefile size = 295.54 MB (223.36 MB after compression)
  28100 27014     6976.0000    58     7038.0000     6974.0964  2091126    0.91%
  28200 27106     6991.0000    54     7038.0000     6974.0964  2102760    0.91%
  28300 27202     6975.0000   218     7038.0000     6974.0964  2111408    0.91%
  28400 27300     6976.0000    85     7038.0000     6974.0964  2126887    0.91%
  28500 27396     6975.0000    74     7038.0000     6974.0964  2146842    0.91%
  28600 27495     6976.0000    59     7038.0000     6974.0964  2149176    0.91%
  28700 27595     6976.0000    57     7038.0000     6974.0964  2150164    0.91%
  28800 27691     6981.0000    62     7038.0000     6974.0964  2164419    0.91%
  28900 27787     6984.0000    57     7038.0000     6974.0964  2170480    0.91%
  29000 27871     7017.0000    54     7038.0000     6974.0964  2176458    0.91%
Elapsed time = 3366.97 sec. (tree size = 440.05 MB, solutions = 3)
Nodefile size = 312.37 MB (236.76 MB after compression)
  29100 27945     6975.0000    68     7038.0000     6974.0964  2178213    0.91%
  29200 28045     6975.0000    58     7038.0000     6974.0964  2179962    0.91%
  29300 28145     6975.0000   214     7038.0000     6974.0964  2183939    0.91%
  29400 28245     6975.0000    68     7038.0000     6974.0964  2185530    0.91%
  29500 28341     6975.0000    62     7038.0000     6974.0964  2238969    0.91%
  29600 28441     6975.0000    68     7038.0000     6974.0964  2240858    0.91%
  29700 28537     6978.0000    60     7038.0000     6974.0964  2261694    0.91%
  29800 28635     6978.0000    58     7038.0000     6974.0964  2263102    0.91%
  29900 28726     6975.0000    82     7038.0000     6974.0964  2272331    0.91%
  30000 28826     6975.0000    59     7038.0000     6974.0964  2273909    0.91%
Elapsed time = 3543.09 sec. (tree size = 457.21 MB, solutions = 3)
Nodefile size = 330.19 MB (250.86 MB after compression)
  30100 28924     6976.0000    57     7038.0000     6974.0964  2282044    0.91%
  30200 29022     6979.0000    55     7038.0000     6974.0964  2284306    0.91%
  30300 29117     6975.0000    65     7038.0000     6974.0964  2291665    0.91%
  30400 29215     6976.0000    70     7038.0000     6974.0964  2296762    0.91%
  30500 29315     6975.0000   224     7038.0000     6974.0964  2298279    0.91%
  30600 29415     6975.0000    77     7038.0000     6974.0964  2300243    0.91%
  30700 29511     6975.0000   118     7038.0000     6974.0964  2315121    0.91%
  30800 29611     6975.0407   132     7038.0000     6974.0964  2317473    0.91%
  30900 29709     6976.0000    61     7038.0000     6974.0964  2325014    0.91%
  31000 29807     6979.0000    56     7038.0000     6974.0964  2327710    0.91%
Elapsed time = 3634.75 sec. (tree size = 474.87 MB, solutions = 3)
Nodefile size = 347.02 MB (264.39 MB after compression)
  31100 29896     6975.0000   119     7038.0000     6974.0964  2334842    0.91%
  31200 29996     6975.0000    76     7038.0000     6974.0964  2336391    0.91%
  31300 30094     6975.0000   159     7038.0000     6974.0964  2339952    0.91%
  31400 30194     6975.0000    64     7038.0000     6974.0964  2341392    0.91%
  31500 30278     6975.0000   137     7038.0000     6974.0964  2371547    0.91%
  31600 30378     6975.0000    66     7038.0000     6974.0964  2373313    0.91%
  31700 30476     6975.0000   130     7038.0000     6974.0964  2404745    0.91%
  31800 30574     6976.0000    77     7038.0000     6974.0964  2413417    0.91%
  31900 30674     6975.0000   174     7038.0000     6974.0964  2414549    0.91%
  32000 30772     6976.0000    81     7038.0000     6974.0964  2422769    0.91%
Elapsed time = 3811.41 sec. (tree size = 492.14 MB, solutions = 3)
Nodefile size = 364.88 MB (278.69 MB after compression)
  32100 30866     6975.0000   143     7038.0000     6974.0964  2444181    0.91%
  32200 30966     6975.0000    63     7038.0000     6974.0964  2445833    0.91%
  32300 31064     6976.0000    61     7038.0000     6974.0964  2451536    0.91%
  32400 31162     6977.0000    58     7038.0000     6974.0964  2461175    0.91%
  32500 31253     6991.0000    91     7038.0000     6974.0964  2481358    0.91%
  32600 31351     7000.0000    49     7038.0000     6974.0964  2484106    0.91%
  32700 31421     7021.0000    41     7038.0000     6974.0964  2487011    0.91%
  32800 31455        cutoff           7038.0000     6974.0964  2489839    0.91%
  32900 31503     6975.0000   229     7038.0000     6974.0964  2501842    0.91%
  33000 31603     6975.0008    99     7038.0000     6974.0964  2504943    0.91%
Elapsed time = 3971.92 sec. (tree size = 507.14 MB, solutions = 3)
Nodefile size = 379.69 MB (291.44 MB after compression)
  33100 31701     6976.0000    60     7038.0000     6974.0964  2510742    0.91%
  33200 31801     6976.0000    65     7038.0000     6974.0964  2512889    0.91%
  33300 31895     6975.0000   197     7038.0000     6974.0964  2517806    0.91%
  33400 31993     6976.0000    65     7038.0000     6974.0964  2522899    0.91%
  33500 32093     6976.0000    61     7038.0000     6974.0964  2523790    0.91%
  33600 32192     6978.0000    61     7038.0000     6974.0964  2527411    0.91%
  33700 32285     6975.0000   169     7038.0000     6974.0964  2532039    0.91%
  33800 32383     6976.0000    69     7038.0000     6974.0964  2561482    0.91%
  33900 32483     6976.0000    67     7038.0000     6974.0964  2562395    0.91%
  34000 32583     6976.0000    60     7038.0000     6974.0964  2569280    0.91%
Elapsed time = 4083.72 sec. (tree size = 524.87 MB, solutions = 3)
Nodefile size = 397.47 MB (305.96 MB after compression)
  34100 32679     6975.0000    70     7038.0000     6974.0964  2595102    0.91%
  34200 32777     6976.0000   116     7038.0000     6974.0964  2615897    0.91%
  34300 32877     6976.0000    55     7038.0000     6974.0964  2616627    0.91%
  34400 32975     6979.0000    89     7038.0000     6974.0964  2621021    0.91%
  34500 33069     6975.0000    72     7038.0000     6974.0964  2633349    0.91%
  34600 33169     6975.0000    64     7038.0000     6974.0964  2634611    0.91%
  34700 33269     6975.0000    65     7038.0000     6974.0964  2637274    0.91%
  34800 33369     6975.0000    68     7038.0000     6974.0964  2645480    0.91%
  34900 33466     6975.0000    76     7038.0000     6974.0964  2658242    0.91%
  35000 33564     6976.0000    63     7038.0000     6974.0964  2661195    0.91%
Elapsed time = 4220.03 sec. (tree size = 542.55 MB, solutions = 3)
Nodefile size = 415.29 MB (320.52 MB after compression)
  35100 33664     6975.0000    69     7038.0000     6974.0964  2662449    0.91%
  35200 33762     6976.0000    58     7038.0000     6974.0964  2664407    0.91%
  35300 33862     6975.0000    81     7038.0000     6974.0964  2665558    0.91%
  35400 33962     6975.0000    63     7038.0000     6974.0964  2666946    0.91%
  35500 34060     6975.0000    77     7038.0000     6974.0964  2671057    0.91%
  35600 34160     6975.0001    76     7038.0000     6974.0964  2673008    0.91%
  35700 34258     6975.0000   130     7038.0000     6974.0964  2680168    0.91%
  35800 34356     6976.0000    80     7038.0000     6974.0964  2699134    0.91%
  35900 34456     6975.0000   168     7038.0000     6974.0964  2700458    0.91%
  36000 34556     6975.0000    62     7038.0000     6974.0964  2702162    0.91%
Elapsed time = 4289.52 sec. (tree size = 560.30 MB, solutions = 3)
Nodefile size = 433.11 MB (334.84 MB after compression)
  36100 34654     6975.0000    68     7038.0000     6974.0964  2716421    0.91%
  36200 34754     6975.0000    74     7038.0000     6974.0964  2718703    0.91%
  36300 34852     6975.0000    72     7038.0000     6974.0964  2721658    0.91%
  36400 34952     6975.0000    65     7038.0000     6974.0964  2724965    0.91%
  36500 35048     6975.0000    61     7038.0000     6974.0966  2741960    0.91%
  36600 35148     6975.0000    76     7038.0000     6974.0966  2743752    0.91%
  36700 35244     6980.0000    54     7038.0000     6974.0966  2752569    0.91%
  36800 35342     6980.0000    58     7038.0000     6974.0966  2754055    0.91%
  36900 35440     7037.0000    48     7038.0000     6974.0966  2759782    0.91%
  37000 35532     7037.0000    39     7038.0000     6974.0966  2761449    0.91%
Elapsed time = 4394.16 sec. (tree size = 577.85 MB, solutions = 3)
Nodefile size = 449.94 MB (347.84 MB after compression)
  37100 35621     6975.0000    64     7038.0000     6974.0966  2762904    0.91%
  37200 35719     6976.0000    58     7038.0000     6974.0966  2766677    0.91%
  37300 35819     6975.0000    68     7038.0000     6974.0966  2768113    0.91%
  37400 35917     6976.0000    58     7038.0000     6974.0966  2783396    0.91%
  37500 36017     6975.0000    70     7038.0000     6974.0966  2784303    0.91%
  37600 36117     6975.0000    66     7038.0000     6974.0966  2786447    0.91%
  37700 36215     6975.0000    69     7038.0000     6974.0966  2791900    0.91%
  37800 36315     6975.0000    66     7038.0000     6974.0966  2793767    0.91%
  37900 36409     6975.0000    97     7038.0000     6974.0968  2806638    0.91%
  38000 36507    infeasible           7038.0000     6974.0968  2821862    0.91%
Elapsed time = 4496.94 sec. (tree size = 595.31 MB, solutions = 3)
Nodefile size = 467.78 MB (362.07 MB after compression)
  38100 36607     6976.0000    57     7038.0000     6974.0968  2822932    0.91%
  38200 36705     6977.0000    96     7038.0000     6974.0968  2831870    0.91%
  38300 36799     6982.0000    53     7038.0000     6974.0968  2853277    0.91%
  38400 36894     6986.0000    57     7038.0000     6974.0968  2870663    0.91%
  38500 36986     6975.0000    93     7038.0000     6974.0968  2877628    0.91%
  38600 37086     6975.0000    65     7038.0000     6974.0968  2881032    0.91%
  38700 37184     6976.0000    63     7038.0000     6974.0968  2894277    0.91%
  38800 37284     6976.0000    57     7038.0000     6974.0968  2895415    0.91%
  38900 37380     6975.0000   108     7038.0000     6974.0968  2914371    0.91%
  39000 37480     6975.0000    71     7038.0000     6974.0968  2915976    0.91%
Elapsed time = 4683.22 sec. (tree size = 612.88 MB, solutions = 3)
Nodefile size = 485.54 MB (376.09 MB after compression)
  39100 37578     6978.0000    57     7038.0000     6974.0968  2922517    0.91%
  39200 37674     6984.0000    50     7038.0000     6974.0968  2949418    0.91%
  39300 37772     6987.0000    61     7038.0000     6974.0968  2950831    0.91%
  39400 37862     7006.0000    51     7038.0000     6974.0968  2959703    0.91%
  39500 37942     6975.0000   125     7038.0000     6974.0968  2966525    0.91%
  39600 38042     6975.0000    60     7038.0000     6974.0968  2968362    0.91%
  39700 38140     6976.0000    59     7038.0000     6974.0968  2978117    0.91%
  39800 38240     6976.0000    60     7038.0000     6974.0968  2979763    0.91%
  39900 38333     6977.0000    56     7038.0000     6974.0968  2994443    0.91%
  40000 38420     7024.0000    44     7038.0000     6974.0968  3021800    0.91%
Elapsed time = 4836.48 sec. (tree size = 629.94 MB, solutions = 3)
Nodefile size = 502.33 MB (390.24 MB after compression)
  40100 38505     6975.0000    78     7038.0000     6974.0968  3023500    0.91%
  40200 38603     6977.0000    63     7038.0000     6974.0968  3057513    0.91%
  40300 38700     6975.0000   122     7038.0000     6974.0968  3061526    0.91%
  40400 38800     6975.0000    66     7038.0000     6974.0968  3063525    0.91%
  40500 38899     6975.0000   101     7038.0000     6974.0968  3066247    0.91%
  40600 38997     6977.0000    57     7038.0000     6974.0968  3095742    0.91%
  40700 39094     6975.0000   130     7038.0000     6974.0968  3104734    0.91%
  40800 39192     6977.0000    61     7038.0000     6974.0968  3116947    0.91%
  40900 39289     6975.0000   145     7038.0000     6974.0968  3131862    0.91%
  41000 39387     6977.0000    56     7038.0000     6974.0968  3202704    0.91%
Elapsed time = 5182.03 sec. (tree size = 647.21 MB, solutions = 3)
Nodefile size = 520.15 MB (404.74 MB after compression)
  41100 39486     6975.0000   103     7038.0000     6974.0968  3204151    0.91%
  41200 39586     6975.0000    64     7038.0000     6974.0968  3205490    0.91%
  41300 39685     6975.0000   101     7038.0000     6974.0968  3209309    0.91%
  41400 39783     6977.0000    66     7038.0000     6974.0968  3228502    0.91%
  41500 39883     6975.0000   108     7038.0000     6974.0968  3230483    0.91%
  41600 39981     6977.0000   117     7038.0000     6974.0968  3260194    0.91%
  41700 40079     6975.0000   152     7038.0000     6974.0968  3270210    0.91%
  41800 40179     6975.0000    84     7038.0000     6974.0968  3274505    0.91%
  41900 40277     6976.0000    60     7038.0000     6974.0968  3280471    0.91%
  42000 40377     6976.0000    56     7038.0000     6974.0968  3281790    0.91%
Elapsed time = 5324.86 sec. (tree size = 664.91 MB, solutions = 3)
Nodefile size = 536.99 MB (418.39 MB after compression)
  42100 40473     6975.0000   115     7038.0000     6974.0968  3284575    0.91%
  42200 40569     6977.0000    62     7038.0000     6974.0968  3313966    0.91%
  42300 40666     6975.0000   109     7038.0000     6974.0968  3318413    0.91%
  42400 40764     6977.0000    57     7038.0000     6974.0968  3337869    0.91%
  42500 40862     6978.0000    58     7038.0000     6974.0968  3346292    0.91%
  42600 40962     6978.0000    62     7038.0000     6974.0968  3347417    0.91%
  42700 41058     6975.0000   105     7038.0000     6974.0968  3351931    0.91%
  42800 41158     6975.0000    69     7038.0000     6974.0968  3353638    0.91%
  42900 41252     6975.0000   136     7038.0000     6974.0969  3367278    0.91%
  43000 41350     6977.0000    66     7038.0000     6974.0969  3387963    0.91%
Elapsed time = 5507.31 sec. (tree size = 682.39 MB, solutions = 3)
Nodefile size = 554.79 MB (432.57 MB after compression)
  43100 41449     6978.0000    60     7038.0000     6974.0969  3390689    0.91%
  43200 41548     6978.0000    54     7038.0000     6974.0969  3391958    0.91%
  43300 41642     6990.0000    61     7038.0000     6974.0969  3397606    0.91%
  43400 41738     7002.7727    63     7038.0000     6974.0969  3403211    0.91%
  43500 41820     6975.0000   237     7038.0000     6974.0969  3407632    0.91%
  43600 41918     6977.0000    73     7038.0000     6974.0969  3417596    0.91%
  43700 42016     6978.0000    60     7038.0000     6974.0969  3425508    0.91%
  43800 42116     6978.0000    55     7038.0000     6974.0969  3426379    0.91%
  43900 42210     6975.0000   165     7038.0000     6974.0969  3430273    0.91%
  44000 42310     6975.0000    68     7038.0000     6974.0969  3432028    0.91%
Elapsed time = 5589.67 sec. (tree size = 699.74 MB, solutions = 3)
Nodefile size = 572.57 MB (447.12 MB after compression)
  44100 42408     6976.0000    57     7038.0000     6974.0969  3441576    0.91%
  44200 42508     6976.0000    63     7038.0000     6974.0969  3443467    0.91%
  44300 42600     6975.0000   152     7038.0000     6974.0969  3480885    0.91%
  44400 42700     6975.0000    67     7038.0000     6974.0969  3482672    0.91%
  44500 42798     6978.0000    60     7038.0000     6974.0969  3486030    0.91%
  44600 42898     6978.0000    62     7038.0000     6974.0969  3487698    0.91%
  44700 42994     6975.0000    81     7038.0000     6974.0969  3506103    0.91%
  44800 43092     6977.0000    73     7038.0000     6974.0969  3508963    0.91%
  44900 43190     6978.0000    61     7038.0000     6974.0969  3515073    0.91%
  45000 43290     6978.0000    54     7038.0000     6974.0969  3516180    0.91%
Elapsed time = 5721.41 sec. (tree size = 717.43 MB, solutions = 3)
Nodefile size = 590.35 MB (461.77 MB after compression)
  45100 43382     6975.0000   146     7038.0000     6974.0969  3527862    0.91%
  45200 43482     6975.0000    73     7038.0000     6974.0969  3529484    0.91%
  45300 43578     6975.0000   181     7038.0000     6974.0969  3550561    0.91%
  45400 43676     6976.0000    90     7038.0000     6974.0969  3557246    0.91%
  45500 43772     6978.0000    63     7038.0000     6974.0969  3602807    0.91%
  45600 43872     6978.0000    56     7038.0000     6974.0969  3603676    0.91%
  45700 43964     6977.0000   152     7038.0000     6974.0971  3638186    0.91%
  45800 44064     6977.0000    65     7038.0000     6974.0971  3640040    0.91%
  45900 44162     6978.0000    58     7038.0000     6974.0971  3642277    0.91%
  46000 44262     6978.0000    57     7038.0000     6974.0971  3644037    0.91%
Elapsed time = 5921.02 sec. (tree size = 734.93 MB, solutions = 3)
Nodefile size = 607.19 MB (476.02 MB after compression)
  46100 44352     6975.0000   103     7038.0000     6974.0971  3647514    0.91%
  46200 44450     6977.0000    67     7038.0000     6974.0971  3662317    0.91%
  46300 44550     6975.0000    62     7038.0000     6974.0971  3663645    0.91%
  46400 44648     6977.0000    59     7038.0000     6974.0971  3671531    0.91%
  46500 44748     6975.0000   125     7038.0000     6974.0973  3673120    0.91%
  46600 44846     6977.0000    71     7038.0000     6974.0973  3716450    0.91%
  46700 44928     6975.0000   113     7038.0000     6974.0979  3765747    0.91%
  46800 45026     6976.0000    59     7038.0000     6974.0979  3773550    0.91%
  46900 45126     6976.0000    57     7038.0000     6974.0979  3774818    0.91%
  47000 45226     6976.0000    57     7038.0000     6974.0979  3775855    0.91%
Elapsed time = 6178.59 sec. (tree size = 752.21 MB, solutions = 3)
Nodefile size = 625.00 MB (490.48 MB after compression)
  47100 45304        cutoff           7038.0000     6974.0979  3778044    0.91%
  47200 45398     6978.0000    58     7038.0000     6974.0979  3794597    0.91%
  47300 45498     6978.0000    60     7038.0000     6974.0979  3800464    0.91%
  47400 45598     6978.0000    62     7038.0000     6974.0979  3812612    0.91%
  47500 45698     6980.3511    74     7038.0000     6974.0979  3825843    0.91%
  47600 45796     6981.0000    49     7038.0000     6974.0979  3839327    0.91%
  47700 45896     6981.0000    52     7038.0000     6974.0979  3851960    0.91%
  47800 45992     6986.0000    50     7038.0000     6974.0979  3867829    0.91%
  47900 46092     6989.9049    72     7038.0000     6974.0979  3884286    0.91%
  48000 46178     6990.0000    51     7038.0000     6974.0979  3893502    0.91%
Elapsed time = 6305.06 sec. (tree size = 769.60 MB, solutions = 3)
Nodefile size = 641.75 MB (504.65 MB after compression)
  48100 46263     7036.3869    44     7038.0000     6974.0979  3901437    0.91%
  48200 46354     6979.0000    52     7038.0000     6974.0979  3976699    0.91%
  48300 46452     6980.0000    58     7038.0000     6974.0979  3978380    0.91%
  48400 46552     6980.0000    54     7038.0000     6974.0979  3980047    0.91%
  48500 46648     6987.0000    48     7038.0000     6974.0979  3991982    0.91%
  48600 46742     6999.0000    53     7038.0000     6974.0979  4000785    0.91%
  48700 46840     6975.0000    63     7038.0000     6974.0979  4002881    0.91%
  48800 46936     6977.0000    66     7038.0000     6974.0979  4070052    0.91%
  48900 47034     6975.0000    83     7038.0000     6974.0979  4080709    0.91%
  49000 47132     6976.0000    58     7038.0000     6974.0979  4095170    0.91%
Elapsed time = 6652.14 sec. (tree size = 786.80 MB, solutions = 3)
Nodefile size = 659.55 MB (519.28 MB after compression)
  49100 47232     6975.0000    79     7038.0000     6974.0979  4096440    0.91%
  49200 47330     6976.0000    60     7038.0000     6974.0979  4114213    0.91%
  49300 47430     6975.0000    92     7038.0000     6974.0979  4115423    0.91%
  49400 47528     6977.0000    65     7038.0000     6974.0979  4133961    0.91%
  49500 47626     6975.0000    78     7038.0000     6974.0979  4160838    0.91%
  49600 47724     6977.0000    64     7038.0000     6974.0979  4188347    0.91%
  49700 47820     6975.0000    77     7038.0000     6974.0979  4199508    0.91%
  49800 47918     6977.0000    65     7038.0000     6974.0979  4226628    0.91%
  49900 48016     6975.0000    84     7038.0000     6974.0979  4243982    0.91%
  50000 48116     6975.0000    68     7038.0000     6974.0979  4248499    0.91%
Elapsed time = 6912.56 sec. (tree size = 804.39 MB, solutions = 3)
Nodefile size = 676.43 MB (532.74 MB after compression)
  50100 48206     6975.0000   111     7038.0000     6974.0981  4287342    0.91%
  50200 48304     6977.0000    61     7038.0000     6974.0981  4335680    0.91%
  50300 48402     6978.0000    60     7038.0000     6974.0981  4339946    0.91%
  50400 48502     6978.0000    58     7038.0000     6974.0981  4341173    0.91%
  50500 48600     6979.0000    53     7038.0000     6974.0981  4346980    0.91%
  50600 48696     7034.0000    38     7038.0000     6974.0981  4356166    0.91%
  50700 48794     7034.0000    45     7038.0000     6974.0981  4357093    0.91%
  50800 48860     7036.0000    51     7038.0000     6974.0981  4358868    0.91%
  50900 48950     6977.0000    64     7038.0000     6974.0981  4362282    0.91%
  51000 49050     6977.0000    60     7038.0000     6974.0981  4363527    0.91%
Elapsed time = 7127.19 sec. (tree size = 821.26 MB, solutions = 3)
Nodefile size = 694.21 MB (546.29 MB after compression)
  51100 49148     6978.0000    59     7038.0000     6974.0981  4370841    0.91%
  51200 49246     6981.0000    54     7038.0000     6974.0981  4387030    0.91%
  51300 49344     6975.0000    73     7038.0000     6974.0981  4389434    0.91%

Cover cuts applied:  1079
Mixed integer rounding cuts applied:  54
Zero-half cuts applied:  1
Gomory fractional cuts applied:  16

Solution pool: 3 solutions saved.

MIP - Time limit exceeded, integer feasible:  Objective = 7.0380000000e+003
Current MIP best bound = 6.9740981452e+003 (gap = 63.9019, 0.91%)
Solution time = 7200.03 sec.  Iterations = 4409343  Nodes = 51307 (49350)


Incumbent solution
Variable Name           Solution Value
Cmax                       7038.000000
X_1_4                         1.000000
X_2_23                        1.000000
X_3_13                        1.000000
X_4_9                         1.000000
X_5_29                        1.000000
X_6_11                        1.000000
X_7_19                        1.000000
X_8_13                        1.000000
X_9_20                        1.000000
X_10_28                       1.000000
X_11_1                        1.000000
X_12_22                       1.000000
X_13_4                        1.000000
X_14_1                        1.000000
X_15_16                       1.000000
X_16_26                       1.000000
X_17_25                       1.000000
X_18_16                       1.000000
X_19_29                       1.000000
X_20_21                       1.000000
X_21_3                        1.000000
X_22_6                        1.000000
X_23_21                       1.000000
X_24_27                       1.000000
X_25_23                       1.000000
X_26_22                       1.000000
X_27_23                       1.000000
X_28_21                       1.000000
X_29_30                       1.000000
X_30_23                       1.000000
X_31_27                       1.000000
X_32_18                       1.000000
X_33_13                       1.000000
X_34_10                       1.000000
X_35_28                       1.000000
X_36_25                       1.000000
X_37_5                        1.000000
X_38_11                       1.000000
X_39_14                       1.000000
X_40_26                       1.000000
X_41_22                       1.000000
X_42_26                       1.000000
X_43_10                       1.000000
X_44_13                       1.000000
X_45_20                       1.000000
X_46_9                        1.000000
X_47_7                        1.000000
X_48_5                        1.000000
X_49_21                       1.000000
X_50_3                        1.000000
X_51_28                       1.000000
X_52_9                        1.000000
X_53_20                       1.000000
X_54_2                        1.000000
X_55_2                        1.000000
X_56_30                       1.000000
X_57_14                       1.000000
X_58_13                       1.000000
X_59_27                       1.000000
X_60_24                       1.000000
X_61_14                       1.000000
X_62_24                       1.000000
X_63_9                        1.000000
X_64_17                       1.000000
X_65_19                       1.000000
X_66_29                       1.000000
X_67_12                       1.000000
X_68_18                       1.000000
X_69_25                       1.000000
X_70_21                       1.000000
X_71_17                       1.000000
X_72_19                       1.000000
X_73_13                       1.000000
X_74_11                       1.000000
X_75_6                        1.000000
X_76_21                       1.000000
X_77_19                       1.000000
X_78_1                        1.000000
X_79_29                       1.000000
X_80_13                       1.000000
X_81_18                       1.000000
X_82_24                       1.000000
X_83_1                        1.000000
X_84_6                        1.000000
X_85_10                       1.000000
X_86_16                       1.000000
X_87_5                        1.000000
X_88_22                       1.000000
X_89_21                       1.000000
X_90_14                       1.000000
X_91_24                       1.000000
X_92_30                       1.000000
X_93_28                       1.000000
X_94_7                        1.000000
X_95_2                        1.000000
X_96_17                       1.000000
X_97_3                        1.000000
X_98_30                       1.000000
X_99_17                       1.000000
X_100_18                      1.000000
X_101_28                      1.000000
X_102_4                       1.000000
X_103_14                      1.000000
X_104_9                       1.000000
X_105_11                      1.000000
X_106_8                       1.000000
X_107_15                      1.000000
X_108_24                      1.000000
X_109_12                      1.000000
X_110_12                      1.000000
X_111_19                      1.000000
X_112_4                       1.000000
X_113_27                      1.000000
X_114_15                      1.000000
X_115_3                       1.000000
X_116_23                      1.000000
X_117_11                      1.000000
X_118_1                       1.000000
X_119_30                      1.000000
X_120_3                       1.000000
X_121_2                       1.000000
X_122_24                      1.000000
X_123_15                      1.000000
X_124_1                       1.000000
X_125_20                      1.000000
X_126_8                       1.000000
X_127_9                       1.000000
X_128_30                      1.000000
X_129_9                       1.000000
X_130_15                      1.000000
X_131_16                      1.000000
X_132_23                      1.000000
X_133_20                      1.000000
X_134_15                      1.000000
X_135_5                       1.000000
X_136_12                      1.000000
X_137_16                      1.000000
X_138_29                      1.000000
X_139_3                       1.000000
X_140_8                       1.000000
X_141_8                       1.000000
X_142_17                      1.000000
X_143_17                      1.000000
X_144_22                      1.000000
X_145_10                      1.000000
X_146_17                      1.000000
X_147_30                      1.000000
X_148_28                      1.000000
X_149_8                       1.000000
X_150_26                      1.000000
X_151_16                      1.000000
X_152_15                      1.000000
X_153_6                       1.000000
X_154_10                      1.000000
X_155_27                      1.000000
X_156_7                       1.000000
X_157_10                      1.000000
X_158_11                      1.000000
X_159_23                      1.000000
X_160_4                       1.000000
X_161_8                       1.000000
X_162_6                       1.000000
X_163_16                      1.000000
X_164_7                       1.000000
X_165_18                      1.000000
X_166_4                       1.000000
X_167_18                      1.000000
X_168_12                      1.000000
X_169_14                      1.000000
X_170_11                      1.000000
X_171_5                       1.000000
X_172_12                      1.000000
X_173_26                      1.000000
X_174_27                      1.000000
X_175_2                       1.000000
X_176_29                      1.000000
X_177_26                      1.000000
X_178_10                      1.000000
X_179_20                      1.000000
X_180_2                       1.000000
X_181_6                       1.000000
X_182_15                      1.000000
X_183_6                       1.000000
X_184_22                      1.000000
X_185_7                       1.000000
X_186_1                       1.000000
X_187_5                       1.000000
X_188_20                      1.000000
X_189_19                      1.000000
X_190_7                       1.000000
X_191_22                      1.000000
X_192_26                      1.000000
X_193_7                       1.000000
X_194_25                      1.000000
X_195_19                      1.000000
X_196_25                      1.000000
X_197_25                      1.000000
X_198_24                      1.000000
X_199_5                       1.000000
X_200_2                       1.000000
All other variables in the range 1-6001 are 0.
