
Log started (V11.0.0) Wed May 21 02:03:02 2008

Tried aggregator 1 time.
Reduced MIP has 250 rows, 10001 columns, and 20050 nonzeros.
Presolve time =    0.08 sec.
Clique table members: 200.
MIP emphasis: balance optimality and feasibility.
MIP search method: dynamic search.
Parallel mode: none, using 1 thread.
Root relaxation solution time =    0.64 sec.

        Nodes                                         Cuts/
   Node  Left     Objective  IInf  Best Integer     Best Node    ItCnt     Gap

*     0+    0                       209705.0000     4007.1185      723   98.09%
*     0+    0                         4019.0000     4007.1185      723    0.30%
      0     0     4007.1948    95     4019.0000      Fract: 4      738    0.29%
      0     0     4007.2358    98     4019.0000     4007.2358      768    0.29%
      0     0     4007.2809   103     4019.0000     Covers: 2      785    0.29%
*     0+    0                         4018.0000     4007.2809      785    0.27%
      0     2     4008.0000    96     4018.0000     4007.2809      785    0.27%
    100    77     4010.0000    74     4018.0000     4008.0000     4723    0.25%
    200   130     4010.0000    95     4018.0000     4008.0000    10229    0.25%
    300   176     4011.0000    87     4018.0000     4008.0000    18567    0.25%
    400   225     4013.0000    84     4018.0000     4008.0000    23226    0.25%
    500   255     4015.0000    81     4018.0000     4008.0000    26520    0.25%
    600   239     4013.0000    98     4018.0000     4011.0016    32178    0.17%
    700   239     4013.0000    94     4018.0000     4011.0016    35297    0.17%
    800   223     4016.0000    83     4018.0000     4011.0016    39566    0.17%
    900   205     4012.0000    84     4018.0000     4011.0069    67388    0.17%
   1000   293     4012.0000    59     4018.0000     4011.0069    70039    0.17%
Elapsed time =  73.48 sec. (tree size =  1.82 MB, solutions = 3)
   1100   326     4012.0000    68     4018.0000     4011.0069    78480    0.17%
   1200   385     4013.0000    86     4018.0000     4011.0069    82075    0.17%
   1300   433     4014.0000    82     4018.0000     4011.0069    85326    0.17%
   1400   460     4016.0000    82     4018.0000     4011.0069    88425    0.17%
   1500   472     4016.0000    85     4018.0000     4011.0069    90613    0.17%
   1600   532     4012.0000    80     4018.0000     4012.0000    93330    0.15%
   1700   606     4015.0000    76     4018.0000     4012.0000    96505    0.15%
   1800   660     4012.0000    51     4018.0000     4012.0000   103700    0.15%
   1900   751     4013.0000    81     4018.0000     4012.0000   106553    0.15%
   2000   832     4012.0000    91     4018.0000     4012.0000   110127    0.15%
Elapsed time = 107.39 sec. (tree size =  5.27 MB, solutions = 3)
   2100   911     4013.0000    80     4018.0000     4012.0000   113989    0.15%
   2200  1001     4012.0000    87     4018.0000     4012.0000   115678    0.15%
   2300  1072     4013.0000    85     4018.0000     4012.0000   119399    0.15%
   2400  1156     4012.0000    88     4018.0000     4012.0000   121979    0.15%
   2500  1236     4013.0000    90     4018.0000     4012.0000   124616    0.15%
   2600  1313     4013.0000    86     4018.0000     4012.0000   132898    0.15%
   2700  1387     4015.0000    86     4018.0000     4012.0000   135560    0.15%
   2800  1452     4016.0000    80     4018.0000     4012.0000   139681    0.15%
   2900  1517     4012.0000    91     4018.0000     4012.0000   142689    0.15%
   3000  1606     4013.0000    81     4018.0000     4012.0000   145076    0.15%
Elapsed time = 132.86 sec. (tree size = 10.38 MB, solutions = 3)
   3100  1677     4015.0000    76     4018.0000     4012.0000   148162    0.15%
   3200  1775     4012.0000    89     4018.0000     4012.0000   149066    0.15%
   3300  1860     4012.0000    57     4018.0000     4012.0000   150544    0.15%
   3400  1960     4012.0000    58     4018.0000     4012.0000   153645    0.15%
   3500  2060     4012.0000    78     4018.0000     4012.0000   157235    0.15%
   3600  2156     4012.0000    87     4018.0000     4012.0000   159450    0.15%
   3700  2256     4012.0000    83     4018.0000     4012.0000   163152    0.15%
   3800  2352     4012.0000    83     4018.0000     4012.0000   165323    0.15%
   3900  2429     4013.0000    73     4018.0000     4012.0000   167873    0.15%
   4000  2507     4012.0000    86     4018.0000     4012.0000   173229    0.15%
Elapsed time = 154.09 sec. (tree size = 16.43 MB, solutions = 3)
   4100  2602     4015.0000    89     4018.0000     4012.0000   175751    0.15%
   4200  2682     4012.0000    73     4018.0000     4012.0000   179456    0.15%
   4300  2764     4012.0000    74     4018.0000     4012.0000   181131    0.15%
   4400  2858     4012.0000    88     4018.0000     4012.0000   183130    0.15%
   4500  2934     4017.0000    73     4018.0000     4012.0000   186863    0.15%
   4600  2972     4012.0000    65     4018.0000     4012.0000   191103    0.15%
   4700  3068     4012.0000    94     4018.0000     4012.0000   193412    0.15%
   4800  3154     4014.0000    92     4018.0000     4012.0000   196101    0.15%
   4900  3218        cutoff           4018.0000     4012.0000   199079    0.15%
   5000  3304     4012.0000    98     4018.0000     4012.0000   203160    0.15%
Elapsed time = 174.11 sec. (tree size = 22.13 MB, solutions = 3)
   5100  3391     4012.0000    86     4018.0000     4012.0000   206470    0.15%
   5200  3477     4014.0000    74     4018.0000     4012.0000   211650    0.15%
   5300  3547     4015.0000    87     4018.0000     4012.0000   220392    0.15%
   5400  3597     4016.0000    90     4018.0000     4012.0000   228296    0.15%
   5500  3682     4012.0000    96     4018.0000     4012.0000   232498    0.15%
   5600  3780     4014.0000    95     4018.0000     4012.0000   234735    0.15%
   5700  3873     4016.0000    85     4018.0000     4012.0000   237242    0.15%
   5800  3973     4012.0000    85     4018.0000     4012.0000   238379    0.15%
   5900  4073     4012.0000    95     4018.0000     4012.0000   240256    0.15%
   6000  4167     4012.0000    89     4018.0000     4012.0000   244524    0.15%
Elapsed time = 203.25 sec. (tree size = 28.44 MB, solutions = 3)
   6100  4263     4012.0000    98     4018.0000     4012.0000   246592    0.15%
   6200  4359     4012.0000    87     4018.0000     4012.0000   249670    0.15%
   6300  4458     4012.0000    81     4018.0000     4012.0000   251190    0.15%
   6400  4551     4012.0000    85     4018.0000     4012.0000   254338    0.15%
   6500  4651     4012.0000    74     4018.0000     4012.0000   256711    0.15%
   6600  4733     4012.0000    94     4018.0000     4012.0000   262035    0.15%
   6700  4810     4013.0000    96     4018.0000     4012.0000   268511    0.15%
   6800  4883     4016.0000   112     4018.0000     4012.0000   277844    0.15%
   6900  4960     4012.0000    88     4018.0000     4012.0000   296269    0.15%
   7000  5060     4012.0000   101     4018.0000     4012.0000   298534    0.15%
Elapsed time = 241.39 sec. (tree size = 34.96 MB, solutions = 3)
   7100  5159     4013.0000    90     4018.0000     4012.0000   301039    0.15%
   7200  5248     4012.0000    84     4018.0000     4012.0000   304675    0.15%
   7300  5348     4012.0000    87     4018.0000     4012.0000   306287    0.15%
   7400  5448     4012.0000    98     4018.0000     4012.0000   309832    0.15%
   7500  5532     4014.0000    84     4018.0000     4012.0000   316286    0.15%
   7600  5627     4013.0000    64     4018.0000     4012.0000   320916    0.15%
   7700  5725     4015.0000    95     4018.0000     4012.0000   323441    0.15%
   7800  5817     4017.0000   102     4018.0000     4012.0000   325936    0.15%
   7900  5910     4012.0000    81     4018.0000     4012.0000   328476    0.15%
   8000  6007     4014.0000   101     4018.0000     4012.0000   332337    0.15%
Elapsed time = 270.30 sec. (tree size = 42.09 MB, solutions = 3)
   8100  6106     4015.0000    76     4018.0000     4012.0000   335356    0.15%
   8200  6206     4012.0000    92     4018.0000     4012.0000   337094    0.15%
   8300  6304     4014.0000    99     4018.0000     4012.0000   340171    0.15%
   8400  6400     4012.0000    70     4018.0000     4012.0000   343133    0.15%
   8500  6492     4012.0000    88     4018.0000     4012.0000   353708    0.15%
   8600  6592     4012.0000   101     4018.0000     4012.0000   356783    0.15%
   8700  6690     4014.0000    90     4018.0000     4012.0000   360211    0.15%
   8800  6788     4012.0000    85     4018.0000     4012.0000   363078    0.15%
   8900  6888     4012.0000   115     4018.0000     4012.0000   366263    0.15%
   9000  6973     4012.0000   100     4018.0000     4012.0000   372047    0.15%
Elapsed time = 302.88 sec. (tree size = 49.42 MB, solutions = 3)
   9100  7072     4012.0000   107     4018.0000     4012.0000   374170    0.15%
   9200  7166     4012.0000   123     4018.0000     4012.0000   379830    0.15%
   9300  7263     4013.0000   119     4018.0000     4012.0000   385164    0.15%
   9400  7333     4012.0000    75     4018.0000     4012.0000   393642    0.15%
   9500  7433     4012.0000   120     4018.0000     4012.0000   397592    0.15%
   9600  7531     4014.0000    92     4018.0000     4012.0000   401646    0.15%
   9700  7629     4016.0000   105     4018.0000     4012.0000   406792    0.15%
   9800  7722     4012.0000    88     4018.0000     4012.0000   410689    0.15%
   9900  7821     4013.0000   106     4018.0000     4012.0000   413989    0.15%
  10000  7920     4014.0000   118     4018.0000     4012.0000   418204    0.15%
Elapsed time = 339.95 sec. (tree size = 57.19 MB, solutions = 3)
  10100  8013     4012.0000    82     4018.0000     4012.0000   426169    0.15%
  10200  8113     4012.0000    99     4018.0000     4012.0000   428604    0.15%
  10300  8204     4012.0000    99     4018.0000     4012.0000   434060    0.15%
  10400  8293     4014.0000    75     4018.0000     4012.0000   440131    0.15%
  10500  8369     4015.0000    79     4018.0000     4012.0000   447903    0.15%
  10600  8432     4017.0000    66     4018.0000     4012.0000   453155    0.15%
  10700  8478     4012.0000    94     4018.0000     4012.0000   467616    0.15%
  10800  8578     4012.0000    81     4018.0000     4012.0000   469625    0.15%
  10900  8666     4012.0000    67     4018.0000     4012.0000   484760    0.15%
  11000  8756     4013.0000    62     4018.0000     4012.0000   494222    0.15%
Elapsed time = 385.44 sec. (tree size = 64.51 MB, solutions = 3)
  11100  8835     4014.0000    91     4018.0000     4012.0000   507130    0.15%
  11200  8911     4015.0000   107     4018.0000     4012.0000   510110    0.15%
  11300  8977     4012.0000    80     4018.0000     4012.0000   517244    0.15%
  11400  9077     4012.0000    95     4018.0000     4012.0000   519748    0.15%
  11500  9176     4013.0000    88     4018.0000     4012.0000   523265    0.15%
  11600  9274     4015.0000    98     4018.0000     4012.0000   526703    0.15%
  11700  9365     4017.0000   108     4018.0000     4012.0000   531990    0.15%
  11800  9451     4012.0000    70     4018.0000     4012.0000   539158    0.15%
  11900  9545     4012.0000   128     4018.0000     4012.0000   544266    0.15%
  12000  9639     4014.0000    90     4018.0000     4012.0000   548759    0.15%
Elapsed time = 420.14 sec. (tree size = 72.14 MB, solutions = 3)
  12100  9731     4015.0000    70     4018.0000     4012.0000   555401    0.15%
  12200  9817     4016.0000    95     4018.0000     4012.0000   561813    0.15%
  12300  9898     4012.0000    96     4018.0000     4012.0000   568097    0.15%
  12400  9998     4012.0000   130     4018.0000     4012.0000   571221    0.15%
  12500 10096     4014.0000   112     4018.0000     4012.0000   575612    0.15%
  12600 10193     4017.0000    77     4018.0000     4012.0000   578992    0.15%
  12700 10278     4012.0000   117     4018.0000     4012.0000   588938    0.15%
  12800 10378     4012.0000   126     4018.0000     4012.0000   593079    0.15%
  12900 10477     4013.0000   113     4018.0000     4012.0000   597000    0.15%
  13000 10572     4012.0000    58     4018.0000     4012.0000   600075    0.15%
Elapsed time = 454.55 sec. (tree size = 80.21 MB, solutions = 3)
  13100 10659     4012.0000    54     4018.0000     4012.0000   616838    0.15%
  13200 10743     4012.7931   142     4018.0000     4012.0000   645531    0.15%
  13300 10828     4012.0000    96     4018.0000     4012.0000   677557    0.15%
  13400 10923     4012.0000   112     4018.0000     4012.0000   689124    0.15%
  13500 11022     4013.0000    81     4018.0000     4012.0000   693128    0.15%
  13600 11108     4017.0000    78     4018.0000     4012.0000   704617    0.15%
  13700 11194     4012.0000    83     4018.0000     4012.0000   711427    0.15%
  13800 11287     4013.0000    99     4018.0000     4012.0000   717277    0.15%
  13900 11381     4014.0000   126     4018.0000     4012.0000   724999    0.15%
  14000 11471     4016.0000    74     4018.0000     4012.0000   730140    0.15%
Elapsed time = 530.53 sec. (tree size = 88.28 MB, solutions = 3)
  14100 11556     4017.0000   100     4018.0000     4012.0000   737536    0.15%
  14200 11637     4012.0000   119     4018.0000     4012.0000   747337    0.15%
  14300 11735     4014.0000    93     4018.0000     4012.0000   753443    0.15%
  14400 11829     4012.0000    97     4018.0000     4012.0000   758894    0.15%
  14500 11928     4013.0000   131     4018.0000     4012.0000   766386    0.15%
  14600 12024     4015.0000   103     4018.0000     4012.0000   770071    0.15%
  14700 12103     4012.0000    87     4018.0000     4012.0000   785002    0.15%
  14800 12203     4012.0000   104     4018.0000     4012.0000   787797    0.15%
  14900 12301     4012.0000   121     4018.0000     4012.0000   791571    0.15%
  15000 12399     4014.0000   104     4018.0000     4012.0000   795088    0.15%
Elapsed time = 569.66 sec. (tree size = 96.87 MB, solutions = 3)
  15100 12497     4016.0000   119     4018.0000     4012.0000   799282    0.15%
  15200 12589     4012.0000    81     4018.0000     4012.0000   803653    0.15%
  15300 12689     4013.0000   109     4018.0000     4012.0000   806228    0.15%
  15400 12786     4014.0000    80     4018.0000     4012.0000   809976    0.15%
  15500 12872     4017.0000    82     4018.0000     4012.0000   817257    0.15%
  15600 12966     4012.0000   102     4018.0000     4012.0000   821841    0.15%
  15700 13066     4012.0000   124     4018.0000     4012.0000   824823    0.15%
  15800 13166     4012.0000   105     4018.0000     4012.0000   829552    0.15%
  15900 13253     4013.0000    96     4018.0000     4012.0000   837937    0.15%
  16000 13330     4015.0000    85     4018.0000     4012.0000   847881    0.15%
Elapsed time = 604.00 sec. (tree size = 105.67 MB, solutions = 3)
  16100 13400     4017.0000    65     4018.0000     4012.0000   856626    0.15%
  16200 13472     4012.0000    55     4018.0000     4012.0000   877375    0.15%
  16300 13572     4012.0000   100     4018.0000     4012.0000   883791    0.15%
  16400 13670     4012.0000    97     4018.0000     4012.0000   888637    0.15%
  16500 13753     4013.0000    76     4018.0000     4012.0000   900420    0.15%
  16600 13821     4015.1918   125     4018.0000     4012.0000   932185    0.15%
  16700 13883     4015.0861   126     4018.0000     4012.0000   970316    0.15%
  16800 13968     4015.0000    87     4018.0000     4012.0000   988031    0.15%
  16900 14026     4017.0000    87     4018.0000     4012.0000  1004865    0.15%
  17000 14114     4012.0000   105     4018.0000     4012.0000  1013188    0.15%
Elapsed time = 680.64 sec. (tree size = 113.23 MB, solutions = 3)
  17100 14213     4013.0000   119     4018.0000     4012.0000  1019352    0.15%
  17200 14311     4015.0000    95     4018.0000     4012.0000  1026226    0.15%
  17300 14410     4016.0000   118     4018.0000     4012.0000  1030347    0.15%
  17400 14505     4012.0000   110     4018.0000     4012.0000  1034771    0.15%
  17500 14605     4012.0000   124     4018.0000     4012.0000  1041764    0.15%
  17600 14702     4015.0000   130     4018.0000     4012.0000  1047439    0.15%
  17700 14801     4016.0000   133     4018.0000     4012.0000  1052280    0.15%
  17800 14895     4012.0000    79     4018.0000     4012.0000  1062241    0.15%
  17900 14990     4012.0000    61     4018.0000     4012.0000  1077708    0.15%
* 17986+14258                         4017.0000     4012.0000  1103658    0.12%
  18000 14270     4012.0000    73     4017.0000     4012.0000  1105417    0.12%
Elapsed time = 735.63 sec. (tree size = 115.20 MB, solutions = 4)
  18100 14370     4012.0000   117     4017.0000     4012.0000  1108711    0.12%
  18200 14469     4013.0000   128     4017.0000     4012.0000  1112813    0.12%
  18300 14567     4015.0000   118     4017.0000     4012.0000  1118060    0.12%
  18400 14667     4012.0000   100     4017.0000     4012.0000  1121320    0.12%
  18500 14765     4012.0000   131     4017.0000     4012.0000  1127578    0.12%
  18600 14865     4012.0000   113     4017.0000     4012.0000  1130752    0.12%
  18700 14964     4013.0000   100     4017.0000     4012.0000  1136080    0.12%
  18800 15064     4012.0000    50     4017.0000     4012.0000  1139746    0.12%
  18900 15159     4012.0000   100     4017.0000     4012.0000  1152697    0.12%
  19000 15259     4012.0000   106     4017.0000     4012.0000  1156927    0.12%
Elapsed time = 776.55 sec. (tree size = 124.44 MB, solutions = 4)
  19100 15358     4013.0000   130     4017.0000     4012.0000  1162932    0.12%
  19200 15458     4012.0000   100     4017.0000     4012.0000  1164998    0.12%
  19300 15558     4012.0000    94     4017.0000     4012.0000  1168014    0.12%
Began writing nodes to disk (directory ./cpxa01652 created)
  19400 15653     4013.0000   114     4017.0000     4012.0000  1173692    0.12%
  19500 15751     4013.0000   133     4017.0000     4012.0000  1179089    0.12%
  19600 15848     4012.0000    56     4017.0000     4012.0000  1185359    0.12%
  19700 15932     4012.0000    62     4017.0000     4012.0000  1209983    0.12%
  19800 16027     4012.0000   115     4017.0000     4012.0000  1216165    0.12%
  19900 16126     4013.0000   133     4017.0000     4012.0000  1222451    0.12%
  20000 16226     4012.0000    98     4017.0000     4012.0000  1225472    0.12%
Elapsed time = 821.78 sec. (tree size = 133.62 MB, solutions = 4)
Nodefile size =  5.98 MB (3.22 MB after compression)
  20100 16325     4013.0000   123     4017.0000     4012.0000  1232998    0.12%
  20200 16423     4014.0000   112     4017.0000     4012.0000  1238193    0.12%
  20300 16521     4015.0082   140     4017.0000     4012.0000  1246869    0.12%
  20400 16621     4012.0000    92     4017.0000     4012.0000  1250691    0.12%
  20500 16717     4013.0000    79     4017.0000     4012.0000  1256948    0.12%
  20600 16817     4012.0000   106     4017.0000     4012.0000  1260449    0.12%
  20700 16916     4013.0000    96     4017.0000     4012.0000  1265728    0.12%
  20800 17016     4012.0000   115     4017.0000     4012.0000  1267796    0.12%
  20900 17114     4014.0000    85     4017.0000     4012.0000  1272202    0.12%
  21000 17214     4012.0000   120     4017.0000     4012.0000  1276248    0.12%
Elapsed time = 858.53 sec. (tree size = 143.29 MB, solutions = 4)
Nodefile size = 15.86 MB (8.56 MB after compression)
  21100 17313     4013.0000   116     4017.0000     4012.0000  1282152    0.12%
  21200 17413     4012.0000   114     4017.0000     4012.0000  1287359    0.12%
  21300 17507     4013.0000    87     4017.0000     4012.0000  1294899    0.12%
  21400 17607     4012.0000   122     4017.0000     4012.0000  1301178    0.12%
  21500 17705     4015.0000   125     4017.0000     4012.0000  1308173    0.12%
  21600 17787     4012.0000   111     4017.0000     4012.0000  1326172    0.12%
  21700 17886     4013.0000   122     4017.0000     4012.0000  1330979    0.12%
  21800 17984     4015.0000   121     4017.0000     4012.0000  1336938    0.12%
  21900 18079     4012.0000   117     4017.0000     4012.0000  1348409    0.12%
  22000 18177     4013.0000    91     4017.0000     4012.0000  1357198    0.12%
Elapsed time = 908.63 sec. (tree size = 152.97 MB, solutions = 4)
Nodefile size = 25.78 MB (14.03 MB after compression)
  22100 18273     4012.0000   111     4017.0000     4012.0000  1363003    0.12%
  22200 18372     4013.0000   118     4017.0000     4012.0000  1369487    0.12%
  22300 18470     4015.0000   124     4017.0000     4012.0000  1376511    0.12%
  22400 18561     4013.0000   106     4017.0000     4012.0000  1383741    0.12%
  22500 18661     4013.0000   101     4017.0000     4012.0000  1385822    0.12%
  22600 18761     4013.0000   116     4017.0000     4012.0000  1390745    0.12%
  22700 18860     4014.0000   118     4017.0000     4012.0000  1395344    0.12%
  22800 18956     4012.0000   112     4017.0000     4012.0000  1402257    0.12%
  22900 19055     4013.0000   138     4017.0000     4012.0000  1410912    0.12%
  23000 19154     4014.0000   121     4017.0000     4012.0000  1416806    0.12%
Elapsed time = 949.45 sec. (tree size = 163.33 MB, solutions = 4)
Nodefile size = 35.61 MB (19.13 MB after compression)
  23100 19234     4012.0000   103     4017.0000     4012.0000  1436968    0.12%
  23200 19334     4012.0000   122     4017.0000     4012.0000  1442953    0.12%
  23300 19431     4014.0000   130     4017.0000     4012.0000  1451031    0.12%
  23400 19526     4012.0000   115     4017.0000     4012.0000  1458264    0.12%
  23500 19625     4013.0000   120     4017.0000     4012.0000  1464793    0.12%
  23600 19718     4012.0000    47     4017.0000     4012.0000  1479643    0.12%
  23700 19817     4013.0000   104     4017.0000     4012.0000  1487173    0.12%
  23800 19916     4014.0000    94     4017.0000     4012.0000  1493598    0.12%
  23900 20013     4015.1520   147     4017.0000     4012.0000  1504653    0.12%
  24000 20107     4013.0000   103     4017.0000     4012.0000  1514586    0.12%
Elapsed time = 1009.58 sec. (tree size = 173.52 MB, solutions = 4)
Nodefile size = 45.57 MB (24.25 MB after compression)
  24100 20193     4016.0000    63     4017.0000     4012.0000  1528853    0.12%
  24200 20279     4016.0000   112     4017.0000     4012.0000  1548987    0.12%
  24300 20375     4016.0000   120     4017.0000     4012.0000  1559268    0.12%
  24400 20463     4012.0000   104     4017.0000     4012.0000  1566302    0.12%
  24500 20562     4013.0000   104     4017.0000     4012.0000  1571882    0.12%
  24600 20661     4015.0000    91     4017.0000     4012.0000  1576386    0.12%
  24700 20757     4012.0000    95     4017.0000     4012.0000  1581497    0.12%
  24800 20856     4013.0000   125     4017.0000     4012.0000  1588848    0.12%
  24900 20941     4016.0000   131     4017.0000     4012.0000  1600459    0.12%
  25000 21037     4012.0000   107     4017.0000     4012.0000  1611216    0.12%
Elapsed time = 1078.19 sec. (tree size = 183.89 MB, solutions = 4)
Nodefile size = 56.50 MB (29.68 MB after compression)
  25100 21136     4013.0000   107     4017.0000     4012.0000  1618426    0.12%
  25200 21228     4015.0000    91     4017.0000     4012.0000  1623250    0.12%
  25300 21324     4012.0000    56     4017.0000     4012.0000  1626168    0.12%
  25400 21416     4016.0000    74     4017.0000     4012.0000  1641002    0.12%
  25500 21504     4016.0000   114     4017.0000     4012.0000  1659070    0.12%
  25600 21584     4012.0000   113     4017.0000     4012.0000  1677796    0.12%
  25700 21683     4013.0000   108     4017.0000     4012.0000  1684009    0.12%
  25800 21780     4014.0000   119     4017.0000     4012.0000  1689544    0.12%
  25900 21865     4015.0000    19     4017.0000     4012.0000  1699944    0.12%
  26000 21956     4016.0000   120     4017.0000     4012.0000  1710791    0.12%
Elapsed time = 1142.94 sec. (tree size = 194.21 MB, solutions = 4)
Nodefile size = 66.44 MB (34.34 MB after compression)
  26100 22052     4012.0000   141     4017.0000     4012.0000  1721795    0.12%
  26200 22151     4013.0000   153     4017.0000     4012.0000  1734181    0.12%
  26300 22245     4016.0000   141     4017.0000     4012.0000  1742437    0.12%
  26400 22341     4012.0000   120     4017.0000     4012.0000  1749070    0.12%
  26500 22440     4015.0000   119     4017.0000     4012.0000  1756392    0.12%
  26600 22533     4014.0000   140     4017.0000     4012.0000  1777301    0.12%
  26700 22628     4016.0000   126     4017.0000     4012.0000  1792802    0.12%
  26800 22720     4015.0000   107     4017.0000     4012.0000  1811355    0.12%
  26900 22815     4016.0000   121     4017.0000     4012.0000  1824274    0.12%
  27000 22910     4012.0000   133     4017.0000     4012.0000  1833457    0.12%
Elapsed time = 1224.97 sec. (tree size = 205.01 MB, solutions = 4)
Nodefile size = 77.39 MB (39.52 MB after compression)
  27100 23008     4014.0000   117     4017.0000     4012.0000  1839197    0.12%
  27200 23101    infeasible           4017.0000     4012.0000  1845792    0.12%
  27300 23190     4013.0000   128     4017.0000     4012.0000  1864384    0.12%
  27400 23288     4015.0000   115     4017.0000     4012.0000  1875172    0.12%
  27500 23383     4013.0000   120     4017.0000     4012.0000  1886525    0.12%
  27600 23482     4014.0000   129     4017.0000     4012.0000  1898463    0.12%
  27700 23573     4016.0000   113     4017.0000     4012.0000  1906931    0.12%
  27800 23669     4012.0000   131     4017.0000     4012.0000  1918965    0.12%
  27900 23767     4014.0000   107     4017.0000     4012.0000  1929009    0.12%
  28000 23864     4015.0000   115     4017.0000     4012.0000  1936023    0.12%
Elapsed time = 1293.55 sec. (tree size = 216.50 MB, solutions = 4)
Nodefile size = 89.30 MB (45.00 MB after compression)
  28100 23953     4012.0000   131     4017.0000     4012.0000  1944086    0.12%
  28200 24043     4012.0000   104     4017.0000     4012.0000  1959616    0.12%
  28300 24143     4012.0000   119     4017.0000     4012.0000  1965247    0.12%
  28400 24240     4013.0000   110     4017.0000     4012.0000  1972460    0.12%
  28500 24329     4012.0000   112     4017.0000     4012.0000  1984852    0.12%
  28600 24428     4013.0000   120     4017.0000     4012.0000  1992006    0.12%
  28700 24525     4015.0000   135     4017.0000     4012.0000  1999774    0.12%
  28800 24621     4012.0000   128     4017.0000     4012.0000  2010168    0.12%
  28900 24720     4013.0000   142     4017.0000     4012.0000  2021085    0.12%
  29000 24814        cutoff           4017.0000     4012.0000  2030505    0.12%
Elapsed time = 1365.03 sec. (tree size = 228.12 MB, solutions = 4)
Nodefile size = 100.18 MB (50.46 MB after compression)
  29100 24914     4014.0000    66     4017.0000     4012.0000  2033692    0.12%
  29200 25012     4014.0000    57     4017.0000     4012.0000  2036301    0.12%
  29300 25112     4014.0000    46     4017.0000     4012.0000  2037009    0.12%
  29400 25212     4014.0000    57     4017.0000     4012.0000  2038339    0.12%
  29500 25312     4014.0000    55     4017.0000     4012.0000  2039519    0.12%
  29600 25411     4014.0000   105     4017.0000     4012.0000  2044608    0.12%
  29700 25506     4016.0000    84     4017.0000     4012.0000  2048585    0.12%
  29800 25601     4012.0021   153     4017.0000     4012.0000  2059609    0.12%
  29900 25695     4014.0000   109     4017.0000     4012.0000  2068789    0.12%
  30000 25794     4014.0000   117     4017.0000     4012.0000  2076032    0.12%
Elapsed time = 1410.27 sec. (tree size = 240.36 MB, solutions = 4)
Nodefile size = 113.05 MB (55.29 MB after compression)
  30100 25880     4012.7133   153     4017.0000     4012.0000  2087643    0.12%
  30200 25979     4013.0000   149     4017.0000     4012.0000  2097865    0.12%
  30300 26077     4014.0000   126     4017.0000     4012.0000  2103458    0.12%
  30400 26167     4016.0000   105     4017.0000     4012.0000  2111688    0.12%
  30500 26255     4015.0000   116     4017.0000     4012.0000  2127247    0.12%
  30600 26342     4012.0000   112     4017.0000     4012.0000  2148548    0.12%
  30700 26441     4013.0000   114     4017.0000     4012.0000  2158772    0.12%
  30800 26534    infeasible           4017.0000     4012.0000  2171877    0.12%
  30900 26620     4016.0000   123     4017.0000     4012.0000  2192170    0.12%
  31000 26713     4015.0000   136     4017.0000     4012.0000  2207985    0.12%
Elapsed time = 1507.28 sec. (tree size = 252.26 MB, solutions = 4)
Nodefile size = 124.98 MB (60.71 MB after compression)
  31100 26803     4012.0000   124     4017.0000     4012.0000  2229672    0.12%
  31200 26897     4012.0000   140     4017.0000     4012.0000  2240865    0.12%
  31300 26994     4015.0000   110     4017.0000     4012.0000  2249830    0.12%
  31400 27093     4016.0000   110     4017.0000     4012.0000  2258344    0.12%
  31500 27187     4012.0000    89     4017.0000     4012.0000  2270961    0.12%
  31600 27285     4016.0000    58     4017.0000     4012.0000  2276562    0.12%
  31700 27367     4016.0000    87     4017.0000     4012.0000  2294021    0.12%
  31800 27455     4016.0000    59     4017.0000     4012.0000  2311013    0.12%
  31900 27549     4016.0000   106     4017.0000     4012.0000  2318867    0.12%
  32000 27636     4014.0000    97     4017.0000     4012.0000  2331500    0.12%
Elapsed time = 1604.41 sec. (tree size = 264.54 MB, solutions = 4)
Nodefile size = 136.90 MB (66.00 MB after compression)
  32100 27729     4016.0000    72     4017.0000     4012.0000  2352087    0.12%
  32200 27825     4016.0000   116     4017.0000     4012.0000  2364839    0.12%
  32300 27921     4012.0000   112     4017.0000     4012.0000  2378061    0.12%
  32400 28020     4013.0000   150     4017.0000     4012.0000  2391409    0.12%
  32500 28114     4012.0000   123     4017.0000     4012.0000  2411703    0.12%
  32600 28212     4013.0000   134     4017.0000     4012.0000  2422386    0.12%
  32700 28305     4014.0000    95     4017.0000     4012.0000  2429440    0.12%
  32800 28397     4015.0000    53     4017.0000     4012.0000  2438000    0.12%
  32900 28476    infeasible           4017.0000     4012.0000  2452457    0.12%
  33000 28569     4013.0000   123     4017.0000     4012.0000  2474032    0.12%
Elapsed time = 1711.39 sec. (tree size = 277.36 MB, solutions = 4)
Nodefile size = 149.79 MB (72.18 MB after compression)
  33100 28668     4014.0000   142     4017.0000     4012.0000  2487678    0.12%
  33200 28757     4012.0000   110     4017.0000     4012.0000  2503289    0.12%
  33300 28856     4013.0000   112     4017.0000     4012.0000  2513592    0.12%
  33400 28954     4015.0000   147     4017.0000     4012.0000  2527742    0.12%
  33500 29049     4012.0000   114     4017.0000     4012.0000  2539847    0.12%
  33600 29148     4013.0000   114     4017.0000     4012.0000  2548214    0.12%
  33700 29246     4015.0000   121     4017.0000     4012.0000  2563233    0.12%
  33800 29337     4014.0000    94     4017.0000     4012.0000  2582324    0.12%
  33900 29437     4014.0000    88     4017.0000     4012.0000  2587215    0.12%
  34000 29533     4014.0000    85     4017.0000     4012.0000  2592403    0.12%
Elapsed time = 1797.97 sec. (tree size = 290.81 MB, solutions = 4)
Nodefile size = 163.73 MB (78.91 MB after compression)
  34100 29628     4014.0000    98     4017.0000     4012.0000  2603954    0.12%
  34200 29726     4012.0000   141     4017.0000     4012.0000  2613691    0.12%
  34300 29823     4015.0000    88     4017.0000     4012.0000  2630208    0.12%
  34400 29915     4012.0000   127     4017.0000     4012.0000  2640286    0.12%
  34500 30010     4014.0000   128     4017.0000     4012.0000  2658031    0.12%
  34600 30094     4012.0000   128     4017.0000     4012.0000  2673067    0.12%
  34700 30194     4012.0000   140     4017.0000     4012.0000  2682175    0.12%
  34800 30291     4016.0000   119     4017.0000     4012.0000  2695580    0.12%
  34900 30370     4016.0000   118     4017.0000     4012.0000  2734303    0.12%
  35000 30466     4012.0000   142     4017.0000     4012.0000  2750004    0.12%
Elapsed time = 1914.97 sec. (tree size = 304.28 MB, solutions = 4)
Nodefile size = 176.67 MB (85.40 MB after compression)
  35100 30564     4014.0000   110     4017.0000     4012.0000  2763453    0.12%
  35200 30660     4012.0000   141     4017.0000     4012.0000  2781313    0.12%
  35300 30758     4014.0000   133     4017.0000     4012.0000  2797238    0.12%
  35400 30855     4016.0000   108     4017.0000     4012.0000  2813093    0.12%
  35500 30945     4012.0000    95     4017.0000     4012.0000  2830829    0.12%
  35600 31044     4013.0000   151     4017.0000     4012.0000  2842735    0.12%
  35700 31129     4014.0000    69     4017.0000     4012.0000  2864774    0.12%
  35800 31222     4013.0000   117     4017.0000     4012.0000  2885843    0.12%
  35900 31317     4016.0000    71     4017.0000     4012.0000  2891005    0.12%
  36000 31417     4016.0000   131     4017.0000     4012.0000  2902091    0.12%
Elapsed time = 2043.39 sec. (tree size = 318.85 MB, solutions = 4)
Nodefile size = 191.59 MB (94.61 MB after compression)
  36100 31517     4016.0000   123     4017.0000     4012.0000  2909215    0.12%
  36200 31608     4015.0000   119     4017.0000     4012.0000  2924660    0.12%
  36300 31694     4016.0000    93     4017.0000     4012.0000  2945117    0.12%
  36400 31784     4012.0000   120     4017.0000     4012.0000  2972019    0.12%
  36500 31884     4012.0000   131     4017.0000     4012.0000  2983304    0.12%
  36600 31981     4014.0000   110     4017.0000     4012.0000  2994163    0.12%
  36700 32056     4016.0000   130     4017.0000     4012.0000  3010299    0.12%
  36800 32145     4013.0000   112     4017.0000     4012.0000  3026335    0.12%
  36900 32244     4014.0000   135     4017.0000     4012.0000  3041117    0.12%
  37000 32343     4015.0000   129     4017.0000     4012.0000  3048531    0.12%
Elapsed time = 2173.63 sec. (tree size = 333.66 MB, solutions = 4)
Nodefile size = 206.46 MB (106.20 MB after compression)
  37100 32431     4013.0000   120     4017.0000     4012.0000  3065553    0.12%
  37200 32529     4015.0000   126     4017.0000     4012.0000  3080701    0.12%
  37300 32618     4012.0000   122     4017.0000     4012.0000  3097787    0.12%
  37400 32710     4014.0000    92     4017.0000     4012.0000  3112266    0.12%
  37500 32786     4012.0000    77     4017.0000     4012.0000  3131864    0.12%
  37600 32886     4012.0000   127     4017.0000     4012.0000  3142050    0.12%
  37700 32984     4014.0000   102     4017.0000     4012.0000  3151982    0.12%
  37800 33079     4016.0000   124     4017.0000     4012.0000  3166493    0.12%
  37900 33168     4012.0000   106     4017.0000     4012.0000  3184776    0.12%
  38000 33265     4013.0000   150     4017.0000     4012.0000  3196202    0.12%
Elapsed time = 2304.84 sec. (tree size = 348.38 MB, solutions = 4)
Nodefile size = 221.34 MB (117.25 MB after compression)
  38100 33363     4015.0000   112     4017.0000     4012.0000  3212023    0.12%
  38200 33456     4012.0000   134     4017.0000     4012.0000  3229920    0.12%
  38300 33547     4012.0000   106     4017.0000     4012.0000  3255468    0.12%
  38400 33647     4012.0000   125     4017.0000     4012.0000  3263845    0.12%
  38500 33746     4013.0000   125     4017.0000     4012.0000  3275364    0.12%
  38600 33839     4012.0000   116     4017.0000     4012.0000  3295455    0.12%
  38700 33936     4013.0000   129     4017.0000     4012.0000  3308127    0.12%
  38800 34014     4012.0000   138     4017.0000     4012.0000  3339108    0.12%
  38900 34108     4014.0000   139     4017.0000     4012.0000  3357016    0.12%
  39000 34202     4012.0000   105     4017.0000     4012.0000  3372546    0.12%
Elapsed time = 2458.59 sec. (tree size = 363.60 MB, solutions = 4)
Nodefile size = 236.26 MB (128.45 MB after compression)
  39100 34293     4016.0000    40     4017.0000     4012.0000  3379041    0.12%
  39200 34369     4016.0000    74     4017.0000     4012.0000  3397653    0.12%
  39300 34455     4016.0000    58     4017.0000     4012.0000  3408461    0.12%
  39400 34505     4016.0000    55     4017.0000     4012.0000  3441241    0.12%
  39500 34569     4016.0000    51     4017.0000     4012.0000  3459778    0.12%
  39600 34651     4014.0000   142     4017.0000     4012.0000  3479089    0.12%
  39700 34749     4016.0000   137     4017.0000     4012.0000  3490076    0.12%
  39800 34839     4013.0000   145     4017.0000     4012.0000  3511786    0.12%
  39900 34938     4014.0000   134     4017.0000     4012.0000  3526935    0.12%
  40000 35027     4012.0000    92     4017.0000     4012.0000  3551989    0.12%
Elapsed time = 2592.75 sec. (tree size = 377.37 MB, solutions = 4)
Nodefile size = 250.14 MB (139.61 MB after compression)
  40100 35126     4013.0000   138     4017.0000     4012.0000  3561808    0.12%
  40200 35224     4015.0000   142     4017.0000     4012.0000  3572793    0.12%
  40300 35318     4012.0000   100     4017.0000     4012.0000  3586981    0.12%
  40400 35415     4013.0000    98     4017.0000     4012.0000  3601530    0.12%
  40500 35502     4016.0000   120     4017.0000     4012.0000  3621665    0.12%
  40600 35589     4012.0000   150     4017.0000     4012.0000  3638691    0.12%
  40700 35687     4014.0000   154     4017.0000     4012.0000  3655347    0.12%
  40800 35785     4016.0000   132     4017.0000     4012.0000  3672917    0.12%
  40900 35877     4015.0000    16     4017.0000     4012.0000  3690927    0.12%
  41000 35957     4016.0000   147     4017.0000     4012.0000  3732428    0.12%
Elapsed time = 2738.64 sec. (tree size = 392.86 MB, solutions = 4)
Nodefile size = 265.07 MB (151.34 MB after compression)
  41100 36052     4013.0000   116     4017.0000     4012.0000  3753382    0.12%
  41200 36150     4015.0000   134     4017.0000     4012.0000  3767272    0.12%
  41300 36241     4012.0000   131     4017.0000     4012.0000  3795402    0.12%
  41400 36321     4014.0000    37     4017.0000     4012.0000  3812355    0.12%
  41500 36393     4014.0000    68     4017.0000     4012.0000  3849185    0.12%
  41600 36486     4015.0000    96     4017.0000     4012.0000  3858056    0.12%
  41700 36562     4016.0000    90     4017.0000     4012.0000  3876384    0.12%
  41800 36646     4015.0000    80     4017.0000     4012.0000  3905369    0.12%
  41900 36745     4016.0000    90     4017.0000     4012.0000  3918736    0.12%
  42000 36837     4015.0000    72     4017.0000     4012.0000  3927682    0.12%
Elapsed time = 2892.16 sec. (tree size = 407.88 MB, solutions = 4)
Nodefile size = 279.98 MB (163.52 MB after compression)
  42100 36936     4015.0389   157     4017.0000     4012.0000  3944717    0.12%
  42200 37024     4015.0000    82     4017.0000     4012.0000  3958679    0.12%
  42300 37116    infeasible           4017.0000     4012.0000  3976138    0.12%
  42400 37210     4012.0000   146     4017.0000     4012.0000  3990703    0.12%
  42500 37306     4015.0000   125     4017.0000     4012.0000  4006208    0.12%
  42600 37394     4012.0000   127     4017.0000     4012.0000  4033817    0.12%
  42700 37480     4013.0000   122     4017.0000     4012.0000  4052691    0.12%
  42800 37567     4012.0000   148     4017.0000     4012.0000  4080607    0.12%
  42900 37665     4014.0000   141     4017.0000     4012.0000  4096572    0.12%
  43000 37762     4016.0000   158     4017.0000     4012.0000  4113079    0.12%
Elapsed time = 3065.48 sec. (tree size = 423.82 MB, solutions = 4)
Nodefile size = 296.82 MB (176.79 MB after compression)
  43100 37855     4013.0000   120     4017.0000     4012.0000  4129074    0.12%
  43200 37951     4014.0000    96     4017.0000     4012.0000  4140229    0.12%
  43300 38049     4015.0000   145     4017.0000     4012.0000  4148675    0.12%
  43400 38123     4013.0000   135     4017.0000     4012.0000  4182068    0.12%
  43500 38222     4014.0000   120     4017.0000     4012.0000  4202522    0.12%
  43600 38302     4012.0000   115     4017.0000     4012.0000  4228829    0.12%
  43700 38400     4014.0000   139     4017.0000     4012.0000  4251623    0.12%
  43800 38483     4012.0000   121     4017.0000     4012.0000  4281223    0.12%
  43900 38581     4013.0000   129     4017.0000     4012.0000  4300197    0.12%
  44000 38676     4014.0000   132     4017.0000     4012.0000  4311502    0.12%
Elapsed time = 3243.72 sec. (tree size = 440.11 MB, solutions = 4)
Nodefile size = 312.72 MB (189.38 MB after compression)
  44100 38770     4015.0000   135     4017.0000     4012.0000  4326407    0.12%
  44200 38862     4013.0000   148     4017.0000     4012.0000  4348639    0.12%
  44300 38961     4014.0000   155     4017.0000     4012.0000  4358126    0.12%
  44400 39054     4012.0000   132     4017.0000     4012.0000  4369230    0.12%
  44500 39151     4015.0000   114     4017.0000     4012.0000  4382411    0.12%
  44600 39244     4014.0000   139     4017.0000     4012.0000  4405119    0.12%
  44700 39339     4016.0000    92     4017.0000     4012.0000  4419470    0.12%
  44800 39429     4013.0000   129     4017.0000     4012.0000  4439711    0.12%
  44900 39527     4015.0000   127     4017.0000     4012.0000  4464190    0.12%
  45000 39620     4013.0000   119     4017.0000     4012.0000  4495463    0.12%
Elapsed time = 3398.13 sec. (tree size = 457.07 MB, solutions = 4)
Nodefile size = 329.60 MB (202.88 MB after compression)
  45100 39718     4015.0000   138     4017.0000     4012.0000  4518520    0.12%
  45200 39817     4016.0000   147     4017.0000     4012.0000  4535801    0.12%
  45300 39913     4012.0000   155     4017.0000     4012.0000  4559910    0.12%
  45400 40006     4015.0000    61     4017.0000     4012.0000  4578202    0.12%
  45500 40099     4013.0000   127     4017.0000     4012.0000  4596011    0.12%
  45600 40198     4014.0000   136     4017.0000     4012.0000  4608035    0.12%
  45700 40291     4013.0000   140     4017.0000     4012.0000  4642800    0.12%
  45800 40389     4015.0000   113     4017.0000     4012.0000  4663745    0.12%
  45900 40489     4016.0000   116     4017.0000     4012.0000  4672858    0.12%
  46000 40581     4012.0000   122     4017.0000     4012.0000  4687388    0.12%
Elapsed time = 3569.94 sec. (tree size = 474.61 MB, solutions = 4)
Nodefile size = 347.44 MB (217.56 MB after compression)
  46100 40670     4015.0000    86     4017.0000     4012.0000  4703109    0.12%
  46200 40768     4015.0000    52     4017.0000     4012.0000  4708422    0.12%
  46300 40868     4015.0000    60     4017.0000     4012.0000  4711138    0.12%
  46400 40968     4016.0000    85     4017.0000     4012.0000  4714131    0.12%
  46500 41063     4013.0000   118     4017.0000     4012.0000  4729883    0.12%
  46600 41161     4016.0000   151     4017.0000     4012.0000  4747772    0.12%
  46700 41251     4012.0000   145     4017.0000     4012.0000  4775178    0.12%
  46800 41342     4014.0000   141     4017.0000     4012.0000  4790776    0.12%
  46900 41434     4012.0000   123     4017.0000     4012.0000  4813977    0.12%
  47000 41533     4013.0000   142     4017.0000     4012.0000  4831508    0.12%
Elapsed time = 3702.77 sec. (tree size = 492.25 MB, solutions = 4)
Nodefile size = 364.26 MB (231.09 MB after compression)
  47100 41630     4016.0000   111     4017.0000     4012.0000  4858547    0.12%
  47200 41718     4015.0000   108     4017.0000     4012.0000  4881472    0.12%
  47300 41817     4016.0000   109     4017.0000     4012.0000  4903930    0.12%
  47400 41907     4015.0000   123     4017.0000     4012.0000  4933099    0.12%
  47500 41998     4013.0000   104     4017.0000     4012.0000  4958462    0.12%
  47600 42090     4016.0000   128     4017.0000     4012.0000  4979892    0.12%
  47700 42178     4012.0000   125     4017.0000     4012.0000  5009346    0.12%
  47800 42272     4014.0000   110     4017.0000     4012.0000  5033833    0.12%
  47900 42370     4015.0000   142     4017.0000     4012.0000  5047642    0.12%
  48000 42459     4014.0000    89     4017.0000     4012.0000  5067004    0.12%
Elapsed time = 3926.94 sec. (tree size = 509.76 MB, solutions = 4)
Nodefile size = 382.09 MB (245.61 MB after compression)
  48100 42557     4016.0000    99     4017.0000     4012.0000  5083136    0.12%
  48200 42649     4012.0000   109     4017.0000     4012.0000  5101129    0.12%
  48300 42746     4013.0000   115     4017.0000     4012.0000  5118708    0.12%
  48400 42838     4016.0000   106     4017.0000     4012.0000  5138979    0.12%
  48500 42930     4014.0000   149     4017.0000     4012.0000  5167893    0.12%
  48600 43028     4016.0000   113     4017.0000     4012.0000  5188550    0.12%
  48700 43118     4012.0000   100     4017.0000     4012.0000  5208745    0.12%
  48800 43217     4013.0000   141     4017.0000     4012.0000  5223739    0.12%
  48900 43315     4015.0000   110     4017.0000     4012.0000  5248028    0.12%
  49000 43405     4012.0000   138     4017.0000     4012.0000  5286472    0.12%
Elapsed time = 4150.34 sec. (tree size = 528.08 MB, solutions = 4)
Nodefile size = 400.94 MB (260.72 MB after compression)
  49100 43504     4013.0000   152     4017.0000     4012.0000  5313218    0.12%
  49200 43590     4013.0000   113     4017.0000     4012.0000  5346486    0.12%
  49300 43690     4013.0000   121     4017.0000     4012.0000  5357782    0.12%
  49400 43787     4016.0000   105     4017.0000     4012.0000  5389271    0.12%
  49500 43883     4012.0000   131     4017.0000     4012.0000  5410695    0.12%
  49600 43980     4015.0000   121     4017.0000     4012.0000  5435880    0.12%
  49700 44075     4012.0000   136     4017.0000     4012.0000  5463326    0.12%
  49800 44173     4014.0000   144     4017.0000     4012.0000  5488428    0.12%
  49900 44266     4012.0000   137     4017.0000     4012.0000  5523194    0.12%
  50000 44365     4013.0000   111     4017.0000     4012.0000  5541391    0.12%
Elapsed time = 4403.09 sec. (tree size = 546.95 MB, solutions = 4)
Nodefile size = 419.77 MB (276.05 MB after compression)
  50100 44461     4012.0000   127     4017.0000     4012.0000  5558287    0.12%
  50200 44560     4013.0000   146     4017.0000     4012.0000  5569224    0.12%
  50300 44657     4016.0000   132     4017.0000     4012.0000  5591184    0.12%
  50400 44752     4013.0000   125     4017.0000     4012.0000  5623125    0.12%
  50500 44851     4015.0000   127     4017.0000     4012.0000  5631584    0.12%
  50600 44948     4016.0000   136     4017.0000     4012.0000  5649265    0.12%
  50700 45036     4015.0000    89     4017.0000     4012.0000  5666774    0.12%
  50800 45136     4015.0000   109     4017.0000     4012.0000  5679536    0.12%
  50900 45221     4014.4633   178     4017.0000     4012.0000  5725732    0.12%
  51000 45307     4012.0000   162     4017.0000     4012.0000  5763091    0.12%
Elapsed time = 4626.41 sec. (tree size = 566.17 MB, solutions = 4)
Nodefile size = 438.58 MB (291.58 MB after compression)
  51100 45404     4014.0043   158     4017.0000     4012.0000  5792399    0.12%
  51200 45497        cutoff           4017.0000     4012.0000  5814271    0.12%
  51300 45595     4012.0000   137     4017.0000     4012.0000  5832765    0.12%
  51400 45692     4014.0242   168     4017.0000     4012.0000  5877901    0.12%
  51500 45761     4012.0000   149     4017.0000     4012.0000  5929477    0.12%
  51600 45842        cutoff           4017.0000     4012.0000  5960463    0.12%
  51700 45925     4015.0000   132     4017.0000     4012.0000  5990182    0.12%
  51800 46019     4013.0000   149     4017.0000     4012.0000  6019717    0.12%
  51900 46118     4014.0000   147     4017.0000     4012.0000  6037388    0.12%
  52000 46212     4012.0000   157     4017.0000     4012.0000  6071959    0.12%
Elapsed time = 4924.05 sec. (tree size = 585.35 MB, solutions = 4)
Nodefile size = 457.37 MB (307.03 MB after compression)
  52100 46308     4014.0000   141     4017.0000     4012.0000  6094238    0.12%
  52200 46395     4012.0000   136     4017.0000     4012.0000  6125661    0.12%
  52300 46491     4016.0000   146     4017.0000     4012.0000  6151589    0.12%
  52400 46579     4016.0000   124     4017.0000     4012.0000  6179957    0.12%
  52500 46672        cutoff           4017.0000     4012.0000  6208635    0.12%
  52600 46770     4015.0000   117     4017.0000     4012.0000  6228865    0.12%
  52700 46863     4012.0000   149     4017.0000     4012.0000  6252214    0.12%
  52800 46956     4012.0000   131     4017.0000     4012.0000  6281878    0.12%
  52900 47044     4014.0000   154     4017.0000     4012.0000  6315061    0.12%
  53000 47132     4012.0000   133     4017.0000     4012.0000  6343204    0.12%
Elapsed time = 5197.70 sec. (tree size = 604.65 MB, solutions = 4)
Nodefile size = 477.17 MB (323.46 MB after compression)
  53100 47228     4012.0000   124     4017.0000     4012.0000  6361177    0.12%
  53200 47324     4015.0000   134     4017.0000     4012.0000  6382687    0.12%
  53300 47414     4015.0000   121     4017.0000     4012.0000  6409713    0.12%
  53400 47509     4012.0000   148     4017.0000     4012.0000  6431582    0.12%
  53500 47605     4016.0000   127     4017.0000     4012.0000  6452960    0.12%
  53600 47694     4012.0000   164     4017.0000     4012.0000  6495259    0.12%
  53700 47789     4013.0793   151     4017.0000     4012.0000  6518154    0.12%
  53800 47881     4014.0000   132     4017.0000     4012.0000  6526086    0.12%
  53900 47977     4015.0000   127     4017.0000     4012.0000  6534435    0.12%
  54000 48066     4015.0000    68     4017.0000     4012.0000  6556660    0.12%
Elapsed time = 5426.94 sec. (tree size = 624.15 MB, solutions = 4)
Nodefile size = 496.99 MB (339.33 MB after compression)
  54100 48152     4016.0000   121     4017.0000     4012.0000  6599314    0.12%
  54200 48233     4012.0000   148     4017.0000     4012.0000  6641325    0.12%
  54300 48318     4015.0000    78     4017.0000     4012.0000  6680081    0.12%
  54400 48403     4012.0000   158     4017.0000     4012.0000  6725434    0.12%
  54500 48500     4014.0000   122     4017.0000     4012.0000  6752921    0.12%
  54600 48586     4012.0000   137     4017.0000     4012.0000  6778182    0.12%
  54700 48686     4012.0000   140     4017.0000     4012.0000  6801537    0.12%
  54800 48783     4015.0000   105     4017.0000     4012.0000  6826847    0.12%
  54900 48866     4015.0000   110     4017.0000     4012.0000  6839820    0.12%
  55000 48966     4015.0000   147     4017.0000     4012.0000  6861587    0.12%
Elapsed time = 5748.36 sec. (tree size = 642.99 MB, solutions = 4)
Nodefile size = 515.84 MB (354.71 MB after compression)
  55100 49060     4012.0000   136     4017.0000     4012.0000  6881237    0.12%
  55200 49157     4015.0000   141     4017.0000     4012.0000  6901824    0.12%
  55300 49250     4012.0000   127     4017.0000     4012.0000  6930515    0.12%
  55400 49348     4012.0000   128     4017.0000     4012.0000  6954529    0.12%
  55500 49446     4013.0000   146     4017.0000     4012.0000  6968991    0.12%
  55600 49534     4012.0000   132     4017.0000     4012.0000  6994852    0.12%
  55700 49620        cutoff           4017.0000     4012.0000  7040126    0.12%
  55800 49696     4012.0000   133     4017.0000     4012.0000  7075603    0.12%
  55900 49794     4016.0000   138     4017.0000     4012.0000  7094536    0.12%
  56000 49884     4012.0000   121     4017.0000     4012.0000  7123725    0.12%
Elapsed time = 6002.48 sec. (tree size = 662.27 MB, solutions = 4)
Nodefile size = 534.63 MB (370.09 MB after compression)
  56100 49980     4016.0000   152     4017.0000     4012.0000  7148727    0.12%
  56200 50064     4015.3324   146     4017.0000     4012.0000  7184642    0.12%
  56300 50157     4016.0000   110     4017.0000     4012.0000  7219391    0.12%
  56400 50249     4014.0000   145     4017.0000     4012.0000  7247032    0.12%
  56500 50323     4014.0000   162     4017.0000     4012.0000  7288711    0.12%
  56600 50403     4014.0000   101     4017.0000     4012.0000  7338551    0.12%
  56700 50501     4015.0000   138     4017.0000     4012.0000  7361497    0.12%
  56800 50589     4015.0000   135     4017.0000     4012.0000  7390207    0.12%
  56900 50676     4012.0000   126     4017.0000     4012.0000  7428393    0.12%
  57000 50775     4013.0000   136     4017.0000     4012.0000  7448220    0.12%
Elapsed time = 6311.20 sec. (tree size = 681.14 MB, solutions = 4)
Nodefile size = 553.47 MB (385.39 MB after compression)
  57100 50868     4012.0000   143     4017.0000     4012.0000  7478262    0.12%
  57200 50942     4013.0000   131     4017.0000     4012.0000  7534898    0.12%
  57300 51039     4015.0000   123     4017.0000     4012.0000  7543436    0.12%
  57400 51132     4012.0000   148     4017.0000     4012.0000  7553691    0.12%
  57500 51225     4013.0000   108     4017.0000     4012.0000  7567297    0.12%
  57600 51311     4012.0000   107     4017.0000     4012.0000  7585558    0.12%
  57700 51410     4013.0000   151     4017.0000     4012.0000  7610680    0.12%
  57800 51503     4012.0000   116     4017.0000     4012.0000  7639513    0.12%
  57900 51603     4012.0000   112     4017.0000     4012.0000  7657043    0.12%
  58000 51694     4012.0000   137     4017.0000     4012.0000  7686900    0.12%
Elapsed time = 6542.45 sec. (tree size = 700.31 MB, solutions = 4)
Nodefile size = 573.29 MB (401.45 MB after compression)
  58100 51790     4015.0000   138     4017.0000     4012.0000  7714688    0.12%
  58200 51876     4015.0000   180     4017.0000     4012.0000  7757275    0.12%
  58300 51962     4012.0000   137     4017.0000     4012.0000  7798847    0.12%
  58400 52042     4012.0000   122     4017.0000     4012.0000  7834106    0.12%
  58500 52137     4016.0000   119     4017.0000     4012.0000  7861787    0.12%
  58600 52222     4013.0000   144     4017.0000     4012.0000  7899236    0.12%
  58700 52314     4012.0000   120     4017.0000     4012.0000  7933689    0.12%
  58800 52410     4012.0000   136     4017.0000     4012.0000  7951992    0.12%
* 58806+50546                         4016.0000     4012.0000  7952864    0.10%
  58900 50636     4012.0000    97     4016.0000     4012.0000  7969351    0.10%
  59000 50736     4014.0000   102     4016.0000     4012.0000  7974421    0.10%
Elapsed time = 6855.55 sec. (tree size = 695.60 MB, solutions = 5)
Nodefile size = 568.33 MB (401.44 MB after compression)
* 59006+47093                         4015.0000     4012.0000  7974806    0.07%
  59100 47187     4014.0000    78     4015.0000     4012.0000  7979727    0.07%
  59200 47287     4014.0000    53     4015.0000     4012.0000  7982346    0.07%
  59300 47387     4014.0000    69     4015.0000     4012.0000  7985905    0.07%
  59400 47441     4013.1463   127     4015.0000     4012.0000  8052464    0.07%
  59500 47515     4013.0000   166     4015.0000     4012.0000  8117879    0.07%
  59600 47612     4014.0000   141     4015.0000     4012.0000  8141416    0.07%
  59700 47669     4012.0000   164     4015.0000     4012.0000  8190008    0.07%
  59800 47747     4013.0000   138     4015.0000     4012.0000  8236009    0.07%
  59900 47828     4013.0000   144     4015.0000     4012.0000  8283769    0.07%

Cover cuts applied:  1243
Gomory fractional cuts applied:  7

Solution pool: 6 solutions saved.

MIP - Time limit exceeded, integer feasible:  Objective = 4.0150000000e+003
Current MIP best bound = 4.0120000000e+003 (gap = 3, 0.07%)
Solution time = 7200.05 sec.  Iterations = 8325002  Nodes = 60000 (47906)


Incumbent solution
Variable Name           Solution Value
Cmax                       4015.000000
X_1_39                        1.000000
X_2_30                        1.000000
X_3_32                        1.000000
X_4_15                        1.000000
X_5_43                        1.000000
X_6_41                        1.000000
X_7_15                        1.000000
X_8_40                        1.000000
X_9_23                        1.000000
X_10_2                        1.000000
X_11_18                       1.000000
X_12_35                       1.000000
X_13_38                       1.000000
X_14_14                       1.000000
X_15_5                        1.000000
X_16_12                       1.000000
X_17_32                       1.000000
X_18_5                        1.000000
X_19_22                       1.000000
X_20_28                       1.000000
X_21_38                       1.000000
X_22_35                       1.000000
X_23_42                       1.000000
X_24_38                       1.000000
X_25_39                       1.000000
X_26_49                       1.000000
X_27_37                       1.000000
X_28_10                       1.000000
X_29_34                       1.000000
X_30_25                       1.000000
X_31_47                       1.000000
X_32_50                       1.000000
X_33_11                       1.000000
X_34_12                       1.000000
X_35_27                       1.000000
X_36_18                       1.000000
X_37_31                       1.000000
X_38_48                       1.000000
X_39_17                       1.000000
X_40_6                        1.000000
X_41_3                        1.000000
X_42_1                        1.000000
X_43_17                       1.000000
X_44_3                        1.000000
X_45_13                       1.000000
X_46_12                       1.000000
X_47_24                       1.000000
X_48_19                       1.000000
X_49_21                       1.000000
X_50_20                       1.000000
X_51_4                        1.000000
X_52_25                       1.000000
X_53_21                       1.000000
X_54_3                        1.000000
X_55_29                       1.000000
X_56_29                       1.000000
X_57_29                       1.000000
X_58_30                       1.000000
X_59_33                       1.000000
X_60_11                       1.000000
X_61_8                        1.000000
X_62_30                       1.000000
X_63_50                       1.000000
X_64_10                       1.000000
X_65_6                        1.000000
X_66_26                       1.000000
X_67_25                       1.000000
X_68_1                        1.000000
X_69_28                       1.000000
X_70_31                       1.000000
X_71_49                       1.000000
X_72_16                       1.000000
X_73_34                       1.000000
X_74_3                        1.000000
X_75_14                       1.000000
X_76_13                       1.000000
X_77_5                        1.000000
X_78_19                       1.000000
X_79_31                       1.000000
X_80_8                        1.000000
X_81_41                       1.000000
X_82_2                        1.000000
X_83_2                        1.000000
X_84_23                       1.000000
X_85_47                       1.000000
X_86_46                       1.000000
X_87_47                       1.000000
X_88_33                       1.000000
X_89_9                        1.000000
X_90_32                       1.000000
X_91_21                       1.000000
X_92_21                       1.000000
X_93_20                       1.000000
X_94_15                       1.000000
X_95_39                       1.000000
X_96_9                        1.000000
X_97_31                       1.000000
X_98_36                       1.000000
X_99_36                       1.000000
X_100_7                       1.000000
X_101_10                      1.000000
X_102_8                       1.000000
X_103_19                      1.000000
X_104_40                      1.000000
X_105_46                      1.000000
X_106_1                       1.000000
X_107_17                      1.000000
X_108_22                      1.000000
X_109_20                      1.000000
X_110_8                       1.000000
X_111_42                      1.000000
X_112_24                      1.000000
X_113_9                       1.000000
X_114_44                      1.000000
X_115_50                      1.000000
X_116_27                      1.000000
X_117_7                       1.000000
X_118_22                      1.000000
X_119_48                      1.000000
X_120_26                      1.000000
X_121_36                      1.000000
X_122_27                      1.000000
X_123_40                      1.000000
X_124_16                      1.000000
X_125_42                      1.000000
X_126_44                      1.000000
X_127_18                      1.000000
X_128_41                      1.000000
X_129_4                       1.000000
X_130_49                      1.000000
X_131_22                      1.000000
X_132_34                      1.000000
X_133_27                      1.000000
X_134_44                      1.000000
X_135_47                      1.000000
X_136_16                      1.000000
X_137_16                      1.000000
X_138_5                       1.000000
X_139_45                      1.000000
X_140_4                       1.000000
X_141_38                      1.000000
X_142_14                      1.000000
X_143_45                      1.000000
X_144_26                      1.000000
X_145_18                      1.000000
X_146_14                      1.000000
X_147_17                      1.000000
X_148_6                       1.000000
X_149_33                      1.000000
X_150_24                      1.000000
X_151_26                      1.000000
X_152_28                      1.000000
X_153_28                      1.000000
X_154_10                      1.000000
X_155_7                       1.000000
X_156_48                      1.000000
X_157_20                      1.000000
X_158_1                       1.000000
X_159_40                      1.000000
X_160_35                      1.000000
X_161_37                      1.000000
X_162_46                      1.000000
X_163_23                      1.000000
X_164_36                      1.000000
X_165_7                       1.000000
X_166_30                      1.000000
X_167_15                      1.000000
X_168_45                      1.000000
X_169_13                      1.000000
X_170_6                       1.000000
X_171_50                      1.000000
X_172_23                      1.000000
X_173_34                      1.000000
X_174_46                      1.000000
X_175_33                      1.000000
X_176_37                      1.000000
X_177_12                      1.000000
X_178_39                      1.000000
X_179_43                      1.000000
X_180_2                       1.000000
X_181_44                      1.000000
X_182_13                      1.000000
X_183_49                      1.000000
X_184_48                      1.000000
X_185_11                      1.000000
X_186_4                       1.000000
X_187_19                      1.000000
X_188_35                      1.000000
X_189_41                      1.000000
X_190_42                      1.000000
X_191_9                       1.000000
X_192_37                      1.000000
X_193_29                      1.000000
X_194_43                      1.000000
X_195_43                      1.000000
X_196_11                      1.000000
X_197_32                      1.000000
X_198_25                      1.000000
X_199_24                      1.000000
X_200_45                      1.000000
All other variables in the range 1-10001 are 0.
