
Log started (V11.0.0) Wed May 21 06:03:04 2008

Tried aggregator 1 time.
Reduced MIP has 250 rows, 10001 columns, and 20050 nonzeros.
Presolve time =    0.08 sec.
Clique table members: 200.
MIP emphasis: balance optimality and feasibility.
MIP search method: dynamic search.
Parallel mode: none, using 1 thread.
Root relaxation solution time =    0.58 sec.

        Nodes                                         Cuts/
   Node  Left     Objective  IInf  Best Integer     Best Node    ItCnt     Gap

*     0+    0                       209857.0000     4006.4994      626   98.09%
*     0+    0                         4018.0000     4006.4994      626    0.29%
      0     0     4006.5608    96     4018.0000      Fract: 5      635    0.28%
*     0+    0                         4017.0000     4006.5608      635    0.26%
      0     0     4006.6859   100     4017.0000     4006.6859      661    0.26%
      0     0     4006.7101   101     4017.0000     4006.7101      669    0.26%
*     0+    0                         4014.0000     4006.7101      669    0.18%
      0     2     4007.0000    95     4014.0000     4006.7101      669    0.18%
    100    81     4008.0000    81     4014.0000     4007.0000     6375    0.17%
    200   135     4010.0000    78     4014.0000     4007.0000    12470    0.17%
    300   188     4011.0000    79     4014.0000     4007.0000    20172    0.17%
    400   226        cutoff           4014.0000     4007.0000    29425    0.17%
    500   269     4007.0000    82     4014.0000     4007.0000    65624    0.17%
    600   289     4009.0000    76     4014.0000     4008.0000    72134    0.15%
    700   288        cutoff           4014.0000     4008.0000    77087    0.15%
    800   261     4013.0000    74     4014.0000     4008.0000    84817    0.15%
    900   281     4008.0000    92     4014.0000     4008.0000    99651    0.15%
   1000   349     4010.0000    90     4014.0000     4008.0000   105535    0.15%
Elapsed time =  76.83 sec. (tree size =  2.18 MB, solutions = 4)
   1100   414        cutoff           4014.0000     4008.0000   112436    0.15%
   1200   465     4013.0000    82     4014.0000     4008.0000   124512    0.15%
   1300   545     4009.0000    77     4014.0000     4008.0000   140405    0.15%
   1400   625     4011.0000   101     4014.0000     4008.0000   146349    0.15%
   1500   688     4012.0000    89     4014.0000     4008.0000   152285    0.15%
   1600   772     4009.0000    61     4014.0000     4008.0000   165495    0.15%
   1700   854     4009.0000    79     4014.0000     4008.0000   186424    0.15%
   1800   900     4009.0000    84     4014.0000     4008.0000   205679    0.15%
   1900   989     4009.0000   110     4014.0000     4008.0000   210119    0.15%
   2000  1087     4010.0000    97     4014.0000     4008.0000   212414    0.15%
Elapsed time = 139.23 sec. (tree size =  7.35 MB, solutions = 4)
   2100  1156     4013.0000    75     4014.0000     4008.0000   217052    0.15%
   2200  1223     4009.0000    88     4014.0000     4008.0000   231092    0.15%
   2300  1316     4013.0000    86     4014.0000     4008.0000   237271    0.15%
   2400  1390     4009.0000    91     4014.0000     4008.0000   250769    0.15%
   2500  1488     4009.0000   102     4014.0000     4008.0000   258208    0.15%
   2600  1575     4011.0000    84     4014.0000     4008.0000   265062    0.15%
   2700  1643        cutoff           4014.0000     4008.0000   274610    0.15%
   2800  1701     4009.0000    83     4014.0000     4008.0000   301051    0.15%
   2900  1799     4009.0000   104     4014.0000     4008.0000   304902    0.15%
   3000  1884     4010.0000    81     4014.0000     4008.0000   311801    0.15%
Elapsed time = 214.63 sec. (tree size = 13.48 MB, solutions = 4)
   3100  1962     4012.0000    88     4014.0000     4008.0000   318463    0.15%
   3200  2033     4009.0000   100     4014.0000     4008.0000   334999    0.15%
   3300  2133     4009.0000   105     4014.0000     4008.0000   337578    0.15%
   3400  2213     4009.0000    94     4014.0000     4008.0000   343742    0.15%
   3500  2309     4010.0000    91     4014.0000     4008.0000   347604    0.15%
   3600  2403     4012.0000    74     4014.0000     4008.0000   351340    0.15%
   3700  2493     4009.0000    82     4014.0000     4008.0000   356831    0.15%
   3800  2587     4009.0000   105     4014.0000     4008.0000   360676    0.15%
   3900  2667     4013.0000    97     4014.0000     4008.0000   375427    0.15%
   4000  2747        cutoff           4014.0000     4008.0000   389705    0.15%
Elapsed time = 276.47 sec. (tree size = 20.36 MB, solutions = 4)
   4100  2845     4010.0000   104     4014.0000     4008.0000   400815    0.15%
   4200  2932     4009.0000   122     4014.0000     4008.0000   408908    0.15%
   4300  3029     4010.0000    92     4014.0000     4008.0000   413230    0.15%
   4400  3119     4012.0000    92     4014.0000     4008.0000   417290    0.15%
   4500  3172     4009.0000    82     4014.0000     4008.0000   428929    0.15%
   4600  3271     4010.0000   118     4014.0000     4008.0000   433615    0.15%
   4700  3361     4009.0000   108     4014.0000     4008.0000   439538    0.15%
   4800  3460     4010.0000   116     4014.0000     4008.0000   443714    0.15%
   4900  3546     4009.0000    95     4014.0000     4008.0000   452364    0.15%
   5000  3645     4010.0000   115     4014.0000     4008.0000   458683    0.15%
Elapsed time = 331.42 sec. (tree size = 27.41 MB, solutions = 4)
   5100  3742     4013.0000    89     4014.0000     4008.0000   462748    0.15%
   5200  3816     4010.0000   117     4014.0000     4008.0000   480679    0.15%
   5300  3916     4010.0000   113     4014.0000     4008.0000   483537    0.15%
   5400  4008     4013.0000    97     4014.0000     4008.0000   492188    0.15%
   5500  4078     4009.0000   120     4014.0000     4008.0000   506865    0.15%
   5600  4176     4010.0000   104     4014.0000     4008.0000   510841    0.15%
   5700  4271     4011.0000    87     4014.0000     4008.0000   517027    0.15%
   5800  4349    infeasible           4014.0000     4008.0000   530340    0.15%
   5900  4366     4009.0000   101     4014.0000     4008.0000   546007    0.15%
   6000  4465     4010.0000    96     4014.0000     4008.0000   552457    0.15%
Elapsed time = 395.48 sec. (tree size = 34.64 MB, solutions = 4)
   6100  4556     4011.0000    71     4014.0000     4008.0000   558365    0.15%
   6200  4630     4012.0973   124     4014.0000     4008.0000   570919    0.15%
   6300  4688    infeasible           4014.0000     4008.0000   609047    0.15%
   6400  4695     4009.0000   144     4014.0000     4008.0000   626113    0.15%
   6500  4790     4011.0000   106     4014.0000     4008.0000   634841    0.15%
   6600  4887     4012.0000    91     4014.0000     4008.0000   643363    0.15%
   6700  4976     4013.0000   103     4014.0000     4008.0000   652932    0.15%
   6800  5064     4010.0000   124     4014.0000     4008.0000   663695    0.15%
   6900  5162     4012.0000   115     4014.0000     4008.0000   666998    0.15%
   7000  5256     4009.0000   149     4014.0000     4008.0110   677488    0.15%
Elapsed time = 474.44 sec. (tree size = 41.61 MB, solutions = 4)
   7100  5351     4011.0000    81     4014.0000     4008.0110   685468    0.15%
   7200  5442     4009.0000   164     4014.0000     4008.0110   694704    0.15%
   7300  5539     4012.0000    98     4014.0000     4008.0110   701912    0.15%
   7400  5631     4009.0000   130     4014.0000     4008.0110   710908    0.15%
   7500  5729     4011.0000   107     4014.0000     4008.0110   717938    0.15%
   7600  5828     4012.0000   123     4014.0000     4008.0110   721224    0.15%
   7700  5919     4010.0000   109     4014.0000     4008.0110   727569    0.15%
   7800  6016     4011.0000   115     4014.0000     4008.0110   731027    0.15%
   7900  6110    infeasible           4014.0000     4008.0110   736381    0.15%
   8000  6204     4010.0000   134     4014.0000     4008.0110   747824    0.15%
Elapsed time = 529.36 sec. (tree size = 50.17 MB, solutions = 4)
   8100  6292     4010.0000   123     4014.0000     4008.0110   758620    0.15%
   8200  6391     4011.0000   136     4014.0000     4008.0110   765185    0.15%
   8300  6485     4013.0000   114     4014.0000     4008.0110   772351    0.15%
   8400  6576     4011.0000   103     4014.0000     4008.0110   784272    0.15%
   8500  6673     4012.0000   128     4014.0000     4008.0110   788691    0.15%
   8600  6760     4009.0384   166     4014.0000     4008.0110   800243    0.15%
   8700  6859     4011.0000    79     4014.0000     4008.0110   804965    0.15%
   8800  6954     4013.0000    76     4014.0000     4008.0110   808445    0.15%
   8900  7040     4010.0000   120     4014.0000     4008.0110   818960    0.15%
   9000  7136     4011.0000    83     4014.0000     4008.0110   822987    0.15%
Elapsed time = 584.70 sec. (tree size = 58.77 MB, solutions = 4)
   9100  7232     4012.0000   116     4014.0000     4008.0110   829259    0.15%
   9200  7307     4009.0000   134     4014.0000     4008.0110   855458    0.15%
   9300  7405     4011.0000   109     4014.0000     4008.0110   862672    0.15%
   9400  7503     4013.0000   112     4014.0000     4008.0110   868375    0.15%
   9500  7588     4009.0000    99     4014.0000     4008.2501   877525    0.14%
   9600  7684     4011.0000    72     4014.0000     4008.2501   883162    0.14%
   9700  7779     4012.0000   100     4014.0000     4008.2501   886744    0.14%
   9800  7857     4009.0000   155     4014.0000     4008.3386   893635    0.14%
   9900  7953     4011.0000   124     4014.0000     4008.3386   902705    0.14%
  10000  8048     4011.0000   103     4014.0000     4008.3386   910028    0.14%
Elapsed time = 643.59 sec. (tree size = 67.18 MB, solutions = 4)
  10100  8126     4009.0000   134     4014.0000     4008.3447   920108    0.14%
  10200  8223     4012.0000   123     4014.0000     4008.3447   928303    0.14%
  10300  8315     4010.0000    96     4014.0000     4008.3552   944426    0.14%
  10400  8413     4012.0000   132     4014.0000     4008.3552   952629    0.14%
  10500  8511     4013.0000    90     4014.0000     4008.3552   956495    0.14%
  10600  8603     4010.0000   131     4014.0000     4008.3667   966592    0.14%
  10700  8702     4011.0000   120     4014.0000     4008.3667   971347    0.14%
  10800  8801     4012.0000   120     4014.0000     4008.3667   975245    0.14%
  10900  8885     4009.0000   141     4014.0000     4008.3708   986354    0.14%
  11000  8983     4010.0000   115     4014.0000     4008.3708   991021    0.14%
Elapsed time = 702.23 sec. (tree size = 75.83 MB, solutions = 4)
  11100  9074     4011.0000    89     4014.0000     4008.3708   998698    0.14%
  11200  9158     4012.0305   120     4014.0000     4008.3708  1009813    0.14%
  11300  9232     4010.0000   104     4014.0000     4008.3837  1028082    0.14%
  11400  9330     4012.0000    92     4014.0000     4008.3837  1037693    0.14%
  11500  9423     4013.0000   103     4014.0000     4008.3837  1044512    0.14%
  11600  9509     4010.0000   113     4014.0000     4008.3937  1053797    0.14%
  11700  9603     4009.0000   125     4014.0000     4008.3981  1062453    0.14%
  11800  9701     4011.0000   122     4014.0000     4008.3981  1070076    0.14%
  11900  9799     4013.0000   120     4014.0000     4008.3981  1075443    0.14%
  12000  9883     4010.0000   106     4014.0000     4008.4083  1085646    0.14%
Elapsed time = 765.03 sec. (tree size = 84.03 MB, solutions = 4)
  12100  9981     4010.0000   136     4014.0000     4008.4083  1091591    0.14%
  12200 10070     4010.0000    96     4014.0000     4008.4111  1098515    0.14%
  12300 10169     4011.0000   138     4014.0000     4008.4111  1102847    0.14%
  12400 10267     4013.0000   130     4014.0000     4008.4111  1109828    0.14%
  12500 10359     4010.0000   137     4014.0000     4008.4162  1119222    0.14%
  12600 10457     4012.0000    88     4014.0000     4008.4162  1122948    0.14%
  12700 10543     4009.0000   129     4014.0000     4008.4192  1132378    0.14%
  12800 10640     4010.0000   121     4014.0000     4008.4192  1141668    0.14%
  12900 10728     4011.0000    75     4014.0000     4008.4192  1147237    0.14%
  13000 10817     4012.0000    97     4014.0000     4008.4192  1154764    0.14%
Elapsed time = 818.33 sec. (tree size = 92.57 MB, solutions = 4)
  13100 10896     4013.0000    94     4014.0000     4008.4192  1170670    0.14%
  13200 10978     4010.0000   123     4014.0000     4008.4316  1183865    0.14%
  13300 11075     4012.0000   136     4014.0000     4008.4316  1192224    0.14%
  13400 11165     4010.0000   133     4014.0000     4008.4499  1204606    0.14%
  13500 11263     4011.0000   103     4014.0000     4008.4499  1210189    0.14%
  13600 11360     4013.0000    92     4014.0000     4008.4499  1215739    0.14%
  13700 11451     4010.0000   102     4014.0000     4008.4543  1222707    0.14%
  13800 11549     4012.0000   106     4014.0000     4008.4543  1229217    0.14%
  13900 11646     4013.0000   104     4014.0000     4008.4543  1232334    0.14%
  14000 11722     4010.0000   119     4014.0000     4008.4629  1245786    0.14%
Elapsed time = 885.84 sec. (tree size = 100.88 MB, solutions = 4)
  14100 11820     4011.0000    90     4014.0000     4008.4629  1251668    0.14%
  14200 11916     4011.0000   103     4014.0000     4008.4629  1257299    0.14%
  14300 12006     4012.0000   119     4014.0000     4008.4629  1264174    0.14%
  14400 12093    infeasible           4014.0000     4008.4629  1273389    0.14%
  14500 12185     4010.0000   141     4014.0000     4008.4814  1282476    0.14%
  14600 12283     4012.0000   135     4014.0000     4008.4814  1288181    0.14%
  14700 12373     4009.0000   131     4014.0000     4008.4822  1293598    0.14%
  14800 12471     4011.0000   140     4014.0000     4008.4822  1302805    0.14%
  14900 12569     4013.0000   121     4014.0000     4008.4822  1308395    0.14%
  15000 12663     4010.0000   135     4014.0000     4008.5016  1316347    0.14%
Elapsed time = 945.81 sec. (tree size = 109.54 MB, solutions = 4)
  15100 12761     4012.0000   101     4014.0000     4008.5016  1321885    0.14%
  15200 12856     4013.0000   130     4014.0000     4008.5016  1328181    0.14%
  15300 12950     4010.0000   142     4014.0000     4008.5106  1338248    0.14%
  15400 13041     4011.0000   114     4014.0000     4008.5106  1344165    0.14%
  15500 13134     4012.0000    96     4014.0000     4008.5106  1351576    0.14%
  15600 13206    infeasible           4014.0000     4008.5106  1375427    0.14%
  15700 13286     4010.0000   153     4014.0000     4008.5148  1389125    0.14%
  15800 13385     4011.0000   129     4014.0000     4008.5148  1395149    0.14%
  15900 13483     4013.0000   102     4014.0000     4008.5148  1400538    0.14%
  16000 13569     4010.0000   135     4014.0000     4008.5218  1411244    0.14%
Elapsed time = 1009.77 sec. (tree size = 118.04 MB, solutions = 4)
  16100 13667     4012.0000   126     4014.0000     4008.5218  1417124    0.14%
  16200 13763     4013.0000   114     4014.0000     4008.5218  1421744    0.14%
  16300 13854     4011.0000    96     4014.0000     4008.5223  1433196    0.14%
  16400 13953     4012.0000   131     4014.0000     4008.5223  1438697    0.14%
  16500 14046     4010.0000    94     4014.0000     4008.5224  1448112    0.14%
  16600 14144     4011.0000    93     4014.0000     4008.5224  1454914    0.14%
  16700 14237     4012.0000    91     4014.0000     4008.5224  1461192    0.14%
  16800 14318     4010.0000   121     4014.0000     4008.5268  1475444    0.14%
  16900 14417     4011.0000    99     4014.0000     4008.5268  1480800    0.14%
  17000 14513     4013.0000   104     4014.0000     4008.5268  1485952    0.14%
Elapsed time = 1069.59 sec. (tree size = 126.97 MB, solutions = 4)
  17100 14597     4010.0000   121     4014.0000     4008.5336  1497852    0.14%
Began writing nodes to disk (directory ./cpxa01652 created)
  17200 14696     4011.0000   132     4014.0000     4008.5336  1504675    0.14%
  17300 14794     4013.0000   123     4014.0000     4008.5336  1509993    0.14%
  17400 14885     4011.0000    92     4014.0000     4008.5339  1521230    0.14%
  17500 14984     4012.0000   140     4014.0000     4008.5339  1528903    0.14%
  17600 15075     4010.0000   128     4014.0000     4008.5339  1538724    0.14%
  17700 15167     4013.0000    66     4014.0000     4008.5339  1548066    0.14%
  17800 15257     4013.0000    88     4014.0000     4008.5339  1557686    0.14%
  17900 15340     4008.8864   185     4014.0000     4008.5345  1568402    0.14%
  18000 15438     4011.0000   135     4014.0000     4008.5345  1578648    0.14%
Elapsed time = 1141.02 sec. (tree size = 135.68 MB, solutions = 4)
Nodefile size =  7.96 MB (4.80 MB after compression)
  18100 15536     4013.0000   118     4014.0000     4008.5345  1584530    0.14%
  18200 15630     4010.0000   121     4014.0000     4008.5357  1592821    0.14%
  18300 15729     4011.0000   117     4014.0000     4008.5357  1600266    0.14%
  18400 15827     4013.0000   118     4014.0000     4008.5357  1604216    0.14%
  18500 15920     4011.0000   126     4014.0000     4008.5383  1614866    0.14%
  18600 16016     4013.0000    98     4014.0000     4008.5383  1622805    0.14%
  18700 16106     4010.0000    94     4014.0000     4008.5383  1631899    0.14%
  18800 16203     4011.0000   105     4014.0000     4008.5383  1639370    0.14%
  18900 16297     4010.0000   121     4014.0000     4008.5389  1646978    0.14%
  19000 16394     4012.0000   122     4014.0000     4008.5389  1655287    0.14%
Elapsed time = 1203.89 sec. (tree size = 144.53 MB, solutions = 4)
Nodefile size = 16.91 MB (9.82 MB after compression)
  19100 16491     4013.0000   127     4014.0000     4008.5389  1663634    0.14%
  19200 16585     4010.0000   134     4014.0000     4008.5478  1670386    0.14%
  19300 16682     4012.0000   114     4014.0000     4008.5478  1675157    0.14%
  19400 16775     4009.0000   151     4014.0000     4008.5484  1683009    0.14%
  19500 16873     4011.0000   118     4014.0000     4008.5484  1692519    0.14%
  19600 16971     4013.0000    83     4014.0000     4008.5484  1698734    0.14%
  19700 17065     4010.0000    93     4014.0000     4008.5544  1705327    0.14%
  19800 17163     4013.0000    64     4014.0000     4008.5544  1711438    0.14%
  19900 17253     4013.0000    99     4014.0000     4008.5544  1723874    0.14%
  20000 17338     4009.0000   155     4014.0000     4008.5557  1734459    0.14%
Elapsed time = 1268.22 sec. (tree size = 153.44 MB, solutions = 4)
Nodefile size = 25.87 MB (14.75 MB after compression)
  20100 17436     4011.0000   117     4014.0000     4008.5557  1742508    0.14%
  20200 17529     4010.0000   110     4014.0000     4008.5558  1752062    0.14%
  20300 17626     4012.0000   108     4014.0000     4008.5558  1758460    0.14%
  20400 17718     4009.0000   137     4014.0000     4008.5579  1766165    0.14%
  20500 17816     4011.0122   145     4014.0000     4008.5579  1777860    0.14%
  20600 17915     4013.0000   132     4014.0000     4008.5579  1782082    0.14%
  20700 18006     4011.0000   116     4014.0000     4008.5647  1791937    0.14%
  20800 18101     4012.0000   125     4014.0000     4008.5647  1798420    0.14%
  20900 18190     4013.0000    97     4014.0000     4008.5647  1807977    0.14%
  21000 18263     4011.0000   105     4014.0000     4008.5709  1821729    0.14%
Elapsed time = 1338.16 sec. (tree size = 162.17 MB, solutions = 4)
Nodefile size = 34.83 MB (19.73 MB after compression)
  21100 18362     4012.0000   126     4014.0000     4008.5709  1832922    0.14%
  21200 18459     4013.0000   125     4014.0000     4008.5709  1840223    0.14%
  21300 18550     4011.0000   100     4014.0000     4008.5756  1850395    0.14%
  21400 18647     4013.0000    67     4014.0000     4008.5756  1857369    0.14%
  21500 18736     4010.0000   121     4014.0000     4008.5939  1865172    0.13%
  21600 18834     4012.0000   110     4014.0000     4008.5939  1871914    0.13%
  21700 18932     4013.0000   111     4014.0000     4008.5939  1877553    0.13%
  21800 19017     4011.0000   131     4014.0000     4008.5953  1893182    0.13%
  21900 19117     4011.0000   126     4014.0000     4008.5953  1899254    0.13%
  22000 19198     4009.0000   152     4014.0000     4008.5977  1906519    0.13%
Elapsed time = 1402.66 sec. (tree size = 170.95 MB, solutions = 4)
Nodefile size = 43.80 MB (24.79 MB after compression)
  22100 19296     4011.0000   135     4014.0000     4008.5977  1915570    0.13%
  22200 19394     4013.0000   105     4014.0000     4008.5977  1921259    0.13%
  22300 19486     4010.0000   136     4014.0000     4008.6108  1932056    0.13%
  22400 19584     4012.0000   127     4014.0000     4008.6108  1938903    0.13%
  22500 19683     4013.0000    95     4014.0000     4008.6108  1942411    0.13%
  22600 19774     4010.0000   138     4014.0000     4008.6122  1953039    0.13%
  22700 19873     4011.0000   118     4014.0000     4008.6122  1957798    0.13%
  22800 19968     4013.0000   113     4014.0000     4008.6122  1962285    0.13%
  22900 20061     4010.0077   151     4014.0000     4008.6253  1971564    0.13%
  23000 20157     4012.0000   106     4014.0000     4008.6253  1977252    0.13%
Elapsed time = 1456.91 sec. (tree size = 179.86 MB, solutions = 4)
Nodefile size = 52.78 MB (29.61 MB after compression)
  23100 20255     4013.0000   118     4014.0000     4008.6253  1982444    0.13%
  23200 20342     4011.0000    98     4014.0000     4008.6254  1990572    0.13%
  23300 20442     4013.0000    75     4014.0000     4008.6254  1993978    0.13%
  23400 20533     4011.0000   128     4014.0000     4008.6315  2013138    0.13%
  23500 20626     4009.0000   138     4014.0000     4008.6317  2025808    0.13%
  23600 20724     4011.0000   135     4014.0000     4008.6317  2034441    0.13%
  23700 20820     4013.0000   107     4014.0000     4008.6317  2040657    0.13%
  23800 20914     4010.0000   130     4014.0000     4008.6323  2048842    0.13%
  23900 21011     4012.0000   125     4014.0000     4008.6323  2058679    0.13%
  24000 21111     4012.0000   125     4014.0000     4008.6323  2065469    0.13%
Elapsed time = 1522.02 sec. (tree size = 188.86 MB, solutions = 4)
Nodefile size = 61.75 MB (34.11 MB after compression)
  24100 21199     4010.0000   129     4014.0000     4008.6403  2075264    0.13%
  24200 21298     4011.0000   125     4014.0000     4008.6403  2080725    0.13%
  24300 21394     4013.0000   113     4014.0000     4008.6403  2085139    0.13%
  24400 21487     4011.0000    98     4014.0000     4008.6446  2091969    0.13%
  24500 21586     4012.0000    94     4014.0000     4008.6446  2097054    0.13%
  24600 21678     4011.0000    67     4014.0000     4008.6503  2104150    0.13%
  24700 21778     4011.0000    95     4014.0000     4008.6503  2107873    0.13%
  24800 21874     4013.0000    98     4014.0000     4008.6503  2116823    0.13%
  24900 21961     4009.0000   113     4014.0000     4008.6506  2123409    0.13%
  25000 22054     4011.0000    53     4014.0000     4008.6506  2128878    0.13%
Elapsed time = 1570.56 sec. (tree size = 197.69 MB, solutions = 4)
Nodefile size = 69.70 MB (38.68 MB after compression)
  25100 22146     4011.0056   139     4014.0000     4008.6506  2133819    0.13%
  25200 22229     4013.0000    91     4014.0000     4008.6506  2145413    0.13%
  25300 22295     4013.0000   108     4014.0000     4008.6506  2173267    0.13%
  25400 22385     4011.0000    93     4014.0000     4008.6526  2179590    0.13%
  25500 22485     4011.0000   121     4014.0000     4008.6526  2185012    0.13%
  25600 22576     4009.0000   112     4014.0000     4008.6532  2188814    0.13%
  25700 22676     4011.0000    99     4014.0000     4008.6532  2192370    0.13%
  25800 22775     4012.0000    97     4014.0000     4008.6532  2199652    0.13%
  25900 22865     4009.0000   118     4014.0000     4008.6561  2207007    0.13%
  26000 22963     4011.0000    82     4014.0000     4008.6561  2212353    0.13%
Elapsed time = 1622.41 sec. (tree size = 206.29 MB, solutions = 4)
Nodefile size = 78.66 MB (43.40 MB after compression)
  26100 23062     4012.0000    89     4014.0000     4008.6561  2215082    0.13%
  26200 23150     4010.0000   146     4014.0000     4008.6795  2226906    0.13%
  26300 23246     4011.0000   104     4014.0000     4008.6795  2233805    0.13%
  26400 23335     4012.0000    68     4014.0000     4008.6795  2240139    0.13%
  26500 23415     4013.0000   107     4014.0000     4008.6795  2252818    0.13%
  26600 23508     4011.0000   108     4014.0000     4008.7058  2260767    0.13%
  26700 23606     4013.0000   126     4014.0000     4008.7058  2267316    0.13%
  26800 23696     4010.0000   130     4014.0000     4008.7072  2277394    0.13%
  26900 23794     4012.0000   133     4014.0000     4008.7072  2284733    0.13%
  27000 23893     4013.0000   114     4014.0000     4008.7072  2288917    0.13%
Elapsed time = 1681.66 sec. (tree size = 215.24 MB, solutions = 4)
Nodefile size = 87.63 MB (48.20 MB after compression)
  27100 23986     4011.0000   118     4014.0000     4008.7288  2298960    0.13%
  27200 24083     4013.0000    93     4014.0000     4008.7288  2305148    0.13%
  27300 24176     4010.0000   141     4014.0000     4008.7428  2313214    0.13%
  27400 24274     4011.0000   134     4014.0000     4008.7428  2320716    0.13%
  27500 24363     4013.0000    95     4014.0000     4008.7428  2328687    0.13%
  27600 24447     4010.0000   118     4014.0000     4008.8399  2337877    0.13%
  27700 24546     4011.0000   136     4014.0000     4008.8399  2345225    0.13%
  27800 24640     4013.0000   107     4014.0000     4008.8399  2351810    0.13%
  27900 24733     4011.0000    76     4014.0000     4008.8415  2360230    0.13%
  28000 24832     4012.0000   150     4014.0000     4008.8415  2368265    0.13%
Elapsed time = 1747.97 sec. (tree size = 224.12 MB, solutions = 4)
Nodefile size = 96.60 MB (52.83 MB after compression)
  28100 24917    infeasible           4014.0000     4008.8415  2376440    0.13%
  28200 25013     4011.0000   127     4014.0000     4008.8441  2386260    0.13%
  28300 25111     4013.0000    95     4014.0000     4008.8441  2393756    0.13%
  28400 25199     4009.0000   139     4014.0000     4008.8457  2402513    0.13%
  28500 25294     4011.0000    88     4014.0000     4008.8457  2411361    0.13%
  28600 25392     4011.0000   123     4014.0000     4008.8457  2415631    0.13%
  28700 25481     4013.0000   120     4014.0000     4008.8457  2425242    0.13%
  28800 25559     4010.0000   120     4014.0000     4008.8496  2441906    0.13%
  28900 25656     4012.0000   107     4014.0000     4008.8496  2448154    0.13%
  29000 25749    infeasible           4014.0000     4008.8496  2454737    0.13%
Elapsed time = 1815.75 sec. (tree size = 232.91 MB, solutions = 4)
Nodefile size = 105.57 MB (57.31 MB after compression)
  29100 25846     4011.0000   115     4014.0000     4008.8523  2462816    0.13%
  29200 25944     4013.0000   139     4014.0000     4008.8523  2468497    0.13%
  29300 26035     4011.0000   106     4014.0000     4008.8547  2483045    0.13%
  29400 26134     4012.0000   132     4014.0000     4008.8547  2487883    0.13%
  29500 26228     4009.0000   132     4014.0000     4008.8556  2494330    0.13%
  29600 26322     4011.0000    89     4014.0000     4008.8556  2504564    0.13%
  29700 26416     4010.0000   115     4014.0000     4008.8579  2511441    0.13%
  29800 26512     4013.0000    92     4014.0000     4008.8579  2521273    0.13%
  29900 26606     4010.0000   132     4014.0000     4008.8584  2531908    0.13%
  30000 26704     4012.0000   122     4014.0000     4008.8584  2539100    0.13%
Elapsed time = 1879.61 sec. (tree size = 241.92 MB, solutions = 4)
Nodefile size = 114.51 MB (62.05 MB after compression)
  30100 26795     4008.9966   175     4014.0000     4008.8589  2546405    0.13%
  30200 26893     4011.0000   150     4014.0000     4008.8589  2552743    0.13%
  30300 26991     4013.0000   128     4014.0000     4008.8589  2559840    0.13%
  30400 27083     4010.0000   137     4014.0000     4008.8604  2570270    0.13%
  30500 27181     4011.0000   140     4014.0000     4008.8604  2579963    0.13%
  30600 27276     4013.0000    75     4014.0000     4008.8604  2584915    0.13%
  30700 27368     4010.0000   127     4014.0000     4008.8623  2596894    0.13%
  30800 27465     4013.0000   119     4014.0000     4008.8623  2606132    0.13%
  30900 27558     4009.0000   121     4014.0000     4008.8629  2613489    0.13%
  31000 27656     4011.0000   117     4014.0000     4008.8629  2623204    0.13%
Elapsed time = 1942.25 sec. (tree size = 251.00 MB, solutions = 4)
Nodefile size = 123.48 MB (66.43 MB after compression)
  31100 27754     4013.0000    95     4014.0000     4008.8629  2630693    0.13%
  31200 27848     4010.0000   103     4014.0000     4008.8634  2639429    0.13%
  31300 27946     4012.0000    98     4014.0000     4008.8634  2647476    0.13%
  31400 28041    infeasible           4014.0000     4008.8634  2652621    0.13%
  31500 28136     4011.0000   127     4014.0000     4008.8663  2664921    0.13%
  31600 28234     4013.0000    84     4014.0000     4008.8663  2672658    0.13%
  31700 28324     4013.0000   114     4014.0000     4008.8663  2680751    0.13%
  31800 28415     4011.0000   122     4014.0000     4008.8679  2690280    0.13%
  31900 28513     4013.0000   131     4014.0000     4008.8679  2697131    0.13%
  32000 28603     4011.0000   132     4014.0000     4008.8685  2708422    0.13%
Elapsed time = 2006.47 sec. (tree size = 260.23 MB, solutions = 4)
Nodefile size = 132.45 MB (70.79 MB after compression)
  32100 28697     4011.0000    97     4014.0000     4008.8689  2716632    0.13%
  32200 28797     4013.0000   126     4014.0000     4008.8689  2720610    0.13%
  32300 28891     4010.0000   162     4014.0000     4008.8721  2733342    0.13%
  32400 28983     4011.0000   106     4014.0000     4008.8721  2744312    0.13%
  32500 29081     4013.0000   132     4014.0000     4008.8721  2751248    0.13%
  32600 29174     4011.0000   117     4014.0000     4008.8728  2762156    0.13%
  32700 29273     4012.0000   130     4014.0000     4008.8728  2767924    0.13%
  32800 29366     4009.0000   161     4014.0000     4008.8734  2778756    0.13%
  32900 29463     4012.0000   110     4014.0000     4008.8734  2788521    0.13%
  33000 29562     4013.0000   134     4014.0000     4008.8734  2795716    0.13%
Elapsed time = 2075.09 sec. (tree size = 269.59 MB, solutions = 4)
Nodefile size = 142.40 MB (75.74 MB after compression)
  33100 29653     4011.0000    91     4014.0000     4008.8745  2808179    0.13%
  33200 29747     4013.0000    90     4014.0000     4008.8745  2815359    0.13%
  33300 29843     4013.0000   110     4014.0000     4008.8745  2823306    0.13%
  33400 29935     4010.0000   136     4014.0000     4008.8746  2834948    0.13%
  33500 30032     4012.0000   101     4014.0000     4008.8746  2841556    0.13%
  33600 30125     4009.0040   183     4014.0000     4008.8749  2851484    0.13%
  33700 30223     4011.0000   102     4014.0000     4008.8749  2858329    0.13%
  33800 30321     4013.0000   124     4014.0000     4008.8749  2865275    0.13%
  33900 30414     4010.0000   117     4014.0000     4008.8751  2873067    0.13%
  34000 30512     4012.0000   142     4014.0000     4008.8751  2880843    0.13%
Elapsed time = 2146.69 sec. (tree size = 278.86 MB, solutions = 4)
Nodefile size = 151.37 MB (80.23 MB after compression)
  34100 30603     4011.0000   146     4014.0000     4008.8755  2896330    0.13%
  34200 30696     4012.0000   129     4014.0000     4008.8755  2902493    0.13%
  34300 30787     4013.0000   111     4014.0000     4008.8755  2915194    0.13%
  34400 30877     4011.0000   118     4014.0000     4008.8774  2927627    0.13%
  34500 30976     4012.0000   131     4014.0000     4008.8774  2934251    0.13%
  34600 31074     4013.0000   117     4014.0000     4008.8774  2937854    0.13%
  34700 31167     4011.0000   101     4014.0000     4008.8778  2949018    0.13%
  34800 31266     4012.0000   129     4014.0000     4008.8778  2954136    0.13%
  34900 31356     4010.0000   152     4014.0000     4008.8782  2963238    0.13%
  35000 31454     4013.0000   128     4014.0000     4008.8782  2971177    0.13%
Elapsed time = 2217.70 sec. (tree size = 288.08 MB, solutions = 4)
Nodefile size = 160.31 MB (84.53 MB after compression)
  35100 31550     4009.0000   158     4014.0000     4008.8793  2980546    0.13%
  35200 31645     4011.0000   122     4014.0000     4008.8793  2992032    0.13%
  35300 31742     4013.0000   114     4014.0000     4008.8793  3000559    0.13%
  35400 31827     4010.0000   159     4014.0000     4008.8820  3011578    0.13%
  35500 31920     4011.0000   133     4014.0000     4008.8820  3024560    0.13%
  35600 32018     4013.0000   114     4014.0000     4008.8820  3032559    0.13%
  35700 32034     4009.0000   149     4014.0000     4009.0000  3060169    0.12%
  35800 32122     4013.0000    73     4014.0000     4009.0000  3075667    0.12%
  35900 32209     4013.0000   127     4014.0000     4009.0000  3090039    0.12%
  36000 32263     4010.0000   120     4014.0000     4009.0000  3134893    0.12%
Elapsed time = 2368.64 sec. (tree size = 296.43 MB, solutions = 4)
Nodefile size = 169.25 MB (88.76 MB after compression)
  36100 32359     4011.0000   118     4014.0000     4009.0000  3147085    0.12%
  36200 32453     4012.0000   113     4014.0000     4009.0000  3157242    0.12%
  36300 32544     4013.0000    84     4014.0000     4009.0000  3164576    0.12%
  36400 32576     4009.0000   132     4014.0000     4009.0000  3206347    0.12%
  36500 32672     4010.0126   161     4014.0000     4009.0000  3219302    0.12%
  36600 32767     4012.0000   104     4014.0000     4009.0000  3231327    0.12%
  36700 32862     4013.0000    95     4014.0000     4009.0000  3240253    0.12%
  36800 32940     4011.0000   127     4014.0000     4009.0000  3263274    0.12%
  36900 33039     4012.0000   129     4014.0000     4009.0000  3271704    0.12%
  37000 33125     4010.0000   139     4014.0000     4009.0000  3293974    0.12%
Elapsed time = 2501.53 sec. (tree size = 306.30 MB, solutions = 4)
Nodefile size = 179.21 MB (93.42 MB after compression)
  37100 33224     4011.0000   136     4014.0000     4009.0000  3304761    0.12%
  37200 33322     4013.0000   119     4014.0000     4009.0000  3312012    0.12%
  37300 33414     4010.0655   166     4014.0000     4009.0000  3339585    0.12%
  37400 33512     4011.0000   133     4014.0000     4009.0000  3348738    0.12%
  37500 33601     4012.0000   116     4014.0000     4009.0000  3361041    0.12%
  37600 33671     4010.0000   124     4014.0000     4009.0000  3394783    0.12%
  37700 33767     4013.0000   119     4014.0000     4009.0000  3412148    0.12%
  37800 33861     4011.0000   102     4014.0000     4009.0000  3426500    0.12%
  37900 33961     4013.0000   109     4014.0000     4009.0000  3437776    0.12%
  38000 34046     4010.0000   149     4014.0000     4009.0000  3460157    0.12%
Elapsed time = 2655.55 sec. (tree size = 317.38 MB, solutions = 4)
Nodefile size = 190.17 MB (98.73 MB after compression)
  38100 34138     4011.0032   147     4014.0000     4009.0000  3476892    0.12%
  38200 34238     4012.0000   126     4014.0000     4009.0000  3486331    0.12%
  38300 34323     4013.0000   109     4014.0000     4009.0000  3500128    0.12%
  38400 34402     4011.0000    89     4014.0000     4009.0000  3530279    0.12%
  38500 34502     4011.0000    91     4014.0000     4009.0000  3537637    0.12%
  38600 34592     4012.0000    77     4014.0000     4009.0000  3547559    0.12%
  38700 34671    infeasible           4014.0000     4009.0000  3555358    0.12%
  38800 34741     4011.0000   132     4014.0000     4009.0000  3593389    0.12%
  38900 34839     4013.0000   132     4014.0000     4009.0000  3605125    0.12%
  39000 34894     4010.0000   152     4014.0000     4009.0000  3650943    0.12%
Elapsed time = 2813.22 sec. (tree size = 328.50 MB, solutions = 4)
Nodefile size = 201.11 MB (104.21 MB after compression)
  39100 34988     4012.2979   156     4014.0000     4009.0000  3668992    0.12%
  39200 35071    infeasible           4014.0000     4009.0000  3694045    0.12%
  39300 35127     4011.0000   155     4014.0000     4009.0000  3734336    0.12%
  39400 35225     4013.0000   123     4014.0000     4009.0000  3752517    0.12%
  39500 35318     4011.0000    82     4014.0000     4009.0000  3786768    0.12%
  39600 35418     4013.0000   146     4014.0000     4009.0000  3807231    0.12%
  39700 35505     4010.0000   109     4014.0000     4009.0000  3826474    0.12%
* 39706+32334                         4013.0000     4009.0000  3826731    0.10%
  39800 32417     4012.0000   121     4013.0000     4009.0000  3848186    0.10%
  39900 32456     4010.0000   141     4013.0000     4009.0000  3898531    0.10%
  40000 32555     4011.0000   142     4013.0000     4009.0000  3916767    0.10%
Elapsed time = 3055.14 sec. (tree size = 309.81 MB, solutions = 5)
Nodefile size = 182.18 MB (93.27 MB after compression)
  40100 32640     4012.0000   102     4013.0000     4009.0000  3936767    0.10%
  40200 32691     4010.0000   145     4013.0000     4009.0000  3975548    0.10%
  40300 32789     4011.0326   161     4013.0000     4009.0000  3986327    0.10%
  40400 32873     4011.0000   108     4013.0000     4009.0000  4019520    0.10%
  40500 32965     4012.0000   120     4013.0000     4009.0000  4034404    0.10%
  40600 33044     4012.0000   106     4013.0000     4009.0000  4057245    0.10%
  40700 33124        cutoff           4013.0000     4009.0000  4084651    0.10%
  40800 33215     4011.0000   132     4013.0000     4009.0000  4112686    0.10%
  40900 33268     4012.0000    62     4013.0000     4009.0000  4154737    0.10%
* 40906+26906                         4012.0000     4009.0000  4154815    0.07%
  41000 26970     4011.0000   126     4012.0000     4009.0000  4198968    0.07%
Elapsed time = 3319.69 sec. (tree size = 258.38 MB, solutions = 6)
Nodefile size = 130.40 MB (66.28 MB after compression)
  41100 27061     4010.0000   103     4012.0000     4009.0000  4227770    0.07%
  41200 27159     4011.0000   125     4012.0000     4009.0000  4247408    0.07%
  41300 27153     4009.0000   159     4012.0000     4009.0000  4328228    0.07%
  41400 27243     4010.0000   137     4012.0000     4009.0000  4356415    0.07%
  41500 27336     4011.0000    93     4012.0000     4009.0000  4375874    0.07%
  41600 27436     4011.0000   107     4012.0000     4009.0000  4383947    0.07%
  41700 27527     4011.0000   117     4012.0000     4009.0000  4402627    0.07%
  41800 27616     4010.0000   138     4012.0000     4009.0000  4433760    0.07%
  41900 27708     4009.0000   150     4012.0000     4009.0000  4458636    0.07%
  42000 27798     4011.0000   111     4012.0000     4009.0000  4493931    0.07%
Elapsed time = 3612.41 sec. (tree size = 270.76 MB, solutions = 6)
Nodefile size = 143.34 MB (73.34 MB after compression)
  42100 27844        cutoff           4012.0000     4009.0000  4541264    0.07%
  42200 27900     4011.0000   113     4012.0000     4009.0000  4577789    0.07%
  42300 27956     4010.0000   133     4012.0000     4009.0000  4622197    0.07%
  42400 28046     4011.0000   145     4012.0000     4009.0000  4648899    0.07%
  42500 28085     4011.0000   129     4012.0000     4009.0000  4695369    0.07%
  42600 28180     4011.0000   134     4012.0000     4009.0000  4727367    0.07%
  42700 28271     4011.0000   132     4012.0000     4009.0000  4762676    0.07%
  42800 28354     4009.0000   168     4012.0000     4009.0000  4795958    0.07%
  42900 28443     4011.0000   154     4012.0000     4009.0000  4840747    0.07%
  43000 28498     4011.0000   135     4012.0000     4009.0000  4890052    0.07%
Elapsed time = 3976.64 sec. (tree size = 282.15 MB, solutions = 6)
Nodefile size = 154.31 MB (79.64 MB after compression)
  43100 28520        cutoff           4012.0000     4009.0000  4931498    0.07%
  43200 28584        cutoff           4012.0000     4009.0000  4970860    0.07%
  43300 28678     4011.0000   134     4012.0000     4009.0000  4999851    0.07%
  43400 28760     4010.0000   122     4012.0000     4009.0000  5056041    0.07%
  43500 28858     4011.0000   114     4012.0000     4009.0000  5069372    0.07%
  43600 28915     4011.0000   119     4012.0000     4009.0000  5114903    0.07%
  43700 28998     4011.0000   132     4012.0000     4009.0000  5147955    0.07%
  43800 29070     4009.0000   178     4012.0000     4009.0000  5189020    0.07%
  43900 29166     4011.0000   133     4012.0000     4009.0000  5213149    0.07%
  44000 29196     4011.0000    92     4012.0000     4009.0000  5275001    0.07%
Elapsed time = 4371.47 sec. (tree size = 293.84 MB, solutions = 6)
Nodefile size = 166.25 MB (87.92 MB after compression)
  44100 29262     4011.0000   116     4012.0000     4009.0000  5316269    0.07%
  44200 29313     4009.0523   205     4012.0000     4009.0000  5359684    0.07%
  44300 29371        cutoff           4012.0000     4009.0000  5419113    0.07%
  44400 29391     4009.0000   186     4012.0000     4009.0000  5498540    0.07%
  44500 29488     4011.0000   148     4012.0000     4009.0000  5530211    0.07%
  44600 29578     4010.0000   153     4012.0000     4009.0000  5558787    0.07%
  44700 29668     4009.0000   155     4012.0000     4009.0000  5586191    0.07%
  44800 29764     4011.0000    92     4012.0000     4009.0000  5598221    0.07%
  44900 29856     4009.0211   186     4012.0000     4009.0000  5616775    0.07%
  45000 29953        cutoff           4012.0000     4009.0000  5648751    0.07%
Elapsed time = 4750.50 sec. (tree size = 306.70 MB, solutions = 6)
Nodefile size = 179.18 MB (97.73 MB after compression)
  45100 30015     4009.0000   155     4012.0000     4009.0000  5716296    0.07%
  45200 30112     4011.0000   155     4012.0000     4009.0000  5739862    0.07%
  45300 30199     4011.0000   148     4012.0000     4009.0000  5772769    0.07%
  45400 30262     4010.0000   160     4012.0000     4009.0000  5811247    0.07%
  45500 30351     4011.0000   118     4012.0000     4009.0000  5848438    0.07%
  45600 30441     4011.0000   107     4012.0000     4009.0000  5884588    0.07%
  45700 30539     4011.0000   124     4012.0000     4009.0000  5900634    0.07%
  45800 30605     4011.0000   139     4012.0000     4009.0000  5947537    0.07%
  45900 30662     4011.0000   107     4012.0000     4009.0000  5989317    0.07%
  46000 30754     4009.0068   190     4012.0000     4009.0000  6020243    0.07%
Elapsed time = 5131.28 sec. (tree size = 320.43 MB, solutions = 6)
Nodefile size = 193.09 MB (108.86 MB after compression)
  46100 30842     4010.0000   133     4012.0000     4009.0000  6054867    0.07%
  46200 30904     4009.2156   201     4012.0000     4009.0000  6089686    0.07%
  46300 31001     4011.0000   141     4012.0000     4009.0000  6110223    0.07%
  46400 31069     4011.0000   109     4012.0000     4009.0000  6158644    0.07%
  46500 31159     4009.0000   164     4012.0000     4009.0000  6183939    0.07%
  46600 31252        cutoff           4012.0000     4009.0000  6214733    0.07%
  46700 31343     4009.0000   158     4012.0000     4009.0000  6248121    0.07%
  46800 31435     4009.0000   162     4012.0000     4009.0000  6294067    0.07%
  46900 31514     4010.0000   133     4012.0000     4009.0000  6347527    0.07%
  47000 31606     4009.0000   188     4012.0000     4009.0000  6389736    0.07%
Elapsed time = 5544.80 sec. (tree size = 335.18 MB, solutions = 6)
Nodefile size = 208.01 MB (121.08 MB after compression)
  47100 31704     4011.0000   129     4012.0000     4009.0000  6413048    0.07%
  47200 31797     4011.0000   132     4012.0000     4009.0000  6449845    0.07%
  47300 31885     4011.0000   110     4012.0000     4009.0000  6498809    0.07%
  47400 31960     4011.0000   130     4012.0000     4009.0000  6545267    0.07%
  47500 32043     4011.0000   130     4012.0000     4009.0000  6602689    0.07%
  47600 32117     4009.0000   178     4012.0000     4009.0000  6656251    0.07%
  47700 32212     4011.0000   143     4012.0000     4009.0000  6691036    0.07%
  47800 32236     4011.0000   151     4012.0000     4009.0000  6755342    0.07%
  47900 32330     4009.0000   166     4012.0000     4009.0000  6782548    0.07%
  48000 32420     4011.0000    40     4012.0000     4009.0000  6825265    0.07%
Elapsed time = 6028.31 sec. (tree size = 349.84 MB, solutions = 6)
Nodefile size = 221.90 MB (132.50 MB after compression)
  48100 32516     4011.0000   110     4012.0000     4009.0000  6844684    0.07%
  48200 32610     4011.0000   130     4012.0000     4009.0000  6877794    0.07%
  48300 32699     4011.0000   126     4012.0000     4009.0000  6914760    0.07%
  48400 32782     4011.0000   137     4012.0000     4009.0000  6958160    0.07%
  48500 32871     4011.0000   143     4012.0000     4009.0000  6992995    0.07%
  48600 32957     4011.0000    21     4012.0000     4009.0000  7019579    0.07%
  48700 33049     4009.0000   167     4012.0000     4009.0000  7049389    0.07%
  48800 33145     4011.0000   143     4012.0000     4009.0000  7082822    0.07%
  48900 33225     4010.0000   158     4012.0000     4009.0000  7136929    0.07%
  49000 33303     4009.0000   159     4012.0000     4009.0000  7181298    0.07%
Elapsed time = 6421.66 sec. (tree size = 365.64 MB, solutions = 6)
Nodefile size = 237.80 MB (145.71 MB after compression)
  49100 33400     4011.0000   115     4012.0000     4009.0000  7203835    0.07%
  49200 33483     4011.0000   121     4012.0000     4009.0000  7236140    0.07%
  49300 33576     4011.0000   119     4012.0000     4009.0000  7264875    0.07%
  49400 33669     4011.0000   114     4012.0000     4009.0000  7300648    0.07%
  49500 33761     4009.0000   157     4012.0000     4009.0000  7331673    0.07%
  49600 33854        cutoff           4012.0000     4009.0000  7346869    0.07%
  49700 33941     4011.0000   122     4012.0000     4009.0000  7367512    0.07%
  49800 33958        cutoff           4012.0000     4009.0000  7439542    0.07%
  49900 34054     4011.0000    74     4012.0000     4009.0000  7465019    0.07%
  50000 34085     4011.0000    87     4012.0000     4009.0000  7534103    0.07%
Elapsed time = 6787.89 sec. (tree size = 380.37 MB, solutions = 6)
Nodefile size = 252.72 MB (158.24 MB after compression)
  50100 34161     4009.0000   167     4012.0000     4009.0000  7587018    0.07%
  50200 34232     4011.0000    12     4012.0000     4009.0000  7634780    0.07%
  50300 34266     4011.0000    36     4012.0000     4009.0000  7703243    0.07%
  50400 34302     4011.0000    28     4012.0000     4009.0000  7753993    0.07%
  50500 34380     4011.0000   113     4012.0000     4009.0000  7775897    0.07%
  50600 34464     4011.0000   124     4012.0000     4009.0000  7806771    0.07%
  50700 34552     4011.0000    91     4012.0000     4009.0000  7847510    0.07%
  50800 34641     4011.0000    97     4012.0000     4009.0000  7892882    0.07%

Cover cuts applied:  985
Zero-half cuts applied:  1
Gomory fractional cuts applied:  22

Solution pool: 6 solutions saved.

MIP - Time limit exceeded, integer feasible:  Objective = 4.0120000000e+003
Current MIP best bound = 4.0090000000e+003 (gap = 3, 0.07%)
Solution time = 7200.02 sec.  Iterations = 7918593  Nodes = 50878 (34704)


Incumbent solution
Variable Name           Solution Value
Cmax                       4012.000000
X_1_16                        1.000000
X_2_16                        1.000000
X_3_36                        1.000000
X_4_36                        1.000000
X_5_4                         1.000000
X_6_3                         1.000000
X_7_9                         1.000000
X_8_14                        1.000000
X_9_15                        1.000000
X_10_44                       1.000000
X_11_34                       1.000000
X_12_44                       1.000000
X_13_16                       1.000000
X_14_33                       1.000000
X_15_49                       1.000000
X_16_20                       1.000000
X_17_22                       1.000000
X_18_31                       1.000000
X_19_4                        1.000000
X_20_2                        1.000000
X_21_19                       1.000000
X_22_26                       1.000000
X_23_19                       1.000000
X_24_3                        1.000000
X_25_41                       1.000000
X_26_39                       1.000000
X_27_18                       1.000000
X_28_28                       1.000000
X_29_12                       1.000000
X_30_4                        1.000000
X_31_17                       1.000000
X_32_6                        1.000000
X_33_8                        1.000000
X_34_27                       1.000000
X_35_20                       1.000000
X_36_39                       1.000000
X_37_10                       1.000000
X_38_12                       1.000000
X_39_37                       1.000000
X_40_26                       1.000000
X_41_14                       1.000000
X_42_38                       1.000000
X_43_25                       1.000000
X_44_50                       1.000000
X_45_45                       1.000000
X_46_5                        1.000000
X_47_43                       1.000000
X_48_9                        1.000000
X_49_35                       1.000000
X_50_44                       1.000000
X_51_32                       1.000000
X_52_43                       1.000000
X_53_48                       1.000000
X_54_18                       1.000000
X_55_48                       1.000000
X_56_34                       1.000000
X_57_21                       1.000000
X_58_30                       1.000000
X_59_23                       1.000000
X_60_25                       1.000000
X_61_14                       1.000000
X_62_42                       1.000000
X_63_22                       1.000000
X_64_50                       1.000000
X_65_31                       1.000000
X_66_49                       1.000000
X_67_46                       1.000000
X_68_18                       1.000000
X_69_43                       1.000000
X_70_29                       1.000000
X_71_26                       1.000000
X_72_32                       1.000000
X_73_2                        1.000000
X_74_45                       1.000000
X_75_1                        1.000000
X_76_13                       1.000000
X_77_6                        1.000000
X_78_39                       1.000000
X_79_36                       1.000000
X_80_5                        1.000000
X_81_47                       1.000000
X_82_49                       1.000000
X_83_12                       1.000000
X_84_29                       1.000000
X_85_18                       1.000000
X_86_11                       1.000000
X_87_19                       1.000000
X_88_2                        1.000000
X_89_37                       1.000000
X_90_5                        1.000000
X_91_28                       1.000000
X_92_42                       1.000000
X_93_47                       1.000000
X_94_1                        1.000000
X_95_21                       1.000000
X_96_37                       1.000000
X_97_33                       1.000000
X_98_43                       1.000000
X_99_39                       1.000000
X_100_27                      1.000000
X_101_21                      1.000000
X_102_22                      1.000000
X_103_34                      1.000000
X_104_8                       1.000000
X_105_9                       1.000000
X_106_22                      1.000000
X_107_20                      1.000000
X_108_48                      1.000000
X_109_27                      1.000000
X_110_1                       1.000000
X_111_10                      1.000000
X_112_24                      1.000000
X_113_46                      1.000000
X_114_11                      1.000000
X_115_15                      1.000000
X_116_40                      1.000000
X_117_40                      1.000000
X_118_10                      1.000000
X_119_7                       1.000000
X_120_47                      1.000000
X_121_3                       1.000000
X_122_13                      1.000000
X_123_38                      1.000000
X_124_7                       1.000000
X_125_46                      1.000000
X_126_17                      1.000000
X_127_35                      1.000000
X_128_19                      1.000000
X_129_41                      1.000000
X_130_32                      1.000000
X_131_41                      1.000000
X_132_15                      1.000000
X_133_31                      1.000000
X_134_7                       1.000000
X_135_8                       1.000000
X_136_50                      1.000000
X_137_40                      1.000000
X_138_34                      1.000000
X_139_29                      1.000000
X_140_47                      1.000000
X_141_32                      1.000000
X_142_16                      1.000000
X_143_36                      1.000000
X_144_17                      1.000000
X_145_20                      1.000000
X_146_3                       1.000000
X_147_13                      1.000000
X_148_45                      1.000000
X_149_31                      1.000000
X_150_7                       1.000000
X_151_9                       1.000000
X_152_27                      1.000000
X_153_44                      1.000000
X_154_29                      1.000000
X_155_12                      1.000000
X_156_6                       1.000000
X_157_23                      1.000000
X_158_38                      1.000000
X_159_28                      1.000000
X_160_6                       1.000000
X_161_1                       1.000000
X_162_24                      1.000000
X_163_50                      1.000000
X_164_15                      1.000000
X_165_49                      1.000000
X_166_5                       1.000000
X_167_4                       1.000000
X_168_48                      1.000000
X_169_23                      1.000000
X_170_25                      1.000000
X_171_37                      1.000000
X_172_33                      1.000000
X_173_13                      1.000000
X_174_42                      1.000000
X_175_30                      1.000000
X_176_8                       1.000000
X_177_21                      1.000000
X_178_24                      1.000000
X_179_25                      1.000000
X_180_14                      1.000000
X_181_26                      1.000000
X_182_11                      1.000000
X_183_23                      1.000000
X_184_24                      1.000000
X_185_42                      1.000000
X_186_35                      1.000000
X_187_2                       1.000000
X_188_11                      1.000000
X_189_35                      1.000000
X_190_45                      1.000000
X_191_30                      1.000000
X_192_33                      1.000000
X_193_41                      1.000000
X_194_30                      1.000000
X_195_10                      1.000000
X_196_40                      1.000000
X_197_38                      1.000000
X_198_46                      1.000000
X_199_28                      1.000000
X_200_17                      1.000000
All other variables in the range 1-10001 are 0.
