
Log started (V11.0.0) Wed May 21 12:03:05 2008

Tried aggregator 1 time.
Reduced MIP has 250 rows, 10001 columns, and 20050 nonzeros.
Presolve time =    0.08 sec.
Clique table members: 200.
MIP emphasis: balance optimality and feasibility.
MIP search method: dynamic search.
Parallel mode: none, using 1 thread.
Root relaxation solution time =    0.87 sec.

        Nodes                                         Cuts/
   Node  Left     Objective  IInf  Best Integer     Best Node    ItCnt     Gap

*     0+    0                       209936.0000     4006.9190      682   98.09%
*     0+    0                         4024.0000     4006.9190      682    0.42%
      0     0     4009.0000    71     4024.0000      Fract: 3      746    0.37%
      0     0     4009.0000    83     4024.0000       Cuts: 7      816    0.37%
*     0+    0                         4016.0000     4009.0000      816    0.17%
      0     2     4009.0000    83     4016.0000     4009.0000      816    0.17%
    100    58        cutoff           4016.0000     4009.0000     5709    0.17%
    200   117        cutoff           4016.0000     4009.0000    11110    0.17%
    300   165     4011.0000    76     4016.0000     4009.0000    15157    0.17%
    400   198     4013.0000    88     4016.0000     4009.0000    19753    0.17%
    500   238     4015.0000    70     4016.0000     4009.0000    24022    0.17%
*   506+  229                         4015.0000     4009.0000    24317    0.15%
*   506+  201                         4014.0000     4009.0000    24317    0.12%
*   508+  133                         4013.0000     4009.0000    26543    0.10%
    600   147     4012.0000    20     4013.0000     4009.0000    30658    0.10%
    700   178     4012.0000    16     4013.0000     4009.0000    35264    0.10%
    800   278     4012.0000    19     4013.0000     4009.0000    40381    0.10%
    900   378     4012.0000    21     4013.0000     4009.0000    45405    0.10%
   1000   478     4012.0000    19     4013.0000     4009.0000    49700    0.10%
Elapsed time =  58.83 sec. (tree size =  3.00 MB, solutions = 6)
   1100   578     4012.0000    21     4013.0000     4009.0000    54513    0.10%
   1200   678     4012.0000    23     4013.0000     4009.0000    59097    0.10%
   1300   777     4012.0000    59     4013.0000     4009.0000    62719    0.10%
   1400   783     4009.0000    78     4013.0000     4009.0000    76689    0.10%
   1500   838     4010.0000    81     4013.0000     4009.0000    83766    0.10%
   1600   902     4011.0000    86     4013.0000     4009.0000    93746    0.10%
   1700   949    infeasible           4013.0000     4009.0000   131557    0.10%
   1800  1021     4010.0000    87     4013.0000     4009.0000   137389    0.10%
   1900  1047     4009.0000    93     4013.0000     4009.0000   151106    0.10%
   2000  1133     4009.0000    83     4013.0000     4009.0000   157315    0.10%
Elapsed time = 114.41 sec. (tree size =  7.33 MB, solutions = 6)
   2100  1203     4009.0000    89     4013.0000     4009.0000   164725    0.10%
   2200  1274     4009.0000    86     4013.0000     4009.0000   171983    0.10%
   2300  1357     4012.0000    75     4013.0000     4009.0000   178627    0.10%
   2400  1431     4009.0000    79     4013.0000     4009.0000   188834    0.10%
   2500  1504     4010.0000    83     4013.0000     4009.0000   196588    0.10%
   2600  1588     4012.0000    65     4013.0000     4009.0000   199623    0.10%
   2700  1672     4009.0000    98     4013.0000     4009.0000   205322    0.10%
   2800  1746     4011.0000    78     4013.0000     4009.0000   212632    0.10%
   2900  1801     4009.0000    95     4013.0000     4009.0000   245169    0.10%
   3000  1893     4012.0000    67     4013.0000     4009.0000   251553    0.10%
Elapsed time = 177.78 sec. (tree size = 12.58 MB, solutions = 6)
   3100  1978     4010.0000    92     4013.0000     4009.0000   258127    0.10%
   3200  2050     4010.0000    90     4013.0000     4009.0000   267647    0.10%
*  3208+ 1089                         4012.0000     4009.0000   267688    0.07%
   3300  1161     4009.0000    87     4012.0000     4009.0000   284455    0.07%
   3400  1259     4011.0000    76     4012.0000     4009.0000   287500    0.07%
   3500  1349     4011.0000    72     4012.0000     4009.0000   295878    0.07%
   3600  1436     4010.0000    58     4012.0000     4009.0000   304108    0.07%
   3700  1536     4010.0000    52     4012.0000     4009.0000   305262    0.07%
   3800  1636     4010.0000    44     4012.0000     4009.0000   306286    0.07%
   3900  1728     4011.0000    75     4012.0000     4009.0000   310208    0.07%
   4000  1807     4011.0000    81     4012.0000     4009.0000   332969    0.07%
Elapsed time = 244.69 sec. (tree size = 13.18 MB, solutions = 7)
   4100  1879     4009.0000    96     4012.0000     4009.0000   346659    0.07%
   4200  1969     4010.0000    56     4012.0000     4009.0000   353192    0.07%
   4300  2046     4009.0000    98     4012.0000     4009.0000   366710    0.07%
   4400  2145     4010.0000   110     4012.0000     4009.0000   370752    0.07%
   4500  2235     4010.0000   101     4012.0000     4009.0000   375458    0.07%
   4600  2317     4010.0000    96     4012.0000     4009.0000   382765    0.07%
   4700  2397     4011.0000    96     4012.0000     4009.0000   394621    0.07%
   4800  2463     4011.0000    79     4012.0000     4009.0000   434288    0.07%
   4900  2551     4009.0000   106     4012.0000     4009.0000   443224    0.07%
   5000  2633     4011.0000    72     4012.0000     4009.0000   455063    0.07%
Elapsed time = 320.91 sec. (tree size = 20.06 MB, solutions = 7)
   5100  2713     4011.0000    86     4012.0000     4009.0000   472307    0.07%
   5200  2803     4009.0000   104     4012.0000     4009.0000   478099    0.07%
   5300  2885    infeasible           4012.0000     4009.0000   484760    0.07%
   5400  2971     4011.0000    80     4012.0000     4009.0000   502286    0.07%
   5500  3045     4009.0000   133     4012.0000     4009.0000   526243    0.07%
   5600  3127     4009.0000   108     4012.0000     4009.0000   538255    0.07%
   5700  3223     4009.0000   125     4012.0000     4009.0000   541508    0.07%
   5800  3321     4010.0187   120     4012.0000     4009.0000   543742    0.07%
   5900  3415     4011.0000    95     4012.0000     4009.0000   547383    0.07%
   6000  3504     4011.0000    67     4012.0000     4009.0000   555169    0.07%
Elapsed time = 391.44 sec. (tree size = 28.15 MB, solutions = 7)
   6100  3594     4011.0000   118     4012.0000     4009.0000   571802    0.07%
   6200  3680     4011.0000    80     4012.0000     4009.0000   583551    0.07%
   6300  3760     4011.0000    83     4012.0000     4009.0000   607209    0.07%
   6400  3840     4011.0000   112     4012.0000     4009.0000   640688    0.07%
   6500  3910     4009.0000   105     4012.0000     4009.0000   660331    0.07%
   6600  4002     4011.0000   116     4012.0000     4009.0000   670872    0.07%
   6700  4091     4010.0000    94     4012.0000     4009.0000   678108    0.07%
   6800  4178     4011.0000    95     4012.0000     4009.0000   690997    0.07%
   6900  4268     4011.0000    69     4012.0000     4009.0000   697828    0.07%
   7000  4350     4009.0000   120     4012.0000     4009.0000   708900    0.07%
Elapsed time = 488.31 sec. (tree size = 36.33 MB, solutions = 7)
   7100  4440     4009.0000   117     4012.0000     4009.0000   718003    0.07%
   7200  4518     4009.0000   105     4012.0000     4009.0000   735561    0.07%
   7300  4592     4009.0000   106     4012.0000     4009.0000   747900    0.07%
   7400  4689     4010.0000   108     4012.0000     4009.0000   752414    0.07%
   7500  4782     4011.0000    98     4012.0000     4009.0000   758845    0.07%
   7600  4869     4010.0000    95     4012.0000     4009.0000   770609    0.07%
   7700  4954     4009.0000    65     4012.0000     4009.0000   779609    0.07%
   7800  5044     4011.0000    84     4012.0000     4009.0000   796607    0.07%
   7900  5118     4011.0000   111     4012.0000     4009.0000   826727    0.07%
   8000  5206     4011.0000    84     4012.0000     4009.0000   841170    0.07%
Elapsed time = 578.45 sec. (tree size = 44.83 MB, solutions = 7)
   8100  5296     4011.0000   108     4012.0000     4009.0000   851642    0.07%
   8200  5383     4009.0321   123     4012.0000     4009.0000   866038    0.07%
   8300  5460     4010.0000    99     4012.0000     4009.0000   877391    0.07%
   8400  5544     4010.0000    80     4012.0000     4009.0000   894231    0.07%
   8500  5625     4009.0000   113     4012.0000     4009.0000   912784    0.07%
   8600  5709     4011.0000    98     4012.0000     4009.0000   929585    0.07%
   8700  5791     4009.0000   113     4012.0000     4009.0000   944823    0.07%
   8800  5864        cutoff           4012.0000     4009.0000   962754    0.07%
   8900  5925     4010.0000    69     4012.0000     4009.0000   986139    0.07%
   9000  5975     4011.0000   110     4012.0000     4009.0000  1020239    0.07%
Elapsed time = 682.64 sec. (tree size = 52.95 MB, solutions = 7)
   9100  5999     4011.0000    60     4012.0000     4009.0000  1084245    0.07%
   9200  6015     4011.0000    63     4012.0000     4009.0000  1157320    0.07%
   9300  6023     4011.0000    69     4012.0000     4009.0000  1239649    0.07%
   9400  6033    infeasible           4012.0000     4009.0000  1308850    0.07%
   9500  6043     4011.0000    74     4012.0000     4009.0000  1372273    0.07%
   9600  6057     4011.0000    73     4012.0000     4009.0000  1451136    0.07%
   9700  6067     4011.0000    61     4012.0000     4009.0000  1515346    0.07%
   9800  6075     4011.0000    64     4012.0000     4009.0000  1595574    0.07%
   9900  6085     4011.0000    80     4012.0000     4009.0000  1664534    0.07%
  10000  6095     4011.0000    69     4012.0000     4009.0000  1708414    0.07%
Elapsed time = 925.56 sec. (tree size = 54.29 MB, solutions = 7)
  10100  6097     4011.0000    70     4012.0000     4009.0000  1758525    0.07%
  10200  6103    infeasible           4012.0000     4009.0000  1806882    0.07%
  10300  6158     4010.0000    92     4012.0000     4009.0000  1834578    0.07%
  10400  6239     4010.0000    77     4012.0000     4009.0000  1853205    0.07%
  10500  6306     4010.0000    98     4012.0000     4009.0000  1872418    0.07%
  10600  6391     4009.0000   142     4012.0000     4009.0000  1891787    0.07%
  10700  6480     4011.0000    73     4012.0000     4009.0000  1907870    0.07%
  10800  6563     4010.0000    82     4012.0000     4009.0000  1923877    0.07%
  10900  6656     4011.0000    70     4012.0000     4009.0000  1937142    0.07%
  11000  6706    infeasible           4012.0000     4009.0000  2003194    0.07%
Elapsed time = 1099.38 sec. (tree size = 61.16 MB, solutions = 7)
  11100  6720     4011.0000    73     4012.0000     4009.0000  2105225    0.07%
  11200  6738     4011.0000    68     4012.0000     4009.0000  2205019    0.07%
  11300  6748     4011.0000    64     4012.0000     4009.0000  2294658    0.07%
  11400  6754     4011.0000    88     4012.0000     4009.0000  2380053    0.07%
  11500  6760    infeasible           4012.0000     4009.0000  2478150    0.07%
  11600  6768    infeasible           4012.0000     4009.0000  2580743    0.07%
  11700  6788     4011.0000    75     4012.0000     4009.0000  2668332    0.07%
  11800  6796    infeasible           4012.0000     4009.0000  2751294    0.07%
  11900  6812    infeasible           4012.0000     4009.0000  2838720    0.07%
  12000  6829     4010.0000   116     4012.0000     4009.0000  2917952    0.07%
Elapsed time = 1506.06 sec. (tree size = 62.56 MB, solutions = 7)
  12100  6915     4010.0000   115     4012.0000     4009.0000  2943540    0.07%
  12200  6990     4010.0000    90     4012.0000     4009.0000  2964793    0.07%
  12300  7086     4011.0000    57     4012.0000     4009.0000  2976833    0.07%
  12400  7166     4011.0000   105     4012.0000     4009.0000  3001256    0.07%
  12500  7251     4010.0000   139     4012.0000     4009.0000  3020513    0.07%
  12600  7337     4010.0000   106     4012.0000     4009.0000  3032747    0.07%
  12700  7427     4011.0000   124     4012.0000     4009.0000  3047591    0.07%
  12800  7502     4009.0000   163     4012.0000     4009.0000  3069597    0.07%
  12900  7600     4011.0000   144     4012.0000     4009.0000  3082839    0.07%
  13000  7686     4011.0000   107     4012.0000     4009.0000  3097783    0.07%
Elapsed time = 1667.52 sec. (tree size = 72.92 MB, solutions = 7)
  13100  7770     4010.0000   106     4012.0000     4009.0000  3117230    0.07%
  13200  7863     4011.0000    97     4012.0000     4009.0000  3126703    0.07%
  13300  7946     4011.0000    91     4012.0000     4009.0000  3149919    0.07%
  13400  8032     4010.0000   106     4012.0000     4009.0000  3160197    0.07%
  13500  8131     4011.0000    88     4012.0000     4009.0000  3163590    0.07%
  13600  8219     4010.0000   124     4012.0000     4009.0000  3171996    0.07%
  13700  8307     4010.0000   137     4012.0000     4009.0000  3188354    0.07%
  13800  8396     4011.0000   107     4012.0000     4009.0000  3204172    0.07%
  13900  8482     4011.0000   125     4012.0000     4009.0000  3227098    0.07%
  14000  8568     4011.0000   135     4012.0000     4009.0000  3246157    0.07%
Elapsed time = 1799.64 sec. (tree size = 84.24 MB, solutions = 7)
  14100  8651     4010.0000   138     4012.0000     4009.0000  3265171    0.07%
  14200  8743     4010.0000   132     4012.0000     4009.0000  3285670    0.07%
  14300  8831     4009.0000   167     4012.0000     4009.0000  3309291    0.07%
  14400  8923    infeasible           4012.0000     4009.0000  3322391    0.07%
  14500  8998     4010.0000   124     4012.0000     4009.0000  3354698    0.07%
  14600  9087     4011.0000   105     4012.0000     4009.0000  3367328    0.07%
  14700  9176     4011.0000   103     4012.0000     4009.0000  3388857    0.07%
  14800  9265     4011.0000   146     4012.0000     4009.0000  3411818    0.07%
  14900  9353     4010.0000   190     4012.0000     4009.0000  3432500    0.07%
  15000  9441     4011.0000   123     4012.0000     4009.0000  3446647    0.07%
Elapsed time = 1977.30 sec. (tree size = 95.95 MB, solutions = 7)
  15100  9528    infeasible           4012.0000     4009.0000  3466233    0.07%
  15200  9614     4010.0000    66     4012.0000     4009.0000  3492858    0.07%
  15300  9709     4010.0000   136     4012.0000     4009.0000  3503796    0.07%
  15400  9796     4009.0219   185     4012.0000     4009.0000  3529374    0.07%
  15500  9894     4010.0000   149     4012.0000     4009.0000  3539320    0.07%
  15600  9993     4011.0000   132     4012.0000     4009.0000  3544220    0.07%
  15700 10087     4011.0000   132     4012.0000     4009.0000  3562708    0.07%
  15800 10175     4011.0000   145     4012.0000     4009.0000  3588808    0.07%
  15900 10261     4011.0000    83     4012.0000     4009.0000  3609654    0.07%
  16000 10345     4010.0000    78     4012.0000     4009.0000  3627194    0.07%
Elapsed time = 2132.00 sec. (tree size = 108.61 MB, solutions = 7)
  16100 10436     4011.0000   167     4012.0000     4009.0000  3648888    0.07%
  16200 10529     4010.0000   130     4012.0000     4009.0000  3662932    0.07%
  16300 10606     4010.0000   128     4012.0000     4009.0000  3691043    0.07%
  16400 10692     4011.0000   116     4012.0000     4009.0000  3714881    0.07%
  16500 10786     4011.0000   107     4012.0000     4009.0000  3736794    0.07%
  16600 10868     4011.0000   204     4012.0000     4009.0000  3764473    0.07%
  16700 10956    infeasible           4012.0000     4009.0000  3787056    0.07%
  16800 11046     4010.0000   130     4012.0000     4009.0000  3807878    0.07%
  16900 11120     4011.0000   133     4012.0000     4009.0000  3829962    0.07%
  17000 11201     4010.0000   127     4012.0000     4009.0000  3852171    0.07%
Elapsed time = 2315.89 sec. (tree size = 120.83 MB, solutions = 7)
  17100 11295     4010.0000   109     4012.0000     4009.0000  3867749    0.07%
  17200 11380     4009.0000   145     4012.0000     4009.0000  3882465    0.07%
  17300 11471     4010.0000    69     4012.0000     4009.0000  3905912    0.07%
  17400 11523     4010.0000    56     4012.0000     4009.0000  3966053    0.07%
  17500 11577     4011.0000   113     4012.0000     4009.0000  4006562    0.07%
  17600 11654     4011.0000   120     4012.0000     4009.0000  4032995    0.07%
Began writing nodes to disk (directory ./cpxa01652 created)
  17700 11744     4011.0000   106     4012.0000     4009.0000  4050161    0.07%
  17800 11838     4010.0000   136     4012.0000     4009.0000  4066869    0.07%
  17900 11924     4010.0000    71     4012.0000     4009.0000  4082432    0.07%
  18000 12011     4010.0000   122     4012.0000     4009.0000  4102429    0.07%
Elapsed time = 2532.94 sec. (tree size = 132.51 MB, solutions = 7)
Nodefile size =  4.98 MB (3.41 MB after compression)
  18100 12108     4011.0000   135     4012.0000     4009.0000  4110329    0.07%
  18200 12190     4011.0000   119     4012.0000     4009.0000  4136284    0.07%
  18300 12274     4010.0000    99     4012.0000     4009.0000  4157989    0.07%
  18400 12360    infeasible           4012.0000     4009.0000  4176172    0.07%
  18500 12430     4011.0000   144     4012.0000     4009.0000  4207265    0.07%
  18600 12516     4010.0000   110     4012.0000     4009.0000  4227103    0.07%
  18700 12596    infeasible           4012.0000     4009.0000  4252132    0.07%
  18800 12670     4011.0000   153     4012.0000     4009.0000  4279162    0.07%
  18900 12760     4009.0000   123     4012.0000     4009.0000  4298300    0.07%
  19000 12854     4009.0000   134     4012.0000     4009.0000  4307989    0.07%
Elapsed time = 2716.56 sec. (tree size = 145.02 MB, solutions = 7)
Nodefile size = 17.87 MB (12.17 MB after compression)
  19100 12942    infeasible           4012.0000     4009.0000  4322791    0.07%
  19200 13038     4011.0000   145     4012.0000     4009.0000  4340556    0.07%
  19300 13125     4010.0000   123     4012.0000     4009.0000  4358429    0.07%
  19400 13215     4011.0000   122     4012.0000     4009.0000  4381130    0.07%
  19500 13294     4010.0000   119     4012.0000     4009.0000  4402000    0.07%
  19600 13378     4010.0000   142     4012.0000     4009.0000  4422950    0.07%
  19700 13455     4011.0000   132     4012.0000     4009.0000  4444717    0.07%
  19800 13545     4009.0000   136     4012.0000     4009.0000  4477167    0.07%
  19900 13636     4010.0000   128     4012.0000     4009.0000  4492230    0.07%
  20000 13716     4011.0000   128     4012.0000     4009.0000  4515582    0.07%
Elapsed time = 2902.61 sec. (tree size = 158.41 MB, solutions = 7)
Nodefile size = 30.78 MB (20.85 MB after compression)
  20100 13802     4011.0000   117     4012.0000     4009.0000  4546846    0.07%
  20200 13889     4010.0000    76     4012.0000     4009.0000  4569066    0.07%
  20300 13982    infeasible           4012.0000     4009.0000  4583084    0.07%
  20400 14055     4010.0000    78     4012.0000     4009.0000  4608825    0.07%
  20500 14129     4010.0000   121     4012.0000     4009.0000  4633176    0.07%
  20600 14228     4011.0000   122     4012.0000     4009.0000  4657388    0.07%
  20700 14314     4011.0000   149     4012.0000     4009.0000  4679890    0.07%
  20800 14396     4009.0000   170     4012.0000     4009.0000  4699942    0.07%
  20900 14492     4011.0000   114     4012.0000     4009.0000  4711429    0.07%
  21000 14572     4011.0000    73     4012.0000     4009.0000  4735101    0.07%
Elapsed time = 3102.02 sec. (tree size = 172.16 MB, solutions = 7)
Nodefile size = 44.66 MB (31.13 MB after compression)
  21100 14666     4011.0000   126     4012.0000     4009.0000  4757508    0.07%
  21200 14758     4011.0000   140     4012.0000     4009.0000  4784128    0.07%
  21300 14842     4010.0000   132     4012.0000     4009.0000  4808372    0.07%
  21400 14919     4011.0000   128     4012.0000     4009.0000  4845944    0.07%
  21500 15013     4010.0000    63     4012.0000     4009.0000  4867417    0.07%
  21600 15090     4011.0000   130     4012.0000     4009.0000  4889642    0.07%
  21700 15178     4011.0000   140     4012.0000     4009.0000  4912047    0.07%
  21800 15264     4009.0000   161     4012.0000     4009.0000  4936068    0.07%
  21900 15355     4011.0000   115     4012.0000     4009.0000  4958646    0.07%
  22000 15435     4011.0000   133     4012.0000     4009.0000  4987700    0.07%
Elapsed time = 3326.91 sec. (tree size = 186.41 MB, solutions = 7)
Nodefile size = 58.60 MB (41.75 MB after compression)
  22100 15527    infeasible           4012.0000     4009.0000  5008346    0.07%
  22200 15605     4010.0000    55     4012.0000     4009.0000  5033369    0.07%
  22300 15660     4010.0000    62     4012.0000     4009.0000  5077843    0.07%
  22400 15750     4010.0000   127     4012.0000     4009.0000  5106320    0.07%
  22500 15838     4010.0000   115     4012.0000     4009.0000  5128927    0.07%
  22600 15926     4009.0000   132     4012.0000     4009.0000  5161763    0.07%
  22700 16024     4011.0000   137     4012.0000     4009.0000  5175566    0.07%
  22800 16113     4010.0000   136     4012.0000     4009.0000  5209663    0.07%
  22900 16204     4011.0000   108     4012.0000     4009.0000  5222788    0.07%
  23000 16290     4011.0000   120     4012.0000     4009.0000  5251439    0.07%
Elapsed time = 3563.22 sec. (tree size = 201.12 MB, solutions = 7)
Nodefile size = 73.48 MB (52.38 MB after compression)
  23100 16380     4011.0000   154     4012.0000     4009.0000  5272053    0.07%
  23200 16459     4011.0000    75     4012.0000     4009.0000  5306441    0.07%
  23300 16551     4011.0000   150     4012.0000     4009.0000  5340160    0.07%
  23400 16644     4011.0000   160     4012.0000     4009.0000  5358767    0.07%
  23500 16731     4010.0000   111     4012.0000     4009.0000  5380484    0.07%
  23600 16817     4010.0000   119     4012.0000     4009.0000  5402515    0.07%
  23700 16912    infeasible           4012.0000     4009.0000  5415785    0.07%
  23800 17005     4011.0000   107     4012.0000     4009.0000  5430407    0.07%
  23900 17096     4010.0000   139     4012.0000     4009.0000  5446882    0.07%
  24000 17183     4011.0000    83     4012.0000     4009.0000  5468023    0.07%
Elapsed time = 3780.11 sec. (tree size = 217.24 MB, solutions = 7)
Nodefile size = 89.37 MB (64.88 MB after compression)
  24100 17272     4010.0000    86     4012.0000     4009.0000  5486128    0.07%
  24200 17363     4009.0000   153     4012.0000     4009.0000  5510917    0.07%
  24300 17455     4009.0000   165     4012.0000     4009.0000  5529334    0.07%
  24400 17546     4010.0000    66     4012.0000     4009.0000  5544884    0.07%
  24500 17637     4011.0000   110     4012.0000     4009.0000  5560526    0.07%
  24600 17720     4010.0000   136     4012.0000     4009.0000  5576436    0.07%
  24700 17803     4009.0000   150     4012.0000     4009.0000  5602681    0.07%
  24800 17898     4010.0000   112     4012.0000     4009.0000  5615956    0.07%
  24900 17981     4010.0000    74     4012.0000     4009.0000  5639006    0.07%
  25000 18066     4010.0000    77     4012.0000     4009.0000  5654459    0.07%
Elapsed time = 3963.67 sec. (tree size = 233.50 MB, solutions = 7)
Nodefile size = 106.40 MB (77.59 MB after compression)
  25100 18154     4010.0000   121     4012.0000     4009.0000  5678505    0.07%
  25200 18236     4010.0000   137     4012.0000     4009.0000  5715005    0.07%
  25300 18330     4010.0000   126     4012.0000     4009.0000  5733687    0.07%
  25400 18414     4011.0000   142     4012.0000     4009.0000  5756602    0.07%
  25500 18505     4010.0000   127     4012.0000     4009.0000  5780691    0.07%
  25600 18578     4010.0000   109     4012.0000     4009.0000  5803614    0.07%
  25700 18675     4011.0000   102     4012.0000     4009.0000  5816989    0.07%
  25800 18768     4010.0000    76     4012.0000     4009.0000  5827994    0.07%
  25900 18859     4009.0000   143     4012.0000     4009.0000  5851789    0.07%
  26000 18941     4010.0000    42     4012.0000     4009.0000  5869369    0.07%
Elapsed time = 4171.53 sec. (tree size = 249.86 MB, solutions = 7)
Nodefile size = 122.10 MB (89.61 MB after compression)
  26100 19002     4011.0000    88     4012.0000     4009.0000  5907403    0.07%
  26200 19086     4011.0000   137     4012.0000     4009.0000  5941153    0.07%
  26300 19170     4010.0449   146     4012.0000     4009.0000  5962237    0.07%
  26400 19263     4010.0000   145     4012.0000     4009.0000  5980565    0.07%
  26500 19354     4010.0018   155     4012.0000     4009.0000  5995694    0.07%
  26600 19446     4010.0000    92     4012.0000     4009.0000  6008950    0.07%
  26700 19542     4011.0000    67     4012.0000     4009.0000  6019115    0.07%
  26800 19610     4011.0000    53     4012.0000     4009.0000  6068855    0.07%
  26900 19628     4011.0000    55     4012.0000     4009.0000  6178954    0.07%
  27000 19644    infeasible           4012.0000     4009.0000  6276393    0.07%
Elapsed time = 4451.27 sec. (tree size = 263.21 MB, solutions = 7)
Nodefile size = 135.97 MB (100.93 MB after compression)
  27100 19662    infeasible           4012.0000     4009.0000  6359725    0.07%
  27200 19680    infeasible           4012.0000     4009.0000  6436134    0.07%
  27300 19760     4011.0000   165     4012.0000     4009.0000  6466634    0.07%
  27400 19842     4010.0000    94     4012.0000     4009.0000  6503428    0.07%
  27500 19941     4011.0000   122     4012.0000     4009.0000  6513568    0.07%
  27600 20021     4010.0000    50     4012.0000     4009.0000  6534769    0.07%
  27700 20105     4010.0000    98     4012.0000     4009.0000  6551230    0.07%
  27800 20196     4010.0000   124     4012.0000     4009.0000  6569848    0.07%
  27900 20281     4010.0000   109     4012.0000     4009.0000  6594596    0.07%
  28000 20355     4010.0000    48     4012.0000     4009.0000  6627897    0.07%
Elapsed time = 4736.06 sec. (tree size = 276.80 MB, solutions = 7)
Nodefile size = 148.87 MB (111.78 MB after compression)
  28100 20403        cutoff           4012.0000     4009.0000  6728256    0.07%
  28200 20465        cutoff           4012.0000     4009.0000  6791232    0.07%
  28300 20557    infeasible           4012.0000     4009.0000  6815417    0.07%
  28400 20638        cutoff           4012.0000     4009.0000  6835893    0.07%
  28500 20721     4010.0000    60     4012.0000     4009.0000  6869905    0.07%
  28600 20786     4010.0000   120     4012.0000     4009.0000  6926710    0.07%
  28700 20870     4009.0000   150     4012.0000     4009.0000  6946328    0.07%
  28800 20957     4010.0000   108     4012.0000     4009.0000  6970804    0.07%
  28900 21048     4011.0000   150     4012.0000     4009.0000  6990638    0.07%
  29000 21134     4010.0000   114     4012.0000     4009.0000  7016864    0.07%
Elapsed time = 5121.47 sec. (tree size = 291.91 MB, solutions = 7)
Nodefile size = 164.76 MB (125.22 MB after compression)
  29100 21216     4010.0000    79     4012.0000     4009.0000  7054979    0.07%
  29200 21299     4011.0000   119     4012.0000     4009.0000  7086688    0.07%
  29300 21347     4011.0000    88     4012.0000     4009.0000  7168214    0.07%
  29400 21371     4011.0000    76     4012.0000     4009.0000  7269581    0.07%
  29500 21397    infeasible           4012.0000     4009.0000  7378841    0.07%
  29600 21417    infeasible           4012.0000     4009.0000  7476418    0.07%
  29700 21492     4010.0000   137     4012.0000     4009.0000  7508707    0.07%
  29800 21582    infeasible           4012.0000     4009.0000  7524288    0.07%
  29900 21668     4011.0000   136     4012.0000     4009.0000  7554912    0.07%
  30000 21754     4011.0000   109     4012.0000     4009.0000  7577626    0.07%
Elapsed time = 5525.81 sec. (tree size = 304.01 MB, solutions = 7)
Nodefile size = 176.68 MB (135.07 MB after compression)
  30100 21837     4011.0000   132     4012.0000     4009.0000  7610291    0.07%
  30200 21927     4011.0000   114     4012.0000     4009.0000  7641917    0.07%
  30300 22009     4011.0000   109     4012.0000     4009.0000  7673479    0.07%
  30400 22079     4011.0000   142     4012.0000     4009.0000  7700585    0.07%
  30500 22158     4010.0000   111     4012.0000     4009.0000  7730471    0.07%
  30600 22251     4011.0000    83     4012.0000     4009.0000  7743662    0.07%
  30700 22335    infeasible           4012.0000     4009.0000  7769866    0.07%
  30800 22423     4009.0000   154     4012.0000     4009.0000  7801857    0.07%
  30900 22510     4011.0000   119     4012.0000     4009.0000  7833591    0.07%
  31000 22603     4011.0000   172     4012.0000     4009.0000  7871889    0.07%
Elapsed time = 5829.67 sec. (tree size = 320.71 MB, solutions = 7)
Nodefile size = 193.55 MB (149.71 MB after compression)
  31100 22676     4011.0000   154     4012.0000     4009.0000  7914243    0.07%
  31200 22761     4011.0000    64     4012.0000     4009.0000  7941045    0.07%
  31300 22847     4010.0191   212     4012.0000     4009.0000  7985866    0.07%
  31400 22934     4011.0000   167     4012.0000     4009.0000  8019564    0.07%
  31500 23022     4011.0000    93     4012.0000     4009.0000  8055763    0.07%
  31600 23088     4010.0000   167     4012.0000     4009.0000  8115998    0.07%
  31700 23178     4010.0000   124     4012.0000     4009.0000  8165303    0.07%
  31800 23262     4010.0000   165     4012.0000     4009.0000  8207432    0.07%
  31900 23350     4011.0000   105     4012.0000     4009.0000  8243376    0.07%
  32000 23448     4011.0000   172     4012.0000     4009.0000  8265343    0.07%
Elapsed time = 6225.55 sec. (tree size = 337.51 MB, solutions = 7)
Nodefile size = 210.41 MB (164.30 MB after compression)
  32100 23535     4010.0000   152     4012.0000     4009.0000  8312109    0.07%
  32200 23628     4011.0000   177     4012.0000     4009.0000  8363776    0.07%
  32300 23701     4010.0000   147     4012.0000     4009.0000  8446562    0.07%
  32400 23784     4011.0000   150     4012.0000     4009.0000  8508403    0.07%
  32500 23878     4011.0000   153     4012.0000     4009.0000  8546468    0.07%
  32600 23961     4010.0000    81     4012.0000     4009.0000  8579566    0.07%
  32700 24048    infeasible           4012.0000     4009.0000  8604937    0.07%
  32800 24128     4011.0000   122     4012.0000     4009.0000  8627264    0.07%
  32900 24219     4011.0000   104     4012.0000     4009.0000  8648319    0.07%
  33000 24319     4011.0000   182     4012.0000     4009.0000  8657087    0.07%
Elapsed time = 6644.92 sec. (tree size = 355.10 MB, solutions = 7)
Nodefile size = 227.23 MB (178.89 MB after compression)
  33100 24407     4011.0000   148     4012.0000     4009.0000  8699161    0.07%
  33200 24498     4010.0000   148     4012.0000     4009.0000  8728154    0.07%
  33300 24587     4011.0000   142     4012.0000     4009.0000  8771338    0.07%
  33400 24677     4011.0000   105     4012.0000     4009.0000  8802619    0.07%
  33500 24760     4010.0000   129     4012.0000     4009.0000  8819139    0.07%
  33600 24841     4011.0000   101     4012.0000     4009.0000  8855758    0.07%
  33700 24928     4010.0000   121     4012.0000     4009.0000  8883191    0.07%
  33800 25023     4011.0000   122     4012.0000     4009.0000  8907383    0.07%
  33900 25099     4011.0000   148     4012.0000     4009.0000  8944121    0.07%
  34000 25184        cutoff           4012.0000     4009.0000  8978075    0.07%
Elapsed time = 6965.00 sec. (tree size = 372.66 MB, solutions = 7)
Nodefile size = 245.13 MB (194.46 MB after compression)
  34100 25274     4011.0000   126     4012.0000     4009.0000  9006096    0.07%
  34200 25354     4010.0000   120     4012.0000     4009.0000  9039515    0.07%
  34300 25444     4010.0000   157     4012.0000     4009.0000  9069287    0.07%
  34400 25537     4010.0000    55     4012.0000     4009.0000  9090879    0.07%
  34500 25624     4011.0000   123     4012.0000     4009.0000  9124087    0.07%
  34600 25713     4011.0000   170     4012.0000     4009.0000  9160193    0.07%
  34700 25794     4011.0000    94     4012.0000     4009.0000  9195918    0.07%

Cover cuts applied:  1189
Gomory fractional cuts applied:  9

Solution pool: 7 solutions saved.

MIP - Time limit exceeded, integer feasible:  Objective = 4.0120000000e+003
Current MIP best bound = 4.0090000000e+003 (gap = 3, 0.07%)
Solution time = 7200.00 sec.  Iterations = 9197756  Nodes = 34710 (25803)


Incumbent solution
Variable Name           Solution Value
Cmax                       4012.000000
X_1_4                         1.000000
X_2_7                         1.000000
X_3_9                         1.000000
X_4_31                        1.000000
X_5_46                        1.000000
X_6_34                        1.000000
X_7_29                        1.000000
X_8_47                        1.000000
X_9_8                         1.000000
X_10_16                       1.000000
X_11_39                       1.000000
X_12_42                       1.000000
X_13_21                       1.000000
X_14_7                        1.000000
X_15_11                       1.000000
X_16_14                       1.000000
X_17_42                       1.000000
X_18_18                       1.000000
X_19_7                        1.000000
X_20_6                        1.000000
X_21_1                        1.000000
X_22_50                       1.000000
X_23_20                       1.000000
X_24_38                       1.000000
X_25_3                        1.000000
X_26_26                       1.000000
X_27_9                        1.000000
X_28_27                       1.000000
X_29_49                       1.000000
X_30_19                       1.000000
X_31_42                       1.000000
X_32_17                       1.000000
X_33_26                       1.000000
X_34_2                        1.000000
X_35_4                        1.000000
X_36_15                       1.000000
X_37_21                       1.000000
X_38_11                       1.000000
X_39_6                        1.000000
X_40_43                       1.000000
X_41_46                       1.000000
X_42_40                       1.000000
X_43_11                       1.000000
X_44_19                       1.000000
X_45_29                       1.000000
X_46_11                       1.000000
X_47_36                       1.000000
X_48_15                       1.000000
X_49_23                       1.000000
X_50_24                       1.000000
X_51_44                       1.000000
X_52_4                        1.000000
X_53_24                       1.000000
X_54_3                        1.000000
X_55_39                       1.000000
X_56_44                       1.000000
X_57_18                       1.000000
X_58_14                       1.000000
X_59_50                       1.000000
X_60_10                       1.000000
X_61_32                       1.000000
X_62_41                       1.000000
X_63_39                       1.000000
X_64_28                       1.000000
X_65_39                       1.000000
X_66_5                        1.000000
X_67_48                       1.000000
X_68_22                       1.000000
X_69_20                       1.000000
X_70_27                       1.000000
X_71_43                       1.000000
X_72_31                       1.000000
X_73_43                       1.000000
X_74_49                       1.000000
X_75_36                       1.000000
X_76_48                       1.000000
X_77_12                       1.000000
X_78_47                       1.000000
X_79_8                        1.000000
X_80_35                       1.000000
X_81_23                       1.000000
X_82_15                       1.000000
X_83_34                       1.000000
X_84_8                        1.000000
X_85_17                       1.000000
X_86_7                        1.000000
X_87_33                       1.000000
X_88_45                       1.000000
X_89_31                       1.000000
X_90_30                       1.000000
X_91_33                       1.000000
X_92_12                       1.000000
X_93_1                        1.000000
X_94_6                        1.000000
X_95_24                       1.000000
X_96_23                       1.000000
X_97_27                       1.000000
X_98_16                       1.000000
X_99_24                       1.000000
X_100_21                      1.000000
X_101_26                      1.000000
X_102_14                      1.000000
X_103_37                      1.000000
X_104_27                      1.000000
X_105_49                      1.000000
X_106_45                      1.000000
X_107_29                      1.000000
X_108_10                      1.000000
X_109_50                      1.000000
X_110_30                      1.000000
X_111_10                      1.000000
X_112_33                      1.000000
X_113_19                      1.000000
X_114_38                      1.000000
X_115_21                      1.000000
X_116_20                      1.000000
X_117_15                      1.000000
X_118_45                      1.000000
X_119_40                      1.000000
X_120_22                      1.000000
X_121_17                      1.000000
X_122_17                      1.000000
X_123_44                      1.000000
X_124_10                      1.000000
X_125_25                      1.000000
X_126_3                       1.000000
X_127_2                       1.000000
X_128_22                      1.000000
X_129_32                      1.000000
X_130_28                      1.000000
X_131_26                      1.000000
X_132_9                       1.000000
X_133_31                      1.000000
X_134_41                      1.000000
X_135_22                      1.000000
X_136_6                       1.000000
X_137_30                      1.000000
X_138_13                      1.000000
X_139_44                      1.000000
X_140_25                      1.000000
X_141_12                      1.000000
X_142_48                      1.000000
X_143_43                      1.000000
X_144_50                      1.000000
X_145_25                      1.000000
X_146_32                      1.000000
X_147_47                      1.000000
X_148_18                      1.000000
X_149_3                       1.000000
X_150_40                      1.000000
X_151_2                       1.000000
X_152_47                      1.000000
X_153_23                      1.000000
X_154_34                      1.000000
X_155_49                      1.000000
X_156_35                      1.000000
X_157_1                       1.000000
X_158_42                      1.000000
X_159_16                      1.000000
X_160_41                      1.000000
X_161_33                      1.000000
X_162_19                      1.000000
X_163_1                       1.000000
X_164_35                      1.000000
X_165_16                      1.000000
X_166_18                      1.000000
X_167_36                      1.000000
X_168_35                      1.000000
X_169_29                      1.000000
X_170_40                      1.000000
X_171_13                      1.000000
X_172_41                      1.000000
X_173_37                      1.000000
X_174_28                      1.000000
X_175_38                      1.000000
X_176_28                      1.000000
X_177_20                      1.000000
X_178_48                      1.000000
X_179_5                       1.000000
X_180_4                       1.000000
X_181_46                      1.000000
X_182_45                      1.000000
X_183_37                      1.000000
X_184_5                       1.000000
X_185_9                       1.000000
X_186_36                      1.000000
X_187_25                      1.000000
X_188_5                       1.000000
X_189_37                      1.000000
X_190_46                      1.000000
X_191_34                      1.000000
X_192_8                       1.000000
X_193_2                       1.000000
X_194_30                      1.000000
X_195_14                      1.000000
X_196_13                      1.000000
X_197_13                      1.000000
X_198_32                      1.000000
X_199_38                      1.000000
X_200_12                      1.000000
All other variables in the range 1-10001 are 0.
