
Log started (V11.0.0) Wed May 21 18:03:08 2008

Tried aggregator 1 time.
Reduced MIP has 250 rows, 10001 columns, and 20050 nonzeros.
Presolve time =    0.09 sec.
Clique table members: 200.
MIP emphasis: balance optimality and feasibility.
MIP search method: dynamic search.
Parallel mode: none, using 1 thread.
Root relaxation solution time =    0.64 sec.

        Nodes                                         Cuts/
   Node  Left     Objective  IInf  Best Integer     Best Node    ItCnt     Gap

*     0+    0                       209470.0000     4006.8988      608   98.09%
*     0+    0                         4018.0000     4006.8988      608    0.28%
      0     0     4007.0000    91     4018.0000      Fract: 5      623    0.27%
      0     0     4007.0180    98     4018.0000     Covers: 1      721    0.27%
      0     0     4007.0369   100     4018.0000     Covers: 1      730    0.27%
*     0+    0                         4017.0000     4007.0369      730    0.25%
      0     2     4007.0369   100     4017.0000     4007.0369      730    0.25%
    100    82     4008.0000    71     4017.0000     4008.0000     5454    0.22%
    200   152     4009.0000    87     4017.0000     4008.0000    10610    0.22%
    300   216     4010.0000    89     4017.0000     4008.0000    16572    0.22%
    400   267     4011.0000    81     4017.0000     4008.0000    24407    0.22%
    500   306     4013.0000    76     4017.0000     4008.0000    35803    0.22%
    600   311        cutoff           4017.0000     4008.0080    41165    0.22%
    700   304     4013.0000    79     4017.0000     4008.0080    45089    0.22%
    800   290        cutoff           4017.0000     4008.0080    50755    0.22%
    900   241     4016.0000    82     4017.0000     4008.0080    54665    0.22%
   1000   240     4016.0000    84     4017.0000     4008.0080    67211    0.22%
Elapsed time =  64.34 sec. (tree size =  1.52 MB, solutions = 3)
   1100   320     4009.4139    94     4017.0000     4008.0080    75633    0.22%
   1200   400     4010.0000    92     4017.0000     4008.0080    80210    0.22%
   1300   447        cutoff           4017.0000     4008.0080    85225    0.22%
   1400   496     4014.0000    89     4017.0000     4008.0080    91887    0.22%
   1500   530     4016.0000    86     4017.0000     4008.0080    97982    0.22%
   1600   521        cutoff           4017.0000     4009.0000   111669    0.20%
   1700   421        cutoff           4017.0000     4009.0000   119306    0.20%
   1800   481     4010.0000    59     4017.0000     4009.0000   122651    0.20%
   1900   568     4010.0000    93     4017.0000     4009.0000   126984    0.20%
   2000   632     4013.0000    71     4017.0000     4009.0000   134239    0.20%
Elapsed time = 120.72 sec. (tree size =  4.27 MB, solutions = 3)
   2100   683     4014.0000    69     4017.0000     4009.0000   139051    0.20%
   2200   730     4016.0000    76     4017.0000     4009.0000   147793    0.20%
*  2246+  607                         4015.0000     4009.0000   149019    0.15%
   2300   662     4010.0000    68     4015.0000     4009.0000   150241    0.15%
   2400   754     4012.0000    89     4015.0000     4009.0000   152734    0.15%
   2500   809     4013.0000    80     4015.0000     4009.0000   155317    0.15%
   2600   840     4014.0000    76     4015.0000     4009.0000   158782    0.15%
   2700   895     4010.0000    69     4015.0000     4009.0000   161771    0.15%
   2800   989     4010.0000    82     4015.0000     4009.0000   165872    0.15%
   2900  1068     4012.0000    83     4015.0000     4009.0000   170857    0.15%
   3000  1135     4013.0000    85     4015.0000     4009.0000   174174    0.15%
Elapsed time = 157.03 sec. (tree size =  7.80 MB, solutions = 4)
   3100  1196     4009.0000   101     4015.0000     4009.0000   182746    0.15%
   3200  1289     4010.0000    80     4015.0000     4009.0000   184774    0.15%
   3300  1363     4009.0000    72     4015.0000     4009.0000   187965    0.15%
   3400  1460     4010.0000    87     4015.0000     4009.0000   192381    0.15%
   3500  1524     4013.0000    75     4015.0000     4009.0000   195613    0.15%
   3600  1582     4010.0000    85     4015.0000     4009.0000   205911    0.15%
   3700  1678     4014.0000    68     4015.0000     4009.0000   207409    0.15%
   3800  1778     4014.0000    76     4015.0000     4009.0000   208415    0.15%
   3900  1876     4014.0000    69     4015.0000     4009.0000   210888    0.15%
   4000  1972     4014.0000    69     4015.0000     4009.0000   213917    0.15%
Elapsed time = 194.11 sec. (tree size = 13.91 MB, solutions = 4)
   4100  2072     4014.0000    81     4015.0000     4009.0000   214857    0.15%
   4200  2166     4010.0000    77     4015.0000     4009.0000   217350    0.15%
   4300  2264     4010.0000    87     4015.0000     4009.0000   219275    0.15%
   4400  2354     4010.0000    85     4015.0000     4009.0000   222918    0.15%
   4500  2441     4013.0000    84     4015.0000     4009.0000   226632    0.15%
   4600  2516     4009.0000    97     4015.0000     4009.0000   229550    0.15%
   4700  2614     4010.0000    91     4015.0000     4009.0000   231849    0.15%
   4800  2704     4009.0000    69     4015.0000     4009.0000   234252    0.15%
   4900  2798     4009.0228   114     4015.0000     4009.0000   237949    0.15%
   5000  2869     4014.0000    53     4015.0000     4009.0000   254227    0.15%
Elapsed time = 234.58 sec. (tree size = 20.47 MB, solutions = 4)
   5100  2905     4014.0000    66     4015.0000     4009.0000   292580    0.15%
   5200  2968     4014.0000    88     4015.0000     4009.0000   312704    0.15%
   5300  3056     4010.0000    92     4015.0000     4009.0000   317446    0.15%
   5400  3155     4011.0000   106     4015.0000     4009.0000   319905    0.15%
   5500  3239     4014.0000    92     4015.0000     4009.0000   321797    0.15%
   5600  3323     4009.0000    94     4015.0000     4009.0000   325221    0.15%
   5700  3420     4010.0000    91     4015.0000     4009.0000   327853    0.15%
   5800  3506     4013.0000    83     4015.0000     4009.0000   330771    0.15%
   5900  3593     4010.0000    78     4015.0000     4009.0000   334469    0.15%
   6000  3684     4014.0000    65     4015.0000     4009.0000   341418    0.15%
Elapsed time = 323.23 sec. (tree size = 26.60 MB, solutions = 4)
   6100  3770     4014.0000    83     4015.0000     4009.0000   353869    0.15%
   6200  3850     4010.0000    91     4015.0000     4009.0000   366417    0.15%
   6300  3950     4010.0000    96     4015.0000     4009.0000   368248    0.15%
   6400  4044     4012.0000    88     4015.0000     4009.0000   372240    0.15%
   6500  4100    infeasible           4015.0000     4009.0000   388689    0.15%
   6600  4160     4010.0000    78     4015.0000     4009.0000   413088    0.15%
   6700  4260     4010.0000    94     4015.0000     4009.0000   414703    0.15%
   6800  4347     4012.0000    67     4015.0000     4009.0000   418191    0.15%
   6900  4441        cutoff           4015.0000     4009.0000   422460    0.15%
   7000  4533     4012.0000   103     4015.0000     4009.0000   426704    0.15%
Elapsed time = 388.22 sec. (tree size = 33.12 MB, solutions = 4)
   7100  4603     4009.0000    99     4015.0000     4009.0000   442868    0.15%
   7200  4703     4014.0000    77     4015.0000     4009.0000   444324    0.15%
   7300  4801     4014.0000    76     4015.0000     4009.0000   446335    0.15%
   7400  4901     4014.0000    77     4015.0000     4009.0000   447361    0.15%
   7500  5001     4014.0000    77     4015.0000     4009.0000   449038    0.15%
   7600  5081     4009.0000   102     4015.0000     4009.0000   454748    0.15%
   7700  5181     4010.0000   107     4015.0000     4009.0000   457538    0.15%
   7800  5270     4010.0000    76     4015.0000     4009.0000   463139    0.15%
   7900  5370     4010.0000    96     4015.0000     4009.0000   465146    0.15%
   8000  5463     4010.0000    84     4015.0000     4009.0000   468395    0.15%
Elapsed time = 431.78 sec. (tree size = 40.29 MB, solutions = 4)
   8100  5563     4010.0000   102     4015.0000     4009.0000   472737    0.15%
   8200  5656        cutoff           4015.0000     4009.0000   475441    0.15%
   8300  5749     4009.0000    96     4015.0000     4009.0000   479136    0.15%
   8400  5846     4012.0000    82     4015.0000     4009.0000   482768    0.15%
   8500  5933     4013.0000    93     4015.0000     4009.0000   488100    0.15%
   8600  6010     4010.0000    83     4015.0000     4009.0000   496221    0.15%
   8700  6104     4013.0000    69     4015.0000     4009.0000   501032    0.15%
   8800  6192     4013.0000   106     4015.0000     4009.0000   506487    0.15%
   8900  6272     4014.0000   100     4015.0000     4009.0000   516335    0.15%
   9000  6363     4010.0000    97     4015.0000     4009.0000   522344    0.15%
Elapsed time = 483.34 sec. (tree size = 47.38 MB, solutions = 4)
   9100  6461     4011.0000   104     4015.0000     4009.0000   525464    0.15%
   9200  6550     4014.0000    83     4015.0000     4009.0000   531244    0.15%
   9300  6640     4009.0000   109     4015.0000     4009.0000   537856    0.15%
   9400  6733     4010.1000   120     4015.0000     4009.0000   544301    0.15%
   9500  6816     4011.6249   119     4015.0000     4009.0000   561635    0.15%
   9600  6896     4013.0000    85     4015.0000     4009.0000   573736    0.15%
   9700  6974     4014.0000    91     4015.0000     4009.0000   592769    0.15%
   9800  7058     4009.0000   113     4015.0000     4009.0000   600494    0.15%
   9900  7157     4010.0000   111     4015.0000     4009.0000   603587    0.15%
  10000  7247     4014.0000    77     4015.0000     4009.0000   607194    0.15%
Elapsed time = 555.00 sec. (tree size = 54.60 MB, solutions = 4)
  10100  7319     4010.0000    83     4015.0000     4009.0000   621699    0.15%
  10200  7418     4011.0000    87     4015.0000     4009.0000   624692    0.15%
  10300  7517     4012.0000   104     4015.0000     4009.0000   627528    0.15%
  10400  7605     4010.0000   100     4015.0000     4009.0000   633901    0.15%
  10500  7697     4010.0000   102     4015.0000     4009.0000   639287    0.15%
  10600  7796     4011.0000    88     4015.0000     4009.0000   643944    0.15%
  10700  7894     4013.0000    79     4015.0000     4009.0000   646416    0.15%
  10800  7981     4010.0000    86     4015.0000     4009.0000   649280    0.15%
  10900  8080     4011.0000    91     4015.0000     4009.0000   653096    0.15%
  11000  8174     4010.0000    92     4015.0000     4009.0000   657172    0.15%
Elapsed time = 601.45 sec. (tree size = 62.45 MB, solutions = 4)
  11100  8274     4010.0000   123     4015.0000     4009.0000   662072    0.15%
  11200  8365     4010.0000   110     4015.0000     4009.0000   666864    0.15%
  11300  8463     4012.0000    85     4015.0000     4009.0000   671305    0.15%
  11400  8551     4009.0000   102     4015.0000     4009.0000   677670    0.15%
  11500  8649     4011.0000   106     4015.0000     4009.0000   683134    0.15%
  11600  8747     4013.0000   101     4015.0000     4009.0000   686139    0.15%
  11700  8839     4010.0000   109     4015.0000     4009.0000   692832    0.15%
  11800  8937     4011.0000   127     4015.0000     4009.0000   700519    0.15%
  11900  9029     4011.0000   111     4015.0000     4009.0000   705562    0.15%
  12000  9128     4012.0000   120     4015.0000     4009.0000   709577    0.15%
Elapsed time = 653.88 sec. (tree size = 70.77 MB, solutions = 4)
  12100  9216     4010.0000    90     4015.0000     4009.0000   715389    0.15%
  12200  9315     4011.0000   110     4015.0000     4009.0000   723035    0.15%
  12300  9413     4013.0000   101     4015.0000     4009.0000   726786    0.15%
  12400  9497     4010.0000   103     4015.0000     4009.0000   733360    0.15%
  12500  9596     4011.0000   105     4015.0000     4009.0000   737602    0.15%
  12600  9689     4011.0000   124     4015.0000     4009.0000   744475    0.15%
  12700  9788     4012.0000   115     4015.0000     4009.0000   747015    0.15%
  12800  9877     4010.0000   110     4015.0000     4009.0000   752398    0.15%
  12900  9976     4011.0000   108     4015.0000     4009.0000   756322    0.15%
  13000 10070     4013.0000    98     4015.0000     4009.0000   760819    0.15%
Elapsed time = 707.25 sec. (tree size = 79.25 MB, solutions = 4)
  13100 10150     4011.0000    97     4015.0000     4009.0000   776692    0.15%
  13200 10248     4013.0000    84     4015.0000     4009.0000   779861    0.15%
  13300 10337     4010.0000    96     4015.0000     4009.0000   787889    0.15%
  13400 10434     4012.0000    98     4015.0000     4009.0000   792461    0.15%
  13500 10526     4013.0000    87     4015.0000     4009.0000   795879    0.15%
  13600 10617     4014.0000    63     4015.0000     4009.0000   799963    0.15%
  13700 10684     4010.0000   122     4015.0000     4009.0000   820137    0.15%
  13800 10783     4011.0000   124     4015.0000     4009.0000   824861    0.15%
  13900 10878     4014.0000    89     4015.0000     4009.0000   827990    0.15%
  14000 10970     4011.0000   107     4015.0000     4009.0000   836748    0.15%
Elapsed time = 764.95 sec. (tree size = 87.53 MB, solutions = 4)
  14100 11069     4012.0000   117     4015.0000     4009.0000   840445    0.15%
  14200 11155     4014.0000   102     4015.0000     4009.0000   847399    0.15%
  14300 11241     4011.0000   114     4015.0000     4009.0000   859883    0.15%
  14400 11338     4012.0000   119     4015.0000     4009.0000   865155    0.15%
  14500 11430     4010.0000    97     4015.0000     4009.0000   872104    0.15%
  14600 11525     4011.0000    85     4015.0000     4009.0000   877771    0.15%
  14700 11616     4011.0000    87     4015.0000     4009.0000   883630    0.15%
  14800 11698     4011.0000   108     4015.0000     4009.0000   891049    0.15%
  14900 11796     4012.0093   117     4015.0000     4009.0000   895325    0.15%
  15000 11885     4011.0000    95     4015.0000     4009.0000   904142    0.15%
Elapsed time = 824.31 sec. (tree size = 95.97 MB, solutions = 4)
  15100 11984     4012.0000    96     4015.0000     4009.0000   908434    0.15%
  15200 12081     4013.0000   114     4015.0000     4009.0000   912423    0.15%
  15300 12168     4011.0000    95     4015.0000     4009.0000   922200    0.15%
  15400 12266     4012.0000   120     4015.0000     4009.0000   927654    0.15%
  15500 12359     4012.0000   106     4015.0000     4009.0000   933353    0.15%
  15600 12458     4013.0000    80     4015.0000     4009.0000   935661    0.15%
  15700 12546     4014.0000    87     4015.0000     4009.0000   938015    0.15%
  15800 12624     4012.0000   124     4015.0000     4009.0000   946312    0.15%
  15900 12722     4014.0000   102     4015.0000     4009.0000   950287    0.15%
  16000 12815     4011.0000   107     4015.0000     4009.0000   959089    0.15%
Elapsed time = 873.61 sec. (tree size = 104.72 MB, solutions = 4)
  16100 12914     4012.0000   118     4015.0000     4009.0000   963653    0.15%
  16200 13008     4014.0000   108     4015.0000     4009.0000   969181    0.15%
  16300 13099     4011.0000   118     4015.0000     4009.0000   978077    0.15%
  16400 13195     4012.0000   101     4015.0000     4009.0000   983491    0.15%
  16500 13288     4013.0000   108     4015.0000     4009.0000   989103    0.15%
  16600 13371     4011.0000   120     4015.0000     4009.0000  1004039    0.15%
  16700 13469     4013.0000   113     4015.0000     4009.0000  1009773    0.15%
  16800 13557     4011.0000   108     4015.0000     4009.0000  1017101    0.15%
  16900 13655     4013.0000    75     4015.0000     4009.0000  1023547    0.15%
  17000 13745     4011.0000   108     4015.0000     4009.0000  1031780    0.15%
Elapsed time = 933.97 sec. (tree size = 113.59 MB, solutions = 4)
  17100 13844     4013.0000    85     4015.0000     4009.0000  1037219    0.15%
  17200 13938     4011.0000    91     4015.0000     4009.0000  1040168    0.15%
  17300 14037     4012.0000   112     4015.0000     4009.0000  1045372    0.15%
  17400 14129     4014.0000    93     4015.0000     4009.0000  1050577    0.15%
  17500 14214     4011.0000   113     4015.0000     4009.0000  1058260    0.15%
  17600 14312     4013.0000   126     4015.0000     4009.0000  1064703    0.15%
  17700 14404     4011.0000   106     4015.0000     4009.0000  1074857    0.15%
  17800 14502     4013.0000    92     4015.0000     4009.0000  1081650    0.15%
  17900 14599     4014.0000   122     4015.0000     4009.0000  1086814    0.15%
  18000 14685     4011.0000   118     4015.0000     4009.0000  1096021    0.15%
Elapsed time = 992.27 sec. (tree size = 122.73 MB, solutions = 4)
  18100 14783     4013.0000   125     4015.0000     4009.0000  1100864    0.15%
  18200 14872     4014.0000   115     4015.0000     4009.0000  1112007    0.15%
  18300 14964     4011.0000   114     4015.0000     4009.0000  1122019    0.15%
  18400 15062     4013.0000   122     4015.0000     4009.0000  1127806    0.15%
  18500 15155     4012.0000    77     4015.0000     4009.0000  1139251    0.15%
Began writing nodes to disk (directory ./cpxa01652 created)
  18600 15253     4012.0000    56     4015.0000     4009.0000  1141367    0.15%
  18700 15349     4012.0000    51     4015.0000     4009.0000  1143968    0.15%
  18800 15449     4012.0000    71     4015.0000     4009.0000  1145592    0.15%
  18900 15548     4013.0000    95     4015.0000     4009.0000  1148276    0.15%
  19000 15641     4011.0000   123     4015.0000     4009.0000  1155607    0.15%
Elapsed time = 1054.53 sec. (tree size = 132.06 MB, solutions = 4)
Nodefile size =  4.99 MB (2.98 MB after compression)
  19100 15740     4012.0000   120     4015.0000     4009.0000  1161128    0.15%
  19200 15827     4013.0575   127     4015.0000     4009.0000  1166301    0.15%
  19300 15912     4014.0000   106     4015.0000     4009.0000  1178874    0.15%
  19400 16000     4011.0000   112     4015.0000     4009.0000  1190679    0.15%
  19500 16098     4013.0000   106     4015.0000     4009.0000  1196242    0.15%
  19600 16190     4010.0000   111     4015.0000     4009.0000  1203403    0.15%
  19700 16289     4011.0000   125     4015.0000     4009.0000  1211871    0.15%
  19800 16387     4013.0000   106     4015.0000     4009.0000  1216438    0.15%
  19900 16479     4011.0000   127     4015.0000     4009.0000  1222993    0.15%
  20000 16577     4013.0000   128     4015.0000     4009.0000  1231359    0.15%
Elapsed time = 1120.73 sec. (tree size = 141.11 MB, solutions = 4)
Nodefile size = 13.92 MB (7.83 MB after compression)
  20100 16672     4010.0000    88     4015.0000     4009.0000  1236623    0.15%
  20200 16770     4012.0000   123     4015.0000     4009.0000  1243306    0.15%
  20300 16865     4014.0000    98     4015.0000     4009.0000  1248645    0.15%
  20400 16958     4011.0000   129     4015.0000     4009.0000  1260592    0.15%
  20500 17056     4013.0000   109     4015.0000     4009.0000  1266107    0.15%
  20600 17141     4009.0000   128     4015.0000     4009.0000  1273609    0.15%
  20700 17239     4011.0000   117     4015.0000     4009.0000  1282595    0.15%
  20800 17335     4012.0041   135     4015.0000     4009.0000  1286845    0.15%
  20900 17422     4010.0194   153     4015.0000     4009.0000  1295326    0.15%
  21000 17519     4012.0000   137     4015.0000     4009.0000  1302607    0.15%
Elapsed time = 1187.41 sec. (tree size = 150.54 MB, solutions = 4)
Nodefile size = 23.35 MB (12.67 MB after compression)
  21100 17612     4014.0000   111     4015.0000     4009.0000  1308640    0.15%
  21200 17706     4011.0000   131     4015.0000     4009.0000  1321680    0.15%
  21300 17804     4013.0000   111     4015.0000     4009.0000  1326663    0.15%
  21400 17888     4009.0000   113     4015.0000     4009.0000  1335526    0.15%
  21500 17986     4012.0000   131     4015.0000     4009.0000  1345185    0.15%
  21600 18084     4014.0000    97     4015.0000     4009.0000  1349592    0.15%
  21700 18178     4011.0000   108     4015.0000     4009.0000  1361067    0.15%
  21800 18276     4013.0000   115     4015.0000     4009.0000  1367204    0.15%
  21900 18369     4011.0000   113     4015.0000     4009.0000  1375906    0.15%
  22000 18467     4012.0000   146     4015.0000     4009.0000  1384559    0.15%
Elapsed time = 1268.83 sec. (tree size = 160.24 MB, solutions = 4)
Nodefile size = 32.99 MB (17.60 MB after compression)
  22100 18562     4014.0000   121     4015.0000     4009.0000  1389264    0.15%
  22200 18650     4011.0000   127     4015.0000     4009.0000  1406367    0.15%
  22300 18744     4012.0471   138     4015.0000     4009.0000  1413264    0.15%
  22400 18842     4013.0000   129     4015.0000     4009.0000  1417737    0.15%
  22500 18933     4012.0000   110     4015.0000     4009.0000  1434522    0.15%
  22600 19032     4013.0000   134     4015.0000     4009.0000  1440430    0.15%
  22700 19127     4009.0000    99     4015.0000     4009.0000  1443866    0.15%
  22800 19226     4012.0000    72     4015.0000     4009.0000  1446610    0.15%
  22900 19326     4012.0000    82     4015.0000     4009.0000  1448753    0.15%
  23000 19419     4014.0000    97     4015.0000     4009.0000  1452116    0.15%
Elapsed time = 1345.00 sec. (tree size = 170.12 MB, solutions = 4)
Nodefile size = 42.94 MB (23.48 MB after compression)
  23100 19506     4011.0000   116     4015.0000     4009.0000  1463206    0.15%
  23200 19604     4013.0000    98     4015.0000     4009.0000  1467697    0.15%
  23300 19703     4014.0000    97     4015.0000     4009.0000  1470419    0.15%
  23400 19789     4010.0000   111     4015.0000     4009.0000  1479956    0.15%
  23500 19887     4012.0000   123     4015.0000     4009.0000  1485194    0.15%
  23600 19972     4014.0000    78     4015.0000     4009.0000  1499700    0.15%
  23700 20063     4011.0000   110     4015.0000     4009.0000  1511864    0.15%
  23800 20161     4013.0000   120     4015.0000     4009.0000  1518471    0.15%
  23900 20254     4011.0000   117     4015.0000     4009.0000  1527514    0.15%
  24000 20352     4013.0000    81     4015.0000     4009.0000  1533354    0.15%
Elapsed time = 1426.41 sec. (tree size = 179.76 MB, solutions = 4)
Nodefile size = 51.89 MB (28.44 MB after compression)
  24100 20447     4014.0000   111     4015.0000     4009.0000  1539113    0.15%
  24200 20537     4011.0000   135     4015.0000     4009.0000  1553762    0.15%
  24300 20634     4013.0738   140     4015.0000     4009.0000  1561307    0.15%
  24400 20724     4011.0000   118     4015.0000     4009.0000  1578866    0.15%
  24500 20818     4012.0000   117     4015.0000     4009.0000  1585902    0.15%
  24600 20910     4013.0000   105     4015.0000     4009.0000  1590327    0.15%
  24700 20986     4014.0000   102     4015.0000     4009.0000  1605964    0.15%
  24800 21079     4012.0000   120     4015.0000     4009.0000  1616982    0.15%
  24900 21175     4014.0000   116     4015.0000     4009.0000  1622330    0.15%
  25000 21264     4012.0000   115     4015.0000     4009.0000  1637615    0.15%
Elapsed time = 1520.72 sec. (tree size = 189.25 MB, solutions = 4)
Nodefile size = 61.79 MB (33.71 MB after compression)
  25100 21362     4013.0435   131     4015.0000     4009.0000  1643536    0.15%
  25200 21452     4011.0000   139     4015.0000     4009.0000  1657906    0.15%
  25300 21550     4013.0000   107     4015.0000     4009.0000  1663771    0.15%
  25400 21645     4014.0000   102     4015.0000     4009.0000  1671365    0.15%
  25500 21736     4012.0000   119     4015.0000     4009.0000  1684202    0.15%
  25600 21833     4013.0000   114     4015.0000     4009.0000  1691427    0.15%
  25700 21920     4014.0000   107     4015.0000     4009.0000  1705678    0.15%
  25800 22011     4012.0000   116     4015.0000     4009.0000  1716583    0.15%
  25900 22109     4014.0000   108     4015.0000     4009.0000  1721711    0.15%
  26000 22199     4013.0000   129     4015.0000     4009.0000  1731130    0.15%
Elapsed time = 1602.69 sec. (tree size = 199.12 MB, solutions = 4)
Nodefile size = 71.60 MB (38.44 MB after compression)
  26100 22284     4013.0087   138     4015.0000     4009.0000  1744689    0.15%
  26200 22374     4011.0000   122     4015.0000     4009.0000  1760751    0.15%
  26300 22472     4013.0000   122     4015.0000     4009.0000  1768246    0.15%
  26400 22571     4014.0000   113     4015.0000     4009.0000  1773010    0.15%
  26500 22663     4011.0000   130     4015.0000     4009.0000  1784472    0.15%
  26600 22761     4013.0000    93     4015.0000     4009.0000  1789197    0.15%
  26700 22852     4010.0000   118     4015.0000     4009.0000  1796099    0.15%
  26800 22952     4010.0000    92     4015.0000     4009.0000  1799802    0.15%
  26900 23049     4011.0000   101     4015.0000     4009.0000  1803787    0.15%
  27000 23143     4013.0000    70     4015.0000     4009.0000  1807882    0.15%
Elapsed time = 1689.39 sec. (tree size = 209.34 MB, solutions = 4)
Nodefile size = 81.57 MB (43.75 MB after compression)
  27100 23236     4012.0000   117     4015.0000     4009.0000  1818046    0.15%
  27200 23334     4014.0000    94     4015.0000     4009.0000  1825030    0.15%
  27300 23424     4011.0000   117     4015.0000     4009.0000  1836912    0.15%
  27400 23522     4013.0000   115     4015.0000     4009.0000  1844089    0.15%
  27500 23615    infeasible           4015.0000     4009.0000  1849906    0.15%
  27600 23710     4012.0000   134     4015.0000     4009.0000  1866704    0.15%
  27700 23804     4014.0000    85     4015.0000     4009.0000  1873135    0.15%
  27800 23895     4012.0000   116     4015.0000     4009.0000  1894855    0.15%
  27900 23993     4014.0000   115     4015.0000     4009.0000  1901233    0.15%
  28000 24086     4012.0000   108     4015.0000     4009.0000  1909433    0.15%
Elapsed time = 1795.06 sec. (tree size = 219.62 MB, solutions = 4)
Nodefile size = 92.52 MB (49.37 MB after compression)
  28100 24183     4014.0000   116     4015.0000     4009.0000  1914087    0.15%
  28200 24270     4014.0000    84     4015.0000     4009.0000  1922355    0.15%
  28300 24366     4014.0000   107     4015.0000     4009.0000  1930988    0.15%
  28400 24456     4014.0000    72     4015.0000     4009.0000  1941142    0.15%
  28500 24556     4014.0000    94     4015.0000     4009.0000  1943944    0.15%
  28600 24646     4014.0000    80     4015.0000     4009.0000  1950650    0.15%
  28700 24746     4014.0000    92     4015.0000     4009.0000  1954931    0.15%
  28800 24842     4010.0000   144     4015.0000     4009.0000  1965329    0.15%
  28900 24939     4013.0000   113     4015.0000     4009.0000  1974159    0.15%
  29000 25036     4014.0000   123     4015.0000     4009.0000  1981522    0.15%
Elapsed time = 1875.72 sec. (tree size = 230.22 MB, solutions = 4)
Nodefile size = 102.46 MB (53.34 MB after compression)
  29100 25132     4013.0000    76     4015.0000     4009.0000  1984657    0.15%
  29200 25230     4013.0000    99     4015.0000     4009.0000  1988566    0.15%
  29300 25326     4013.0000   101     4015.0000     4009.0000  1994471    0.15%
  29400 25414     4009.0000   107     4015.0000     4009.0000  2004408    0.15%
  29500 25511     4012.0000   120     4015.0000     4009.0000  2017736    0.15%
  29600 25607     4014.0000    88     4015.0000     4009.0000  2029548    0.15%
  29700 25699     4012.0000    90     4015.0000     4009.0000  2033146    0.15%
  29800 25799     4012.0000   104     4015.0000     4009.0000  2037768    0.15%
  29900 25888     4010.0000   122     4015.0000     4009.0000  2050409    0.15%
  30000 25984     4012.0000   128     4015.0000     4009.0000  2059332    0.15%
Elapsed time = 1954.03 sec. (tree size = 240.86 MB, solutions = 4)
Nodefile size = 113.42 MB (58.45 MB after compression)
  30100 26082     4014.0000   111     4015.0000     4009.0000  2066365    0.15%
  30200 26174     4011.0000   137     4015.0000     4009.0000  2078472    0.15%
  30300 26272     4013.0000   126     4015.0000     4009.0000  2085323    0.15%
  30400 26358     4011.0000   122     4015.0000     4009.0000  2098944    0.15%
  30500 26456     4013.0000   132     4015.0000     4009.0000  2110279    0.15%
  30600 26550     4010.0000   114     4015.0000     4009.0000  2118307    0.15%
  30700 26648     4012.0000   113     4015.0000     4009.0000  2128132    0.15%
  30800 26746     4014.0000   116     4015.0000     4009.0000  2134524    0.15%
  30900 26831        cutoff           4015.0000     4009.0000  2141939    0.15%
  31000 26929     4014.0000    73     4015.0000     4009.0000  2146055    0.15%
Elapsed time = 2044.38 sec. (tree size = 251.49 MB, solutions = 4)
Nodefile size = 124.37 MB (63.70 MB after compression)
  31100 27023        cutoff           4015.0000     4009.0000  2154232    0.15%
  31200 27106     4014.0000    93     4015.0000     4009.0000  2161855    0.15%
  31300 27200     4014.0000    71     4015.0000     4009.0000  2172999    0.15%
  31400 27300     4014.0000   119     4015.0000     4009.0000  2179306    0.15%
  31500 27391     4011.0000   124     4015.0000     4009.0000  2195758    0.15%
  31600 27489     4013.0000   126     4015.0000     4009.0000  2203277    0.15%
  31700 27578     4010.0000   107     4015.0000     4009.0000  2212006    0.15%
  31800 27674     4012.0000   119     4015.0000     4009.0000  2220754    0.15%
  31900 27765     4014.0000   105     4015.0000     4009.0000  2227005    0.15%
  32000 27865     4014.0000    79     4015.0000     4009.0000  2231254    0.15%
Elapsed time = 2128.41 sec. (tree size = 262.24 MB, solutions = 4)
Nodefile size = 134.32 MB (68.18 MB after compression)
  32100 27957     4010.0000   120     4015.0000     4009.0000  2240665    0.15%
  32200 28055     4012.0000   106     4015.0000     4009.0000  2246372    0.15%
  32300 28150     4010.0000   144     4015.0000     4009.0000  2256723    0.15%
  32400 28246     4012.0000   114     4015.0000     4009.0000  2265535    0.15%
  32500 28344     4014.0000   114     4015.0000     4009.0000  2271150    0.15%
  32600 28440     4013.0000   126     4015.0000     4009.0000  2279873    0.15%
  32700 28531     4010.0000   132     4015.0000     4009.0000  2297907    0.15%
  32800 28628     4013.0000   107     4015.0000     4009.0000  2311913    0.15%
  32900 28724     4014.0000    97     4015.0000     4009.0000  2317931    0.15%
  33000 28817     4010.0000   140     4015.0000     4009.0000  2328831    0.15%
Elapsed time = 2221.95 sec. (tree size = 273.31 MB, solutions = 4)
Nodefile size = 146.26 MB (73.90 MB after compression)
  33100 28915     4012.0000   129     4015.0000     4009.0000  2339882    0.15%
  33200 29009     4010.0000   141     4015.0000     4009.0000  2350520    0.15%
  33300 29098     4010.0000   115     4015.0000     4009.0000  2363622    0.15%
  33400 29196     4012.0000    92     4015.0000     4009.0000  2372248    0.15%
  33500 29294     4014.0000   106     4015.0000     4009.0000  2375911    0.15%
  33600 29386     4011.0000   125     4015.0000     4009.0000  2388486    0.15%
  33700 29484     4013.0000   120     4015.0000     4009.0000  2397038    0.15%
  33800 29581     4014.0000   100     4015.0000     4009.0000  2401637    0.15%
  33900 29669     4010.0000   137     4015.0000     4009.0000  2413398    0.15%
  34000 29764     4012.0000   119     4015.0000     4009.0000  2421470    0.15%
Elapsed time = 2323.17 sec. (tree size = 284.52 MB, solutions = 4)
Nodefile size = 157.20 MB (79.40 MB after compression)
  34100 29856     4010.0000   121     4015.0000     4009.0000  2428596    0.15%
  34200 29954     4012.0000   115     4015.0000     4009.0000  2436730    0.15%
  34300 30050     4013.0000   119     4015.0000     4009.0000  2442444    0.15%
  34400 30142     4010.0000   120     4015.0000     4009.0000  2449205    0.15%
  34500 30240     4012.0000   118     4015.0000     4009.0000  2456781    0.15%
  34600 30326     4009.0000   131     4015.0000     4009.0000  2465169    0.15%
  34700 30424     4013.0000    22     4015.0000     4009.0000  2472059    0.15%
  34800 30523     4014.0000    62     4015.0000     4009.0000  2473266    0.15%
  34900 30621     4014.0000    70     4015.0000     4009.0000  2477395    0.15%
  35000 30717     4009.0000   129     4015.0000     4009.0000  2484628    0.15%
Elapsed time = 2404.45 sec. (tree size = 295.90 MB, solutions = 4)
Nodefile size = 168.14 MB (84.29 MB after compression)
  35100 30813     4011.0000   104     4015.0000     4009.0000  2496226    0.15%
  35200 30908     4012.0000   102     4015.0000     4009.0000  2499956    0.15%
  35300 31002     4009.0000   162     4015.0000     4009.0000  2510825    0.15%
  35400 31100     4011.0000   132     4015.0000     4009.0000  2517983    0.15%
  35500 31196     4014.0000   100     4015.0000     4009.0000  2523429    0.15%
  35600 31288     4010.0000   122     4015.0000     4009.0000  2540004    0.15%
  35700 31385     4012.0000    97     4015.0000     4009.0000  2545020    0.15%
  35800 31480     4013.0000    67     4015.0000     4009.0000  2551398    0.15%
  35900 31579     4013.0000    90     4015.0000     4009.0000  2555662    0.15%
  36000 31673     4010.0000   110     4015.0000     4009.0000  2568744    0.15%
Elapsed time = 2497.39 sec. (tree size = 307.27 MB, solutions = 4)
Nodefile size = 180.08 MB (90.04 MB after compression)
  36100 31771     4011.0068   145     4015.0000     4009.0000  2581311    0.15%
  36200 31869     4012.0000   103     4015.0000     4009.0000  2584671    0.15%
  36300 31967     4014.0000    73     4015.0000     4009.0000  2590131    0.15%
  36400 32045     4009.0000   123     4015.0000     4009.0000  2601525    0.15%
  36500 32143     4011.0000   104     4015.0000     4009.0000  2611475    0.15%
  36600 32232     4014.0000    70     4015.0000     4009.0000  2617718    0.15%
  36700 32332     4014.0000    89     4015.0000     4009.0000  2620113    0.15%
  36800 32422     4014.0000    88     4015.0000     4009.0000  2628246    0.15%
  36900 32516     4014.0000    92     4015.0000     4009.0000  2638175    0.15%
  37000 32612     4014.0000   109     4015.0000     4009.0000  2644051    0.15%
Elapsed time = 2583.56 sec. (tree size = 318.75 MB, solutions = 4)
Nodefile size = 190.93 MB (94.81 MB after compression)
  37100 32700     4014.0000    85     4015.0000     4009.0000  2653964    0.15%
  37200 32798     4014.0000   102     4015.0000     4009.0000  2663558    0.15%
  37300 32882     4009.0000   136     4015.0000     4009.0000  2679303    0.15%
  37400 32980     4014.0000    99     4015.0000     4009.0000  2681876    0.15%
  37500 33072     4013.0000    80     4015.0000     4009.0000  2694351    0.15%
  37600 33172     4013.0000    90     4015.0000     4009.0000  2697581    0.15%
  37700 33271     4014.0000   105     4015.0000     4009.0000  2704876    0.15%
  37800 33363     4010.0000   139     4015.0000     4009.0000  2722799    0.15%
  37900 33459     4012.0000   123     4015.0000     4009.0000  2732892    0.15%
  38000 33547     4010.0000   114     4015.0000     4009.0000  2739532    0.15%
Elapsed time = 2688.64 sec. (tree size = 330.25 MB, solutions = 4)
Nodefile size = 202.77 MB (99.75 MB after compression)
  38100 33646     4011.0000   122     4015.0000     4009.0000  2749235    0.15%
  38200 33744     4013.0000    99     4015.0000     4009.0000  2753305    0.15%
  38300 33835     4013.0000    65     4015.0000     4009.0000  2772181    0.15%
  38400 33935     4013.0000    96     4015.0000     4009.0000  2774621    0.15%
  38500 34033     4013.0000   111     4015.0000     4009.0000  2781102    0.15%
  38600 34115     4013.0000    76     4015.0000     4009.0000  2790755    0.15%
  38700 34215     4013.0000   108     4015.0000     4009.0000  2795143    0.15%
  38800 34313     4014.0000   109     4015.0000     4009.0000  2801459    0.15%
  38900 34404     4010.0000   121     4015.0000     4009.0000  2813771    0.15%
  39000 34502     4012.0000   102     4015.0000     4009.0000  2821426    0.15%
Elapsed time = 2776.91 sec. (tree size = 342.06 MB, solutions = 4)
Nodefile size = 214.69 MB (105.27 MB after compression)
  39100 34599     4013.0000   104     4015.0000     4009.0000  2825983    0.15%
  39200 34682     4010.0000    96     4015.0000     4009.0000  2837834    0.15%
  39300 34781     4011.0000   110     4015.0000     4009.0000  2846974    0.15%
  39400 34878     4013.0000   117     4015.0000     4009.0000  2851794    0.15%
  39500 34967     4012.0000    83     4015.0000     4009.0000  2862325    0.15%
  39600 35067     4012.0000   107     4015.0000     4009.0000  2866543    0.15%
  39700 35166     4013.0000    93     4015.0000     4009.0000  2874290    0.15%
  39800 35247     4014.0000   101     4015.0000     4009.0000  2884737    0.15%
  39900 35347     4014.0000   101     4015.0000     4009.0000  2888289    0.15%
  40000 35433     4014.0000    53     4015.0000     4009.0000  2894729    0.15%
Elapsed time = 2852.52 sec. (tree size = 353.57 MB, solutions = 4)
Nodefile size = 225.64 MB (110.22 MB after compression)
  40100 35531     4014.0000    85     4015.0000     4009.0000  2899110    0.15%
  40200 35629     4014.0000   102     4015.0000     4009.0000  2905798    0.15%
  40300 35719     4012.0000   106     4015.0000     4009.0000  2919896    0.15%
  40400 35817     4012.0000   123     4015.0000     4009.0000  2929870    0.15%
  40500 35915     4014.0000   123     4015.0000     4009.0000  2935940    0.15%
  40600 36004     4012.0000    83     4015.0000     4009.0000  2948993    0.15%
  40700 36104     4012.0000   112     4015.0000     4009.0000  2952285    0.15%
  40800 36203     4013.0000   118     4015.0000     4009.0000  2958797    0.15%
  40900 36296     4010.0000   110     4015.0000     4009.0000  2969964    0.15%
  41000 36387     4012.0000   100     4015.0000     4009.0000  2979964    0.15%
Elapsed time = 2939.73 sec. (tree size = 365.59 MB, solutions = 4)
Nodefile size = 238.58 MB (115.86 MB after compression)
  41100 36483     4013.0000   132     4015.0000     4009.0000  2985279    0.15%
  41200 36575     4014.0000    96     4015.0000     4009.0000  2993420    0.15%
  41300 36667     4013.0000    71     4015.0000     4009.0000  3003806    0.15%
  41400 36767     4013.0000   101     4015.0000     4009.0000  3006090    0.15%
  41500 36864     4013.0000   128     4015.0000     4009.0000  3013021    0.15%
  41600 36957     4012.0000    73     4015.0000     4009.0000  3025446    0.15%
  41700 37057     4012.0000   109     4015.0000     4009.0000  3030534    0.15%
  41800 37154     4013.0000   139     4015.0000     4009.0000  3037715    0.15%
  41900 37247     4010.0000   134     4015.0000     4009.0000  3051011    0.15%
  42000 37345     4012.0000   110     4015.0000     4009.0000  3059476    0.15%
Elapsed time = 3015.80 sec. (tree size = 377.78 MB, solutions = 4)
Nodefile size = 250.50 MB (121.07 MB after compression)
  42100 37442     4014.0000   104     4015.0000     4009.0000  3063976    0.15%
  42200 37537     4010.0000   119     4015.0000     4009.0000  3084818    0.15%
  42300 37631     4010.0000   104     4015.0000     4009.0000  3099726    0.15%
  42400 37729     4012.0000   100     4015.0000     4009.0000  3109637    0.15%
  42500 37827     4014.0000   109     4015.0000     4009.0000  3115147    0.15%
  42600 37922     4010.0000   117     4015.0000     4009.0000  3125214    0.15%
  42700 38021     4011.0000   117     4015.0000     4009.0000  3133057    0.15%
  42800 38115     4013.0000    98     4015.0000     4009.0000  3138106    0.15%
  42900 38207     4010.0000   127     4015.0000     4009.0000  3145850    0.15%
  43000 38305     4012.0000   139     4015.0000     4009.0000  3154149    0.15%
Elapsed time = 3111.17 sec. (tree size = 389.91 MB, solutions = 4)
Nodefile size = 262.43 MB (127.57 MB after compression)
  43100 38401    infeasible           4015.0000     4009.0000  3159427    0.15%
  43200 38490     4010.0000   131     4015.0000     4009.0000  3176803    0.15%
  43300 38583     4013.0000   101     4015.0000     4009.0000  3185148    0.15%
  43400 38675     4013.0000    59     4015.0000     4009.0000  3192012    0.15%
  43500 38775     4013.0000    63     4015.0000     4009.0000  3194046    0.15%
  43600 38875     4013.0000    84     4015.0000     4009.0000  3197114    0.15%
  43700 38965     4011.0000   110     4015.0000     4009.0000  3205175    0.15%
  43800 39064     4012.0000   118     4015.0000     4009.0000  3214102    0.15%
  43900 39156     4010.0000   119     4015.0000     4009.0000  3230761    0.15%
  44000 39254     4012.0000    99     4015.0000     4009.0000  3242537    0.15%
Elapsed time = 3213.69 sec. (tree size = 401.99 MB, solutions = 4)
Nodefile size = 274.37 MB (133.60 MB after compression)
  44100 39346     4014.0000   106     4015.0000     4009.0000  3248021    0.15%
  44200 39438     4011.0000    87     4015.0000     4009.0000  3255671    0.15%
  44300 39536     4013.0000    87     4015.0000     4009.0000  3261483    0.15%
  44400 39630     4011.0000   114     4015.0000     4009.0000  3273160    0.15%
  44500 39728     4013.0000    86     4015.0000     4009.0000  3279844    0.15%
  44600 39822     4011.0000   107     4015.0000     4009.0000  3289362    0.15%
  44700 39919     4014.0000    80     4015.0000     4009.0000  3296834    0.15%
  44800 40015     4010.0000   123     4015.0000     4009.0000  3306019    0.15%
  44900 40110     4012.0000   121     4015.0000     4009.0000  3315821    0.15%
  45000 40201     4010.0000   119     4015.0000     4009.0000  3322871    0.15%
Elapsed time = 3307.14 sec. (tree size = 414.29 MB, solutions = 4)
Nodefile size = 286.30 MB (139.82 MB after compression)
  45100 40299     4012.0000   123     4015.0000     4009.0000  3329608    0.15%
  45200 40392     4012.0000    79     4015.0000     4009.0000  3336406    0.15%
  45300 40492     4012.0000   114     4015.0000     4009.0000  3343572    0.15%
  45400 40580     4010.0000   122     4015.0000     4009.0000  3360463    0.15%
  45500 40678     4012.0000   119     4015.0000     4009.0000  3370252    0.15%
  45600 40776     4014.0000    71     4015.0000     4009.0000  3376177    0.15%
  45700 40870     4013.0000    52     4015.0000     4009.0000  3383077    0.15%
  45800 40968     4013.0000    59     4015.0000     4009.0000  3387953    0.15%
  45900 41061     4013.0000    85     4015.0000     4009.0000  3413648    0.15%
  46000 41153     4013.0000    94     4015.0000     4009.0000  3420052    0.15%
Elapsed time = 3419.20 sec. (tree size = 426.53 MB, solutions = 4)
Nodefile size = 299.19 MB (146.05 MB after compression)
  46100 41215     4014.0000    80     4015.0000     4009.0000  3442217    0.15%
  46200 41315     4014.0000    87     4015.0000     4009.0000  3445471    0.15%
  46300 41402     4014.0000    87     4015.0000     4009.0000  3454054    0.15%
  46400 41502     4014.0000    70     4015.0000     4009.0000  3456961    0.15%
  46500 41594     4013.0000    86     4015.0000     4009.0000  3468001    0.15%
  46600 41694     4013.0000   111     4015.0000     4009.0000  3473074    0.15%
  46700 41788     4013.0000    97     4015.0000     4009.0000  3480378    0.15%
  46800 41888     4013.0000   115     4015.0000     4009.0000  3484282    0.15%
  46900 41985     4014.0000   120     4015.0000     4009.0000  3492878    0.15%
  47000 42080     4011.0000   106     4015.0000     4009.0000  3510675    0.15%
Elapsed time = 3512.09 sec. (tree size = 438.77 MB, solutions = 4)
Nodefile size = 311.09 MB (150.82 MB after compression)
  47100 42178     4013.0000   119     4015.0000     4009.0000  3518229    0.15%
  47200 42272     4010.0000   127     4015.0000     4009.0000  3524780    0.15%
  47300 42371     4011.0000   110     4015.0000     4009.0000  3535532    0.15%
  47400 42469     4013.0000    90     4015.0000     4009.0000  3541519    0.15%
  47500 42560     4011.0000   122     4015.0000     4009.0000  3554341    0.15%
  47600 42647     4010.0000   138     4015.0000     4009.0000  3567403    0.15%
  47700 42740     4010.0000   135     4015.0000     4009.0000  3576465    0.15%
  47800 42837     4013.0000   130     4015.0000     4009.0000  3585730    0.15%
  47900 42936     4014.0000   118     4015.0000     4009.0000  3589641    0.15%
  48000 43030     4013.0000   108     4015.0000     4009.0000  3595954    0.15%
Elapsed time = 3607.42 sec. (tree size = 451.22 MB, solutions = 4)
Nodefile size = 324.01 MB (157.57 MB after compression)
  48100 43129     4013.0000   126     4015.0000     4009.0000  3601908    0.15%
  48200 43219     4010.0000   130     4015.0000     4009.0000  3621919    0.15%
  48300 43311     4012.0000    94     4015.0000     4009.0000  3630226    0.15%
  48400 43403     4012.0000   113     4015.0000     4009.0000  3633323    0.15%
  48500 43486     4013.0000    98     4015.0000     4009.0000  3639737    0.15%
  48600 43573     4012.0000   105     4015.0000     4009.0000  3646829    0.15%
  48700 43665     4014.0000    99     4015.0000     4009.0000  3654983    0.15%
  48800 43765     4014.0000   111     4015.0000     4009.0000  3659370    0.15%
  48900 43861     4009.0000   129     4015.0000     4009.0000  3667752    0.15%
  49000 43955     4011.0000   104     4015.0000     4009.0000  3680465    0.15%
Elapsed time = 3697.45 sec. (tree size = 463.43 MB, solutions = 4)
Nodefile size = 335.95 MB (163.06 MB after compression)
  49100 44049     4014.0000    87     4015.0000     4009.0000  3685627    0.15%
  49200 44142     4010.0000   146     4015.0000     4009.0000  3706587    0.15%
  49300 44237     4013.0000   127     4015.0000     4009.0000  3713429    0.15%
  49400 44333     4009.0000   127     4015.0000     4009.0000  3721372    0.15%
  49500 44427     4014.0000    93     4015.0000     4009.0000  3728838    0.15%
  49600 44527     4014.0000   111     4015.0000     4009.0000  3733836    0.15%
  49700 44619     4014.0000    76     4015.0000     4009.0000  3743883    0.15%
  49800 44715     4014.0000    99     4015.0000     4009.0000  3754662    0.15%
  49900 44809     4014.0000   102     4015.0000     4009.0000  3761009    0.15%
  50000 44903        cutoff           4015.0000     4009.0000  3768914    0.15%
Elapsed time = 3796.19 sec. (tree size = 476.17 MB, solutions = 4)
Nodefile size = 348.84 MB (168.73 MB after compression)
  50100 44993     4014.0000    87     4015.0000     4009.0000  3776879    0.15%
  50200 45092     4014.0000   103     4015.0000     4009.0000  3782554    0.15%
  50300 45184     4014.0000    88     4015.0000     4009.0000  3793306    0.15%
  50400 45283     4014.0000   113     4015.0000     4009.0000  3797753    0.15%
  50500 45375     4012.0000    86     4015.0000     4009.0000  3806522    0.15%
  50600 45475     4012.0000   106     4015.0000     4009.0000  3813991    0.15%
  50700 45570     4013.0000    94     4015.0000     4009.0000  3823249    0.15%
  50800 45660     4014.0000   109     4015.0000     4009.0000  3837590    0.15%
  50900 45751     4010.0000   128     4015.0000     4009.0000  3858576    0.15%
  51000 45847     4013.0000    87     4015.0000     4009.0000  3868597    0.15%
Elapsed time = 3897.83 sec. (tree size = 488.93 MB, solutions = 4)
Nodefile size = 361.74 MB (174.27 MB after compression)
  51100 45941     4010.0000    96     4015.0000     4009.0000  3878670    0.15%
  51200 46039     4012.0000    96     4015.0000     4009.0000  3882934    0.15%
  51300 46132    infeasible           4015.0000     4009.0000  3886025    0.15%
  51400 46222     4014.0000    67     4015.0000     4009.0000  3897939    0.15%
  51500 46314     4014.0000    51     4015.0000     4009.0000  3907791    0.15%
  51600 46374     4014.0000   104     4015.0000     4009.0000  3953908    0.15%
  51700 46461     4010.0000   130     4015.0000     4009.0000  3968356    0.15%
  51800 46558     4013.0000   102     4015.0000     4009.0000  3976897    0.15%
  51900 46657     4014.0000   121     4015.0000     4009.0000  3982259    0.15%
  52000 46745     4011.0000    99     4015.0000     4009.0000  3992399    0.15%
Elapsed time = 4025.64 sec. (tree size = 501.24 MB, solutions = 4)
Nodefile size = 373.66 MB (180.13 MB after compression)
  52100 46833     4014.0000    79     4015.0000     4009.0000  3998824    0.15%
  52200 46933     4014.0000    92     4015.0000     4009.0000  4000950    0.15%
  52300 47027     4013.0000    92     4015.0000     4009.0000  4009637    0.15%
  52400 47127     4013.0000   133     4015.0000     4009.0000  4014326    0.15%
  52500 47226     4014.0000   131     4015.0000     4009.0000  4026521    0.15%
  52600 47315     4011.0000   103     4015.0000     4009.0000  4036715    0.15%
  52700 47409     4014.0000    80     4015.0000     4009.0000  4041985    0.15%
  52800 47504     4010.0000   141     4015.0000     4009.0000  4061486    0.15%
  52900 47597     4010.0134   146     4015.0000     4009.0000  4078925    0.15%
  53000 47692     4013.0000    91     4015.0000     4009.0000  4085847    0.15%
Elapsed time = 4128.67 sec. (tree size = 514.06 MB, solutions = 4)
Nodefile size = 386.59 MB (186.44 MB after compression)
  53100 47772        cutoff           4015.0000     4009.0000  4107147    0.15%
  53200 47868     4010.0000   127     4015.0000     4009.0000  4122303    0.15%
  53300 47955     4014.0000    56     4015.0000     4009.0000  4131827    0.15%
  53400 48053     4014.0000    93     4015.0000     4009.0000  4138531    0.15%
  53500 48147     4014.0000    67     4015.0000     4009.0000  4146518    0.15%
  53600 48243     4014.0000   116     4015.0000     4009.0000  4154199    0.15%
  53700 48327     4014.0000    66     4015.0000     4009.0000  4170811    0.15%
  53800 48421     4014.0000    57     4015.0000     4009.0000  4176910    0.15%
  53900 48519     4014.0000    70     4015.0000     4009.0000  4180572    0.15%
  54000 48619     4014.0000    90     4015.0000     4009.0000  4182543    0.15%
Elapsed time = 4241.48 sec. (tree size = 526.96 MB, solutions = 4)
Nodefile size = 399.50 MB (191.78 MB after compression)
  54100 48711     4012.0000    85     4015.0000     4009.0000  4190986    0.15%
  54200 48803     4014.0000    61     4015.0000     4009.0000  4200018    0.15%
  54300 48893        cutoff           4015.0000     4009.0000  4215872    0.15%
  54400 48989     4014.0000    97     4015.0000     4009.0000  4222453    0.15%
  54500 49089     4014.0000   100     4015.0000     4009.0000  4228290    0.15%
  54600 49181     4014.0000    93     4015.0000     4009.0000  4235168    0.15%
  54700 49279     4014.0000    94     4015.0000     4009.0000  4244173    0.15%
  54800 49372     4009.0000   139     4015.0000     4009.0000  4259898    0.15%
  54900 49468     4012.0000    78     4015.0000     4009.0000  4269013    0.15%
  55000 49556     4009.0000   140     4015.0000     4009.0000  4282533    0.15%
Elapsed time = 4355.11 sec. (tree size = 540.13 MB, solutions = 4)
Nodefile size = 412.46 MB (197.12 MB after compression)
  55100 49644     4013.0000    93     4015.0000     4009.0000  4291945    0.15%
  55200 49744     4013.0000    75     4015.0000     4009.0000  4295465    0.15%
  55300 49832     4013.0000    92     4015.0000     4009.0000  4309564    0.15%
  55400 49932     4013.0000   114     4015.0000     4009.0000  4314195    0.15%
  55500 50021     4013.0000    85     4015.0000     4009.0000  4325795    0.15%
  55600 50121     4013.0000   119     4015.0000     4009.0000  4329640    0.15%
  55700 50220     4014.0000   120     4015.0000     4009.0000  4338745    0.15%
  55800 50314     4010.0000   119     4015.0000     4009.0000  4345120    0.15%
  55900 50406     4012.0000    96     4015.0000     4009.0000  4356658    0.15%
  56000 50505     4013.0000   107     4015.0000     4009.0000  4367557    0.15%
Elapsed time = 4457.22 sec. (tree size = 553.61 MB, solutions = 4)
Nodefile size = 426.37 MB (203.11 MB after compression)
  56100 50591     4010.0000   123     4015.0000     4009.0000  4380939    0.15%
  56200 50685     4014.0000    82     4015.0000     4009.0000  4388273    0.15%
  56300 50781     4014.0000    95     4015.0000     4009.0000  4394291    0.15%
  56400 50861     4012.0000    78     4015.0000     4009.0000  4407337    0.15%
  56500 50956     4011.0000   115     4015.0000     4009.0000  4417338    0.15%
  56600 51041     4010.0000   120     4015.0000     4009.0000  4436206    0.15%
  56700 51140     4011.0000   116     4015.0000     4009.0000  4448424    0.15%
  56800 51235     4014.0000   104     4015.0000     4009.0000  4456202    0.15%
  56900 51320     4010.0000   131     4015.0000     4009.0000  4478805    0.15%
  57000 51411     4009.0000   141     4015.0000     4009.0000  4492310    0.15%
Elapsed time = 4609.95 sec. (tree size = 566.81 MB, solutions = 4)
Nodefile size = 439.29 MB (209.23 MB after compression)
  57100 51503     4014.0000    36     4015.0000     4009.0000  4506229    0.15%
  57200 51599     4014.0000    67     4015.0000     4009.0000  4510689    0.15%
  57300 51695     4014.0000   123     4015.0000     4009.0000  4520256    0.15%
  57400 51790     4011.0000    89     4015.0000     4009.0000  4535325    0.15%
  57500 51879     4010.0000    82     4015.0000     4009.0000  4548508    0.15%
  57600 51978     4011.0000    99     4015.0000     4009.0000  4561582    0.15%
  57700 52069     4010.0000   106     4015.0000     4009.0000  4572753    0.15%
  57800 52164     4013.0000    81     4015.0000     4009.0000  4579264    0.15%
  57900 52264     4013.0000   102     4015.0000     4009.0000  4586877    0.15%
  58000 52355     4009.0000   145     4015.0000     4009.0000  4608052    0.15%
Elapsed time = 4744.42 sec. (tree size = 580.66 MB, solutions = 4)
Nodefile size = 453.21 MB (216.27 MB after compression)
  58100 52453     4012.0000   118     4015.0000     4009.0000  4627105    0.15%
  58200 52546     4010.0000   101     4015.0000     4009.0000  4634841    0.15%
  58300 52645     4011.0000   123     4015.0000     4009.0000  4646111    0.15%
  58400 52742     4014.0000   136     4015.0000     4009.0000  4653743    0.15%
  58500 52838     4014.0000    73     4015.0000     4009.0000  4664244    0.15%
  58600 52938     4014.0000   108     4015.0000     4009.0000  4667693    0.15%
  58700 53030     4009.0000   145     4015.0000     4009.0000  4676313    0.15%
  58800 53125     4012.0000    98     4015.0000     4009.0000  4685488    0.15%
  58900 53223     4014.0000   115     4015.0000     4009.0000  4692372    0.15%
  59000 53316     4013.0000    57     4015.0000     4009.0000  4705592    0.15%
Elapsed time = 4858.00 sec. (tree size = 594.79 MB, solutions = 4)
Nodefile size = 467.13 MB (223.02 MB after compression)
  59100 53414     4013.0000    89     4015.0000     4009.0000  4709912    0.15%
  59200 53509     4014.0000   124     4015.0000     4009.0000  4722988    0.15%
  59300 53601     4011.0000   116     4015.0000     4009.0000  4752890    0.15%
  59400 53699     4013.0000    91     4015.0000     4009.0000  4761352    0.15%
  59500 53791     4014.0000    69     4015.0000     4009.0000  4773323    0.15%
  59600 53885     4014.0000    83     4015.0000     4009.0000  4784228    0.15%
  59700 53979     4014.0000    78     4015.0000     4009.0000  4793064    0.15%
  59800 54079     4014.0000   114     4015.0000     4009.0000  4798091    0.15%
  59900 54172        cutoff           4015.0000     4009.0000  4815463    0.15%
  60000 54263     4010.0000   116     4015.0000     4009.0000  4833371    0.15%
Elapsed time = 4995.80 sec. (tree size = 608.97 MB, solutions = 4)
Nodefile size = 481.05 MB (229.23 MB after compression)
  60100 54361     4013.0000   101     4015.0000     4009.0000  4838984    0.15%
  60200 54460     4013.0000    96     4015.0000     4009.0000  4845542    0.15%
  60300 54551     4014.0000    90     4015.0000     4009.0000  4851808    0.15%
  60400 54611     4013.0000    81     4015.0000     4009.0000  4878743    0.15%
  60500 54709     4013.0000   119     4015.0000     4009.0000  4885154    0.15%
  60600 54803     4014.0000    35     4015.0000     4009.0000  4901276    0.15%
  60700 54897     4014.0000    67     4015.0000     4009.0000  4915671    0.15%
  60800 54996     4014.0000    66     4015.0000     4009.0000  4919105    0.15%
  60900 55087     4014.0000    63     4015.0000     4009.0000  4928183    0.15%
  61000 55185     4014.0000    92     4015.0000     4009.0000  4932479    0.15%
Elapsed time = 5099.61 sec. (tree size = 622.86 MB, solutions = 4)
Nodefile size = 494.97 MB (235.03 MB after compression)
  61100 55269     4009.0000   124     4015.0000     4009.0000  4953061    0.15%
  61200 55368     4010.0000   107     4015.0000     4009.0000  4957263    0.15%
  61300 55467     4012.0000    96     4015.0000     4009.0000  4964569    0.15%
  61400 55564     4013.0000   101     4015.0000     4009.0000  4970517    0.15%
  61500 55657     4013.0000    68     4015.0000     4009.0000  4976870    0.15%
  61600 55751     4013.0000    80     4015.0000     4009.0000  4983634    0.15%
  61700 55847     4013.0000    74     4015.0000     4009.0000  4993338    0.15%
  61800 55938     4013.0000    90     4015.0000     4009.0000  5004124    0.15%
  61900 56024     4009.0000   117     4015.0000     4009.0000  5015782    0.15%
  62000 56121     4012.0000   103     4015.0000     4009.0000  5025727    0.15%
Elapsed time = 5211.66 sec. (tree size = 637.01 MB, solutions = 4)
Nodefile size = 509.61 MB (241.93 MB after compression)
  62100 56220     4013.0000   125     4015.0000     4009.0000  5030922    0.15%
  62200 56307     4014.0000    58     4015.0000     4009.0000  5047197    0.15%
  62300 56399     4014.0000    86     4015.0000     4009.0000  5057136    0.15%
  62400 56493     4014.0000    69     4015.0000     4009.0000  5067305    0.15%
  62500 56593     4014.0000   105     4015.0000     4009.0000  5071125    0.15%
  62600 56685     4013.0000    98     4015.0000     4009.0000  5084986    0.15%
  62700 56785     4013.0000    99     4015.0000     4009.0000  5088126    0.15%
  62800 56878     4010.0000   112     4015.0000     4009.0000  5109695    0.15%
  62900 56971     4012.0000    91     4015.0000     4009.0000  5123261    0.15%
  63000 57064     4014.0000    87     4015.0000     4009.0000  5131493    0.15%
Elapsed time = 5324.70 sec. (tree size = 651.35 MB, solutions = 4)
Nodefile size = 523.47 MB (248.14 MB after compression)
  63100 57152     4013.0000    74     4015.0000     4009.0000  5142400    0.15%
  63200 57239     4009.0000   145     4015.0000     4009.0000  5164556    0.15%
  63300 57338     4010.0000   131     4015.0000     4009.0000  5178759    0.15%
  63400 57433     4011.0000   119     4015.0000     4009.0000  5185729    0.15%
  63500 57522     4012.0000   116     4015.0000     4009.0000  5191191    0.15%
  63600 57612     4013.0000    80     4015.0000     4009.0000  5198147    0.15%
  63700 57690     4014.0000    60     4015.0000     4009.0000  5207382    0.15%
  63800 57790     4014.0000   105     4015.0000     4009.0000  5211426    0.15%
  63900 57885     4014.0000    63     4015.0000     4009.0000  5229452    0.15%
  64000 57985     4014.0000   115     4015.0000     4009.0000  5232348    0.15%
Elapsed time = 5435.67 sec. (tree size = 665.36 MB, solutions = 4)
Nodefile size = 538.18 MB (255.06 MB after compression)
  64100 58077     4010.0000   114     4015.0000     4009.0000  5252722    0.15%
  64200 58168     4009.0000   130     4015.0000     4009.0000  5265825    0.15%
  64300 58262     4011.0000   116     4015.0000     4009.0000  5279959    0.15%
  64400 58351     4012.0000    83     4015.0000     4009.0000  5290555    0.15%
  64500 58451     4014.0000    98     4015.0000     4009.0000  5292930    0.15%
  64600 58545     4014.0000   115     4015.0000     4009.0000  5303234    0.15%
  64700 58624     4010.0000   126     4015.0000     4009.0000  5323379    0.15%
  64800 58720     4012.0000   142     4015.0000     4009.0000  5334647    0.15%
  64900 58813     4013.0000    86     4015.0000     4009.0000  5342404    0.15%
  65000 58911     4013.0000   109     4015.0000     4009.0000  5349817    0.15%
Elapsed time = 5567.27 sec. (tree size = 679.43 MB, solutions = 4)
Nodefile size = 552.09 MB (261.67 MB after compression)
  65100 59002     4009.0000   146     4015.0000     4009.0000  5366680    0.15%
  65200 59092     4012.0000    59     4015.0000     4009.0000  5382250    0.15%
  65300 59192     4012.0000   123     4015.0000     4009.0000  5390461    0.15%
  65400 59279     4014.0000    79     4015.0000     4009.0000  5405468    0.15%
  65500 59379     4014.0000   128     4015.0000     4009.0000  5415026    0.15%
  65600 59471     4009.0000   123     4015.0000     4009.0000  5441449    0.15%
  65700 59569     4011.0000   117     4015.0000     4009.0000  5449273    0.15%
  65800 59666     4014.0000    97     4015.0000     4009.0000  5456690    0.15%
  65900 59756     4013.0000   115     4015.0000     4009.0000  5468305    0.15%
  66000 59849    infeasible           4015.0000     4009.0000  5479377    0.15%
Elapsed time = 5707.77 sec. (tree size = 693.85 MB, solutions = 4)
Nodefile size = 565.99 MB (268.59 MB after compression)
  66100 59939     4013.0000   100     4015.0000     4009.0000  5488447    0.15%
  66200 60036     4014.0000   122     4015.0000     4009.0000  5501134    0.15%
  66300 60124     4013.0000    70     4015.0000     4009.0000  5510948    0.15%
  66400 60210     4013.0000    61     4015.0000     4009.0000  5519429    0.15%
  66500 60308     4014.0000   106     4015.0000     4009.0000  5530317    0.15%
  66600 60401     4013.0000    63     4015.0000     4009.0000  5539211    0.15%
  66700 60501     4013.0000   116     4015.0000     4009.0000  5549737    0.15%
  66800 60594    infeasible           4015.0000     4009.0000  5556761    0.15%
  66900 60690     4013.0000    86     4015.0000     4009.0000  5562563    0.15%
  67000 60783     4014.0000    62     4015.0000     4009.0000  5569325    0.15%
Elapsed time = 5814.20 sec. (tree size = 708.39 MB, solutions = 4)
Nodefile size = 580.90 MB (275.06 MB after compression)
  67100 60881     4014.0000    61     4015.0000     4009.0000  5572050    0.15%
  67200 60981     4014.0000   101     4015.0000     4009.0000  5574944    0.15%
  67300 61074     4012.0000    72     4015.0000     4009.0000  5589689    0.15%
  67400 61172     4014.0000   127     4015.0000     4009.0000  5600572    0.15%
  67500 61261     4013.0000    56     4015.0000     4009.0000  5610171    0.15%
  67600 61355     4014.0000    88     4015.0000     4009.0000  5619001    0.15%
  67700 61447     4014.0000    92     4015.0000     4009.0000  5627916    0.15%
  67800 61545     4014.0000   137     4015.0000     4009.0000  5642342    0.15%
  67900 61638     4011.0000   125     4015.0000     4009.0000  5652351    0.15%
  68000 61736     4013.0000   138     4015.0000     4009.0000  5661014    0.15%
Elapsed time = 5924.86 sec. (tree size = 723.19 MB, solutions = 4)
Nodefile size = 595.83 MB (282.46 MB after compression)
  68100 61825     4010.0000   148     4015.0000     4009.0000  5675456    0.15%
  68200 61910     4013.0000    63     4015.0000     4009.0000  5688042    0.15%
  68300 62010     4013.0000   117     4015.0000     4009.0000  5692798    0.15%
  68400 62107     4014.0000   100     4015.0000     4009.0000  5702782    0.15%
  68500 62199     4014.0000    29     4015.0000     4009.0000  5717824    0.15%
  68600 62295     4014.0000   123     4015.0000     4009.0000  5727839    0.15%
  68700 62382     4009.0000   136     4015.0000     4009.0000  5755123    0.15%
  68800 62476     4010.0000   134     4015.0000     4009.0000  5771960    0.15%
  68900 62573     4013.0000    86     4015.0000     4009.0000  5784736    0.15%
  69000 62664     4014.0000    79     4015.0000     4009.0000  5790679    0.15%
Elapsed time = 6082.05 sec. (tree size = 737.67 MB, solutions = 4)
Nodefile size = 609.74 MB (292.68 MB after compression)
  69100 62764     4014.0000   130     4015.0000     4009.0000  5795017    0.15%
  69200 62856     4013.0000    83     4015.0000     4009.0000  5814192    0.15%
  69300 62950     4013.0000   108     4015.0000     4009.0000  5822210    0.15%
  69400 63048     4013.0000   127     4015.0000     4009.0000  5833138    0.15%
  69500 63133     4013.0000    84     4015.0000     4009.0000  5841448    0.15%
  69600 63223     4013.0000   104     4015.0000     4009.0000  5853886    0.15%
  69700 63322     4014.0000   108     4015.0000     4009.0000  5865894    0.15%
  69800 63415     4013.0000    76     4015.0000     4009.0000  5878214    0.15%
  69900 63506     4013.0000    93     4015.0000     4009.0000  5889458    0.15%
  70000 63603     4013.0000   126     4015.0000     4009.0000  5900044    0.15%
Elapsed time = 6215.64 sec. (tree size = 752.60 MB, solutions = 4)
Nodefile size = 624.69 MB (304.34 MB after compression)
  70100 63696     4014.0000   121     4015.0000     4009.0000  5907721    0.15%
  70200 63794     4014.0000   130     4015.0000     4009.0000  5918033    0.15%
  70300 63887     4014.0000   118     4015.0000     4009.0000  5925966    0.15%
  70400 63967     4014.0000    53     4015.0000     4009.0000  5937914    0.15%
  70500 64058     4014.0000    73     4015.0000     4009.0000  5947551    0.15%
  70600 64156     4014.0000   125     4015.0000     4009.0000  5956563    0.15%
  70700 64242     4011.0000   118     4015.0000     4009.0000  5981141    0.15%
  70800 64340     4013.0000   112     4015.0000     4009.0000  5991219    0.15%
  70900 64432     4010.0000   136     4015.0000     4009.0000  6005657    0.15%
  71000 64529     4013.0000   109     4015.0000     4009.0000  6015927    0.15%
Elapsed time = 6349.81 sec. (tree size = 767.20 MB, solutions = 4)
Nodefile size = 639.58 MB (314.75 MB after compression)
  71100 64616     4009.0000   149     4015.0000     4009.0000  6036461    0.15%
  71200 64714     4014.0000   124     4015.0000     4009.0000  6044328    0.15%
  71300 64814     4014.0000   141     4015.0000     4009.0000  6054443    0.15%
  71400 64904     4011.0000   127     4015.0000     4009.0000  6078139    0.15%
  71500 65002     4013.0000   124     4015.0000     4009.0000  6084955    0.15%
  71600 65095     4010.0000    99     4015.0000     4009.0000  6104874    0.15%
  71700 65189     4010.0000   137     4015.0000     4009.0000  6122181    0.15%
  71800 65279     4013.0000    90     4015.0000     4009.0000  6132083    0.15%
  71900 65377     4013.0000   119     4015.0000     4009.0000  6140751    0.15%
  72000 65464     4009.0000   157     4015.0000     4009.0000  6160146    0.15%
Elapsed time = 6509.17 sec. (tree size = 781.79 MB, solutions = 4)
Nodefile size = 654.48 MB (324.65 MB after compression)
  72100 65559     4011.0000   115     4015.0000     4009.0000  6174065    0.15%
  72200 65637     4014.0000    72     4015.0000     4009.0000  6181156    0.15%
  72300 65733     4014.0000    62     4015.0000     4009.0000  6189484    0.15%
  72400 65825     4014.0000   119     4015.0000     4009.0000  6200165    0.15%
  72500 65909     4014.0000    45     4015.0000     4009.0000  6213046    0.15%
  72600 66005     4014.0000    90     4015.0000     4009.0000  6218236    0.15%
  72700 66087     4009.0000   125     4015.0000     4009.0000  6232773    0.15%
  72800 66184     4013.0000   140     4015.0000     4009.0000  6247073    0.15%
  72900 66278     4014.0000    77     4015.0000     4009.0000  6252834    0.15%
  73000 66378     4014.0000    89     4015.0000     4009.0000  6256254    0.15%
Elapsed time = 6619.61 sec. (tree size = 796.38 MB, solutions = 4)
Nodefile size = 668.39 MB (334.79 MB after compression)
  73100 66473     4012.0000   100     4015.0000     4009.0000  6267941    0.15%
  73200 66573     4012.0000   117     4015.0000     4009.0000  6275542    0.15%
  73300 66669     4014.0000   126     4015.0000     4009.0000  6285396    0.15%
  73400 66744     4014.0000    88     4015.0000     4009.0000  6309870    0.15%
  73500 66844     4014.0000    95     4015.0000     4009.0000  6311596    0.15%
  73600 66944     4014.0000   113     4015.0000     4009.0000  6316299    0.15%
  73700 67034     4009.0023   174     4015.0000     4009.0000  6329384    0.15%
  73800 67127     4012.0000   116     4015.0000     4009.0000  6343186    0.15%
  73900 67223     4014.0000   112     4015.0000     4009.0000  6348834    0.15%
  74000 67315     4014.0000    57     4015.0000     4009.0000  6354640    0.15%
Elapsed time = 6729.22 sec. (tree size = 811.28 MB, solutions = 4)
Nodefile size = 683.29 MB (346.17 MB after compression)
  74100 67405     4014.0000   117     4015.0000     4009.0000  6370212    0.15%
  74200 67497     4013.0000    92     4015.0000     4009.0000  6380592    0.15%
  74300 67593     4014.0000    86     4015.0000     4009.0000  6391379    0.15%
  74400 67693     4014.0000   115     4015.0000     4009.0000  6399568    0.15%
  74500 67768     4010.0000   127     4015.0000     4009.0000  6419280    0.15%
  74600 67862     4013.0000   103     4015.0000     4009.0000  6432294    0.15%
  74700 67954     4011.0000   107     4015.0000     4009.0000  6453023    0.15%
  74800 68052     4013.0000   143     4015.0000     4009.0000  6465778    0.15%
  74900 68136     4014.0000   110     4015.0000     4009.0000  6482018    0.15%
  75000 68227     4013.0000   101     4015.0000     4009.0000  6497455    0.15%
Elapsed time = 6884.34 sec. (tree size = 825.92 MB, solutions = 4)
Nodefile size = 698.22 MB (357.68 MB after compression)
  75100 68326     4014.0000   124     4015.0000     4009.0000  6512599    0.15%
  75200 68418     4013.0000   140     4015.0000     4009.0000  6521313    0.15%
  75300 68513     4014.0000   137     4015.0000     4009.0000  6538294    0.15%
  75400 68605     4013.0000   110     4015.0000     4009.0000  6547119    0.15%
  75500 68701     4013.0000   117     4015.0000     4009.0000  6557432    0.15%
  75600 68790     4013.0000    96     4015.0000     4009.0000  6569033    0.15%
  75700 68888     4013.0000   132     4015.0000     4009.0000  6585079    0.15%
  75800 68979     4013.0000    71     4015.0000     4009.0000  6596610    0.15%
  75900 69075     4014.0000    81     4015.0000     4009.0000  6602988    0.15%
  76000 69167     4013.0000    69     4015.0000     4009.0000  6613794    0.15%
Elapsed time = 7009.78 sec. (tree size = 841.17 MB, solutions = 4)
Nodefile size = 713.99 MB (370.04 MB after compression)
  76100 69265     4013.0000    91     4015.0000     4009.0000  6618803    0.15%
  76200 69361     4013.0000   119     4015.0000     4009.0000  6626796    0.15%
  76300 69449     4013.0000    51     4015.0000     4009.0000  6637714    0.15%
  76400 69549     4013.0000    76     4015.0000     4009.0000  6639487    0.15%
  76500 69645     4013.0000    48     4015.0000     4009.0000  6642301    0.15%
  76600 69738     4014.0000    38     4015.0000     4009.0000  6646131    0.15%
  76700 69830     4013.0000   102     4015.0000     4009.0000  6653598    0.15%
  76800 69929     4014.0000    81     4015.0000     4009.0000  6667100    0.15%
  76900 70018     4012.0000   126     4015.0000     4009.0000  6689549    0.15%
  77000 70106     4014.0000   128     4015.0000     4009.0000  6699598    0.15%
Elapsed time = 7109.27 sec. (tree size = 856.39 MB, solutions = 4)
Nodefile size = 728.83 MB (381.77 MB after compression)
  77100 70202     4014.0000   108     4015.0000     4009.0000  6708097    0.15%
  77200 70285     4014.0000    73     4015.0000     4009.0000  6724098    0.15%
  77300 70380     4011.0000   104     4015.0000     4009.0000  6739186    0.15%
  77400 70478     4013.0000   102     4015.0000     4009.0000  6751839    0.15%
  77500 70565    infeasible           4015.0000     4009.0000  6763281    0.15%

Cover cuts applied:  811
Zero-half cuts applied:  2
Gomory fractional cuts applied:  25

Solution pool: 4 solutions saved.

MIP - Time limit exceeded, integer feasible:  Objective = 4.0150000000e+003
Current MIP best bound = 4.0090000000e+003 (gap = 6, 0.15%)
Solution time = 7200.05 sec.  Iterations = 6777987  Nodes = 77559 (70620)


Incumbent solution
Variable Name           Solution Value
Cmax                       4015.000000
X_1_46                        1.000000
X_2_14                        1.000000
X_3_31                        1.000000
X_4_33                        1.000000
X_5_17                        1.000000
X_6_20                        1.000000
X_7_16                        1.000000
X_8_10                        1.000000
X_9_11                        1.000000
X_10_37                       1.000000
X_11_19                       1.000000
X_12_49                       1.000000
X_13_43                       1.000000
X_14_18                       1.000000
X_15_44                       1.000000
X_16_13                       1.000000
X_17_2                        1.000000
X_18_26                       1.000000
X_19_20                       1.000000
X_20_47                       1.000000
X_21_47                       1.000000
X_22_48                       1.000000
X_23_2                        1.000000
X_24_35                       1.000000
X_25_14                       1.000000
X_26_18                       1.000000
X_27_10                       1.000000
X_28_4                        1.000000
X_29_36                       1.000000
X_30_30                       1.000000
X_31_40                       1.000000
X_32_25                       1.000000
X_33_32                       1.000000
X_34_39                       1.000000
X_35_28                       1.000000
X_36_39                       1.000000
X_37_16                       1.000000
X_38_49                       1.000000
X_39_9                        1.000000
X_40_21                       1.000000
X_41_12                       1.000000
X_42_19                       1.000000
X_43_28                       1.000000
X_44_32                       1.000000
X_45_16                       1.000000
X_46_14                       1.000000
X_47_26                       1.000000
X_48_34                       1.000000
X_49_36                       1.000000
X_50_39                       1.000000
X_51_36                       1.000000
X_52_18                       1.000000
X_53_44                       1.000000
X_54_17                       1.000000
X_55_35                       1.000000
X_56_6                        1.000000
X_57_11                       1.000000
X_58_26                       1.000000
X_59_3                        1.000000
X_60_34                       1.000000
X_61_37                       1.000000
X_62_49                       1.000000
X_63_22                       1.000000
X_64_1                        1.000000
X_65_17                       1.000000
X_66_16                       1.000000
X_67_42                       1.000000
X_68_47                       1.000000
X_69_9                        1.000000
X_70_27                       1.000000
X_71_42                       1.000000
X_72_28                       1.000000
X_73_34                       1.000000
X_74_28                       1.000000
X_75_30                       1.000000
X_76_50                       1.000000
X_77_22                       1.000000
X_78_38                       1.000000
X_79_31                       1.000000
X_80_21                       1.000000
X_81_6                        1.000000
X_82_29                       1.000000
X_83_23                       1.000000
X_84_3                        1.000000
X_85_42                       1.000000
X_86_35                       1.000000
X_87_23                       1.000000
X_88_48                       1.000000
X_89_9                        1.000000
X_90_27                       1.000000
X_91_15                       1.000000
X_92_5                        1.000000
X_93_7                        1.000000
X_94_49                       1.000000
X_95_29                       1.000000
X_96_10                       1.000000
X_97_29                       1.000000
X_98_12                       1.000000
X_99_24                       1.000000
X_100_45                      1.000000
X_101_43                      1.000000
X_102_31                      1.000000
X_103_41                      1.000000
X_104_5                       1.000000
X_105_14                      1.000000
X_106_48                      1.000000
X_107_37                      1.000000
X_108_20                      1.000000
X_109_15                      1.000000
X_110_25                      1.000000
X_111_10                      1.000000
X_112_18                      1.000000
X_113_31                      1.000000
X_114_19                      1.000000
X_115_23                      1.000000
X_116_32                      1.000000
X_117_50                      1.000000
X_118_6                       1.000000
X_119_30                      1.000000
X_120_8                       1.000000
X_121_48                      1.000000
X_122_7                       1.000000
X_123_13                      1.000000
X_124_4                       1.000000
X_125_11                      1.000000
X_126_21                      1.000000
X_127_20                      1.000000
X_128_38                      1.000000
X_129_13                      1.000000
X_130_21                      1.000000
X_131_25                      1.000000
X_132_8                       1.000000
X_133_12                      1.000000
X_134_44                      1.000000
X_135_38                      1.000000
X_136_41                      1.000000
X_137_45                      1.000000
X_138_17                      1.000000
X_139_33                      1.000000
X_140_34                      1.000000
X_141_15                      1.000000
X_142_24                      1.000000
X_143_36                      1.000000
X_144_29                      1.000000
X_145_30                      1.000000
X_146_37                      1.000000
X_147_32                      1.000000
X_148_46                      1.000000
X_149_26                      1.000000
X_150_24                      1.000000
X_151_5                       1.000000
X_152_45                      1.000000
X_153_3                       1.000000
X_154_4                       1.000000
X_155_39                      1.000000
X_156_7                       1.000000
X_157_12                      1.000000
X_158_8                       1.000000
X_159_45                      1.000000
X_160_24                      1.000000
X_161_41                      1.000000
X_162_50                      1.000000
X_163_19                      1.000000
X_164_4                       1.000000
X_165_1                       1.000000
X_166_27                      1.000000
X_167_27                      1.000000
X_168_11                      1.000000
X_169_40                      1.000000
X_170_23                      1.000000
X_171_40                      1.000000
X_172_8                       1.000000
X_173_43                      1.000000
X_174_2                       1.000000
X_175_1                       1.000000
X_176_2                       1.000000
X_177_46                      1.000000
X_178_25                      1.000000
X_179_33                      1.000000
X_180_1                       1.000000
X_181_5                       1.000000
X_182_44                      1.000000
X_183_50                      1.000000
X_184_47                      1.000000
X_185_43                      1.000000
X_186_7                       1.000000
X_187_42                      1.000000
X_188_41                      1.000000
X_189_46                      1.000000
X_190_38                      1.000000
X_191_33                      1.000000
X_192_40                      1.000000
X_193_22                      1.000000
X_194_3                       1.000000
X_195_13                      1.000000
X_196_6                       1.000000
X_197_22                      1.000000
X_198_35                      1.000000
X_199_9                       1.000000
X_200_15                      1.000000
All other variables in the range 1-10001 are 0.
