1000 10 1
10
	0	78	1	31	2	17	3	82	4	73	5	22	6	54	7	27	8	95	9	85	
	0	81	1	34	2	95	3	28	4	69	5	27	6	58	7	19	8	97	9	79	
	0	31	1	83	2	71	3	76	4	47	5	66	6	47	7	92	8	50	9	33	
	0	56	1	59	2	59	3	42	4	45	5	46	6	52	7	33	8	90	9	32	
	0	47	1	67	2	26	3	59	4	29	5	99	6	56	7	17	8	74	9	38	
	0	88	1	69	2	95	3	85	4	34	5	43	6	85	7	38	8	89	9	26	
	0	45	1	48	2	73	3	39	4	49	5	55	6	97	7	27	8	62	9	57	
	0	67	1	56	2	80	3	39	4	10	5	89	6	62	7	56	8	91	9	25	
	0	55	1	13	2	82	3	97	4	68	5	63	6	46	7	57	8	94	9	98	
	0	47	1	93	2	19	3	10	4	55	5	31	6	54	7	90	8	47	9	23	
	0	13	1	74	2	49	3	44	4	64	5	97	6	86	7	83	8	46	9	56	
	0	10	1	61	2	54	3	19	4	58	5	85	6	35	7	54	8	21	9	83	
	0	84	1	11	2	71	3	87	4	32	5	45	6	79	7	81	8	61	9	56	
	0	18	1	24	2	55	3	35	4	43	5	40	6	74	7	27	8	74	9	62	
	0	90	1	42	2	92	3	29	4	75	5	13	6	52	7	72	8	50	9	59	
	0	51	1	30	2	92	3	85	4	54	5	61	6	14	7	94	8	33	9	99	
	0	100	1	94	2	16	3	30	4	52	5	18	6	27	7	11	8	44	9	94	
	0	77	1	90	2	76	3	87	4	89	5	14	6	100	7	76	8	89	9	12	
	0	30	1	40	2	57	3	12	4	60	5	27	6	13	7	47	8	31	9	23	
	0	36	1	69	2	41	3	75	4	98	5	83	6	77	7	62	8	44	9	45	
	0	78	1	14	2	87	3	73	4	23	5	93	6	38	7	84	8	85	9	25	
	0	64	1	14	2	26	3	39	4	30	5	47	6	37	7	64	8	50	9	73	
	0	71	1	66	2	87	3	25	4	91	5	18	6	11	7	60	8	81	9	81	
	0	49	1	80	2	44	3	17	4	66	5	97	6	43	7	91	8	89	9	69	
	0	94	1	26	2	54	3	81	4	40	5	31	6	70	7	41	8	20	9	13	
	0	33	1	20	2	65	3	99	4	73	5	67	6	41	7	19	8	73	9	93	
	0	59	1	91	2	65	3	49	4	34	5	81	6	77	7	30	8	61	9	75	
	0	95	1	92	2	21	3	81	4	59	5	34	6	13	7	18	8	23	9	27	
	0	10	1	43	2	48	3	36	4	10	5	73	6	100	7	60	8	95	9	64	
	0	75	1	96	2	76	3	84	4	45	5	15	6	92	7	96	8	11	9	83	
	0	55	1	90	2	14	3	40	4	42	5	12	6	26	7	22	8	10	9	39	
	0	57	1	65	2	35	3	74	4	31	5	29	6	20	7	93	8	64	9	79	
	0	38	1	42	2	12	3	14	4	72	5	10	6	65	7	74	8	64	9	92	
	0	11	1	37	2	27	3	94	4	31	5	67	6	48	7	97	8	10	9	69	
	0	95	1	18	2	17	3	69	4	67	5	83	6	28	7	69	8	22	9	14	
	0	49	1	25	2	62	3	71	4	22	5	73	6	73	7	68	8	83	9	90	
	0	91	1	78	2	11	3	34	4	39	5	86	6	82	7	59	8	52	9	24	
	0	80	1	36	2	89	3	49	4	17	5	35	6	70	7	87	8	72	9	26	
	0	90	1	42	2	30	3	68	4	48	5	68	6	43	7	11	8	42	9	40	
	0	57	1	82	2	51	3	70	4	43	5	76	6	12	7	54	8	94	9	15	
	0	55	1	98	2	27	3	62	4	95	5	29	6	54	7	71	8	76	9	15	
	0	52	1	22	2	43	3	24	4	19	5	90	6	81	7	69	8	86	9	14	
	0	98	1	89	2	17	3	19	4	46	5	68	6	88	7	71	8	72	9	19	
	0	95	1	80	2	71	3	91	4	91	5	89	6	68	7	18	8	33	9	84	
	0	57	1	53	2	87	3	27	4	60	5	26	6	15	7	11	8	91	9	34	
	0	69	1	86	2	76	3	14	4	36	5	100	6	59	7	15	8	14	9	93	
	0	87	1	77	2	15	3	54	4	17	5	14	6	17	7	76	8	28	9	62	
	0	60	1	91	2	86	3	82	4	67	5	33	6	17	7	41	8	45	9	28	
	0	58	1	92	2	21	3	99	4	60	5	60	6	34	7	20	8	83	9	60	
	0	17	1	44	2	38	3	18	4	43	5	80	6	53	7	51	8	43	9	67	
	0	65	1	96	2	46	3	83	4	72	5	79	6	88	7	64	8	63	9	21	
	0	10	1	58	2	93	3	66	4	10	5	100	6	68	7	94	8	77	9	30	
	0	86	1	73	2	92	3	19	4	17	5	50	6	46	7	84	8	80	9	80	
	0	48	1	30	2	38	3	59	4	84	5	73	6	77	7	44	8	65	9	74	
	0	80	1	20	2	97	3	96	4	89	5	81	6	65	7	96	8	16	9	63	
	0	19	1	68	2	69	3	63	4	30	5	100	6	44	7	96	8	31	9	10	
	0	54	1	82	2	23	3	34	4	46	5	83	6	93	7	35	8	78	9	80	
	0	23	1	59	2	28	3	25	4	31	5	78	6	63	7	69	8	84	9	66	
	0	11	1	95	2	93	3	96	4	13	5	13	6	96	7	77	8	68	9	70	
	0	32	1	100	2	39	3	72	4	33	5	55	6	60	7	20	8	86	9	42	
	0	55	1	99	2	79	3	97	4	35	5	58	6	41	7	96	8	44	9	92	
	0	73	1	59	2	93	3	19	4	81	5	38	6	78	7	70	8	37	9	75	
	0	49	1	24	2	29	3	75	4	82	5	77	6	94	7	63	8	73	9	21	
	0	75	1	55	2	56	3	13	4	30	5	55	6	10	7	100	8	59	9	73	
	0	33	1	21	2	51	3	33	4	49	5	11	6	71	7	22	8	67	9	66	
	0	75	1	70	2	59	3	42	4	64	5	15	6	71	7	86	8	90	9	98	
	0	58	1	11	2	41	3	60	4	41	5	58	6	28	7	82	8	65	9	85	
	0	57	1	47	2	71	3	45	4	14	5	75	6	21	7	65	8	29	9	58	
	0	57	1	57	2	69	3	40	4	91	5	20	6	31	7	56	8	66	9	56	
	0	82	1	47	2	47	3	51	4	86	5	32	6	47	7	24	8	16	9	32	
	0	87	1	73	2	17	3	95	4	93	5	90	6	49	7	11	8	92	9	57	
	0	87	1	93	2	82	3	25	4	97	5	30	6	67	7	73	8	41	9	53	
	0	45	1	50	2	16	3	32	4	94	5	54	6	92	7	18	8	35	9	34	
	0	56	1	47	2	45	3	22	4	75	5	95	6	65	7	26	8	20	9	85	
	0	56	1	46	2	57	3	80	4	39	5	80	6	12	7	63	8	14	9	69	
	0	32	1	57	2	65	3	83	4	14	5	73	6	30	7	24	8	92	9	14	
	0	37	1	12	2	85	3	51	4	76	5	76	6	78	7	27	8	85	9	57	
	0	83	1	57	2	54	3	74	4	32	5	35	6	61	7	77	8	87	9	91	
	0	75	1	27	2	21	3	56	4	73	5	44	6	91	7	100	8	11	9	10	
	0	90	1	34	2	84	3	99	4	65	5	13	6	77	7	62	8	76	9	97	
	0	54	1	15	2	84	3	35	4	55	5	68	6	12	7	94	8	81	9	68	
	0	81	1	57	2	46	3	37	4	15	5	37	6	37	7	81	8	82	9	51	
	0	89	1	40	2	45	3	24	4	10	5	65	6	50	7	97	8	80	9	59	
	0	92	1	62	2	52	3	58	4	55	5	15	6	42	7	62	8	31	9	74	
	0	17	1	75	2	100	3	71	4	27	5	55	6	47	7	52	8	13	9	92	
	0	69	1	43	2	76	3	98	4	97	5	67	6	34	7	93	8	72	9	59	
	0	45	1	49	2	50	3	73	4	89	5	50	6	85	7	35	8	63	9	60	
	0	62	1	59	2	48	3	41	4	35	5	23	6	53	7	93	8	47	9	87	
	0	22	1	90	2	14	3	16	4	28	5	56	6	95	7	98	8	77	9	47	
	0	34	1	54	2	11	3	65	4	65	5	32	6	83	7	77	8	41	9	85	
	0	27	1	76	2	33	3	38	4	43	5	86	6	82	7	35	8	49	9	32	
	0	92	1	38	2	71	3	34	4	32	5	19	6	92	7	96	8	45	9	95	
	0	31	1	72	2	11	3	61	4	92	5	69	6	66	7	33	8	34	9	90	
	0	88	1	32	2	46	3	73	4	74	5	67	6	49	7	71	8	60	9	54	
	0	67	1	15	2	71	3	15	4	77	5	33	6	33	7	33	8	60	9	81	
	0	69	1	83	2	63	3	82	4	30	5	46	6	74	7	19	8	52	9	29	
	0	46	1	39	2	42	3	91	4	35	5	76	6	74	7	55	8	61	9	41	
	0	17	1	81	2	99	3	64	4	49	5	89	6	54	7	59	8	21	9	69	
	0	28	1	52	2	31	3	65	4	96	5	71	6	11	7	99	8	53	9	13	
	0	21	1	17	2	33	3	61	4	33	5	80	6	55	7	86	8	87	9	45	
	0	11	1	76	2	11	3	94	4	53	5	88	6	50	7	66	8	50	9	94	
	0	78	1	53	2	22	3	36	4	10	5	49	6	87	7	40	8	53	9	59	
	0	99	1	22	2	78	3	48	4	36	5	24	6	13	7	66	8	65	9	77	
	0	65	1	97	2	64	3	52	4	82	5	41	6	26	7	15	8	55	9	22	
	0	73	1	37	2	31	3	66	4	72	5	94	6	16	7	39	8	40	9	88	
	0	84	1	10	2	17	3	47	4	28	5	87	6	60	7	75	8	34	9	100	
	0	78	1	68	2	95	3	26	4	74	5	99	6	64	7	59	8	71	9	77	
	0	58	1	77	2	25	3	77	4	85	5	66	6	13	7	64	8	68	9	47	
	0	28	1	29	2	74	3	50	4	68	5	19	6	57	7	56	8	90	9	75	
	0	21	1	38	2	73	3	40	4	22	5	23	6	85	7	14	8	77	9	75	
	0	19	1	47	2	22	3	39	4	60	5	29	6	48	7	20	8	49	9	94	
	0	85	1	30	2	80	3	72	4	64	5	56	6	38	7	84	8	16	9	89	
	0	91	1	86	2	13	3	69	4	68	5	96	6	64	7	20	8	24	9	17	
	0	14	1	48	2	54	3	13	4	56	5	25	6	24	7	39	8	62	9	95	
	0	63	1	33	2	32	3	56	4	38	5	72	6	73	7	95	8	97	9	94	
	0	56	1	97	2	55	3	22	4	17	5	60	6	45	7	46	8	76	9	74	
	0	57	1	83	2	62	3	19	4	54	5	33	6	49	7	78	8	44	9	42	
	0	17	1	63	2	80	3	89	4	55	5	97	6	88	7	11	8	52	9	64	
	0	15	1	79	2	66	3	64	4	20	5	40	6	81	7	37	8	35	9	47	
	0	99	1	89	2	44	3	52	4	54	5	99	6	63	7	75	8	95	9	49	
	0	54	1	52	2	95	3	79	4	30	5	44	6	61	7	87	8	41	9	29	
	0	76	1	44	2	23	3	12	4	93	5	42	6	62	7	44	8	72	9	75	
	0	22	1	38	2	73	3	84	4	24	5	29	6	31	7	98	8	19	9	81	
	0	99	1	21	2	38	3	19	4	36	5	84	6	16	7	79	8	74	9	35	
	0	59	1	75	2	50	3	72	4	19	5	29	6	93	7	15	8	22	9	18	
	0	68	1	96	2	34	3	69	4	94	5	56	6	34	7	12	8	81	9	76	
	0	74	1	43	2	28	3	24	4	39	5	59	6	21	7	46	8	24	9	82	
	0	86	1	79	2	16	3	100	4	26	5	44	6	87	7	84	8	21	9	91	
	0	38	1	51	2	45	3	10	4	24	5	92	6	12	7	99	8	83	9	10	
	0	67	1	58	2	90	3	69	4	73	5	42	6	55	7	65	8	93	9	68	
	0	29	1	78	2	39	3	74	4	93	5	17	6	17	7	25	8	66	9	69	
	0	32	1	73	2	45	3	86	4	40	5	60	6	47	7	28	8	32	9	17	
	0	14	1	31	2	75	3	42	4	53	5	98	6	93	7	43	8	60	9	19	
	0	100	1	58	2	41	3	63	4	37	5	23	6	70	7	43	8	38	9	31	
	0	42	1	21	2	73	3	87	4	21	5	87	6	54	7	71	8	44	9	42	
	0	13	1	86	2	57	3	36	4	81	5	97	6	38	7	68	8	17	9	43	
	0	58	1	23	2	38	3	37	4	94	5	28	6	60	7	47	8	93	9	57	
	0	27	1	58	2	33	3	77	4	90	5	26	6	73	7	98	8	45	9	54	
	0	49	1	81	2	42	3	77	4	65	5	22	6	80	7	86	8	47	9	30	
	0	83	1	78	2	71	3	72	4	45	5	26	6	49	7	95	8	21	9	47	
	0	18	1	37	2	95	3	13	4	22	5	18	6	24	7	87	8	89	9	33	
	0	59	1	100	2	54	3	86	4	67	5	71	6	63	7	71	8	11	9	41	
	0	53	1	13	2	33	3	23	4	93	5	54	6	88	7	48	8	22	9	96	
	0	47	1	34	2	96	3	36	4	17	5	83	6	50	7	67	8	66	9	98	
	0	45	1	48	2	10	3	12	4	14	5	72	6	61	7	23	8	44	9	93	
	0	44	1	36	2	95	3	87	4	27	5	32	6	30	7	92	8	86	9	53	
	0	91	1	95	2	83	3	47	4	11	5	17	6	33	7	28	8	24	9	10	
	0	88	1	65	2	62	3	18	4	85	5	81	6	67	7	93	8	82	9	75	
	0	56	1	27	2	62	3	77	4	64	5	78	6	34	7	19	8	100	9	61	
	0	62	1	17	2	97	3	73	4	75	5	25	6	54	7	72	8	85	9	21	
	0	18	1	83	2	54	3	22	4	32	5	48	6	69	7	17	8	78	9	84	
	0	74	1	48	2	24	3	52	4	92	5	51	6	38	7	56	8	67	9	44	
	0	74	1	95	2	63	3	29	4	46	5	23	6	45	7	85	8	41	9	91	
	0	43	1	25	2	99	3	57	4	74	5	93	6	38	7	57	8	72	9	44	
	0	72	1	20	2	16	3	93	4	37	5	91	6	40	7	19	8	20	9	73	
	0	64	1	83	2	99	3	76	4	45	5	35	6	50	7	74	8	40	9	63	
	0	56	1	89	2	27	3	37	4	80	5	12	6	22	7	32	8	23	9	49	
	0	48	1	78	2	62	3	23	4	96	5	65	6	96	7	79	8	39	9	23	
	0	48	1	21	2	70	3	97	4	54	5	56	6	19	7	68	8	14	9	39	
	0	80	1	49	2	94	3	80	4	46	5	77	6	39	7	46	8	16	9	56	
	0	17	1	58	2	67	3	42	4	92	5	45	6	34	7	66	8	39	9	49	
	0	79	1	81	2	43	3	39	4	33	5	15	6	22	7	22	8	84	9	16	
	0	47	1	95	2	24	3	83	4	86	5	78	6	64	7	72	8	48	9	93	
	0	54	1	14	2	97	3	29	4	38	5	63	6	45	7	54	8	81	9	10	
	0	87	1	11	2	92	3	84	4	76	5	30	6	96	7	63	8	93	9	54	
	0	78	1	32	2	76	3	53	4	33	5	57	6	57	7	79	8	37	9	77	
	0	34	1	33	2	70	3	16	4	63	5	42	6	16	7	81	8	75	9	64	
	0	16	1	99	2	98	3	87	4	31	5	29	6	97	7	73	8	88	9	93	
	0	33	1	37	2	97	3	66	4	14	5	50	6	75	7	61	8	47	9	77	
	0	67	1	10	2	39	3	25	4	28	5	31	6	29	7	89	8	51	9	71	
	0	25	1	97	2	35	3	72	4	99	5	74	6	84	7	53	8	77	9	78	
	0	41	1	24	2	50	3	63	4	40	5	16	6	26	7	72	8	61	9	42	
	0	53	1	38	2	100	3	14	4	94	5	99	6	58	7	89	8	97	9	96	
	0	88	1	84	2	27	3	73	4	64	5	44	6	97	7	24	8	94	9	16	
	0	22	1	26	2	77	3	67	4	54	5	77	6	72	7	27	8	24	9	83	
	0	72	1	82	2	85	3	92	4	24	5	45	6	77	7	15	8	84	9	70	
	0	19	1	10	2	77	3	59	4	47	5	60	6	98	7	93	8	71	9	68	
	0	54	1	99	2	47	3	46	4	37	5	18	6	19	7	29	8	11	9	25	
	0	68	1	32	2	61	3	15	4	17	5	57	6	85	7	58	8	95	9	23	
	0	51	1	33	2	57	3	16	4	93	5	90	6	64	7	36	8	100	9	34	
	0	92	1	65	2	75	3	84	4	15	5	82	6	18	7	50	8	62	9	71	
	0	35	1	69	2	64	3	30	4	96	5	81	6	23	7	84	8	82	9	87	
	0	68	1	61	2	95	3	12	4	92	5	90	6	60	7	63	8	13	9	36	
	0	51	1	30	2	78	3	19	4	40	5	87	6	75	7	15	8	34	9	45	
	0	15	1	58	2	14	3	30	4	15	5	25	6	21	7	92	8	95	9	37	
	0	94	1	62	2	16	3	60	4	98	5	62	6	43	7	13	8	58	9	80	
	0	62	1	37	2	49	3	62	4	59	5	61	6	54	7	17	8	70	9	10	
	0	22	1	99	2	83	3	26	4	96	5	14	6	42	7	48	8	81	9	80	
	0	28	1	14	2	48	3	48	4	80	5	74	6	86	7	36	8	47	9	34	
	0	12	1	32	2	25	3	48	4	92	5	72	6	95	7	78	8	29	9	67	
	0	12	1	10	2	27	3	90	4	31	5	25	6	96	7	79	8	29	9	37	
	0	95	1	82	2	95	3	89	4	70	5	94	6	42	7	100	8	60	9	97	
	0	98	1	40	2	12	3	52	4	61	5	74	6	66	7	84	8	95	9	16	
	0	36	1	10	2	73	3	56	4	84	5	58	6	69	7	57	8	49	9	42	
	0	84	1	37	2	72	3	16	4	99	5	89	6	13	7	26	8	38	9	16	
	0	32	1	82	2	76	3	71	4	64	5	58	6	93	7	60	8	52	9	72	
	0	92	1	43	2	84	3	34	4	18	5	23	6	47	7	31	8	97	9	62	
	0	96	1	83	2	84	3	19	4	95	5	49	6	89	7	48	8	25	9	43	
	0	33	1	13	2	74	3	63	4	78	5	86	6	44	7	48	8	91	9	47	
	0	17	1	77	2	56	3	48	4	53	5	74	6	61	7	52	8	15	9	45	
	0	19	1	37	2	75	3	80	4	20	5	91	6	68	7	92	8	95	9	56	
	0	98	1	31	2	13	3	99	4	41	5	57	6	64	7	22	8	31	9	95	
	0	68	1	75	2	100	3	39	4	57	5	81	6	71	7	41	8	80	9	13	
	0	15	1	39	2	72	3	35	4	31	5	67	6	43	7	45	8	99	9	33	
	0	23	1	94	2	67	3	80	4	90	5	54	6	84	7	42	8	26	9	99	
	0	28	1	13	2	16	3	76	4	83	5	50	6	18	7	67	8	53	9	12	
	0	26	1	15	2	60	3	45	4	86	5	13	6	100	7	98	8	64	9	76	
	0	82	1	50	2	11	3	90	4	54	5	32	6	37	7	58	8	15	9	67	
	0	99	1	59	2	22	3	67	4	72	5	63	6	25	7	15	8	16	9	58	
	0	86	1	18	2	58	3	34	4	50	5	89	6	24	7	35	8	59	9	33	
	0	74	1	68	2	54	3	96	4	99	5	38	6	44	7	26	8	11	9	90	
	0	99	1	24	2	42	3	50	4	85	5	32	6	67	7	59	8	29	9	68	
	0	27	1	22	2	29	3	49	4	33	5	89	6	19	7	27	8	56	9	96	
	0	34	1	70	2	59	3	20	4	74	5	28	6	53	7	60	8	37	9	98	
	0	68	1	17	2	29	3	96	4	47	5	95	6	94	7	73	8	33	9	35	
	0	41	1	83	2	97	3	92	4	95	5	11	6	62	7	44	8	42	9	60	
	0	25	1	32	2	53	3	99	4	12	5	42	6	10	7	34	8	53	9	74	
	0	12	1	69	2	51	3	53	4	43	5	65	6	38	7	64	8	68	9	55	
	0	19	1	38	2	33	3	75	4	87	5	74	6	52	7	85	8	10	9	26	
	0	40	1	91	2	42	3	24	4	82	5	47	6	65	7	43	8	15	9	52	
	0	30	1	15	2	89	3	84	4	40	5	80	6	38	7	62	8	33	9	71	
	0	99	1	45	2	40	3	33	4	42	5	61	6	27	7	72	8	49	9	82	
	0	79	1	53	2	79	3	98	4	18	5	28	6	80	7	21	8	18	9	21	
	0	83	1	12	2	11	3	84	4	56	5	74	6	79	7	86	8	92	9	93	
	0	69	1	38	2	31	3	12	4	75	5	76	6	26	7	54	8	98	9	18	
	0	37	1	48	2	18	3	41	4	18	5	62	6	44	7	23	8	49	9	31	
	0	37	1	27	2	66	3	90	4	43	5	88	6	62	7	76	8	67	9	54	
	0	78	1	64	2	20	3	53	4	20	5	16	6	46	7	100	8	90	9	55	
	0	19	1	55	2	61	3	40	4	27	5	42	6	69	7	28	8	40	9	85	
	0	62	1	17	2	56	3	20	4	38	5	53	6	85	7	47	8	70	9	17	
	0	56	1	34	2	96	3	36	4	21	5	58	6	28	7	97	8	79	9	25	
	0	67	1	92	2	14	3	84	4	42	5	82	6	32	7	19	8	97	9	54	
	0	39	1	43	2	96	3	95	4	99	5	50	6	72	7	97	8	27	9	81	
	0	58	1	65	2	15	3	40	4	41	5	34	6	85	7	93	8	86	9	50	
	0	18	1	11	2	75	3	73	4	43	5	72	6	28	7	51	8	26	9	23	
	0	57	1	92	2	56	3	66	4	45	5	44	6	25	7	71	8	29	9	23	
	0	45	1	96	2	49	3	46	4	54	5	23	6	95	7	28	8	29	9	95	
	0	72	1	53	2	74	3	56	4	79	5	47	6	85	7	92	8	84	9	20	
	0	45	1	47	2	51	3	51	4	74	5	71	6	52	7	31	8	92	9	46	
	0	91	1	93	2	65	3	81	4	58	5	24	6	24	7	55	8	11	9	27	
	0	60	1	21	2	43	3	93	4	12	5	55	6	34	7	47	8	80	9	91	
	0	28	1	46	2	47	3	61	4	83	5	78	6	70	7	58	8	84	9	96	
	0	35	1	55	2	77	3	57	4	26	5	36	6	38	7	96	8	14	9	74	
	0	15	1	68	2	63	3	68	4	100	5	85	6	34	7	16	8	13	9	35	
	0	57	1	50	2	23	3	15	4	86	5	63	6	13	7	60	8	36	9	16	
	0	35	1	42	2	49	3	81	4	67	5	42	6	74	7	39	8	34	9	79	
	0	49	1	78	2	30	3	48	4	16	5	99	6	38	7	38	8	71	9	23	
	0	56	1	71	2	73	3	54	4	63	5	27	6	98	7	84	8	16	9	69	
	0	56	1	84	2	68	3	47	4	27	5	26	6	98	7	85	8	14	9	21	
	0	63	1	60	2	86	3	81	4	68	5	89	6	28	7	42	8	50	9	40	
	0	36	1	95	2	31	3	33	4	44	5	40	6	63	7	78	8	64	9	97	
	0	36	1	32	2	14	3	78	4	83	5	74	6	81	7	46	8	54	9	78	
	0	32	1	38	2	65	3	45	4	52	5	89	6	23	7	76	8	28	9	94	
	0	34	1	84	2	82	3	72	4	46	5	66	6	91	7	30	8	69	9	95	
	0	13	1	66	2	33	3	33	4	60	5	77	6	86	7	22	8	57	9	62	
	0	78	1	79	2	55	3	84	4	50	5	68	6	89	7	74	8	61	9	46	
	0	84	1	61	2	23	3	100	4	54	5	77	6	60	7	89	8	45	9	100	
	0	44	1	95	2	91	3	15	4	64	5	95	6	89	7	27	8	76	9	58	
	0	48	1	82	2	23	3	51	4	18	5	49	6	76	7	87	8	71	9	33	
	0	10	1	100	2	97	3	70	4	78	5	59	6	23	7	39	8	39	9	31	
	0	80	1	61	2	27	3	30	4	59	5	80	6	17	7	22	8	51	9	44	
	0	66	1	18	2	84	3	75	4	35	5	29	6	67	7	55	8	96	9	18	
	0	57	1	63	2	78	3	28	4	85	5	67	6	95	7	40	8	62	9	59	
	0	57	1	19	2	95	3	25	4	97	5	38	6	10	7	56	8	97	9	11	
	0	22	1	20	2	24	3	33	4	66	5	47	6	14	7	17	8	51	9	39	
	0	70	1	26	2	47	3	84	4	84	5	65	6	16	7	71	8	33	9	27	
	0	88	1	31	2	98	3	25	4	70	5	37	6	13	7	51	8	13	9	47	
	0	39	1	76	2	100	3	79	4	91	5	45	6	17	7	21	8	63	9	68	
	0	85	1	54	2	59	3	81	4	71	5	36	6	81	7	15	8	90	9	30	
	0	43	1	93	2	76	3	42	4	100	5	86	6	17	7	84	8	57	9	77	
	0	19	1	67	2	87	3	74	4	67	5	10	6	62	7	23	8	97	9	11	
	0	35	1	26	2	11	3	26	4	47	5	79	6	29	7	69	8	39	9	39	
	0	53	1	44	2	47	3	32	4	45	5	46	6	61	7	23	8	43	9	53	
	0	26	1	69	2	49	3	10	4	21	5	65	6	45	7	68	8	42	9	65	
	0	16	1	22	2	61	3	97	4	10	5	49	6	37	7	35	8	17	9	71	
	0	78	1	31	2	83	3	43	4	65	5	19	6	56	7	81	8	76	9	85	
	0	65	1	77	2	51	3	87	4	97	5	42	6	75	7	47	8	65	9	17	
	0	88	1	16	2	71	3	13	4	39	5	26	6	86	7	53	8	53	9	69	
	0	94	1	41	2	33	3	46	4	21	5	64	6	29	7	87	8	86	9	26	
	0	43	1	100	2	38	3	98	4	14	5	93	6	20	7	85	8	79	9	10	
	0	44	1	40	2	27	3	56	4	37	5	58	6	43	7	82	8	94	9	99	
	0	90	1	60	2	41	3	23	4	86	5	89	6	94	7	57	8	100	9	87	
	0	38	1	45	2	24	3	65	4	70	5	25	6	12	7	86	8	32	9	75	
	0	38	1	53	2	20	3	49	4	71	5	67	6	59	7	98	8	77	9	91	
	0	30	1	72	2	94	3	22	4	55	5	88	6	86	7	54	8	60	9	84	
	0	41	1	32	2	29	3	12	4	65	5	84	6	15	7	93	8	35	9	82	
	0	72	1	15	2	37	3	76	4	79	5	73	6	78	7	59	8	92	9	68	
	0	79	1	67	2	29	3	80	4	81	5	21	6	13	7	15	8	25	9	91	
	0	71	1	26	2	21	3	27	4	28	5	26	6	11	7	84	8	40	9	25	
	0	41	1	72	2	67	3	23	4	20	5	48	6	86	7	74	8	57	9	40	
	0	29	1	84	2	81	3	65	4	17	5	92	6	19	7	85	8	16	9	40	
	0	73	1	23	2	11	3	91	4	92	5	57	6	81	7	26	8	97	9	23	
	0	74	1	42	2	42	3	95	4	72	5	28	6	33	7	63	8	67	9	41	
	0	82	1	62	2	56	3	22	4	83	5	66	6	97	7	52	8	75	9	54	
	0	59	1	15	2	56	3	28	4	100	5	67	6	96	7	20	8	74	9	66	
	0	65	1	45	2	54	3	33	4	75	5	74	6	18	7	46	8	93	9	45	
	0	62	1	80	2	52	3	95	4	22	5	42	6	76	7	94	8	23	9	45	
	0	48	1	60	2	79	3	39	4	85	5	10	6	93	7	72	8	81	9	65	
	0	39	1	13	2	17	3	57	4	41	5	10	6	47	7	61	8	35	9	47	
	0	51	1	99	2	67	3	23	4	72	5	87	6	100	7	25	8	54	9	28	
	0	97	1	12	2	27	3	64	4	54	5	13	6	89	7	49	8	60	9	83	
	0	80	1	94	2	23	3	93	4	25	5	40	6	79	7	20	8	75	9	34	
	0	61	1	22	2	12	3	55	4	10	5	87	6	12	7	94	8	86	9	89	
	0	67	1	87	2	84	3	40	4	76	5	29	6	92	7	87	8	91	9	97	
	0	54	1	28	2	25	3	70	4	76	5	86	6	15	7	87	8	71	9	79	
	0	30	1	24	2	32	3	72	4	56	5	19	6	69	7	54	8	13	9	66	
	0	88	1	28	2	58	3	30	4	59	5	99	6	42	7	42	8	72	9	14	
	0	71	1	81	2	58	3	33	4	14	5	72	6	40	7	52	8	44	9	75	
	0	50	1	95	2	86	3	63	4	42	5	84	6	39	7	64	8	84	9	78	
	0	25	1	11	2	41	3	45	4	60	5	98	6	12	7	25	8	59	9	15	
	0	78	1	64	2	49	3	32	4	57	5	24	6	96	7	48	8	59	9	50	
	0	11	1	70	2	51	3	30	4	18	5	57	6	66	7	14	8	100	9	79	
	0	10	1	36	2	78	3	25	4	53	5	31	6	39	7	13	8	48	9	41	
	0	76	1	42	2	88	3	78	4	67	5	67	6	24	7	82	8	91	9	66	
	0	94	1	88	2	70	3	72	4	41	5	32	6	16	7	83	8	51	9	21	
	0	90	1	56	2	99	3	52	4	29	5	69	6	36	7	69	8	13	9	58	
	0	16	1	60	2	36	3	72	4	25	5	82	6	71	7	76	8	91	9	34	
	0	62	1	72	2	54	3	97	4	31	5	35	6	65	7	47	8	59	9	18	
	0	21	1	49	2	35	3	54	4	64	5	99	6	17	7	30	8	85	9	61	
	0	48	1	97	2	86	3	90	4	94	5	78	6	37	7	31	8	32	9	80	
	0	68	1	45	2	58	3	35	4	37	5	14	6	84	7	53	8	31	9	34	
	0	50	1	73	2	74	3	81	4	86	5	35	6	65	7	70	8	30	9	88	
	0	42	1	87	2	64	3	65	4	95	5	82	6	36	7	78	8	94	9	25	
	0	50	1	74	2	88	3	46	4	55	5	73	6	38	7	83	8	76	9	34	
	0	90	1	88	2	36	3	59	4	95	5	68	6	55	7	40	8	51	9	11	
	0	77	1	84	2	43	3	54	4	43	5	48	6	23	7	71	8	90	9	92	
	0	88	1	83	2	64	3	32	4	97	5	61	6	75	7	88	8	87	9	80	
	0	10	1	17	2	61	3	38	4	57	5	96	6	95	7	35	8	53	9	37	
	0	24	1	34	2	82	3	33	4	44	5	23	6	20	7	37	8	63	9	21	
	0	52	1	52	2	24	3	72	4	88	5	90	6	31	7	34	8	28	9	11	
	0	10	1	17	2	47	3	57	4	27	5	70	6	68	7	98	8	51	9	13	
	0	95	1	80	2	41	3	17	4	43	5	10	6	70	7	99	8	37	9	96	
	0	28	1	67	2	69	3	49	4	64	5	80	6	55	7	67	8	95	9	79	
	0	62	1	66	2	48	3	39	4	50	5	20	6	14	7	17	8	13	9	52	
	0	74	1	97	2	97	3	57	4	16	5	83	6	39	7	77	8	78	9	32	
	0	68	1	67	2	69	3	71	4	13	5	68	6	66	7	83	8	98	9	48	
	0	65	1	86	2	75	3	24	4	74	5	53	6	99	7	73	8	67	9	60	
	0	27	1	31	2	73	3	11	4	64	5	29	6	83	7	12	8	67	9	16	
	0	14	1	74	2	56	3	88	4	56	5	72	6	63	7	72	8	56	9	69	
	0	85	1	58	2	90	3	45	4	80	5	76	6	13	7	68	8	56	9	18	
	0	87	1	35	2	51	3	78	4	39	5	19	6	97	7	48	8	44	9	90	
	0	16	1	53	2	82	3	72	4	32	5	13	6	13	7	50	8	76	9	54	
	0	59	1	10	2	21	3	73	4	50	5	20	6	36	7	76	8	74	9	76	
	0	64	1	73	2	49	3	78	4	74	5	83	6	64	7	50	8	19	9	73	
	0	94	1	57	2	50	3	15	4	71	5	79	6	35	7	89	8	17	9	38	
	0	29	1	87	2	49	3	54	4	62	5	33	6	67	7	41	8	43	9	27	
	0	42	1	94	2	24	3	53	4	68	5	86	6	98	7	13	8	48	9	53	
	0	33	1	74	2	49	3	86	4	100	5	32	6	51	7	12	8	25	9	81	
	0	82	1	91	2	24	3	93	4	50	5	10	6	42	7	85	8	76	9	72	
	0	77	1	18	2	81	3	94	4	70	5	14	6	14	7	38	8	35	9	47	
	0	18	1	32	2	32	3	69	4	83	5	48	6	10	7	99	8	38	9	28	
	0	99	1	38	2	85	3	26	4	53	5	19	6	30	7	85	8	50	9	97	
	0	10	1	62	2	17	3	85	4	93	5	20	6	38	7	17	8	26	9	83	
	0	94	1	48	2	98	3	35	4	93	5	69	6	61	7	56	8	89	9	39	
	0	66	1	93	2	58	3	56	4	39	5	71	6	23	7	90	8	93	9	34	
	0	65	1	35	2	86	3	40	4	16	5	51	6	56	7	97	8	83	9	55	
	0	79	1	71	2	44	3	84	4	45	5	15	6	39	7	29	8	88	9	12	
	0	10	1	97	2	35	3	74	4	13	5	35	6	30	7	97	8	64	9	51	
	0	19	1	29	2	85	3	26	4	65	5	68	6	78	7	82	8	40	9	21	
	0	80	1	96	2	27	3	78	4	90	5	89	6	93	7	90	8	95	9	30	
	0	79	1	66	2	87	3	42	4	71	5	41	6	33	7	59	8	99	9	61	
	0	84	1	97	2	81	3	41	4	99	5	25	6	54	7	62	8	81	9	15	
	0	24	1	45	2	59	3	89	4	77	5	56	6	90	7	93	8	17	9	22	
	0	96	1	83	2	64	3	92	4	16	5	29	6	74	7	64	8	35	9	70	
	0	96	1	88	2	74	3	63	4	31	5	34	6	37	7	60	8	100	9	31	
	0	10	1	25	2	28	3	90	4	59	5	33	6	86	7	38	8	33	9	53	
	0	71	1	47	2	93	3	43	4	63	5	28	6	32	7	18	8	42	9	11	
	0	81	1	12	2	87	3	67	4	45	5	27	6	99	7	98	8	23	9	93	
	0	30	1	77	2	72	3	54	4	81	5	44	6	44	7	97	8	17	9	58	
	0	65	1	53	2	70	3	28	4	81	5	56	6	99	7	87	8	51	9	68	
	0	72	1	63	2	82	3	20	4	49	5	82	6	38	7	79	8	90	9	52	
	0	19	1	87	2	72	3	83	4	79	5	20	6	48	7	69	8	64	9	97	
	0	24	1	12	2	40	3	80	4	92	5	26	6	54	7	86	8	65	9	95	
	0	64	1	12	2	40	3	55	4	60	5	87	6	99	7	88	8	10	9	26	
	0	66	1	87	2	15	3	15	4	24	5	95	6	44	7	14	8	24	9	15	
	0	97	1	20	2	29	3	89	4	16	5	15	6	18	7	78	8	45	9	38	
	0	79	1	97	2	74	3	58	4	38	5	88	6	87	7	72	8	64	9	63	
	0	43	1	29	2	24	3	79	4	40	5	57	6	24	7	43	8	68	9	80	
	0	93	1	74	2	72	3	58	4	100	5	55	6	54	7	68	8	50	9	85	
	0	46	1	38	2	96	3	28	4	29	5	82	6	69	7	17	8	84	9	35	
	0	27	1	32	2	44	3	48	4	36	5	63	6	68	7	99	8	57	9	78	
	0	80	1	25	2	35	3	42	4	36	5	63	6	85	7	53	8	35	9	76	
	0	92	1	49	2	32	3	11	4	56	5	82	6	42	7	50	8	96	9	31	
	0	82	1	74	2	42	3	62	4	30	5	40	6	48	7	24	8	37	9	32	
	0	53	1	36	2	22	3	62	4	45	5	87	6	89	7	59	8	60	9	34	
	0	59	1	43	2	69	3	82	4	17	5	47	6	17	7	45	8	70	9	55	
	0	98	1	90	2	62	3	30	4	62	5	80	6	60	7	73	8	54	9	37	
	0	49	1	74	2	53	3	86	4	59	5	98	6	66	7	32	8	79	9	51	
	0	79	1	52	2	10	3	52	4	88	5	34	6	79	7	61	8	85	9	35	
	0	48	1	28	2	14	3	51	4	86	5	63	6	46	7	14	8	70	9	24	
	0	23	1	76	2	70	3	88	4	62	5	94	6	54	7	79	8	16	9	78	
	0	46	1	72	2	13	3	51	4	82	5	50	6	49	7	65	8	31	9	54	
	0	87	1	64	2	13	3	31	4	18	5	93	6	78	7	43	8	19	9	38	
	0	71	1	74	2	51	3	43	4	24	5	18	6	69	7	36	8	22	9	16	
	0	96	1	59	2	71	3	89	4	32	5	83	6	77	7	57	8	14	9	89	
	0	60	1	20	2	76	3	98	4	13	5	94	6	15	7	12	8	100	9	91	
	0	45	1	71	2	75	3	71	4	34	5	88	6	87	7	59	8	87	9	98	
	0	51	1	66	2	24	3	39	4	59	5	53	6	69	7	100	8	75	9	39	
	0	29	1	100	2	33	3	16	4	76	5	16	6	62	7	91	8	79	9	82	
	0	81	1	58	2	25	3	40	4	80	5	42	6	32	7	91	8	18	9	68	
	0	59	1	87	2	69	3	36	4	69	5	46	6	46	7	35	8	39	9	92	
	0	83	1	78	2	40	3	54	4	77	5	22	6	92	7	55	8	14	9	15	
	0	95	1	39	2	84	3	24	4	41	5	42	6	46	7	98	8	90	9	64	
	0	39	1	84	2	93	3	78	4	47	5	40	6	38	7	48	8	77	9	60	
	0	11	1	76	2	92	3	56	4	76	5	40	6	27	7	74	8	30	9	11	
	0	47	1	30	2	46	3	48	4	78	5	88	6	18	7	39	8	75	9	57	
	0	34	1	22	2	54	3	53	4	29	5	16	6	30	7	28	8	72	9	80	
	0	96	1	92	2	73	3	56	4	43	5	39	6	33	7	28	8	24	9	19	
	0	51	1	34	2	70	3	60	4	100	5	30	6	72	7	79	8	63	9	56	
	0	46	1	69	2	54	3	57	4	71	5	75	6	32	7	33	8	84	9	73	
	0	95	1	53	2	43	3	70	4	29	5	59	6	65	7	49	8	74	9	13	
	0	84	1	42	2	63	3	71	4	32	5	37	6	15	7	67	8	26	9	39	
	0	23	1	100	2	51	3	64	4	32	5	92	6	69	7	34	8	29	9	50	
	0	29	1	89	2	79	3	73	4	16	5	98	6	59	7	58	8	23	9	74	
	0	92	1	56	2	21	3	87	4	44	5	34	6	17	7	95	8	31	9	41	
	0	89	1	75	2	91	3	100	4	97	5	76	6	36	7	85	8	26	9	45	
	0	56	1	12	2	89	3	88	4	68	5	59	6	10	7	56	8	92	9	28	
	0	51	1	83	2	39	3	37	4	18	5	43	6	72	7	94	8	34	9	16	
	0	72	1	100	2	95	3	31	4	28	5	28	6	32	7	96	8	93	9	35	
	0	97	1	89	2	78	3	71	4	99	5	94	6	53	7	62	8	40	9	51	
	0	69	1	81	2	33	3	70	4	39	5	89	6	29	7	95	8	36	9	12	
	0	80	1	72	2	100	3	82	4	35	5	27	6	28	7	24	8	32	9	76	
	0	85	1	24	2	33	3	87	4	35	5	78	6	85	7	25	8	63	9	60	
	0	13	1	84	2	41	3	42	4	56	5	46	6	81	7	84	8	98	9	90	
	0	87	1	47	2	20	3	43	4	96	5	55	6	41	7	29	8	50	9	84	
	0	52	1	32	2	89	3	19	4	93	5	96	6	71	7	78	8	37	9	85	
	0	36	1	29	2	15	3	93	4	15	5	49	6	51	7	81	8	19	9	38	
	0	50	1	25	2	97	3	40	4	98	5	57	6	24	7	53	8	38	9	13	
	0	47	1	66	2	39	3	10	4	99	5	18	6	69	7	15	8	69	9	25	
	0	63	1	41	2	29	3	23	4	53	5	87	6	36	7	87	8	42	9	45	
	0	54	1	59	2	39	3	64	4	19	5	81	6	69	7	78	8	44	9	21	
	0	93	1	40	2	56	3	62	4	72	5	56	6	55	7	43	8	36	9	94	
	0	47	1	89	2	26	3	44	4	10	5	99	6	24	7	74	8	47	9	64	
	0	55	1	24	2	95	3	37	4	24	5	99	6	38	7	59	8	94	9	53	
	0	66	1	99	2	61	3	100	4	76	5	24	6	67	7	49	8	30	9	40	
	0	65	1	74	2	15	3	76	4	68	5	55	6	80	7	45	8	16	9	12	
	0	46	1	71	2	23	3	40	4	94	5	12	6	15	7	32	8	99	9	86	
	0	32	1	45	2	55	3	80	4	29	5	94	6	74	7	17	8	83	9	65	
	0	79	1	88	2	24	3	37	4	66	5	45	6	63	7	59	8	19	9	78	
	0	97	1	83	2	43	3	63	4	83	5	42	6	68	7	18	8	99	9	58	
	0	23	1	55	2	91	3	99	4	54	5	61	6	68	7	37	8	52	9	95	
	0	91	1	65	2	81	3	88	4	64	5	22	6	66	7	25	8	16	9	28	
	0	54	1	72	2	79	3	92	4	85	5	97	6	12	7	84	8	93	9	99	
	0	79	1	22	2	76	3	12	4	35	5	66	6	89	7	26	8	52	9	80	
	0	66	1	92	2	11	3	48	4	89	5	16	6	31	7	36	8	29	9	17	
	0	23	1	16	2	49	3	97	4	44	5	38	6	25	7	21	8	27	9	37	
	0	27	1	32	2	59	3	39	4	41	5	82	6	64	7	19	8	69	9	57	
	0	71	1	34	2	50	3	83	4	66	5	46	6	14	7	70	8	60	9	16	
	0	49	1	37	2	76	3	23	4	45	5	87	6	42	7	20	8	15	9	84	
	0	30	1	79	2	33	3	59	4	16	5	98	6	18	7	48	8	55	9	21	
	0	100	1	21	2	79	3	61	4	18	5	35	6	48	7	94	8	95	9	87	
	0	52	1	55	2	23	3	31	4	97	5	96	6	33	7	48	8	58	9	83	
	0	36	1	40	2	50	3	37	4	77	5	18	6	97	7	16	8	78	9	48	
	0	82	1	67	2	100	3	19	4	51	5	71	6	52	7	96	8	76	9	89	
	0	90	1	100	2	36	3	20	4	81	5	15	6	40	7	96	8	47	9	31	
	0	34	1	31	2	91	3	88	4	24	5	64	6	23	7	11	8	70	9	43	
	0	89	1	12	2	64	3	29	4	77	5	31	6	93	7	30	8	73	9	58	
	0	41	1	28	2	76	3	33	4	72	5	83	6	93	7	21	8	16	9	45	
	0	19	1	96	2	37	3	99	4	17	5	31	6	16	7	63	8	32	9	47	
	0	32	1	77	2	29	3	72	4	15	5	44	6	57	7	66	8	77	9	23	
	0	18	1	93	2	88	3	62	4	69	5	75	6	53	7	49	8	86	9	49	
	0	26	1	96	2	17	3	81	4	70	5	82	6	60	7	39	8	18	9	34	
	0	52	1	72	2	76	3	49	4	19	5	99	6	76	7	53	8	66	9	18	
	0	24	1	34	2	45	3	35	4	29	5	97	6	28	7	97	8	32	9	19	
	0	15	1	67	2	75	3	95	4	17	5	84	6	17	7	88	8	47	9	69	
	0	70	1	91	2	52	3	33	4	35	5	44	6	69	7	99	8	81	9	42	
	0	17	1	94	2	57	3	100	4	97	5	38	6	96	7	75	8	87	9	23	
	0	55	1	68	2	34	3	99	4	16	5	69	6	61	7	86	8	23	9	20	
	0	74	1	68	2	17	3	48	4	33	5	24	6	66	7	27	8	93	9	63	
	0	80	1	94	2	57	3	63	4	63	5	50	6	77	7	26	8	60	9	81	
	0	13	1	38	2	31	3	99	4	93	5	32	6	75	7	10	8	63	9	57	
	0	22	1	76	2	75	3	66	4	37	5	90	6	74	7	50	8	20	9	14	
	0	82	1	99	2	55	3	28	4	82	5	60	6	60	7	93	8	48	9	66	
	0	19	1	40	2	18	3	19	4	28	5	85	6	33	7	18	8	49	9	31	
	0	12	1	14	2	99	3	42	4	24	5	61	6	23	7	80	8	85	9	55	
	0	51	1	15	2	99	3	30	4	72	5	88	6	100	7	17	8	14	9	25	
	0	50	1	97	2	67	3	52	4	51	5	56	6	61	7	93	8	73	9	61	
	0	48	1	30	2	99	3	51	4	74	5	90	6	47	7	94	8	29	9	50	
	0	84	1	91	2	74	3	53	4	85	5	23	6	63	7	33	8	33	9	52	
	0	23	1	39	2	70	3	61	4	76	5	13	6	99	7	26	8	10	9	82	
	0	84	1	40	2	16	3	58	4	61	5	58	6	13	7	56	8	58	9	64	
	0	97	1	14	2	72	3	100	4	87	5	46	6	14	7	13	8	94	9	67	
	0	66	1	13	2	44	3	90	4	33	5	54	6	92	7	54	8	97	9	59	
	0	91	1	67	2	18	3	31	4	28	5	58	6	81	7	36	8	88	9	10	
	0	42	1	71	2	56	3	77	4	52	5	39	6	55	7	11	8	76	9	62	
	0	67	1	34	2	15	3	88	4	14	5	98	6	44	7	78	8	83	9	68	
	0	26	1	59	2	97	3	75	4	60	5	37	6	25	7	28	8	18	9	34	
	0	100	1	16	2	88	3	39	4	69	5	97	6	98	7	13	8	14	9	83	
	0	43	1	64	2	40	3	60	4	56	5	78	6	92	7	98	8	87	9	80	
	0	42	1	52	2	39	3	33	4	67	5	83	6	67	7	35	8	17	9	81	
	0	11	1	56	2	92	3	34	4	88	5	20	6	56	7	56	8	95	9	80	
	0	99	1	92	2	69	3	70	4	21	5	58	6	89	7	32	8	90	9	60	
	0	98	1	15	2	98	3	46	4	50	5	74	6	41	7	55	8	31	9	48	
	0	84	1	49	2	26	3	41	4	76	5	47	6	100	7	40	8	14	9	53	
	0	62	1	27	2	59	3	84	4	72	5	18	6	97	7	37	8	25	9	86	
	0	86	1	31	2	61	3	16	4	89	5	56	6	72	7	11	8	78	9	40	
	0	13	1	61	2	80	3	79	4	58	5	65	6	97	7	64	8	11	9	97	
	0	47	1	43	2	45	3	79	4	67	5	24	6	52	7	83	8	71	9	46	
	0	97	1	78	2	74	3	64	4	65	5	36	6	37	7	42	8	80	9	84	
	0	88	1	41	2	32	3	89	4	34	5	47	6	12	7	52	8	49	9	56	
	0	68	1	88	2	96	3	56	4	23	5	78	6	69	7	60	8	75	9	67	
	0	95	1	86	2	23	3	14	4	56	5	16	6	66	7	61	8	51	9	49	
	0	56	1	28	2	57	3	98	4	55	5	15	6	64	7	73	8	50	9	49	
	0	63	1	51	2	62	3	64	4	52	5	25	6	65	7	73	8	63	9	56	
	0	91	1	79	2	44	3	51	4	17	5	15	6	12	7	70	8	48	9	36	
	0	90	1	69	2	18	3	75	4	20	5	11	6	55	7	78	8	42	9	72	
	0	99	1	54	2	76	3	100	4	21	5	90	6	17	7	34	8	44	9	55	
	0	59	1	68	2	41	3	25	4	42	5	38	6	41	7	36	8	21	9	20	
	0	45	1	47	2	95	3	23	4	90	5	35	6	44	7	68	8	48	9	10	
	0	21	1	94	2	61	3	87	4	77	5	66	6	98	7	97	8	28	9	19	
	0	95	1	44	2	15	3	30	4	40	5	38	6	99	7	74	8	54	9	88	
	0	27	1	69	2	76	3	89	4	71	5	67	6	97	7	25	8	87	9	53	
	0	22	1	32	2	53	3	10	4	13	5	51	6	65	7	33	8	75	9	22	
	0	72	1	57	2	60	3	30	4	49	5	82	6	74	7	42	8	52	9	39	
	0	83	1	95	2	18	3	72	4	69	5	22	6	51	7	63	8	41	9	22	
	0	97	1	25	2	54	3	10	4	78	5	45	6	76	7	43	8	92	9	51	
	0	26	1	39	2	90	3	89	4	97	5	89	6	75	7	77	8	92	9	86	
	0	23	1	35	2	10	3	57	4	96	5	22	6	22	7	73	8	46	9	100	
	0	81	1	26	2	70	3	73	4	46	5	77	6	36	7	21	8	12	9	78	
	0	96	1	76	2	69	3	46	4	58	5	20	6	26	7	94	8	19	9	65	
	0	95	1	73	2	47	3	33	4	76	5	95	6	20	7	36	8	82	9	97	
	0	14	1	50	2	14	3	86	4	91	5	78	6	59	7	98	8	95	9	21	
	0	18	1	55	2	90	3	48	4	63	5	94	6	84	7	93	8	74	9	75	
	0	29	1	44	2	81	3	61	4	72	5	40	6	15	7	56	8	57	9	59	
	0	82	1	14	2	40	3	29	4	74	5	95	6	11	7	97	8	26	9	69	
	0	46	1	78	2	90	3	24	4	91	5	20	6	11	7	14	8	86	9	48	
	0	26	1	85	2	35	3	16	4	78	5	36	6	99	7	94	8	74	9	49	
	0	15	1	48	2	45	3	16	4	18	5	21	6	79	7	17	8	59	9	79	
	0	14	1	91	2	17	3	90	4	86	5	39	6	89	7	11	8	17	9	27	
	0	21	1	35	2	31	3	75	4	49	5	70	6	95	7	61	8	58	9	85	
	0	19	1	72	2	86	3	50	4	18	5	12	6	49	7	83	8	82	9	66	
	0	34	1	61	2	84	3	50	4	45	5	38	6	89	7	52	8	14	9	80	
	0	13	1	84	2	62	3	80	4	35	5	94	6	62	7	17	8	31	9	26	
	0	14	1	98	2	73	3	61	4	87	5	96	6	49	7	50	8	98	9	13	
	0	70	1	16	2	89	3	39	4	39	5	30	6	57	7	60	8	40	9	74	
	0	21	1	25	2	25	3	100	4	94	5	60	6	46	7	12	8	21	9	22	
	0	21	1	23	2	19	3	24	4	59	5	65	6	43	7	44	8	78	9	13	
	0	69	1	11	2	19	3	71	4	89	5	70	6	43	7	97	8	22	9	39	
	0	60	1	77	2	86	3	84	4	88	5	78	6	39	7	42	8	49	9	34	
	0	28	1	63	2	66	3	36	4	38	5	25	6	94	7	81	8	56	9	10	
	0	16	1	73	2	46	3	32	4	34	5	14	6	93	7	25	8	91	9	87	
	0	13	1	32	2	57	3	79	4	43	5	94	6	34	7	77	8	16	9	51	
	0	29	1	32	2	74	3	31	4	27	5	25	6	58	7	83	8	27	9	15	
	0	10	1	85	2	48	3	85	4	68	5	70	6	46	7	38	8	48	9	29	
	0	66	1	80	2	83	3	15	4	24	5	22	6	59	7	70	8	99	9	26	
	0	62	1	81	2	26	3	67	4	61	5	13	6	19	7	37	8	84	9	45	
	0	25	1	45	2	45	3	91	4	99	5	40	6	64	7	29	8	61	9	71	
	0	92	1	26	2	14	3	21	4	12	5	99	6	96	7	86	8	43	9	59	
	0	39	1	31	2	79	3	13	4	65	5	50	6	76	7	92	8	76	9	50	
	0	78	1	32	2	27	3	22	4	62	5	88	6	58	7	98	8	85	9	31	
	0	84	1	85	2	78	3	100	4	79	5	44	6	51	7	70	8	25	9	33	
	0	95	1	25	2	68	3	58	4	47	5	88	6	93	7	85	8	43	9	35	
	0	61	1	45	2	67	3	98	4	43	5	73	6	58	7	86	8	72	9	56	
	0	91	1	10	2	59	3	16	4	36	5	38	6	55	7	19	8	86	9	63	
	0	42	1	10	2	98	3	12	4	84	5	46	6	81	7	99	8	91	9	37	
	0	47	1	70	2	54	3	55	4	30	5	80	6	22	7	63	8	22	9	89	
	0	35	1	74	2	18	3	33	4	77	5	17	6	40	7	80	8	16	9	14	
	0	93	1	60	2	55	3	50	4	18	5	91	6	33	7	20	8	68	9	53	
	0	96	1	45	2	83	3	13	4	48	5	69	6	96	7	28	8	29	9	89	
	0	11	1	69	2	35	3	80	4	71	5	38	6	21	7	14	8	93	9	69	
	0	59	1	77	2	90	3	46	4	22	5	24	6	49	7	21	8	74	9	48	
	0	91	1	56	2	62	3	68	4	82	5	93	6	76	7	60	8	78	9	49	
	0	13	1	17	2	17	3	40	4	90	5	47	6	83	7	77	8	50	9	33	
	0	86	1	72	2	48	3	23	4	55	5	57	6	41	7	80	8	73	9	98	
	0	88	1	79	2	23	3	53	4	76	5	56	6	14	7	72	8	40	9	65	
	0	90	1	24	2	46	3	52	4	96	5	77	6	92	7	59	8	83	9	24	
	0	43	1	78	2	59	3	13	4	79	5	28	6	53	7	46	8	46	9	49	
	0	62	1	34	2	56	3	67	4	90	5	80	6	23	7	17	8	100	9	48	
	0	58	1	84	2	50	3	47	4	32	5	66	6	22	7	22	8	14	9	15	
	0	71	1	43	2	93	3	35	4	16	5	51	6	59	7	89	8	42	9	56	
	0	99	1	24	2	55	3	49	4	65	5	94	6	33	7	84	8	24	9	11	
	0	93	1	73	2	93	3	60	4	99	5	18	6	25	7	72	8	63	9	51	
	0	40	1	65	2	73	3	30	4	12	5	35	6	47	7	79	8	100	9	97	
	0	83	1	99	2	68	3	97	4	43	5	39	6	25	7	71	8	57	9	15	
	0	25	1	39	2	50	3	64	4	53	5	43	6	70	7	66	8	31	9	33	
	0	86	1	64	2	17	3	86	4	25	5	94	6	87	7	53	8	25	9	19	
	0	46	1	14	2	37	3	67	4	27	5	68	6	26	7	65	8	82	9	68	
	0	11	1	46	2	76	3	52	4	26	5	38	6	90	7	94	8	64	9	85	
	0	74	1	31	2	66	3	88	4	74	5	27	6	34	7	49	8	44	9	90	
	0	78	1	81	2	93	3	27	4	94	5	55	6	79	7	14	8	83	9	93	
	0	45	1	25	2	68	3	37	4	48	5	28	6	47	7	53	8	45	9	79	
	0	95	1	100	2	34	3	38	4	78	5	48	6	73	7	75	8	89	9	76	
	0	56	1	12	2	35	3	53	4	62	5	64	6	22	7	25	8	63	9	51	
	0	40	1	38	2	100	3	19	4	40	5	72	6	92	7	60	8	72	9	35	
	0	66	1	83	2	19	3	44	4	34	5	56	6	74	7	95	8	49	9	25	
	0	34	1	82	2	64	3	93	4	90	5	56	6	82	7	98	8	10	9	69	
	0	93	1	25	2	97	3	55	4	47	5	42	6	68	7	63	8	32	9	40	
	0	13	1	35	2	83	3	67	4	40	5	47	6	33	7	18	8	20	9	40	
	0	100	1	22	2	61	3	44	4	45	5	48	6	53	7	66	8	90	9	71	
	0	54	1	80	2	53	3	44	4	59	5	62	6	10	7	39	8	31	9	44	
	0	66	1	25	2	30	3	79	4	49	5	72	6	22	7	70	8	23	9	58	
	0	42	1	52	2	72	3	60	4	43	5	93	6	36	7	51	8	90	9	84	
	0	39	1	30	2	100	3	56	4	90	5	73	6	30	7	73	8	57	9	99	
	0	37	1	92	2	43	3	32	4	14	5	37	6	97	7	77	8	35	9	66	
	0	60	1	87	2	76	3	16	4	45	5	19	6	15	7	54	8	73	9	60	
	0	37	1	30	2	22	3	38	4	84	5	22	6	19	7	11	8	92	9	76	
	0	54	1	29	2	29	3	69	4	76	5	35	6	29	7	12	8	25	9	61	
	0	16	1	32	2	58	3	32	4	59	5	21	6	24	7	37	8	43	9	36	
	0	66	1	29	2	56	3	86	4	71	5	97	6	30	7	51	8	38	9	79	
	0	68	1	24	2	31	3	79	4	35	5	83	6	10	7	77	8	24	9	98	
	0	95	1	20	2	15	3	40	4	70	5	67	6	70	7	52	8	18	9	57	
	0	88	1	92	2	12	3	16	4	80	5	93	6	66	7	59	8	69	9	50	
	0	100	1	68	2	35	3	47	4	99	5	78	6	79	7	53	8	44	9	50	
	0	18	1	93	2	75	3	28	4	15	5	57	6	38	7	57	8	15	9	34	
	0	32	1	90	2	80	3	22	4	32	5	11	6	25	7	34	8	28	9	94	
	0	57	1	95	2	66	3	52	4	81	5	20	6	60	7	19	8	78	9	93	
	0	23	1	24	2	69	3	31	4	12	5	62	6	59	7	30	8	99	9	67	
	0	74	1	69	2	79	3	89	4	51	5	84	6	56	7	64	8	89	9	45	
	0	74	1	45	2	83	3	48	4	60	5	86	6	28	7	81	8	37	9	79	
	0	71	1	19	2	83	3	52	4	32	5	58	6	17	7	69	8	59	9	27	
	0	48	1	63	2	50	3	41	4	75	5	16	6	40	7	66	8	33	9	16	
	0	11	1	10	2	73	3	63	4	77	5	45	6	46	7	38	8	31	9	29	
	0	68	1	70	2	76	3	97	4	26	5	21	6	35	7	38	8	56	9	30	
	0	66	1	20	2	47	3	90	4	97	5	29	6	84	7	81	8	67	9	81	
	0	56	1	45	2	67	3	62	4	98	5	63	6	61	7	50	8	18	9	27	
	0	50	1	68	2	47	3	100	4	92	5	61	6	81	7	28	8	55	9	65	
	0	34	1	73	2	10	3	94	4	13	5	77	6	85	7	61	8	66	9	60	
	0	38	1	92	2	43	3	36	4	42	5	63	6	72	7	85	8	80	9	26	
	0	60	1	14	2	10	3	62	4	61	5	43	6	45	7	49	8	13	9	33	
	0	27	1	25	2	95	3	48	4	19	5	33	6	98	7	50	8	62	9	30	
	0	47	1	49	2	96	3	82	4	23	5	13	6	35	7	75	8	41	9	93	
	0	29	1	19	2	89	3	33	4	58	5	72	6	55	7	23	8	78	9	65	
	0	93	1	49	2	85	3	66	4	63	5	85	6	44	7	38	8	97	9	30	
	0	45	1	100	2	82	3	88	4	73	5	81	6	17	7	90	8	52	9	92	
	0	46	1	36	2	45	3	36	4	100	5	14	6	70	7	32	8	16	9	56	
	0	76	1	98	2	82	3	75	4	72	5	68	6	13	7	25	8	40	9	54	
	0	93	1	74	2	10	3	76	4	58	5	28	6	94	7	100	8	43	9	83	
	0	37	1	83	2	12	3	14	4	32	5	64	6	55	7	22	8	92	9	41	
	0	49	1	93	2	39	3	41	4	47	5	71	6	16	7	37	8	54	9	99	
	0	89	1	71	2	88	3	20	4	16	5	25	6	39	7	13	8	29	9	60	
	0	93	1	43	2	54	3	64	4	32	5	21	6	76	7	25	8	76	9	26	
	0	31	1	28	2	33	3	15	4	30	5	90	6	67	7	13	8	52	9	77	
	0	53	1	86	2	15	3	21	4	13	5	32	6	22	7	60	8	24	9	66	
	0	62	1	12	2	43	3	87	4	32	5	96	6	40	7	75	8	89	9	26	
	0	32	1	22	2	40	3	100	4	68	5	18	6	24	7	31	8	85	9	19	
	0	76	1	95	2	39	3	16	4	97	5	91	6	72	7	69	8	96	9	88	
	0	43	1	35	2	64	3	97	4	44	5	71	6	42	7	64	8	46	9	65	
	0	48	1	15	2	15	3	26	4	70	5	57	6	70	7	84	8	20	9	81	
	0	59	1	46	2	67	3	51	4	87	5	83	6	86	7	52	8	58	9	38	
	0	63	1	64	2	73	3	53	4	38	5	53	6	53	7	55	8	88	9	60	
	0	52	1	41	2	39	3	38	4	36	5	16	6	15	7	51	8	76	9	91	
	0	22	1	49	2	63	3	30	4	86	5	83	6	74	7	60	8	32	9	92	
	0	37	1	65	2	86	3	26	4	33	5	95	6	76	7	99	8	91	9	72	
	0	99	1	34	2	66	3	91	4	48	5	84	6	19	7	27	8	48	9	18	
	0	24	1	89	2	46	3	54	4	20	5	22	6	40	7	13	8	22	9	19	
	0	85	1	83	2	43	3	82	4	18	5	79	6	54	7	31	8	69	9	35	
	0	11	1	94	2	14	3	61	4	35	5	14	6	27	7	80	8	86	9	30	
	0	13	1	34	2	16	3	44	4	59	5	39	6	30	7	62	8	31	9	19	
	0	82	1	93	2	75	3	34	4	33	5	59	6	45	7	54	8	15	9	49	
	0	29	1	34	2	42	3	77	4	91	5	70	6	94	7	50	8	29	9	92	
	0	59	1	43	2	91	3	12	4	100	5	48	6	66	7	58	8	42	9	38	
	0	47	1	70	2	33	3	78	4	59	5	81	6	66	7	73	8	65	9	62	
	0	36	1	59	2	20	3	78	4	82	5	37	6	72	7	56	8	80	9	28	
	0	55	1	19	2	10	3	93	4	44	5	24	6	11	7	71	8	61	9	40	
	0	25	1	90	2	25	3	56	4	35	5	56	6	28	7	20	8	18	9	37	
	0	96	1	76	2	24	3	24	4	79	5	17	6	48	7	65	8	59	9	92	
	0	34	1	71	2	27	3	90	4	13	5	29	6	27	7	39	8	44	9	23	
	0	43	1	20	2	93	3	22	4	74	5	45	6	42	7	18	8	33	9	23	
	0	80	1	51	2	21	3	63	4	71	5	34	6	70	7	99	8	70	9	86	
	0	88	1	93	2	61	3	22	4	38	5	46	6	84	7	99	8	78	9	97	
	0	76	1	20	2	85	3	45	4	74	5	44	6	45	7	84	8	49	9	75	
	0	89	1	15	2	11	3	76	4	80	5	37	6	41	7	51	8	23	9	56	
	0	54	1	49	2	27	3	79	4	29	5	95	6	49	7	62	8	17	9	67	
	0	90	1	63	2	50	3	23	4	40	5	81	6	43	7	12	8	72	9	42	
	0	19	1	87	2	26	3	94	4	26	5	13	6	51	7	40	8	15	9	23	
	0	62	1	10	2	61	3	46	4	30	5	27	6	100	7	78	8	20	9	78	
	0	69	1	52	2	56	3	82	4	50	5	94	6	63	7	24	8	36	9	99	
	0	73	1	67	2	63	3	62	4	61	5	31	6	39	7	90	8	88	9	54	
	0	16	1	17	2	69	3	28	4	33	5	74	6	41	7	64	8	30	9	88	
	0	20	1	27	2	93	3	44	4	45	5	73	6	74	7	99	8	56	9	55	
	0	88	1	42	2	66	3	51	4	15	5	61	6	70	7	12	8	51	9	95	
	0	28	1	27	2	63	3	70	4	88	5	24	6	95	7	33	8	89	9	44	
	0	46	1	84	2	97	3	31	4	18	5	98	6	20	7	22	8	94	9	15	
	0	93	1	38	2	60	3	67	4	27	5	50	6	53	7	24	8	89	9	51	
	0	40	1	14	2	58	3	61	4	14	5	75	6	73	7	37	8	58	9	36	
	0	76	1	62	2	86	3	10	4	41	5	49	6	68	7	10	8	39	9	25	
	0	95	1	58	2	12	3	54	4	50	5	99	6	33	7	62	8	48	9	58	
	0	92	1	62	2	80	3	18	4	11	5	14	6	85	7	35	8	20	9	36	
	0	16	1	46	2	70	3	39	4	37	5	99	6	15	7	14	8	90	9	87	
	0	11	1	49	2	39	3	51	4	54	5	84	6	61	7	24	8	50	9	31	
	0	83	1	18	2	17	3	31	4	10	5	48	6	50	7	67	8	28	9	29	
	0	66	1	66	2	63	3	85	4	33	5	35	6	23	7	56	8	30	9	72	
	0	91	1	66	2	99	3	32	4	40	5	77	6	61	7	56	8	74	9	35	
	0	98	1	10	2	84	3	74	4	35	5	71	6	83	7	74	8	38	9	17	
	0	100	1	61	2	50	3	28	4	68	5	78	6	63	7	20	8	41	9	87	
	0	52	1	18	2	72	3	69	4	87	5	16	6	18	7	72	8	86	9	14	
	0	92	1	28	2	15	3	92	4	16	5	38	6	11	7	47	8	47	9	89	
	0	91	1	57	2	45	3	49	4	29	5	86	6	29	7	42	8	71	9	19	
	0	78	1	48	2	16	3	88	4	66	5	58	6	47	7	74	8	48	9	39	
	0	73	1	88	2	68	3	12	4	19	5	46	6	52	7	85	8	90	9	15	
	0	43	1	43	2	94	3	17	4	76	5	74	6	24	7	28	8	62	9	51	
	0	37	1	80	2	99	3	69	4	15	5	59	6	22	7	14	8	53	9	25	
	0	24	1	79	2	61	3	16	4	12	5	92	6	58	7	21	8	90	9	30	
	0	88	1	85	2	67	3	92	4	17	5	45	6	12	7	20	8	81	9	72	
	0	84	1	61	2	49	3	42	4	49	5	39	6	19	7	15	8	16	9	33	
	0	84	1	62	2	13	3	19	4	68	5	64	6	42	7	90	8	30	9	69	
	0	85	1	79	2	31	3	18	4	97	5	28	6	27	7	29	8	31	9	48	
	0	13	1	67	2	12	3	96	4	21	5	99	6	94	7	30	8	62	9	40	
	0	73	1	42	2	63	3	42	4	41	5	73	6	28	7	64	8	35	9	61	
	0	80	1	71	2	69	3	26	4	73	5	93	6	67	7	23	8	75	9	40	
	0	73	1	54	2	26	3	84	4	18	5	15	6	67	7	17	8	25	9	19	
	0	29	1	58	2	51	3	63	4	94	5	60	6	70	7	42	8	72	9	97	
	0	90	1	50	2	24	3	24	4	45	5	19	6	90	7	82	8	81	9	39	
	0	98	1	43	2	94	3	51	4	94	5	37	6	44	7	40	8	28	9	36	
	0	44	1	65	2	47	3	87	4	49	5	59	6	29	7	38	8	80	9	96	
	0	34	1	63	2	57	3	48	4	16	5	47	6	32	7	39	8	48	9	13	
	0	10	1	58	2	45	3	28	4	93	5	49	6	25	7	65	8	56	9	88	
	0	47	1	95	2	71	3	68	4	20	5	86	6	51	7	63	8	87	9	88	
	0	92	1	86	2	85	3	67	4	98	5	74	6	59	7	11	8	74	9	94	
	0	11	1	35	2	60	3	68	4	69	5	47	6	89	7	55	8	72	9	96	
	0	73	1	43	2	82	3	92	4	94	5	33	6	18	7	90	8	93	9	91	
	0	62	1	33	2	90	3	38	4	48	5	75	6	66	7	44	8	81	9	91	
	0	21	1	61	2	98	3	83	4	36	5	43	6	72	7	48	8	30	9	21	
	0	99	1	64	2	86	3	32	4	42	5	35	6	64	7	44	8	33	9	70	
	0	62	1	98	2	100	3	20	4	99	5	70	6	95	7	34	8	81	9	21	
	0	10	1	77	2	22	3	81	4	22	5	95	6	46	7	47	8	70	9	21	
	0	10	1	55	2	53	3	61	4	34	5	77	6	99	7	87	8	34	9	49	
	0	61	1	15	2	76	3	17	4	99	5	58	6	38	7	73	8	52	9	83	
	0	68	1	23	2	93	3	15	4	38	5	79	6	48	7	38	8	57	9	46	
	0	18	1	13	2	49	3	40	4	60	5	62	6	79	7	95	8	47	9	22	
	0	19	1	32	2	32	3	42	4	76	5	72	6	29	7	40	8	12	9	10	
	0	86	1	55	2	47	3	80	4	21	5	48	6	46	7	95	8	50	9	19	
	0	71	1	97	2	34	3	33	4	81	5	95	6	14	7	39	8	24	9	25	
	0	45	1	47	2	69	3	87	4	49	5	35	6	19	7	97	8	77	9	33	
	0	94	1	40	2	76	3	37	4	46	5	68	6	42	7	22	8	86	9	96	
	0	67	1	72	2	88	3	98	4	41	5	12	6	68	7	70	8	42	9	59	
	0	36	1	65	2	85	3	13	4	43	5	41	6	48	7	11	8	98	9	14	
	0	46	1	37	2	74	3	22	4	66	5	94	6	84	7	47	8	28	9	93	
	0	21	1	79	2	77	3	10	4	29	5	42	6	62	7	84	8	75	9	49	
	0	19	1	11	2	26	3	61	4	52	5	29	6	34	7	100	8	92	9	46	
	0	18	1	54	2	24	3	25	4	39	5	39	6	86	7	94	8	57	9	28	
	0	27	1	66	2	86	3	34	4	83	5	38	6	84	7	45	8	69	9	93	
	0	80	1	42	2	84	3	15	4	84	5	79	6	37	7	12	8	17	9	58	
	0	87	1	17	2	88	3	80	4	23	5	69	6	15	7	22	8	29	9	13	
	0	95	1	85	2	90	3	54	4	47	5	86	6	39	7	74	8	54	9	30	
	0	73	1	50	2	26	3	90	4	15	5	25	6	68	7	10	8	17	9	61	
	0	100	1	67	2	21	3	17	4	70	5	73	6	91	7	10	8	19	9	54	
	0	26	1	71	2	10	3	75	4	64	5	20	6	17	7	48	8	24	9	16	
	0	51	1	60	2	60	3	76	4	75	5	100	6	27	7	39	8	95	9	47	
	0	86	1	67	2	68	3	54	4	66	5	80	6	98	7	57	8	16	9	42	
	0	64	1	52	2	23	3	68	4	88	5	10	6	10	7	57	8	69	9	27	
	0	50	1	59	2	53	3	37	4	10	5	58	6	28	7	47	8	61	9	12	
	0	95	1	68	2	52	3	31	4	55	5	35	6	31	7	91	8	14	9	14	
	0	79	1	46	2	15	3	97	4	94	5	82	6	13	7	77	8	100	9	43	
	0	58	1	64	2	39	3	100	4	51	5	37	6	14	7	38	8	18	9	65	
	0	15	1	13	2	42	3	27	4	50	5	81	6	97	7	41	8	64	9	82	
	0	44	1	87	2	20	3	15	4	29	5	31	6	20	7	63	8	66	9	39	
	0	80	1	50	2	58	3	78	4	68	5	64	6	26	7	36	8	85	9	77	
	0	42	1	25	2	56	3	69	4	13	5	98	6	79	7	38	8	38	9	65	
	0	27	1	83	2	20	3	75	4	23	5	31	6	81	7	91	8	51	9	48	
	0	76	1	22	2	98	3	14	4	11	5	97	6	12	7	72	8	51	9	85	
	0	44	1	66	2	97	3	88	4	79	5	79	6	97	7	22	8	15	9	85	
	0	40	1	32	2	95	3	63	4	47	5	71	6	85	7	41	8	47	9	82	
	0	62	1	68	2	23	3	50	4	35	5	62	6	48	7	73	8	39	9	80	
	0	28	1	50	2	78	3	49	4	35	5	11	6	36	7	33	8	82	9	98	
	0	13	1	14	2	95	3	96	4	39	5	76	6	63	7	19	8	35	9	62	
	0	41	1	70	2	74	3	21	4	35	5	28	6	53	7	35	8	68	9	69	
	0	78	1	85	2	27	3	86	4	83	5	71	6	54	7	59	8	41	9	70	
	0	19	1	25	2	19	3	48	4	42	5	38	6	23	7	86	8	14	9	35	
	0	57	1	73	2	16	3	78	4	10	5	73	6	36	7	83	8	95	9	54	
	0	13	1	97	2	29	3	15	4	36	5	72	6	53	7	36	8	34	9	82	
	0	55	1	92	2	35	3	99	4	42	5	86	6	72	7	89	8	39	9	88	
	0	96	1	19	2	58	3	95	4	24	5	26	6	98	7	66	8	39	9	41	
	0	60	1	13	2	30	3	35	4	49	5	38	6	19	7	86	8	74	9	29	
	0	19	1	62	2	58	3	13	4	77	5	91	6	98	7	83	8	94	9	51	
	0	30	1	83	2	82	3	22	4	72	5	74	6	87	7	13	8	13	9	100	
	0	37	1	68	2	100	3	49	4	80	5	74	6	44	7	11	8	69	9	27	
	0	81	1	46	2	36	3	22	4	50	5	100	6	14	7	53	8	70	9	80	
	0	60	1	25	2	82	3	85	4	93	5	49	6	72	7	61	8	28	9	25	
	0	51	1	62	2	31	3	13	4	85	5	20	6	64	7	58	8	64	9	34	
	0	14	1	91	2	33	3	41	4	94	5	98	6	78	7	36	8	11	9	25	
	0	16	1	79	2	65	3	37	4	70	5	68	6	98	7	97	8	32	9	96	
	0	29	1	68	2	28	3	25	4	76	5	40	6	46	7	95	8	30	9	25	
	0	87	1	45	2	21	3	54	4	20	5	66	6	16	7	50	8	48	9	34	
	0	57	1	12	2	60	3	93	4	83	5	20	6	100	7	50	8	56	9	79	
	0	51	1	92	2	28	3	18	4	80	5	35	6	61	7	43	8	47	9	78	
	0	72	1	82	2	44	3	85	4	80	5	96	6	33	7	12	8	45	9	87	
	0	27	1	25	2	37	3	20	4	64	5	71	6	45	7	34	8	37	9	74	
	0	70	1	72	2	11	3	31	4	39	5	98	6	97	7	48	8	86	9	93	
	0	64	1	94	2	46	3	79	4	76	5	93	6	20	7	99	8	65	9	39	
	0	83	1	94	2	17	3	60	4	62	5	13	6	56	7	38	8	35	9	60	
	0	55	1	96	2	65	3	36	4	67	5	17	6	41	7	73	8	22	9	23	
	0	51	1	60	2	44	3	14	4	61	5	54	6	65	7	60	8	95	9	85	
	0	72	1	20	2	41	3	86	4	43	5	73	6	13	7	93	8	53	9	40	
	0	53	1	61	2	29	3	12	4	61	5	77	6	40	7	30	8	81	9	52	
	0	58	1	14	2	28	3	11	4	63	5	75	6	11	7	88	8	87	9	26	
	0	19	1	91	2	45	3	75	4	98	5	41	6	47	7	76	8	50	9	58	
	0	74	1	65	2	48	3	73	4	47	5	28	6	33	7	32	8	66	9	14	
	0	91	1	77	2	48	3	12	4	29	5	95	6	53	7	100	8	10	9	19	
	0	53	1	68	2	15	3	50	4	27	5	72	6	10	7	80	8	32	9	86	
	0	62	1	71	2	49	3	72	4	29	5	84	6	31	7	99	8	81	9	48	
	0	44	1	80	2	82	3	56	4	35	5	38	6	80	7	24	8	56	9	59	
	0	61	1	46	2	15	3	78	4	55	5	33	6	77	7	87	8	90	9	45	
	0	84	1	94	2	47	3	69	4	28	5	28	6	15	7	68	8	59	9	87	
	0	82	1	58	2	22	3	72	4	33	5	21	6	30	7	33	8	20	9	72	
	0	35	1	75	2	14	3	59	4	35	5	66	6	69	7	39	8	47	9	26	
	0	83	1	66	2	59	3	61	4	15	5	48	6	49	7	98	8	61	9	79	
	0	80	1	43	2	79	3	83	4	77	5	32	6	52	7	72	8	43	9	19	
	0	68	1	15	2	52	3	66	4	72	5	39	6	59	7	40	8	42	9	47	
	0	86	1	84	2	88	3	11	4	60	5	64	6	21	7	77	8	25	9	53	
	0	65	1	41	2	58	3	87	4	31	5	95	6	98	7	42	8	96	9	77	
	0	31	1	90	2	64	3	96	4	57	5	32	6	15	7	48	8	56	9	39	
	0	88	1	37	2	78	3	55	4	25	5	15	6	35	7	50	8	18	9	47	
	0	36	1	77	2	37	3	23	4	50	5	60	6	70	7	64	8	23	9	25	
	0	47	1	11	2	52	3	51	4	26	5	67	6	64	7	71	8	27	9	26	
	0	84	1	48	2	15	3	72	4	51	5	77	6	90	7	62	8	64	9	31	
	0	20	1	70	2	54	3	16	4	18	5	64	6	56	7	53	8	94	9	89	
	0	75	1	33	2	52	3	31	4	43	5	26	6	39	7	61	8	69	9	68	
	0	63	1	87	2	30	3	69	4	59	5	62	6	79	7	21	8	17	9	77	
	0	53	1	57	2	88	3	100	4	98	5	37	6	30	7	22	8	84	9	46	
	0	22	1	88	2	49	3	49	4	64	5	58	6	25	7	55	8	34	9	79	
	0	12	1	92	2	18	3	81	4	43	5	56	6	68	7	12	8	10	9	42	
	0	49	1	19	2	92	3	94	4	95	5	19	6	83	7	70	8	34	9	16	
	0	57	1	46	2	41	3	71	4	12	5	69	6	27	7	82	8	14	9	61	
	0	10	1	97	2	29	3	31	4	19	5	76	6	81	7	34	8	98	9	49	
	0	87	1	44	2	26	3	78	4	21	5	75	6	49	7	74	8	20	9	72	
	0	84	1	18	2	15	3	64	4	45	5	29	6	23	7	33	8	49	9	45	
	0	41	1	79	2	24	3	64	4	63	5	17	6	58	7	74	8	53	9	56	
	0	67	1	19	2	73	3	28	4	48	5	49	6	80	7	43	8	61	9	56	
	0	64	1	91	2	57	3	52	4	18	5	62	6	77	7	69	8	35	9	26	
	0	99	1	30	2	18	3	35	4	54	5	83	6	92	7	39	8	65	9	24	
	0	10	1	12	2	45	3	53	4	78	5	94	6	15	7	76	8	32	9	24	
	0	60	1	81	2	85	3	95	4	64	5	21	6	31	7	48	8	19	9	59	
	0	22	1	51	2	52	3	23	4	12	5	79	6	51	7	69	8	52	9	59	
	0	97	1	90	2	14	3	26	4	26	5	87	6	77	7	51	8	47	9	90	
	0	54	1	57	2	93	3	19	4	17	5	34	6	59	7	85	8	95	9	30	
	0	30	1	54	2	39	3	57	4	22	5	98	6	52	7	58	8	100	9	56	
	0	35	1	69	2	30	3	33	4	100	5	60	6	34	7	12	8	96	9	47	
	0	78	1	73	2	76	3	85	4	73	5	23	6	34	7	25	8	15	9	79	
	0	50	1	48	2	42	3	94	4	99	5	96	6	68	7	26	8	19	9	28	
	0	100	1	31	2	90	3	23	4	71	5	29	6	73	7	38	8	21	9	80	
	0	45	1	31	2	81	3	72	4	36	5	100	6	35	7	25	8	26	9	79	
	0	90	1	40	2	71	3	66	4	85	5	27	6	15	7	51	8	25	9	99	
	0	63	1	35	2	76	3	62	4	69	5	11	6	37	7	19	8	95	9	34	
	0	20	1	48	2	83	3	90	4	49	5	68	6	15	7	17	8	91	9	48	
	0	13	1	81	2	94	3	76	4	67	5	30	6	71	7	10	8	46	9	94	
	0	72	1	85	2	95	3	91	4	44	5	97	6	64	7	41	8	77	9	100	
	0	14	1	87	2	98	3	90	4	26	5	39	6	88	7	49	8	96	9	34	
	0	62	1	69	2	86	3	71	4	95	5	28	6	27	7	22	8	86	9	67	
	0	85	1	32	2	60	3	26	4	16	5	40	6	65	7	63	8	27	9	35	
	0	100	1	26	2	39	3	43	4	15	5	24	6	79	7	44	8	82	9	33	
	0	76	1	60	2	26	3	14	4	46	5	89	6	80	7	31	8	48	9	56	
	0	12	1	98	2	82	3	66	4	50	5	11	6	56	7	31	8	95	9	40	
	0	95	1	88	2	37	3	73	4	62	5	39	6	43	7	75	8	61	9	26	
	0	83	1	78	2	89	3	70	4	49	5	36	6	94	7	52	8	29	9	79	
	0	47	1	26	2	49	3	36	4	23	5	56	6	50	7	11	8	78	9	68	
	0	10	1	52	2	32	3	31	4	40	5	37	6	79	7	97	8	96	9	16	
	0	74	1	12	2	62	3	85	4	11	5	98	6	52	7	63	8	97	9	30	
	0	63	1	78	2	29	3	12	4	67	5	38	6	44	7	64	8	43	9	62	
	0	40	1	10	2	62	3	96	4	19	5	52	6	37	7	36	8	97	9	94	
	0	23	1	48	2	10	3	98	4	29	5	83	6	77	7	91	8	30	9	32	
	0	99	1	94	2	45	3	99	4	72	5	77	6	76	7	43	8	81	9	80	
	0	11	1	89	2	88	3	66	4	22	5	21	6	76	7	24	8	79	9	19	
	0	90	1	48	2	69	3	27	4	87	5	19	6	93	7	67	8	18	9	44	
	0	86	1	55	2	48	3	20	4	93	5	88	6	78	7	42	8	42	9	52	
	0	98	1	66	2	24	3	100	4	96	5	28	6	28	7	44	8	81	9	61	
	0	73	1	85	2	51	3	12	4	46	5	10	6	54	7	52	8	60	9	31	
	0	20	1	13	2	62	3	16	4	12	5	25	6	34	7	57	8	80	9	11	
	0	97	1	90	2	100	3	51	4	23	5	92	6	42	7	21	8	38	9	90	
	0	13	1	60	2	100	3	87	4	80	5	77	6	68	7	81	8	16	9	73	
	0	80	1	80	2	59	3	47	4	49	5	64	6	25	7	28	8	59	9	21	
	0	67	1	67	2	91	3	13	4	37	5	52	6	95	7	20	8	52	9	57	
	0	17	1	75	2	41	3	10	4	79	5	66	6	77	7	79	8	84	9	28	
	0	80	1	25	2	99	3	100	4	81	5	88	6	25	7	79	8	46	9	67	
	0	14	1	95	2	76	3	100	4	31	5	80	6	17	7	68	8	74	9	41	
	0	13	1	28	2	88	3	60	4	14	5	61	6	58	7	40	8	34	9	49	
	0	60	1	98	2	12	3	10	4	95	5	54	6	59	7	91	8	61	9	74	
	0	87	1	26	2	51	3	80	4	34	5	90	6	17	7	48	8	50	9	13	
	0	49	1	74	2	84	3	50	4	13	5	69	6	94	7	15	8	39	9	12	
	0	79	1	99	2	56	3	43	4	25	5	76	6	43	7	46	8	87	9	17	
	0	52	1	79	2	22	3	11	4	50	5	68	6	30	7	53	8	46	9	98	
	0	41	1	16	2	79	3	67	4	80	5	55	6	30	7	47	8	26	9	91	
	0	84	1	33	2	94	3	99	4	79	5	83	6	71	7	38	8	59	9	48	
	0	51	1	24	2	76	3	48	4	94	5	85	6	52	7	44	8	56	9	62	
	0	90	1	15	2	84	3	40	4	46	5	70	6	27	7	88	8	84	9	66	
	0	40	1	17	2	99	3	54	4	39	5	33	6	45	7	33	8	70	9	45	
	0	99	1	13	2	12	3	27	4	35	5	73	6	71	7	40	8	71	9	46	
	0	55	1	40	2	48	3	40	4	77	5	60	6	42	7	86	8	33	9	51	
	0	50	1	25	2	68	3	89	4	98	5	32	6	67	7	81	8	28	9	10	
	0	99	1	67	2	16	3	73	4	79	5	37	6	85	7	32	8	83	9	90	
	0	39	1	60	2	100	3	57	4	22	5	79	6	100	7	49	8	95	9	22	
	0	97	1	34	2	48	3	78	4	51	5	82	6	56	7	39	8	83	9	49	
	0	78	1	68	2	86	3	65	4	43	5	38	6	44	7	44	8	99	9	57	
	0	33	1	48	2	45	3	44	4	11	5	81	6	87	7	36	8	75	9	27	
	0	30	1	34	2	66	3	70	4	92	5	12	6	16	7	56	8	42	9	48	
	0	29	1	82	2	79	3	82	4	47	5	74	6	88	7	14	8	39	9	75	
	0	50	1	53	2	44	3	72	4	98	5	23	6	22	7	50	8	75	9	57	
	0	38	1	97	2	67	3	26	4	51	5	53	6	98	7	15	8	69	9	87	
	0	52	1	31	2	87	3	97	4	94	5	38	6	41	7	76	8	47	9	70	
	0	75	1	92	2	94	3	57	4	83	5	32	6	85	7	21	8	71	9	28	
	0	38	1	17	2	48	3	68	4	84	5	82	6	85	7	67	8	74	9	61	
	0	84	1	81	2	80	3	17	4	68	5	94	6	76	7	54	8	59	9	83	
	0	89	1	84	2	84	3	63	4	46	5	84	6	54	7	16	8	99	9	37	
	0	32	1	68	2	12	3	17	4	84	5	10	6	16	7	45	8	74	9	33	
	0	60	1	82	2	10	3	46	4	58	5	76	6	100	7	44	8	95	9	54	
	0	45	1	85	2	35	3	14	4	55	5	39	6	73	7	27	8	54	9	35	
	0	75	1	47	2	82	3	69	4	95	5	29	6	63	7	61	8	80	9	11	
	0	27	1	38	2	65	3	54	4	57	5	72	6	14	7	54	8	90	9	40	
	0	50	1	97	2	45	3	68	4	71	5	26	6	57	7	91	8	77	9	46	
	0	28	1	61	2	55	3	72	4	18	5	14	6	38	7	89	8	29	9	83	
	0	29	1	89	2	49	3	33	4	96	5	52	6	94	7	46	8	94	9	83	
	0	87	1	17	2	39	3	75	4	61	5	53	6	60	7	48	8	48	9	91	
	0	84	1	55	2	62	3	62	4	58	5	100	6	50	7	87	8	21	9	35	
	0	11	1	40	2	87	3	83	4	20	5	84	6	27	7	66	8	16	9	28	
	0	14	1	38	2	44	3	48	4	44	5	13	6	64	7	45	8	89	9	28	
	0	45	1	66	2	60	3	87	4	62	5	63	6	27	7	10	8	97	9	45	
	0	26	1	54	2	48	3	54	4	78	5	60	6	13	7	35	8	12	9	51	
	0	11	1	29	2	73	3	70	4	33	5	45	6	11	7	71	8	39	9	61	
	0	95	1	18	2	19	3	99	4	89	5	35	6	56	7	66	8	15	9	11	
	0	33	1	24	2	43	3	89	4	13	5	14	6	14	7	63	8	51	9	73	
	0	39	1	94	2	52	3	78	4	95	5	26	6	88	7	79	8	26	9	35	
	0	48	1	62	2	92	3	69	4	84	5	75	6	52	7	14	8	80	9	53	
	0	77	1	36	2	46	3	77	4	31	5	51	6	75	7	42	8	60	9	37	
	0	85	1	14	2	58	3	15	4	65	5	72	6	36	7	86	8	58	9	95	
	0	73	1	90	2	10	3	71	4	49	5	98	6	45	7	39	8	72	9	31	
	0	43	1	37	2	44	3	91	4	40	5	11	6	89	7	40	8	34	9	61	
	0	71	1	15	2	100	3	90	4	72	5	16	6	77	7	10	8	10	9	39	
	0	73	1	47	2	12	3	24	4	86	5	81	6	33	7	53	8	79	9	60	
	0	27	1	54	2	45	3	85	4	27	5	25	6	70	7	24	8	20	9	94	
	0	77	1	40	2	61	3	66	4	85	5	20	6	65	7	37	8	56	9	47	
	0	61	1	89	2	55	3	73	4	11	5	43	6	67	7	85	8	23	9	96	
	0	49	1	58	2	87	3	43	4	80	5	87	6	59	7	58	8	40	9	94	
	0	85	1	24	2	94	3	24	4	40	5	51	6	55	7	77	8	17	9	14	
	0	88	1	41	2	92	3	13	4	26	5	61	6	38	7	67	8	63	9	47	
	0	63	1	95	2	12	3	81	4	91	5	19	6	50	7	72	8	81	9	19	
	0	64	1	65	2	12	3	88	4	93	5	88	6	76	7	29	8	48	9	13	
	0	91	1	74	2	33	3	20	4	68	5	93	6	74	7	65	8	78	9	89	
	0	86	1	45	2	85	3	76	4	47	5	54	6	55	7	75	8	82	9	56	
	0	10	1	85	2	87	3	58	4	68	5	13	6	24	7	31	8	40	9	69	
	0	34	1	28	2	88	3	75	4	62	5	27	6	69	7	34	8	30	9	53	
	0	79	1	27	2	14	3	57	4	37	5	11	6	72	7	93	8	34	9	45	
	0	11	1	55	2	33	3	23	4	32	5	46	6	31	7	32	8	49	9	35	
	0	63	1	76	2	36	3	62	4	88	5	49	6	79	7	84	8	87	9	20	
	0	77	1	44	2	66	3	84	4	46	5	22	6	77	7	16	8	88	9	40	
	0	40	1	37	2	89	3	11	4	31	5	33	6	47	7	69	8	16	9	62	
	0	46	1	45	2	46	3	74	4	57	5	67	6	25	7	38	8	48	9	11	
	0	42	1	98	2	44	3	22	4	51	5	94	6	40	7	31	8	55	9	11	
	0	84	1	33	2	40	3	33	4	93	5	26	6	39	7	18	8	42	9	73	
	0	43	1	61	2	19	3	75	4	92	5	24	6	97	7	83	8	73	9	36	
	0	86	1	36	2	28	3	20	4	38	5	97	6	39	7	46	8	30	9	78	
	0	13	1	88	2	87	3	75	4	32	5	38	6	78	7	20	8	36	9	27	
	0	12	1	43	2	86	3	80	4	46	5	36	6	36	7	35	8	14	9	49	
	0	66	1	68	2	31	3	33	4	51	5	28	6	18	7	13	8	92	9	92	
	0	69	1	79	2	91	3	35	4	22	5	28	6	19	7	94	8	86	9	35	
	0	15	1	45	2	90	3	70	4	24	5	96	6	14	7	28	8	12	9	95	
	0	26	1	13	2	98	3	68	4	13	5	25	6	72	7	91	8	31	9	32	
	0	80	1	18	2	81	3	74	4	13	5	59	6	74	7	76	8	87	9	45	
	0	89	1	99	2	14	3	93	4	100	5	74	6	84	7	59	8	42	9	60	
	0	68	1	49	2	52	3	77	4	52	5	59	6	75	7	40	8	51	9	91	
	0	58	1	18	2	91	3	19	4	98	5	51	6	31	7	73	8	76	9	37	
	0	14	1	48	2	93	3	91	4	40	5	69	6	33	7	61	8	15	9	38	
	0	55	1	62	2	92	3	86	4	54	5	44	6	22	7	35	8	22	9	36	
	0	72	1	49	2	39	3	74	4	96	5	65	6	85	7	67	8	88	9	34	
	0	30	1	55	2	52	3	21	4	93	5	31	6	20	7	71	8	95	9	77	
	0	21	1	14	2	97	3	70	4	24	5	96	6	10	7	28	8	47	9	61	
	0	84	1	33	2	44	3	42	4	65	5	65	6	52	7	20	8	65	9	36	
	0	97	1	90	2	46	3	80	4	46	5	44	6	45	7	89	8	54	9	98	
	0	80	1	53	2	92	3	44	4	39	5	59	6	82	7	85	8	64	9	26	
	0	18	1	87	2	21	3	37	4	74	5	34	6	46	7	91	8	26	9	19	
	0	39	1	11	2	61	3	63	4	19	5	21	6	16	7	63	8	10	9	11	
	0	44	1	82	2	14	3	94	4	54	5	71	6	33	7	60	8	73	9	20	
	0	31	1	80	2	86	3	20	4	59	5	89	6	86	7	20	8	20	9	31	
	0	26	1	23	2	31	3	76	4	90	5	15	6	25	7	95	8	31	9	89	
	0	36	1	21	2	100	3	62	4	72	5	97	6	100	7	87	8	61	9	91	
	0	64	1	58	2	51	3	36	4	88	5	43	6	74	7	91	8	54	9	61	
	0	52	1	51	2	35	3	52	4	99	5	82	6	93	7	59	8	52	9	12	
	0	31	1	27	2	23	3	93	4	80	5	80	6	33	7	69	8	63	9	22	
	0	100	1	15	2	20	3	86	4	62	5	77	6	73	7	87	8	23	9	66	
	0	100	1	88	2	97	3	69	4	31	5	52	6	60	7	65	8	59	9	91	
	0	86	1	31	2	26	3	37	4	97	5	54	6	75	7	39	8	80	9	26	
	0	89	1	26	2	17	3	50	4	51	5	71	6	28	7	100	8	63	9	49	
	0	14	1	38	2	35	3	31	4	53	5	18	6	96	7	26	8	48	9	35	
	0	50	1	69	2	80	3	47	4	97	5	90	6	64	7	10	8	99	9	28	
	0	52	1	100	2	35	3	56	4	25	5	75	6	93	7	83	8	93	9	52	
	0	17	1	41	2	80	3	35	4	35	5	70	6	36	7	14	8	50	9	51	
	0	26	1	77	2	70	3	12	4	69	5	37	6	12	7	19	8	67	9	17	
	0	16	1	18	2	42	3	86	4	93	5	15	6	58	7	93	8	63	9	35	
	0	35	1	81	2	58	3	65	4	63	5	16	6	86	7	39	8	25	9	57	
	0	82	1	60	2	96	3	16	4	91	5	89	6	36	7	29	8	59	9	56	
	0	23	1	15	2	88	3	33	4	16	5	84	6	74	7	15	8	21	9	86	
	0	84	1	12	2	64	3	73	4	48	5	19	6	77	7	50	8	38	9	82	
	0	51	1	32	2	89	3	46	4	35	5	57	6	74	7	37	8	41	9	23	
	0	80	1	78	2	15	3	98	4	37	5	85	6	69	7	20	8	83	9	44	
	0	98	1	32	2	61	3	19	4	89	5	27	6	31	7	18	8	79	9	85	
	0	82	1	99	2	23	3	34	4	72	5	90	6	59	7	87	8	59	9	37	
	0	87	1	64	2	49	3	57	4	100	5	25	6	32	7	45	8	22	9	38	
	0	67	1	42	2	22	3	21	4	88	5	61	6	63	7	66	8	56	9	33	
	0	57	1	39	2	55	3	83	4	72	5	76	6	85	7	14	8	36	9	41	
	0	89	1	79	2	69	3	17	4	32	5	10	6	15	7	61	8	85	9	29	
	0	27	1	33	2	46	3	45	4	55	5	96	6	37	7	50	8	97	9	90	
	0	89	1	33	2	35	3	59	4	24	5	98	6	85	7	27	8	29	9	92	
	0	87	1	33	2	49	3	53	4	33	5	74	6	14	7	84	8	80	9	10	
	0	76	1	89	2	75	3	90	4	96	5	99	6	65	7	13	8	30	9	43	
	0	74	1	87	2	69	3	82	4	18	5	92	6	89	7	55	8	51	9	53	
	0	37	1	48	2	56	3	85	4	42	5	42	6	22	7	66	8	78	9	91	
	0	77	1	82	2	65	3	46	4	51	5	97	6	95	7	72	8	81	9	35	
	0	96	1	28	2	90	3	40	4	65	5	63	6	92	7	14	8	96	9	97	
	0	98	1	97	2	22	3	79	4	85	5	23	6	56	7	75	8	76	9	90	
	0	83	1	98	2	16	3	16	4	35	5	85	6	11	7	46	8	49	9	48	
	0	67	1	24	2	21	3	83	4	96	5	43	6	94	7	71	8	50	9	95	