1000 10 1
10
	0	49	1	37	2	80	3	59	4	97	5	66	6	32	7	31	8	33	9	76	
	0	37	1	40	2	98	3	90	4	16	5	72	6	33	7	53	8	41	9	41	
	0	39	1	51	2	19	3	11	4	69	5	21	6	87	7	68	8	91	9	55	
	0	54	1	93	2	60	3	22	4	59	5	44	6	68	7	25	8	88	9	37	
	0	17	1	80	2	97	3	92	4	54	5	41	6	88	7	41	8	98	9	67	
	0	73	1	100	2	81	3	96	4	24	5	56	6	80	7	41	8	25	9	40	
	0	26	1	60	2	27	3	51	4	54	5	86	6	54	7	70	8	60	9	29	
	0	21	1	83	2	19	3	71	4	25	5	48	6	73	7	52	8	66	9	35	
	0	93	1	23	2	41	3	68	4	15	5	92	6	89	7	38	8	97	9	39	
	0	99	1	41	2	27	3	17	4	11	5	83	6	32	7	30	8	43	9	74	
	0	80	1	10	2	50	3	94	4	91	5	85	6	31	7	81	8	12	9	17	
	0	64	1	90	2	34	3	48	4	19	5	35	6	83	7	88	8	50	9	33	
	0	98	1	81	2	45	3	22	4	38	5	19	6	91	7	28	8	14	9	11	
	0	20	1	61	2	78	3	33	4	14	5	78	6	14	7	83	8	28	9	34	
	0	69	1	42	2	25	3	23	4	42	5	55	6	69	7	95	8	73	9	11	
	0	89	1	65	2	54	3	86	4	38	5	69	6	11	7	82	8	21	9	75	
	0	69	1	40	2	65	3	26	4	75	5	90	6	70	7	68	8	22	9	99	
	0	47	1	71	2	83	3	10	4	95	5	89	6	28	7	34	8	68	9	37	
	0	84	1	86	2	52	3	29	4	97	5	61	6	76	7	58	8	12	9	79	
	0	24	1	76	2	85	3	57	4	93	5	81	6	96	7	93	8	81	9	47	
	0	56	1	61	2	11	3	81	4	58	5	54	6	94	7	84	8	55	9	49	
	0	33	1	21	2	14	3	60	4	61	5	36	6	57	7	56	8	36	9	82	
	0	80	1	62	2	84	3	11	4	83	5	38	6	78	7	38	8	60	9	48	
	0	64	1	68	2	93	3	20	4	94	5	68	6	19	7	49	8	98	9	59	
	0	32	1	41	2	80	3	35	4	78	5	99	6	42	7	95	8	88	9	43	
	0	64	1	10	2	39	3	88	4	71	5	11	6	43	7	15	8	41	9	97	
	0	66	1	47	2	66	3	46	4	34	5	73	6	25	7	46	8	48	9	20	
	0	37	1	83	2	20	3	21	4	83	5	15	6	33	7	31	8	50	9	83	
	0	91	1	29	2	31	3	56	4	14	5	91	6	23	7	86	8	38	9	92	
	0	79	1	86	2	57	3	41	4	17	5	50	6	16	7	22	8	56	9	13	
	0	54	1	71	2	81	3	44	4	49	5	57	6	53	7	58	8	87	9	13	
	0	50	1	47	2	95	3	14	4	99	5	19	6	27	7	45	8	13	9	26	
	0	17	1	61	2	80	3	90	4	15	5	35	6	10	7	46	8	30	9	27	
	0	77	1	17	2	98	3	95	4	77	5	71	6	55	7	15	8	20	9	65	
	0	58	1	65	2	32	3	14	4	85	5	85	6	74	7	53	8	99	9	21	
	0	29	1	24	2	32	3	79	4	17	5	27	6	88	7	24	8	92	9	84	
	0	10	1	99	2	63	3	26	4	53	5	43	6	50	7	55	8	93	9	65	
	0	31	1	99	2	96	3	13	4	73	5	97	6	68	7	99	8	92	9	26	
	0	87	1	59	2	79	3	72	4	20	5	91	6	76	7	66	8	31	9	77	
	0	26	1	67	2	22	3	58	4	53	5	51	6	50	7	53	8	38	9	93	
	0	73	1	62	2	59	3	99	4	50	5	69	6	52	7	55	8	98	9	74	
	0	28	1	14	2	46	3	16	4	69	5	11	6	10	7	80	8	40	9	64	
	0	21	1	96	2	67	3	57	4	20	5	100	6	58	7	95	8	16	9	56	
	0	55	1	23	2	55	3	72	4	91	5	40	6	45	7	61	8	61	9	94	
	0	70	1	89	2	20	3	54	4	88	5	28	6	22	7	75	8	66	9	50	
	0	42	1	16	2	18	3	38	4	100	5	47	6	53	7	80	8	15	9	25	
	0	14	1	98	2	18	3	13	4	39	5	20	6	42	7	87	8	89	9	69	
	0	97	1	27	2	12	3	94	4	20	5	54	6	94	7	41	8	100	9	71	
	0	98	1	19	2	72	3	25	4	62	5	85	6	22	7	56	8	67	9	33	
	0	84	1	84	2	74	3	24	4	56	5	79	6	89	7	73	8	52	9	54	
	0	34	1	31	2	63	3	10	4	92	5	45	6	84	7	49	8	42	9	73	
	0	72	1	99	2	89	3	89	4	20	5	56	6	12	7	60	8	28	9	38	
	0	50	1	26	2	81	3	14	4	34	5	79	6	30	7	42	8	13	9	74	
	0	51	1	75	2	94	3	69	4	20	5	33	6	78	7	86	8	26	9	51	
	0	47	1	76	2	12	3	39	4	70	5	71	6	50	7	39	8	56	9	26	
	0	81	1	32	2	52	3	83	4	22	5	58	6	21	7	19	8	91	9	77	
	0	11	1	58	2	24	3	81	4	11	5	74	6	19	7	53	8	64	9	59	
	0	40	1	31	2	14	3	26	4	68	5	95	6	96	7	46	8	11	9	80	
	0	57	1	63	2	41	3	65	4	95	5	90	6	57	7	64	8	49	9	31	
	0	42	1	65	2	91	3	92	4	25	5	67	6	29	7	80	8	43	9	26	
	0	57	1	15	2	24	3	30	4	91	5	80	6	32	7	22	8	67	9	92	
	0	14	1	79	2	63	3	80	4	97	5	37	6	90	7	96	8	71	9	65	
	0	65	1	52	2	12	3	30	4	44	5	38	6	73	7	98	8	24	9	33	
	0	25	1	95	2	66	3	39	4	17	5	16	6	30	7	97	8	30	9	12	
	0	89	1	74	2	23	3	85	4	96	5	74	6	43	7	77	8	14	9	15	
	0	86	1	54	2	47	3	37	4	55	5	15	6	75	7	82	8	42	9	65	
	0	67	1	53	2	89	3	13	4	80	5	88	6	74	7	95	8	80	9	13	
	0	95	1	37	2	80	3	88	4	70	5	50	6	36	7	63	8	100	9	100	
	0	10	1	95	2	90	3	94	4	92	5	90	6	38	7	94	8	62	9	67	
	0	60	1	76	2	27	3	50	4	66	5	64	6	12	7	15	8	78	9	41	
	0	68	1	18	2	10	3	38	4	64	5	73	6	47	7	67	8	50	9	16	
	0	16	1	16	2	96	3	36	4	41	5	70	6	17	7	88	8	92	9	45	
	0	57	1	49	2	34	3	13	4	81	5	20	6	19	7	29	8	65	9	59	
	0	15	1	63	2	52	3	92	4	35	5	79	6	21	7	73	8	28	9	47	
	0	40	1	47	2	64	3	60	4	40	5	99	6	90	7	29	8	49	9	86	
	0	100	1	19	2	32	3	90	4	70	5	96	6	31	7	14	8	10	9	57	
	0	25	1	96	2	25	3	32	4	98	5	70	6	40	7	60	8	92	9	86	
	0	31	1	89	2	69	3	73	4	91	5	27	6	55	7	36	8	32	9	67	
	0	73	1	62	2	48	3	71	4	48	5	56	6	21	7	30	8	33	9	90	
	0	50	1	60	2	58	3	35	4	21	5	95	6	89	7	48	8	27	9	23	
	0	87	1	41	2	13	3	16	4	62	5	16	6	19	7	100	8	78	9	50	
	0	61	1	44	2	35	3	57	4	97	5	46	6	70	7	64	8	41	9	95	
	0	11	1	10	2	24	3	86	4	17	5	15	6	45	7	51	8	32	9	35	
	0	28	1	77	2	83	3	18	4	76	5	90	6	74	7	94	8	44	9	71	
	0	63	1	56	2	11	3	30	4	90	5	87	6	74	7	47	8	76	9	93	
	0	59	1	53	2	56	3	72	4	89	5	70	6	98	7	94	8	15	9	14	
	0	22	1	79	2	91	3	45	4	77	5	68	6	60	7	97	8	81	9	14	
	0	46	1	65	2	20	3	36	4	50	5	28	6	71	7	64	8	50	9	42	
	0	91	1	73	2	87	3	42	4	29	5	84	6	21	7	29	8	13	9	83	
	0	86	1	100	2	44	3	65	4	74	5	54	6	81	7	82	8	18	9	54	
	0	71	1	76	2	30	3	11	4	38	5	76	6	53	7	25	8	71	9	16	
	0	83	1	83	2	29	3	22	4	77	5	26	6	72	7	49	8	69	9	12	
	0	38	1	55	2	96	3	59	4	99	5	23	6	89	7	28	8	18	9	90	
	0	91	1	86	2	86	3	96	4	10	5	94	6	18	7	36	8	35	9	46	
	0	74	1	89	2	52	3	61	4	73	5	74	6	70	7	14	8	44	9	14	
	0	19	1	69	2	28	3	69	4	22	5	54	6	38	7	68	8	34	9	52	
	0	93	1	82	2	36	3	85	4	97	5	35	6	63	7	54	8	60	9	69	
	0	21	1	27	2	13	3	19	4	25	5	17	6	100	7	17	8	19	9	59	
	0	80	1	76	2	76	3	72	4	59	5	10	6	10	7	17	8	12	9	34	
	0	95	1	44	2	41	3	88	4	18	5	33	6	100	7	14	8	59	9	94	
	0	84	1	34	2	87	3	55	4	24	5	77	6	77	7	12	8	65	9	59	
	0	17	1	95	2	77	3	28	4	81	5	85	6	55	7	18	8	79	9	51	
	0	89	1	34	2	46	3	72	4	82	5	32	6	46	7	73	8	61	9	16	
	0	78	1	65	2	71	3	23	4	95	5	85	6	62	7	29	8	54	9	14	
	0	46	1	96	2	16	3	44	4	75	5	77	6	96	7	18	8	56	9	44	
	0	97	1	84	2	64	3	71	4	35	5	40	6	87	7	99	8	33	9	37	
	0	44	1	86	2	45	3	88	4	91	5	70	6	32	7	54	8	48	9	34	
	0	41	1	86	2	21	3	100	4	52	5	88	6	81	7	20	8	94	9	100	
	0	69	1	44	2	71	3	93	4	59	5	15	6	29	7	13	8	41	9	92	
	0	42	1	53	2	41	3	13	4	48	5	35	6	12	7	77	8	62	9	38	
	0	98	1	77	2	76	3	58	4	95	5	14	6	85	7	83	8	96	9	60	
	0	17	1	25	2	60	3	75	4	28	5	11	6	92	7	54	8	30	9	97	
	0	77	1	73	2	85	3	13	4	20	5	71	6	42	7	83	8	37	9	55	
	0	58	1	99	2	35	3	11	4	77	5	73	6	33	7	13	8	58	9	20	
	0	71	1	57	2	100	3	79	4	47	5	38	6	99	7	95	8	72	9	98	
	0	15	1	34	2	48	3	43	4	98	5	98	6	74	7	35	8	24	9	60	
	0	18	1	80	2	94	3	85	4	83	5	30	6	12	7	50	8	46	9	51	
	0	35	1	70	2	90	3	37	4	64	5	43	6	31	7	15	8	82	9	97	
	0	84	1	90	2	28	3	51	4	72	5	65	6	53	7	30	8	83	9	67	
	0	48	1	81	2	24	3	77	4	25	5	41	6	42	7	28	8	98	9	30	
	0	70	1	45	2	48	3	44	4	51	5	25	6	71	7	46	8	62	9	31	
	0	66	1	45	2	30	3	98	4	78	5	68	6	98	7	56	8	44	9	84	
	0	72	1	91	2	22	3	18	4	22	5	28	6	82	7	16	8	39	9	45	
	0	74	1	77	2	32	3	29	4	13	5	76	6	48	7	36	8	41	9	11	
	0	86	1	56	2	27	3	67	4	38	5	42	6	67	7	13	8	68	9	83	
	0	66	1	61	2	18	3	50	4	67	5	42	6	67	7	86	8	12	9	79	
	0	41	1	68	2	92	3	61	4	73	5	76	6	79	7	85	8	42	9	92	
	0	27	1	71	2	45	3	51	4	19	5	60	6	71	7	56	8	41	9	27	
	0	76	1	45	2	86	3	14	4	51	5	75	6	93	7	63	8	14	9	66	
	0	74	1	91	2	51	3	86	4	72	5	20	6	68	7	52	8	91	9	16	
	0	98	1	10	2	37	3	29	4	87	5	40	6	40	7	27	8	58	9	52	
	0	20	1	92	2	53	3	43	4	68	5	27	6	71	7	34	8	26	9	39	
	0	72	1	13	2	61	3	73	4	79	5	63	6	68	7	51	8	45	9	41	
	0	86	1	69	2	58	3	85	4	22	5	100	6	86	7	84	8	41	9	44	
	0	47	1	27	2	84	3	70	4	31	5	83	6	46	7	82	8	56	9	16	
	0	51	1	42	2	50	3	61	4	60	5	18	6	95	7	92	8	34	9	91	
	0	56	1	97	2	19	3	71	4	77	5	39	6	53	7	77	8	37	9	98	
	0	84	1	95	2	79	3	97	4	32	5	52	6	49	7	16	8	75	9	49	
	0	92	1	74	2	76	3	45	4	52	5	41	6	68	7	29	8	58	9	44	
	0	44	1	17	2	34	3	21	4	40	5	80	6	90	7	57	8	66	9	87	
	0	79	1	28	2	73	3	50	4	82	5	22	6	21	7	22	8	35	9	56	
	0	28	1	99	2	37	3	38	4	30	5	36	6	52	7	55	8	35	9	79	
	0	56	1	81	2	76	3	92	4	81	5	71	6	99	7	30	8	82	9	65	
	0	45	1	68	2	45	3	70	4	42	5	11	6	43	7	73	8	45	9	78	
	0	87	1	87	2	99	3	18	4	83	5	22	6	23	7	97	8	97	9	71	
	0	14	1	43	2	97	3	42	4	95	5	54	6	27	7	10	8	63	9	29	
	0	69	1	75	2	56	3	28	4	17	5	100	6	68	7	49	8	92	9	85	
	0	89	1	83	2	84	3	28	4	53	5	86	6	21	7	60	8	16	9	33	
	0	99	1	40	2	65	3	48	4	30	5	27	6	57	7	96	8	22	9	62	
	0	51	1	23	2	42	3	70	4	74	5	83	6	95	7	23	8	10	9	64	
	0	18	1	68	2	16	3	28	4	43	5	92	6	19	7	68	8	19	9	58	
	0	58	1	69	2	47	3	16	4	17	5	49	6	16	7	69	8	42	9	40	
	0	90	1	54	2	86	3	36	4	59	5	25	6	45	7	100	8	41	9	35	
	0	41	1	87	2	44	3	93	4	42	5	94	6	31	7	76	8	77	9	100	
	0	14	1	92	2	36	3	35	4	30	5	99	6	51	7	27	8	43	9	39	
	0	93	1	31	2	83	3	68	4	100	5	52	6	27	7	52	8	39	9	90	
	0	32	1	22	2	41	3	66	4	71	5	33	6	20	7	96	8	35	9	72	
	0	74	1	75	2	18	3	38	4	85	5	91	6	81	7	19	8	52	9	22	
	0	73	1	46	2	33	3	96	4	69	5	30	6	85	7	20	8	17	9	17	
	0	42	1	89	2	72	3	30	4	91	5	65	6	48	7	80	8	84	9	16	
	0	35	1	41	2	54	3	86	4	53	5	71	6	98	7	55	8	42	9	39	
	0	20	1	20	2	93	3	45	4	51	5	59	6	97	7	90	8	66	9	12	
	0	30	1	74	2	85	3	78	4	95	5	64	6	28	7	67	8	50	9	68	
	0	22	1	18	2	70	3	75	4	83	5	14	6	95	7	96	8	59	9	89	
	0	67	1	72	2	11	3	70	4	68	5	27	6	62	7	11	8	70	9	31	
	0	73	1	57	2	60	3	16	4	50	5	34	6	33	7	40	8	33	9	98	
	0	84	1	28	2	45	3	65	4	42	5	83	6	90	7	74	8	63	9	57	
	0	73	1	21	2	80	3	34	4	47	5	45	6	19	7	28	8	65	9	23	
	0	35	1	64	2	79	3	10	4	26	5	43	6	64	7	39	8	50	9	37	
	0	20	1	39	2	53	3	84	4	24	5	91	6	73	7	72	8	33	9	13	
	0	70	1	70	2	78	3	50	4	63	5	75	6	86	7	76	8	57	9	29	
	0	32	1	97	2	38	3	21	4	90	5	27	6	20	7	48	8	20	9	72	
	0	39	1	64	2	75	3	75	4	22	5	69	6	80	7	15	8	97	9	37	
	0	24	1	10	2	33	3	21	4	40	5	78	6	27	7	72	8	10	9	96	
	0	11	1	18	2	67	3	40	4	24	5	98	6	46	7	13	8	97	9	57	
	0	24	1	94	2	98	3	60	4	81	5	65	6	48	7	38	8	66	9	99	
	0	100	1	10	2	43	3	100	4	29	5	72	6	11	7	99	8	38	9	92	
	0	57	1	39	2	15	3	46	4	30	5	92	6	12	7	17	8	26	9	94	
	0	86	1	32	2	13	3	41	4	80	5	11	6	89	7	41	8	22	9	39	
	0	40	1	85	2	75	3	92	4	48	5	64	6	52	7	54	8	36	9	93	
	0	31	1	90	2	25	3	89	4	52	5	64	6	41	7	94	8	50	9	49	
	0	97	1	13	2	76	3	38	4	87	5	31	6	56	7	75	8	30	9	51	
	0	87	1	29	2	72	3	43	4	68	5	17	6	85	7	84	8	28	9	39	
	0	55	1	25	2	36	3	56	4	30	5	37	6	43	7	52	8	49	9	97	
	0	59	1	24	2	32	3	91	4	15	5	100	6	84	7	48	8	91	9	10	
	0	45	1	98	2	70	3	11	4	91	5	39	6	50	7	100	8	92	9	94	
	0	17	1	37	2	18	3	77	4	65	5	34	6	32	7	83	8	86	9	38	
	0	94	1	26	2	74	3	92	4	96	5	82	6	84	7	24	8	48	9	73	
	0	50	1	62	2	18	3	20	4	71	5	51	6	99	7	13	8	56	9	15	
	0	51	1	41	2	64	3	90	4	48	5	29	6	63	7	41	8	40	9	58	
	0	59	1	79	2	38	3	35	4	43	5	21	6	67	7	94	8	100	9	77	
	0	36	1	73	2	30	3	53	4	91	5	44	6	70	7	72	8	21	9	79	
	0	42	1	93	2	76	3	87	4	33	5	73	6	74	7	44	8	68	9	60	
	0	23	1	38	2	90	3	56	4	22	5	100	6	52	7	18	8	86	9	95	
	0	57	1	71	2	66	3	24	4	37	5	11	6	99	7	26	8	17	9	90	
	0	21	1	68	2	35	3	88	4	20	5	92	6	63	7	87	8	57	9	84	
	0	58	1	41	2	56	3	53	4	55	5	66	6	70	7	50	8	65	9	98	
	0	27	1	77	2	24	3	20	4	45	5	78	6	99	7	95	8	12	9	31	
	0	87	1	93	2	63	3	78	4	83	5	53	6	84	7	30	8	37	9	96	
	0	48	1	68	2	91	3	53	4	88	5	97	6	54	7	89	8	68	9	16	
	0	47	1	28	2	77	3	48	4	87	5	50	6	18	7	90	8	56	9	87	
	0	85	1	26	2	31	3	95	4	33	5	96	6	77	7	92	8	34	9	79	
	0	82	1	93	2	71	3	48	4	60	5	91	6	29	7	85	8	29	9	69	
	0	20	1	83	2	72	3	60	4	57	5	90	6	88	7	81	8	53	9	21	
	0	33	1	90	2	73	3	56	4	32	5	35	6	17	7	51	8	42	9	61	
	0	43	1	23	2	72	3	22	4	17	5	50	6	68	7	95	8	34	9	82	
	0	97	1	59	2	60	3	15	4	73	5	44	6	60	7	41	8	56	9	37	
	0	31	1	46	2	59	3	100	4	18	5	94	6	71	7	64	8	11	9	72	
	0	71	1	13	2	65	3	84	4	48	5	68	6	96	7	50	8	81	9	37	
	0	68	1	25	2	90	3	70	4	87	5	14	6	74	7	100	8	99	9	39	
	0	44	1	52	2	80	3	99	4	39	5	91	6	53	7	52	8	74	9	77	
	0	79	1	16	2	17	3	94	4	72	5	42	6	93	7	57	8	33	9	43	
	0	44	1	81	2	77	3	56	4	91	5	12	6	48	7	50	8	13	9	91	
	0	46	1	46	2	72	3	69	4	71	5	84	6	68	7	33	8	36	9	24	
	0	59	1	21	2	64	3	86	4	52	5	89	6	82	7	75	8	41	9	44	
	0	58	1	22	2	97	3	44	4	27	5	39	6	54	7	15	8	42	9	58	
	0	17	1	90	2	45	3	83	4	36	5	85	6	26	7	23	8	38	9	89	
	0	95	1	36	2	77	3	40	4	47	5	48	6	55	7	66	8	93	9	100	
	0	17	1	40	2	100	3	81	4	97	5	72	6	36	7	66	8	95	9	60	
	0	72	1	73	2	97	3	38	4	17	5	78	6	93	7	96	8	23	9	10	
	0	33	1	21	2	32	3	32	4	34	5	20	6	10	7	52	8	71	9	25	
	0	54	1	68	2	46	3	15	4	13	5	47	6	64	7	55	8	70	9	89	
	0	100	1	100	2	54	3	98	4	22	5	65	6	22	7	10	8	81	9	20	
	0	74	1	42	2	88	3	43	4	33	5	58	6	46	7	64	8	83	9	100	
	0	44	1	84	2	67	3	92	4	81	5	47	6	13	7	43	8	16	9	28	
	0	85	1	44	2	42	3	12	4	43	5	78	6	78	7	91	8	24	9	48	
	0	52	1	65	2	53	3	64	4	85	5	20	6	62	7	38	8	95	9	64	
	0	45	1	65	2	79	3	49	4	97	5	59	6	24	7	15	8	44	9	44	
	0	91	1	13	2	65	3	90	4	14	5	73	6	18	7	97	8	68	9	59	
	0	59	1	26	2	19	3	17	4	42	5	20	6	33	7	36	8	84	9	67	
	0	22	1	14	2	94	3	16	4	42	5	93	6	100	7	20	8	52	9	57	
	0	96	1	94	2	49	3	41	4	15	5	27	6	61	7	21	8	86	9	67	
	0	30	1	44	2	56	3	67	4	82	5	65	6	31	7	54	8	46	9	50	
	0	99	1	69	2	86	3	59	4	36	5	35	6	97	7	47	8	84	9	85	
	0	18	1	24	2	41	3	52	4	71	5	52	6	54	7	88	8	94	9	40	
	0	81	1	34	2	84	3	23	4	98	5	97	6	94	7	94	8	60	9	15	
	0	48	1	82	2	29	3	36	4	66	5	90	6	49	7	99	8	17	9	55	
	0	38	1	100	2	97	3	37	4	26	5	55	6	25	7	82	8	65	9	87	
	0	57	1	94	2	80	3	47	4	25	5	12	6	29	7	15	8	34	9	40	
	0	93	1	73	2	88	3	32	4	67	5	58	6	38	7	67	8	43	9	52	
	0	36	1	47	2	76	3	34	4	18	5	45	6	42	7	88	8	45	9	47	
	0	18	1	46	2	84	3	51	4	50	5	72	6	89	7	54	8	12	9	26	
	0	92	1	42	2	20	3	60	4	20	5	32	6	33	7	87	8	55	9	89	
	0	60	1	80	2	21	3	95	4	51	5	88	6	61	7	50	8	57	9	86	
	0	75	1	36	2	63	3	13	4	23	5	96	6	51	7	78	8	49	9	70	
	0	51	1	80	2	78	3	87	4	59	5	63	6	12	7	84	8	49	9	91	
	0	32	1	40	2	100	3	79	4	76	5	54	6	100	7	87	8	36	9	58	
	0	46	1	40	2	78	3	98	4	24	5	32	6	100	7	42	8	78	9	65	
	0	74	1	41	2	38	3	78	4	25	5	24	6	70	7	74	8	11	9	32	
	0	77	1	83	2	21	3	17	4	16	5	63	6	98	7	50	8	23	9	56	
	0	18	1	26	2	51	3	19	4	19	5	98	6	70	7	91	8	74	9	28	
	0	65	1	77	2	88	3	58	4	63	5	78	6	84	7	13	8	97	9	87	
	0	10	1	35	2	85	3	37	4	47	5	93	6	56	7	19	8	77	9	15	
	0	87	1	74	2	39	3	44	4	14	5	79	6	26	7	72	8	26	9	66	
	0	93	1	22	2	38	3	32	4	82	5	38	6	86	7	25	8	25	9	85	
	0	65	1	38	2	16	3	86	4	39	5	72	6	46	7	11	8	36	9	59	
	0	20	1	26	2	70	3	97	4	81	5	58	6	55	7	34	8	95	9	74	
	0	58	1	50	2	34	3	10	4	49	5	27	6	14	7	93	8	45	9	13	
	0	46	1	10	2	79	3	28	4	68	5	92	6	47	7	95	8	30	9	16	
	0	34	1	40	2	60	3	12	4	37	5	19	6	12	7	27	8	70	9	32	
	0	31	1	96	2	32	3	48	4	20	5	89	6	23	7	12	8	24	9	64	
	0	84	1	33	2	53	3	67	4	91	5	75	6	68	7	93	8	100	9	13	
	0	99	1	100	2	95	3	41	4	72	5	98	6	61	7	83	8	42	9	77	
	0	52	1	96	2	47	3	96	4	37	5	23	6	78	7	37	8	19	9	38	
	0	10	1	44	2	77	3	53	4	92	5	37	6	82	7	87	8	34	9	94	
	0	48	1	10	2	31	3	100	4	100	5	85	6	77	7	49	8	76	9	33	
	0	96	1	32	2	100	3	46	4	19	5	21	6	98	7	46	8	85	9	23	
	0	37	1	76	2	81	3	26	4	26	5	53	6	91	7	70	8	56	9	57	
	0	99	1	13	2	69	3	81	4	68	5	53	6	52	7	44	8	69	9	46	
	0	30	1	33	2	96	3	40	4	20	5	89	6	25	7	32	8	62	9	57	
	0	80	1	60	2	35	3	20	4	83	5	15	6	64	7	92	8	14	9	81	
	0	83	1	94	2	23	3	60	4	84	5	51	6	77	7	74	8	43	9	16	
	0	52	1	74	2	83	3	32	4	70	5	42	6	47	7	36	8	19	9	100	
	0	17	1	20	2	77	3	88	4	63	5	13	6	70	7	22	8	34	9	34	
	0	99	1	19	2	94	3	90	4	48	5	82	6	74	7	65	8	46	9	36	
	0	82	1	83	2	61	3	76	4	25	5	20	6	16	7	96	8	95	9	28	
	0	47	1	73	2	28	3	11	4	76	5	68	6	82	7	50	8	11	9	79	
	0	45	1	10	2	40	3	13	4	97	5	32	6	53	7	17	8	95	9	20	
	0	64	1	69	2	73	3	71	4	19	5	11	6	67	7	21	8	55	9	26	
	0	13	1	86	2	63	3	65	4	95	5	59	6	98	7	58	8	11	9	73	
	0	17	1	55	2	70	3	19	4	37	5	60	6	50	7	75	8	48	9	24	
	0	72	1	75	2	64	3	15	4	57	5	31	6	16	7	77	8	18	9	100	
	0	35	1	15	2	16	3	41	4	36	5	44	6	19	7	32	8	23	9	41	
	0	98	1	85	2	39	3	69	4	73	5	82	6	92	7	14	8	90	9	84	
	0	56	1	27	2	49	3	71	4	79	5	55	6	17	7	91	8	29	9	88	
	0	93	1	93	2	96	3	11	4	90	5	75	6	80	7	32	8	23	9	10	
	0	15	1	100	2	90	3	47	4	87	5	14	6	25	7	59	8	63	9	95	
	0	44	1	84	2	12	3	12	4	47	5	21	6	33	7	76	8	65	9	66	
	0	94	1	62	2	80	3	44	4	47	5	90	6	24	7	95	8	34	9	29	
	0	85	1	12	2	39	3	50	4	33	5	84	6	75	7	44	8	56	9	41	
	0	72	1	79	2	88	3	22	4	93	5	41	6	47	7	55	8	57	9	53	
	0	92	1	84	2	15	3	51	4	87	5	13	6	76	7	25	8	50	9	27	
	0	93	1	56	2	21	3	85	4	90	5	43	6	64	7	20	8	67	9	24	
	0	94	1	22	2	72	3	64	4	42	5	11	6	62	7	98	8	70	9	46	
	0	54	1	20	2	70	3	76	4	31	5	66	6	75	7	53	8	25	9	85	
	0	82	1	63	2	33	3	42	4	76	5	37	6	35	7	65	8	36	9	79	
	0	87	1	50	2	34	3	69	4	71	5	31	6	31	7	76	8	98	9	13	
	0	22	1	99	2	11	3	86	4	20	5	69	6	38	7	85	8	30	9	25	
	0	56	1	58	2	62	3	59	4	42	5	71	6	78	7	46	8	77	9	72	
	0	91	1	76	2	50	3	65	4	94	5	87	6	16	7	86	8	58	9	30	
	0	96	1	91	2	68	3	25	4	24	5	94	6	95	7	35	8	61	9	17	
	0	31	1	91	2	49	3	35	4	58	5	95	6	87	7	99	8	85	9	85	
	0	98	1	17	2	92	3	64	4	73	5	56	6	43	7	80	8	71	9	93	
	0	94	1	86	2	68	3	71	4	46	5	28	6	96	7	92	8	34	9	32	
	0	83	1	27	2	68	3	85	4	11	5	64	6	45	7	26	8	59	9	46	
	0	60	1	56	2	25	3	77	4	89	5	39	6	23	7	94	8	13	9	63	
	0	34	1	46	2	81	3	100	4	55	5	48	6	13	7	100	8	66	9	63	
	0	52	1	40	2	30	3	81	4	95	5	54	6	79	7	83	8	24	9	34	
	0	80	1	55	2	70	3	54	4	100	5	67	6	25	7	62	8	27	9	65	
	0	57	1	30	2	69	3	56	4	33	5	31	6	46	7	35	8	60	9	46	
	0	62	1	50	2	17	3	64	4	78	5	68	6	38	7	91	8	34	9	17	
	0	45	1	31	2	37	3	46	4	26	5	35	6	57	7	68	8	77	9	33	
	0	68	1	60	2	41	3	82	4	90	5	87	6	69	7	41	8	100	9	13	
	0	65	1	98	2	68	3	26	4	65	5	19	6	98	7	12	8	54	9	81	
	0	10	1	98	2	12	3	42	4	85	5	18	6	34	7	66	8	40	9	19	
	0	43	1	41	2	48	3	41	4	23	5	15	6	61	7	73	8	11	9	58	
	0	37	1	56	2	10	3	95	4	43	5	80	6	36	7	77	8	35	9	68	
	0	93	1	37	2	70	3	61	4	19	5	36	6	53	7	74	8	36	9	36	
	0	90	1	61	2	28	3	25	4	28	5	16	6	76	7	86	8	54	9	59	
	0	33	1	53	2	95	3	15	4	57	5	20	6	50	7	62	8	91	9	71	
	0	95	1	16	2	74	3	23	4	55	5	51	6	31	7	56	8	81	9	52	
	0	21	1	48	2	36	3	61	4	46	5	76	6	44	7	34	8	52	9	18	
	0	44	1	26	2	28	3	100	4	34	5	89	6	89	7	50	8	13	9	19	
	0	51	1	39	2	51	3	73	4	84	5	35	6	83	7	61	8	56	9	56	
	0	57	1	25	2	41	3	55	4	79	5	58	6	15	7	82	8	49	9	47	
	0	60	1	19	2	60	3	24	4	72	5	95	6	22	7	87	8	96	9	69	
	0	61	1	68	2	13	3	76	4	86	5	75	6	94	7	67	8	99	9	84	
	0	31	1	59	2	55	3	81	4	50	5	67	6	21	7	67	8	78	9	99	
	0	23	1	90	2	97	3	41	4	90	5	69	6	57	7	56	8	87	9	85	
	0	16	1	92	2	42	3	21	4	30	5	28	6	40	7	68	8	76	9	91	
	0	59	1	45	2	98	3	91	4	48	5	86	6	66	7	26	8	37	9	23	
	0	34	1	21	2	34	3	88	4	50	5	19	6	53	7	21	8	33	9	22	
	0	18	1	28	2	18	3	89	4	74	5	21	6	92	7	56	8	85	9	16	
	0	83	1	22	2	55	3	54	4	24	5	91	6	36	7	100	8	27	9	42	
	0	32	1	48	2	78	3	47	4	55	5	99	6	96	7	22	8	95	9	93	
	0	19	1	91	2	84	3	75	4	67	5	20	6	15	7	81	8	45	9	23	
	0	75	1	89	2	63	3	69	4	37	5	68	6	98	7	87	8	66	9	30	
	0	31	1	52	2	67	3	16	4	21	5	56	6	34	7	41	8	57	9	50	
	0	64	1	90	2	45	3	69	4	80	5	28	6	42	7	84	8	47	9	76	
	0	62	1	91	2	77	3	66	4	67	5	91	6	63	7	43	8	91	9	58	
	0	56	1	50	2	73	3	58	4	99	5	39	6	87	7	41	8	74	9	62	
	0	31	1	81	2	30	3	67	4	70	5	99	6	82	7	92	8	14	9	86	
	0	23	1	48	2	69	3	86	4	54	5	40	6	92	7	91	8	29	9	57	
	0	54	1	47	2	47	3	55	4	91	5	64	6	14	7	30	8	60	9	36	
	0	86	1	71	2	54	3	33	4	19	5	82	6	25	7	55	8	66	9	65	
	0	46	1	77	2	43	3	33	4	73	5	49	6	21	7	61	8	99	9	98	
	0	38	1	50	2	56	3	97	4	15	5	93	6	98	7	11	8	49	9	51	
	0	14	1	36	2	31	3	67	4	72	5	75	6	43	7	73	8	92	9	100	
	0	67	1	55	2	24	3	81	4	95	5	53	6	41	7	10	8	37	9	11	
	0	58	1	56	2	22	3	80	4	21	5	31	6	100	7	53	8	89	9	63	
	0	87	1	57	2	46	3	98	4	20	5	15	6	25	7	87	8	22	9	36	
	0	90	1	73	2	30	3	45	4	88	5	91	6	24	7	71	8	46	9	96	
	0	24	1	57	2	81	3	64	4	25	5	84	6	50	7	11	8	52	9	60	
	0	49	1	74	2	100	3	26	4	41	5	40	6	69	7	14	8	11	9	44	
	0	83	1	32	2	31	3	80	4	70	5	58	6	42	7	14	8	83	9	91	
	0	60	1	14	2	39	3	71	4	100	5	16	6	56	7	25	8	95	9	10	
	0	55	1	39	2	41	3	41	4	23	5	72	6	87	7	69	8	86	9	21	
	0	56	1	89	2	87	3	56	4	96	5	29	6	91	7	38	8	12	9	44	
	0	51	1	19	2	73	3	15	4	58	5	22	6	86	7	84	8	78	9	27	
	0	46	1	25	2	17	3	78	4	18	5	31	6	52	7	81	8	23	9	87	
	0	15	1	60	2	51	3	66	4	29	5	12	6	45	7	51	8	99	9	47	
	0	81	1	11	2	45	3	56	4	38	5	14	6	18	7	29	8	33	9	62	
	0	32	1	57	2	11	3	19	4	49	5	71	6	62	7	54	8	34	9	29	
	0	30	1	86	2	94	3	78	4	93	5	83	6	66	7	78	8	57	9	16	
	0	81	1	21	2	42	3	19	4	77	5	81	6	12	7	34	8	42	9	62	
	0	41	1	40	2	80	3	48	4	35	5	51	6	15	7	10	8	98	9	53	
	0	72	1	78	2	50	3	48	4	71	5	84	6	53	7	82	8	31	9	48	
	0	56	1	40	2	69	3	98	4	51	5	35	6	10	7	44	8	13	9	81	
	0	47	1	94	2	98	3	24	4	73	5	36	6	56	7	13	8	27	9	48	
	0	72	1	18	2	73	3	14	4	50	5	75	6	74	7	15	8	71	9	72	
	0	37	1	98	2	72	3	95	4	58	5	65	6	30	7	51	8	60	9	98	
	0	49	1	98	2	72	3	61	4	82	5	25	6	22	7	96	8	26	9	68	
	0	86	1	75	2	69	3	66	4	41	5	94	6	68	7	97	8	22	9	59	
	0	76	1	27	2	90	3	22	4	32	5	37	6	87	7	13	8	18	9	13	
	0	57	1	72	2	83	3	42	4	82	5	95	6	11	7	51	8	53	9	48	
	0	50	1	73	2	72	3	33	4	25	5	52	6	35	7	78	8	61	9	10	
	0	56	1	56	2	79	3	69	4	48	5	43	6	66	7	48	8	61	9	38	
	0	93	1	73	2	18	3	100	4	33	5	17	6	18	7	29	8	99	9	38	
	0	21	1	87	2	41	3	89	4	17	5	59	6	40	7	60	8	24	9	57	
	0	18	1	66	2	53	3	79	4	67	5	50	6	73	7	99	8	43	9	10	
	0	60	1	83	2	66	3	95	4	79	5	21	6	17	7	57	8	20	9	25	
	0	82	1	71	2	17	3	61	4	51	5	71	6	41	7	50	8	23	9	46	
	0	56	1	100	2	60	3	48	4	54	5	42	6	76	7	65	8	99	9	79	
	0	70	1	72	2	100	3	91	4	49	5	41	6	12	7	16	8	87	9	99	
	0	45	1	41	2	41	3	50	4	64	5	33	6	97	7	75	8	64	9	16	
	0	71	1	46	2	54	3	36	4	25	5	62	6	48	7	89	8	54	9	53	
	0	16	1	98	2	34	3	23	4	48	5	14	6	17	7	97	8	28	9	91	
	0	95	1	89	2	25	3	90	4	13	5	13	6	64	7	59	8	58	9	45	
	0	70	1	17	2	99	3	99	4	19	5	86	6	54	7	10	8	11	9	54	
	0	31	1	51	2	67	3	21	4	28	5	88	6	47	7	75	8	56	9	16	
	0	18	1	88	2	73	3	77	4	87	5	67	6	40	7	31	8	25	9	12	
	0	63	1	60	2	23	3	72	4	49	5	34	6	17	7	37	8	62	9	66	
	0	90	1	10	2	92	3	59	4	19	5	71	6	45	7	29	8	43	9	87	
	0	45	1	23	2	33	3	72	4	86	5	63	6	81	7	97	8	33	9	97	
	0	73	1	49	2	45	3	57	4	12	5	36	6	90	7	98	8	69	9	26	
	0	71	1	65	2	72	3	79	4	82	5	66	6	49	7	47	8	43	9	82	
	0	38	1	97	2	49	3	96	4	59	5	42	6	16	7	46	8	26	9	47	
	0	31	1	70	2	62	3	11	4	44	5	72	6	28	7	43	8	38	9	14	
	0	48	1	87	2	20	3	38	4	68	5	14	6	14	7	26	8	69	9	44	
	0	28	1	25	2	59	3	90	4	65	5	47	6	44	7	54	8	61	9	43	
	0	38	1	19	2	31	3	46	4	28	5	69	6	64	7	32	8	39	9	67	
	0	57	1	81	2	66	3	51	4	20	5	16	6	43	7	60	8	53	9	14	
	0	44	1	60	2	18	3	54	4	60	5	51	6	92	7	76	8	40	9	61	
	0	32	1	43	2	74	3	20	4	87	5	21	6	50	7	36	8	92	9	29	
	0	20	1	66	2	78	3	32	4	17	5	30	6	45	7	79	8	71	9	85	
	0	23	1	91	2	87	3	60	4	30	5	63	6	83	7	14	8	97	9	43	
	0	78	1	33	2	21	3	91	4	85	5	87	6	98	7	16	8	42	9	13	
	0	64	1	42	2	47	3	63	4	83	5	37	6	66	7	13	8	77	9	74	
	0	39	1	64	2	97	3	98	4	22	5	74	6	73	7	86	8	39	9	75	
	0	24	1	20	2	55	3	36	4	69	5	36	6	35	7	64	8	96	9	91	
	0	80	1	11	2	13	3	74	4	13	5	45	6	54	7	39	8	30	9	30	
	0	60	1	80	2	17	3	87	4	70	5	81	6	72	7	37	8	17	9	11	
	0	64	1	71	2	67	3	84	4	39	5	74	6	80	7	81	8	58	9	16	
	0	72	1	63	2	96	3	34	4	75	5	80	6	21	7	53	8	28	9	92	
	0	94	1	50	2	42	3	39	4	25	5	28	6	83	7	14	8	64	9	15	
	0	49	1	37	2	34	3	17	4	35	5	81	6	16	7	56	8	12	9	13	
	0	31	1	53	2	24	3	78	4	56	5	65	6	70	7	93	8	100	9	37	
	0	24	1	10	2	53	3	60	4	81	5	76	6	31	7	98	8	73	9	80	
	0	48	1	41	2	34	3	40	4	76	5	99	6	14	7	54	8	83	9	44	
	0	63	1	89	2	11	3	15	4	13	5	59	6	46	7	70	8	60	9	67	
	0	63	1	84	2	26	3	91	4	72	5	62	6	45	7	60	8	32	9	33	
	0	23	1	11	2	70	3	42	4	44	5	63	6	96	7	50	8	24	9	75	
	0	94	1	69	2	100	3	85	4	21	5	78	6	88	7	16	8	98	9	29	
	0	73	1	27	2	14	3	86	4	16	5	40	6	51	7	14	8	26	9	95	
	0	24	1	71	2	63	3	94	4	66	5	44	6	25	7	60	8	24	9	54	
	0	28	1	11	2	97	3	47	4	65	5	25	6	46	7	27	8	15	9	19	
	0	52	1	68	2	11	3	68	4	95	5	61	6	69	7	27	8	90	9	36	
	0	61	1	76	2	41	3	87	4	48	5	76	6	69	7	22	8	68	9	25	
	0	94	1	91	2	96	3	25	4	13	5	55	6	39	7	57	8	58	9	65	
	0	21	1	70	2	100	3	81	4	31	5	51	6	43	7	20	8	15	9	70	
	0	66	1	48	2	49	3	93	4	55	5	35	6	21	7	80	8	76	9	55	
	0	79	1	42	2	87	3	76	4	69	5	66	6	100	7	57	8	80	9	52	
	0	91	1	48	2	68	3	53	4	66	5	72	6	14	7	70	8	18	9	80	
	0	18	1	25	2	56	3	94	4	74	5	63	6	78	7	17	8	74	9	38	
	0	35	1	44	2	66	3	77	4	52	5	21	6	47	7	35	8	94	9	94	
	0	94	1	34	2	51	3	47	4	87	5	17	6	44	7	28	8	23	9	41	
	0	29	1	80	2	96	3	63	4	37	5	78	6	65	7	11	8	20	9	98	
	0	48	1	74	2	26	3	23	4	53	5	69	6	15	7	18	8	37	9	57	
	0	87	1	62	2	87	3	11	4	48	5	37	6	27	7	23	8	26	9	18	
	0	63	1	12	2	51	3	56	4	36	5	62	6	21	7	24	8	57	9	10	
	0	31	1	74	2	33	3	16	4	52	5	24	6	35	7	45	8	57	9	48	
	0	20	1	55	2	96	3	95	4	36	5	32	6	92	7	59	8	71	9	75	
	0	39	1	65	2	71	3	53	4	20	5	65	6	73	7	19	8	62	9	92	
	0	71	1	62	2	21	3	51	4	78	5	13	6	72	7	95	8	82	9	64	
	0	61	1	97	2	56	3	78	4	39	5	23	6	38	7	66	8	20	9	46	
	0	48	1	10	2	70	3	83	4	94	5	78	6	94	7	15	8	46	9	12	
	0	87	1	83	2	95	3	47	4	88	5	71	6	14	7	64	8	18	9	29	
	0	71	1	38	2	44	3	22	4	73	5	28	6	62	7	74	8	80	9	34	
	0	76	1	92	2	30	3	94	4	46	5	81	6	59	7	17	8	10	9	26	
	0	46	1	63	2	66	3	26	4	88	5	54	6	76	7	31	8	64	9	35	
	0	48	1	63	2	16	3	53	4	21	5	62	6	11	7	39	8	56	9	26	
	0	68	1	47	2	24	3	60	4	56	5	65	6	67	7	36	8	31	9	45	
	0	39	1	18	2	77	3	23	4	98	5	87	6	39	7	100	8	85	9	19	
	0	68	1	79	2	35	3	29	4	27	5	99	6	17	7	95	8	63	9	21	
	0	23	1	88	2	32	3	82	4	77	5	39	6	62	7	28	8	57	9	70	
	0	89	1	64	2	14	3	98	4	20	5	17	6	23	7	26	8	13	9	81	
	0	12	1	58	2	62	3	92	4	46	5	14	6	77	7	81	8	70	9	89	
	0	37	1	86	2	97	3	86	4	62	5	32	6	52	7	49	8	62	9	38	
	0	86	1	32	2	26	3	94	4	52	5	100	6	82	7	56	8	82	9	90	
	0	100	1	72	2	29	3	84	4	31	5	92	6	68	7	14	8	38	9	37	
	0	69	1	53	2	54	3	89	4	20	5	71	6	63	7	69	8	48	9	35	
	0	81	1	72	2	26	3	97	4	22	5	63	6	72	7	30	8	77	9	77	
	0	66	1	96	2	24	3	81	4	20	5	94	6	60	7	21	8	30	9	66	
	0	22	1	51	2	56	3	54	4	84	5	82	6	33	7	88	8	14	9	82	
	0	47	1	36	2	57	3	10	4	71	5	26	6	97	7	43	8	24	9	60	
	0	34	1	45	2	50	3	11	4	91	5	81	6	17	7	60	8	87	9	37	
	0	51	1	66	2	11	3	91	4	60	5	20	6	69	7	93	8	55	9	88	
	0	31	1	19	2	62	3	26	4	70	5	25	6	56	7	97	8	69	9	48	
	0	45	1	55	2	64	3	14	4	97	5	15	6	99	7	58	8	10	9	42	
	0	20	1	23	2	93	3	73	4	27	5	46	6	62	7	87	8	90	9	79	
	0	69	1	94	2	86	3	27	4	96	5	67	6	67	7	68	8	28	9	15	
	0	14	1	36	2	56	3	94	4	65	5	40	6	74	7	93	8	46	9	38	
	0	94	1	19	2	49	3	21	4	31	5	34	6	64	7	74	8	86	9	99	
	0	90	1	83	2	98	3	10	4	69	5	94	6	55	7	18	8	26	9	70	
	0	30	1	57	2	26	3	53	4	60	5	59	6	41	7	60	8	19	9	73	
	0	26	1	70	2	69	3	28	4	99	5	89	6	95	7	80	8	68	9	86	
	0	93	1	94	2	78	3	74	4	58	5	91	6	47	7	53	8	58	9	100	
	0	76	1	67	2	68	3	27	4	55	5	97	6	67	7	72	8	81	9	43	
	0	11	1	40	2	76	3	18	4	40	5	33	6	43	7	62	8	65	9	100	
	0	96	1	36	2	74	3	95	4	16	5	64	6	84	7	20	8	93	9	42	
	0	61	1	20	2	74	3	87	4	11	5	54	6	20	7	44	8	29	9	95	
	0	90	1	99	2	43	3	55	4	27	5	56	6	35	7	89	8	19	9	12	
	0	44	1	66	2	39	3	99	4	49	5	62	6	35	7	35	8	30	9	35	
	0	59	1	77	2	87	3	48	4	68	5	84	6	62	7	88	8	27	9	45	
	0	58	1	90	2	70	3	10	4	80	5	51	6	64	7	80	8	51	9	70	
	0	55	1	94	2	41	3	82	4	23	5	49	6	22	7	92	8	90	9	100	
	0	30	1	95	2	16	3	50	4	71	5	33	6	66	7	14	8	58	9	32	
	0	30	1	90	2	30	3	78	4	30	5	54	6	43	7	83	8	47	9	39	
	0	11	1	23	2	85	3	98	4	71	5	69	6	17	7	66	8	41	9	29	
	0	33	1	69	2	36	3	80	4	82	5	28	6	18	7	55	8	92	9	69	
	0	55	1	32	2	50	3	35	4	43	5	95	6	36	7	16	8	81	9	39	
	0	100	1	41	2	47	3	48	4	55	5	80	6	100	7	28	8	100	9	40	
	0	78	1	86	2	18	3	38	4	47	5	82	6	17	7	23	8	41	9	53	
	0	98	1	91	2	22	3	66	4	94	5	44	6	63	7	43	8	47	9	68	
	0	86	1	93	2	21	3	68	4	16	5	69	6	62	7	95	8	67	9	64	
	0	23	1	56	2	41	3	72	4	95	5	95	6	84	7	53	8	72	9	97	
	0	29	1	92	2	53	3	49	4	94	5	20	6	79	7	92	8	44	9	35	
	0	28	1	58	2	62	3	39	4	88	5	71	6	33	7	17	8	30	9	97	
	0	25	1	59	2	18	3	48	4	80	5	52	6	49	7	71	8	52	9	84	
	0	30	1	59	2	71	3	29	4	64	5	28	6	43	7	55	8	90	9	53	
	0	52	1	21	2	20	3	83	4	50	5	33	6	32	7	27	8	15	9	40	
	0	22	1	93	2	38	3	96	4	39	5	71	6	84	7	64	8	42	9	38	
	0	93	1	32	2	63	3	18	4	81	5	62	6	22	7	42	8	69	9	98	
	0	24	1	51	2	62	3	90	4	85	5	61	6	67	7	56	8	50	9	52	
	0	53	1	93	2	62	3	62	4	72	5	42	6	75	7	22	8	48	9	38	
	0	18	1	74	2	48	3	87	4	44	5	49	6	93	7	32	8	53	9	10	
	0	60	1	73	2	49	3	52	4	96	5	50	6	17	7	12	8	76	9	81	
	0	55	1	65	2	76	3	80	4	81	5	86	6	78	7	73	8	73	9	73	
	0	17	1	20	2	19	3	70	4	11	5	32	6	17	7	72	8	90	9	39	
	0	97	1	55	2	93	3	78	4	61	5	85	6	96	7	86	8	49	9	89	
	0	73	1	56	2	85	3	14	4	16	5	13	6	77	7	92	8	100	9	21	
	0	81	1	51	2	67	3	22	4	78	5	12	6	94	7	49	8	21	9	18	
	0	94	1	50	2	46	3	33	4	31	5	11	6	38	7	60	8	58	9	57	
	0	10	1	86	2	47	3	28	4	55	5	47	6	20	7	32	8	86	9	37	
	0	72	1	97	2	17	3	56	4	88	5	44	6	77	7	55	8	16	9	51	
	0	94	1	78	2	11	3	59	4	62	5	41	6	67	7	49	8	17	9	25	
	0	93	1	96	2	30	3	54	4	11	5	50	6	80	7	48	8	76	9	98	
	0	81	1	65	2	95	3	84	4	81	5	85	6	69	7	52	8	65	9	99	
	0	33	1	26	2	34	3	72	4	53	5	89	6	98	7	10	8	86	9	13	
	0	88	1	12	2	32	3	43	4	93	5	44	6	68	7	14	8	49	9	12	
	0	82	1	91	2	47	3	19	4	87	5	82	6	72	7	64	8	74	9	98	
	0	36	1	17	2	85	3	11	4	38	5	68	6	48	7	22	8	42	9	36	
	0	68	1	28	2	38	3	86	4	10	5	69	6	68	7	78	8	49	9	37	
	0	82	1	25	2	46	3	50	4	61	5	74	6	61	7	61	8	54	9	84	
	0	21	1	76	2	30	3	58	4	88	5	69	6	93	7	30	8	46	9	31	
	0	46	1	45	2	68	3	92	4	41	5	11	6	26	7	49	8	70	9	10	
	0	64	1	93	2	62	3	87	4	43	5	14	6	79	7	13	8	58	9	52	
	0	67	1	87	2	21	3	39	4	40	5	27	6	30	7	23	8	75	9	18	
	0	66	1	13	2	57	3	33	4	99	5	99	6	88	7	35	8	29	9	53	
	0	60	1	35	2	74	3	92	4	34	5	24	6	30	7	74	8	46	9	19	
	0	96	1	84	2	84	3	11	4	16	5	17	6	71	7	36	8	74	9	87	
	0	17	1	28	2	59	3	51	4	82	5	53	6	90	7	60	8	74	9	37	
	0	24	1	75	2	17	3	17	4	84	5	94	6	60	7	44	8	30	9	78	
	0	75	1	60	2	47	3	85	4	53	5	92	6	54	7	66	8	32	9	11	
	0	50	1	38	2	32	3	79	4	40	5	75	6	76	7	31	8	90	9	77	
	0	65	1	78	2	39	3	17	4	88	5	95	6	12	7	89	8	51	9	30	
	0	60	1	96	2	78	3	69	4	34	5	61	6	98	7	55	8	34	9	72	
	0	48	1	79	2	55	3	63	4	29	5	54	6	17	7	53	8	34	9	30	
	0	35	1	13	2	32	3	88	4	60	5	19	6	61	7	84	8	94	9	91	
	0	58	1	26	2	32	3	65	4	75	5	50	6	49	7	51	8	39	9	74	
	0	19	1	33	2	23	3	62	4	83	5	72	6	15	7	80	8	41	9	84	
	0	64	1	93	2	40	3	32	4	36	5	71	6	15	7	31	8	75	9	29	
	0	61	1	15	2	46	3	75	4	81	5	45	6	97	7	41	8	83	9	45	
	0	100	1	67	2	11	3	61	4	60	5	85	6	21	7	53	8	24	9	17	
	0	80	1	23	2	73	3	26	4	11	5	72	6	96	7	20	8	65	9	98	
	0	73	1	50	2	52	3	73	4	40	5	40	6	77	7	74	8	16	9	96	
	0	54	1	97	2	97	3	74	4	24	5	43	6	66	7	23	8	86	9	81	
	0	41	1	61	2	42	3	36	4	28	5	72	6	81	7	37	8	32	9	99	
	0	52	1	17	2	71	3	86	4	82	5	58	6	46	7	75	8	93	9	62	
	0	82	1	43	2	89	3	46	4	92	5	40	6	99	7	28	8	33	9	52	
	0	66	1	29	2	62	3	85	4	37	5	86	6	78	7	23	8	44	9	50	
	0	94	1	63	2	85	3	48	4	60	5	46	6	55	7	21	8	100	9	16	
	0	83	1	14	2	66	3	86	4	32	5	61	6	38	7	61	8	23	9	17	
	0	86	1	21	2	63	3	13	4	86	5	88	6	18	7	24	8	99	9	17	
	0	64	1	88	2	80	3	69	4	41	5	74	6	19	7	33	8	97	9	33	
	0	20	1	87	2	68	3	95	4	58	5	18	6	74	7	28	8	74	9	56	
	0	68	1	79	2	90	3	15	4	49	5	86	6	99	7	41	8	52	9	19	
	0	83	1	96	2	66	3	48	4	23	5	15	6	26	7	28	8	12	9	47	
	0	42	1	31	2	24	3	58	4	47	5	97	6	13	7	61	8	89	9	44	
	0	91	1	67	2	23	3	63	4	76	5	29	6	55	7	97	8	97	9	54	
	0	38	1	25	2	46	3	100	4	52	5	71	6	39	7	63	8	78	9	69	
	0	15	1	100	2	55	3	70	4	54	5	28	6	86	7	50	8	27	9	92	
	0	40	1	49	2	96	3	75	4	51	5	35	6	72	7	55	8	58	9	59	
	0	73	1	30	2	91	3	45	4	78	5	34	6	72	7	91	8	45	9	57	
	0	59	1	30	2	87	3	20	4	60	5	63	6	40	7	91	8	48	9	45	
	0	45	1	30	2	47	3	87	4	73	5	40	6	47	7	19	8	83	9	100	
	0	88	1	79	2	64	3	14	4	45	5	52	6	31	7	81	8	42	9	60	
	0	20	1	19	2	56	3	26	4	21	5	94	6	32	7	88	8	19	9	88	
	0	95	1	66	2	56	3	13	4	92	5	42	6	19	7	96	8	81	9	72	
	0	72	1	25	2	83	3	50	4	93	5	35	6	66	7	98	8	37	9	17	
	0	87	1	22	2	77	3	11	4	32	5	98	6	60	7	58	8	29	9	57	
	0	22	1	89	2	26	3	35	4	76	5	88	6	11	7	55	8	84	9	27	
	0	53	1	10	2	68	3	38	4	66	5	89	6	56	7	84	8	83	9	36	
	0	61	1	26	2	83	3	56	4	39	5	51	6	86	7	95	8	43	9	54	
	0	92	1	96	2	36	3	24	4	73	5	55	6	90	7	78	8	39	9	12	
	0	17	1	80	2	44	3	13	4	88	5	54	6	67	7	86	8	32	9	79	
	0	23	1	24	2	35	3	22	4	14	5	57	6	44	7	94	8	83	9	24	
	0	16	1	60	2	52	3	60	4	57	5	20	6	52	7	19	8	78	9	92	
	0	61	1	25	2	64	3	16	4	85	5	21	6	80	7	52	8	12	9	28	
	0	15	1	19	2	69	3	28	4	20	5	88	6	65	7	72	8	42	9	62	
	0	97	1	16	2	47	3	92	4	100	5	31	6	11	7	50	8	40	9	23	
	0	67	1	49	2	70	3	43	4	83	5	67	6	65	7	13	8	15	9	53	
	0	96	1	76	2	33	3	65	4	25	5	80	6	66	7	44	8	32	9	55	
	0	45	1	72	2	99	3	29	4	79	5	71	6	66	7	39	8	56	9	23	
	0	93	1	21	2	93	3	60	4	33	5	44	6	98	7	58	8	69	9	26	
	0	21	1	15	2	14	3	30	4	59	5	15	6	51	7	71	8	56	9	58	
	0	63	1	70	2	38	3	34	4	49	5	24	6	79	7	63	8	45	9	95	
	0	52	1	68	2	79	3	41	4	88	5	91	6	86	7	76	8	70	9	72	
	0	29	1	84	2	24	3	26	4	98	5	61	6	15	7	55	8	52	9	10	
	0	21	1	74	2	39	3	79	4	90	5	80	6	100	7	64	8	88	9	49	
	0	14	1	33	2	36	3	62	4	79	5	76	6	27	7	60	8	91	9	86	
	0	38	1	59	2	15	3	77	4	46	5	86	6	55	7	71	8	56	9	79	
	0	19	1	81	2	45	3	22	4	42	5	86	6	27	7	35	8	85	9	95	
	0	25	1	17	2	26	3	90	4	54	5	62	6	25	7	60	8	46	9	80	
	0	11	1	62	2	83	3	44	4	72	5	35	6	19	7	93	8	80	9	34	
	0	47	1	29	2	94	3	27	4	31	5	69	6	16	7	95	8	17	9	97	
	0	89	1	19	2	76	3	66	4	13	5	50	6	52	7	90	8	36	9	19	
	0	91	1	49	2	97	3	29	4	14	5	97	6	18	7	45	8	22	9	57	
	0	54	1	27	2	53	3	52	4	28	5	77	6	22	7	34	8	31	9	87	
	0	65	1	100	2	81	3	35	4	87	5	87	6	73	7	54	8	69	9	42	
	0	68	1	61	2	26	3	72	4	94	5	77	6	73	7	31	8	36	9	14	
	0	52	1	64	2	32	3	33	4	45	5	66	6	46	7	70	8	13	9	35	
	0	47	1	49	2	38	3	94	4	28	5	61	6	54	7	66	8	64	9	68	
	0	13	1	91	2	35	3	51	4	35	5	85	6	70	7	57	8	65	9	59	
	0	92	1	45	2	18	3	69	4	39	5	36	6	65	7	70	8	60	9	16	
	0	33	1	19	2	95	3	87	4	26	5	64	6	25	7	38	8	91	9	30	
	0	53	1	57	2	40	3	87	4	30	5	57	6	19	7	46	8	99	9	36	
	0	88	1	71	2	37	3	19	4	48	5	72	6	84	7	61	8	100	9	72	
	0	27	1	91	2	95	3	94	4	74	5	84	6	85	7	88	8	78	9	68	
	0	83	1	39	2	63	3	23	4	82	5	95	6	64	7	15	8	58	9	28	
	0	36	1	53	2	10	3	55	4	67	5	77	6	43	7	46	8	12	9	87	
	0	60	1	45	2	77	3	29	4	90	5	66	6	36	7	48	8	55	9	71	
	0	17	1	33	2	16	3	70	4	87	5	54	6	61	7	64	8	65	9	50	
	0	49	1	48	2	56	3	84	4	23	5	24	6	84	7	45	8	54	9	65	
	0	94	1	30	2	18	3	10	4	43	5	57	6	99	7	51	8	48	9	13	
	0	23	1	45	2	40	3	95	4	35	5	26	6	67	7	99	8	24	9	98	
	0	42	1	76	2	84	3	86	4	17	5	38	6	32	7	32	8	30	9	58	
	0	15	1	74	2	22	3	38	4	99	5	59	6	22	7	87	8	81	9	77	
	0	52	1	79	2	98	3	16	4	69	5	67	6	73	7	82	8	74	9	29	
	0	65	1	91	2	90	3	50	4	31	5	22	6	20	7	68	8	89	9	50	
	0	51	1	25	2	73	3	66	4	10	5	49	6	41	7	15	8	66	9	28	
	0	66	1	71	2	64	3	12	4	70	5	32	6	75	7	31	8	66	9	81	
	0	24	1	89	2	68	3	14	4	57	5	45	6	47	7	57	8	61	9	28	
	0	21	1	68	2	39	3	72	4	22	5	38	6	41	7	57	8	54	9	63	
	0	48	1	99	2	62	3	47	4	14	5	92	6	61	7	96	8	99	9	32	
	0	22	1	62	2	11	3	57	4	83	5	33	6	46	7	85	8	90	9	31	
	0	90	1	24	2	16	3	91	4	85	5	61	6	33	7	98	8	34	9	48	
	0	90	1	94	2	87	3	70	4	76	5	67	6	64	7	66	8	58	9	20	
	0	43	1	50	2	12	3	48	4	47	5	70	6	92	7	24	8	11	9	30	
	0	87	1	80	2	79	3	56	4	73	5	100	6	42	7	88	8	75	9	74	
	0	23	1	23	2	96	3	75	4	27	5	77	6	35	7	27	8	38	9	13	
	0	57	1	52	2	32	3	14	4	64	5	12	6	58	7	80	8	78	9	47	
	0	24	1	37	2	93	3	99	4	67	5	42	6	42	7	99	8	98	9	24	
	0	54	1	95	2	47	3	45	4	88	5	80	6	75	7	97	8	18	9	87	
	0	13	1	58	2	51	3	47	4	94	5	69	6	50	7	48	8	48	9	16	
	0	47	1	25	2	73	3	59	4	21	5	16	6	17	7	65	8	69	9	52	
	0	30	1	52	2	58	3	64	4	32	5	44	6	48	7	49	8	17	9	65	
	0	27	1	93	2	83	3	19	4	10	5	29	6	53	7	26	8	70	9	74	
	0	46	1	29	2	52	3	71	4	77	5	64	6	58	7	96	8	60	9	38	
	0	94	1	57	2	98	3	72	4	75	5	66	6	33	7	46	8	37	9	33	
	0	41	1	23	2	54	3	68	4	73	5	20	6	42	7	61	8	28	9	74	
	0	86	1	22	2	48	3	24	4	46	5	63	6	49	7	53	8	96	9	62	
	0	24	1	44	2	73	3	62	4	82	5	50	6	17	7	96	8	35	9	82	
	0	44	1	16	2	51	3	18	4	24	5	97	6	58	7	41	8	92	9	11	
	0	33	1	54	2	54	3	94	4	92	5	100	6	40	7	64	8	39	9	51	
	0	19	1	58	2	86	3	41	4	53	5	35	6	27	7	56	8	75	9	66	
	0	83	1	33	2	37	3	45	4	58	5	90	6	92	7	65	8	74	9	68	
	0	18	1	99	2	95	3	40	4	18	5	65	6	99	7	84	8	54	9	82	
	0	13	1	73	2	68	3	64	4	47	5	21	6	55	7	48	8	40	9	12	
	0	20	1	10	2	34	3	33	4	16	5	10	6	78	7	67	8	58	9	40	
	0	85	1	44	2	43	3	76	4	21	5	76	6	43	7	62	8	86	9	14	
	0	91	1	88	2	100	3	48	4	59	5	88	6	79	7	12	8	37	9	36	
	0	14	1	98	2	59	3	91	4	98	5	20	6	83	7	24	8	44	9	61	
	0	20	1	96	2	64	3	27	4	39	5	83	6	78	7	20	8	36	9	14	
	0	100	1	89	2	54	3	20	4	76	5	47	6	96	7	39	8	94	9	80	
	0	19	1	99	2	22	3	100	4	64	5	77	6	40	7	100	8	89	9	97	
	0	100	1	68	2	22	3	62	4	13	5	80	6	42	7	54	8	11	9	40	
	0	82	1	98	2	96	3	64	4	18	5	70	6	17	7	45	8	10	9	45	
	0	33	1	53	2	42	3	99	4	62	5	34	6	13	7	31	8	53	9	98	
	0	20	1	59	2	49	3	49	4	80	5	14	6	93	7	26	8	29	9	57	
	0	59	1	49	2	16	3	29	4	62	5	42	6	60	7	94	8	12	9	30	
	0	60	1	75	2	64	3	57	4	11	5	48	6	78	7	39	8	69	9	35	
	0	46	1	13	2	81	3	52	4	39	5	33	6	26	7	32	8	91	9	38	
	0	14	1	65	2	78	3	79	4	15	5	100	6	99	7	41	8	89	9	66	
	0	84	1	10	2	15	3	71	4	53	5	30	6	29	7	81	8	49	9	82	
	0	42	1	23	2	43	3	55	4	91	5	87	6	80	7	33	8	95	9	99	
	0	85	1	29	2	45	3	16	4	45	5	61	6	40	7	85	8	29	9	89	
	0	71	1	15	2	42	3	11	4	68	5	41	6	33	7	38	8	71	9	82	
	0	64	1	99	2	100	3	48	4	46	5	28	6	49	7	66	8	32	9	18	
	0	70	1	91	2	55	3	10	4	87	5	42	6	61	7	22	8	16	9	90	
	0	30	1	89	2	60	3	79	4	21	5	76	6	39	7	70	8	12	9	66	
	0	68	1	77	2	29	3	83	4	31	5	15	6	41	7	42	8	94	9	59	
	0	53	1	90	2	65	3	20	4	16	5	68	6	69	7	98	8	68	9	59	
	0	11	1	97	2	46	3	23	4	20	5	83	6	74	7	70	8	55	9	83	
	0	96	1	80	2	35	3	28	4	22	5	11	6	11	7	90	8	56	9	68	
	0	56	1	78	2	60	3	87	4	28	5	97	6	68	7	36	8	100	9	77	
	0	38	1	53	2	58	3	13	4	69	5	35	6	29	7	17	8	13	9	63	
	0	25	1	32	2	76	3	10	4	52	5	86	6	41	7	64	8	97	9	14	
	0	49	1	55	2	15	3	24	4	44	5	71	6	81	7	36	8	96	9	100	
	0	25	1	74	2	33	3	75	4	31	5	27	6	28	7	22	8	31	9	63	
	0	90	1	87	2	23	3	84	4	19	5	83	6	77	7	55	8	69	9	56	
	0	88	1	67	2	29	3	51	4	68	5	67	6	40	7	89	8	58	9	84	
	0	83	1	38	2	43	3	95	4	34	5	36	6	66	7	95	8	81	9	28	
	0	90	1	44	2	73	3	54	4	51	5	61	6	52	7	64	8	29	9	95	
	0	74	1	56	2	75	3	13	4	26	5	91	6	20	7	66	8	67	9	52	
	0	92	1	87	2	74	3	66	4	87	5	57	6	36	7	44	8	41	9	78	
	0	17	1	85	2	47	3	53	4	13	5	95	6	40	7	100	8	61	9	29	
	0	29	1	77	2	40	3	96	4	38	5	43	6	69	7	11	8	74	9	10	
	0	86	1	29	2	53	3	90	4	12	5	16	6	51	7	55	8	38	9	70	
	0	56	1	25	2	98	3	33	4	65	5	11	6	21	7	34	8	85	9	19	
	0	68	1	83	2	57	3	77	4	45	5	82	6	39	7	98	8	45	9	85	
	0	11	1	30	2	13	3	29	4	99	5	84	6	95	7	57	8	92	9	21	
	0	54	1	59	2	67	3	92	4	93	5	39	6	78	7	27	8	53	9	98	
	0	43	1	30	2	89	3	84	4	78	5	48	6	97	7	13	8	91	9	61	
	0	69	1	35	2	36	3	21	4	69	5	100	6	55	7	87	8	81	9	97	
	0	16	1	81	2	24	3	23	4	76	5	60	6	34	7	96	8	47	9	46	
	0	25	1	78	2	36	3	91	4	82	5	64	6	34	7	88	8	66	9	35	
	0	15	1	55	2	75	3	43	4	55	5	93	6	86	7	83	8	80	9	28	
	0	71	1	81	2	36	3	31	4	31	5	18	6	87	7	29	8	19	9	12	
	0	59	1	73	2	18	3	54	4	66	5	18	6	96	7	94	8	75	9	50	
	0	52	1	30	2	47	3	14	4	55	5	40	6	50	7	12	8	99	9	54	
	0	25	1	54	2	81	3	47	4	39	5	64	6	10	7	63	8	75	9	12	
	0	30	1	54	2	68	3	14	4	90	5	34	6	25	7	34	8	93	9	70	
	0	69	1	91	2	35	3	49	4	15	5	53	6	84	7	44	8	60	9	57	
	0	42	1	24	2	45	3	82	4	94	5	25	6	45	7	22	8	73	9	57	
	0	99	1	13	2	38	3	21	4	30	5	71	6	28	7	93	8	22	9	28	
	0	53	1	30	2	98	3	34	4	75	5	47	6	16	7	62	8	68	9	94	
	0	10	1	54	2	46	3	62	4	36	5	56	6	23	7	44	8	24	9	92	
	0	59	1	90	2	49	3	100	4	97	5	43	6	63	7	59	8	11	9	28	
	0	73	1	32	2	62	3	78	4	89	5	46	6	57	7	84	8	15	9	58	
	0	71	1	86	2	87	3	35	4	74	5	31	6	43	7	89	8	31	9	39	
	0	72	1	72	2	17	3	21	4	74	5	34	6	54	7	55	8	98	9	18	
	0	61	1	61	2	63	3	40	4	22	5	95	6	62	7	35	8	10	9	41	
	0	14	1	51	2	68	3	67	4	21	5	52	6	24	7	90	8	97	9	60	
	0	34	1	31	2	80	3	90	4	91	5	40	6	53	7	51	8	59	9	86	
	0	43	1	23	2	53	3	12	4	81	5	72	6	37	7	94	8	14	9	12	
	0	16	1	22	2	25	3	75	4	69	5	84	6	37	7	54	8	74	9	25	
	0	83	1	17	2	26	3	16	4	32	5	17	6	32	7	51	8	72	9	63	
	0	92	1	80	2	44	3	73	4	33	5	23	6	59	7	81	8	32	9	59	
	0	86	1	19	2	20	3	87	4	57	5	52	6	45	7	30	8	90	9	77	
	0	49	1	20	2	32	3	94	4	93	5	62	6	31	7	33	8	90	9	31	
	0	86	1	61	2	65	3	30	4	68	5	86	6	42	7	42	8	33	9	88	
	0	86	1	60	2	15	3	48	4	36	5	94	6	45	7	55	8	19	9	13	
	0	46	1	37	2	96	3	77	4	19	5	82	6	94	7	67	8	69	9	88	
	0	34	1	24	2	19	3	48	4	50	5	84	6	17	7	57	8	12	9	37	
	0	98	1	90	2	36	3	33	4	99	5	76	6	52	7	90	8	95	9	61	
	0	86	1	54	2	31	3	27	4	15	5	75	6	64	7	51	8	81	9	13	
	0	50	1	81	2	75	3	49	4	40	5	50	6	91	7	22	8	10	9	63	
	0	74	1	74	2	58	3	88	4	51	5	74	6	77	7	73	8	93	9	42	
	0	57	1	23	2	95	3	61	4	46	5	45	6	76	7	74	8	47	9	21	
	0	72	1	25	2	20	3	64	4	40	5	14	6	30	7	43	8	25	9	18	
	0	100	1	55	2	70	3	28	4	33	5	12	6	37	7	77	8	68	9	70	
	0	24	1	41	2	95	3	55	4	30	5	13	6	47	7	49	8	59	9	81	
	0	22	1	24	2	59	3	96	4	47	5	10	6	93	7	77	8	86	9	71	
	0	67	1	30	2	26	3	98	4	43	5	23	6	78	7	36	8	88	9	67	
	0	45	1	78	2	45	3	81	4	73	5	49	6	40	7	57	8	10	9	23	
	0	53	1	97	2	34	3	97	4	47	5	67	6	13	7	52	8	14	9	97	
	0	70	1	65	2	17	3	35	4	49	5	47	6	11	7	66	8	89	9	52	
	0	15	1	82	2	51	3	57	4	65	5	26	6	59	7	86	8	36	9	59	
	0	100	1	25	2	56	3	77	4	27	5	25	6	46	7	54	8	95	9	31	
	0	54	1	11	2	13	3	32	4	34	5	17	6	17	7	74	8	92	9	53	
	0	78	1	78	2	10	3	33	4	37	5	88	6	25	7	89	8	69	9	17	
	0	82	1	65	2	54	3	45	4	45	5	32	6	42	7	92	8	73	9	73	
	0	92	1	97	2	12	3	91	4	16	5	48	6	69	7	49	8	30	9	88	
	0	75	1	57	2	27	3	35	4	62	5	43	6	87	7	20	8	84	9	68	
	0	43	1	88	2	61	3	98	4	17	5	69	6	37	7	57	8	41	9	43	
	0	74	1	48	2	11	3	69	4	67	5	36	6	43	7	89	8	28	9	61	
	0	29	1	92	2	29	3	76	4	94	5	49	6	76	7	96	8	45	9	83	
	0	19	1	34	2	44	3	33	4	63	5	22	6	67	7	16	8	54	9	96	
	0	31	1	48	2	99	3	35	4	68	5	98	6	12	7	71	8	34	9	80	
	0	66	1	60	2	96	3	54	4	52	5	93	6	54	7	47	8	61	9	65	
	0	97	1	45	2	44	3	64	4	37	5	72	6	92	7	86	8	78	9	49	
	0	30	1	30	2	82	3	23	4	86	5	45	6	24	7	99	8	59	9	90	
	0	12	1	55	2	69	3	22	4	39	5	46	6	82	7	84	8	72	9	59	
	0	50	1	24	2	100	3	84	4	35	5	40	6	43	7	48	8	13	9	53	
	0	94	1	55	2	49	3	16	4	45	5	14	6	58	7	77	8	60	9	65	
	0	58	1	92	2	46	3	34	4	47	5	76	6	57	7	31	8	71	9	64	
	0	21	1	10	2	55	3	75	4	88	5	99	6	66	7	68	8	31	9	17	
	0	34	1	95	2	63	3	37	4	93	5	43	6	22	7	76	8	53	9	93	
	0	76	1	50	2	85	3	23	4	88	5	20	6	15	7	94	8	60	9	55	
	0	83	1	66	2	24	3	60	4	92	5	10	6	43	7	51	8	68	9	12	
	0	55	1	75	2	38	3	61	4	89	5	96	6	89	7	88	8	55	9	11	
	0	83	1	98	2	97	3	31	4	79	5	78	6	14	7	65	8	74	9	51	
	0	99	1	74	2	12	3	27	4	64	5	37	6	21	7	20	8	29	9	63	
	0	76	1	54	2	86	3	17	4	64	5	62	6	90	7	33	8	92	9	86	
	0	48	1	56	2	96	3	60	4	82	5	44	6	86	7	100	8	30	9	53	
	0	43	1	97	2	46	3	94	4	24	5	30	6	90	7	43	8	61	9	74	
	0	70	1	39	2	46	3	71	4	63	5	13	6	87	7	69	8	69	9	59	
	0	54	1	45	2	74	3	48	4	54	5	85	6	92	7	38	8	38	9	67	
	0	14	1	21	2	38	3	27	4	41	5	73	6	49	7	11	8	38	9	51	
	0	85	1	62	2	70	3	91	4	61	5	82	6	81	7	55	8	83	9	94	
	0	10	1	71	2	63	3	32	4	86	5	29	6	16	7	52	8	91	9	54	
	0	41	1	21	2	82	3	42	4	38	5	37	6	75	7	79	8	33	9	82	
	0	34	1	26	2	85	3	12	4	33	5	38	6	24	7	61	8	29	9	42	
	0	43	1	76	2	90	3	66	4	94	5	11	6	53	7	40	8	98	9	43	
	0	33	1	23	2	38	3	68	4	15	5	74	6	31	7	95	8	52	9	32	
	0	17	1	55	2	80	3	45	4	34	5	81	6	14	7	35	8	19	9	13	
	0	85	1	50	2	15	3	81	4	52	5	35	6	23	7	44	8	16	9	24	
	0	44	1	69	2	87	3	91	4	64	5	23	6	100	7	16	8	33	9	29	
	0	84	1	67	2	16	3	52	4	13	5	88	6	25	7	96	8	52	9	41	
	0	40	1	15	2	59	3	66	4	67	5	42	6	73	7	91	8	73	9	35	
	0	57	1	30	2	52	3	60	4	37	5	73	6	56	7	80	8	23	9	65	
	0	52	1	89	2	69	3	91	4	57	5	69	6	90	7	88	8	83	9	34	
	0	64	1	79	2	79	3	55	4	74	5	38	6	12	7	84	8	94	9	67	
	0	33	1	14	2	53	3	53	4	31	5	51	6	48	7	49	8	18	9	49	
	0	27	1	87	2	22	3	24	4	43	5	41	6	20	7	95	8	34	9	70	
	0	31	1	21	2	80	3	15	4	52	5	82	6	31	7	77	8	26	9	27	
	0	37	1	90	2	67	3	67	4	76	5	83	6	31	7	98	8	58	9	57	
	0	11	1	68	2	86	3	55	4	92	5	35	6	28	7	83	8	49	9	51	
	0	81	1	70	2	90	3	52	4	14	5	85	6	38	7	44	8	95	9	50	
	0	47	1	69	2	68	3	30	4	87	5	13	6	41	7	60	8	64	9	98	
	0	82	1	53	2	61	3	74	4	52	5	18	6	14	7	21	8	48	9	32	
	0	48	1	18	2	11	3	72	4	72	5	83	6	65	7	31	8	93	9	25	
	0	83	1	61	2	59	3	94	4	60	5	48	6	30	7	91	8	73	9	99	
	0	77	1	57	2	28	3	26	4	31	5	12	6	24	7	77	8	58	9	50	
	0	18	1	61	2	73	3	99	4	73	5	23	6	56	7	66	8	72	9	90	
	0	95	1	88	2	53	3	27	4	40	5	63	6	76	7	15	8	78	9	36	
	0	81	1	35	2	10	3	10	4	96	5	22	6	47	7	59	8	96	9	45	
	0	11	1	88	2	97	3	72	4	52	5	11	6	19	7	20	8	43	9	97	
	0	56	1	67	2	17	3	32	4	65	5	63	6	21	7	21	8	93	9	97	
	0	89	1	17	2	66	3	22	4	81	5	76	6	26	7	13	8	33	9	87	
	0	50	1	100	2	98	3	91	4	85	5	44	6	27	7	39	8	48	9	20	
	0	99	1	73	2	79	3	64	4	10	5	86	6	93	7	52	8	49	9	42	
	0	76	1	89	2	96	3	92	4	35	5	65	6	15	7	56	8	32	9	52	
	0	97	1	73	2	89	3	18	4	95	5	75	6	66	7	38	8	98	9	61	
	0	86	1	41	2	19	3	23	4	47	5	87	6	26	7	90	8	55	9	45	
	0	89	1	14	2	32	3	10	4	72	5	88	6	29	7	85	8	14	9	81	
	0	100	1	23	2	46	3	13	4	14	5	44	6	77	7	47	8	51	9	76	
	0	20	1	28	2	76	3	37	4	69	5	25	6	37	7	72	8	70	9	79	
	0	54	1	59	2	51	3	50	4	95	5	39	6	33	7	13	8	86	9	95	
	0	55	1	63	2	92	3	20	4	51	5	80	6	60	7	17	8	68	9	11	
	0	79	1	63	2	99	3	54	4	77	5	64	6	93	7	90	8	17	9	76	
	0	21	1	28	2	78	3	75	4	36	5	24	6	52	7	18	8	79	9	100	
	0	16	1	95	2	84	3	99	4	63	5	83	6	13	7	28	8	35	9	38	
	0	82	1	95	2	90	3	79	4	31	5	23	6	74	7	95	8	74	9	37	
	0	43	1	68	2	56	3	56	4	62	5	52	6	17	7	15	8	39	9	100	
	0	65	1	86	2	22	3	56	4	43	5	79	6	90	7	82	8	48	9	15	
	0	46	1	64	2	76	3	98	4	41	5	86	6	27	7	72	8	58	9	12	
	0	60	1	73	2	93	3	17	4	57	5	44	6	96	7	60	8	28	9	92	
	0	36	1	59	2	30	3	88	4	73	5	75	6	34	7	11	8	16	9	90	
	0	68	1	47	2	80	3	16	4	68	5	72	6	48	7	26	8	28	9	73	
	0	37	1	18	2	74	3	61	4	22	5	19	6	51	7	97	8	82	9	59	
	0	11	1	57	2	20	3	73	4	59	5	100	6	52	7	98	8	48	9	25	
	0	53	1	37	2	19	3	71	4	46	5	36	6	95	7	58	8	83	9	91	
	0	48	1	85	2	20	3	23	4	64	5	41	6	86	7	100	8	41	9	85	
	0	16	1	24	2	87	3	20	4	20	5	72	6	72	7	80	8	10	9	28	
	0	73	1	39	2	62	3	56	4	76	5	27	6	76	7	89	8	92	9	12	
	0	43	1	58	2	51	3	65	4	58	5	26	6	13	7	30	8	61	9	36	
	0	94	1	37	2	66	3	24	4	57	5	68	6	49	7	37	8	62	9	100	
	0	51	1	80	2	84	3	63	4	48	5	34	6	79	7	42	8	46	9	80	
	0	32	1	13	2	72	3	21	4	96	5	22	6	93	7	65	8	72	9	39	
	0	36	1	68	2	88	3	88	4	50	5	43	6	62	7	30	8	96	9	10	
	0	31	1	11	2	77	3	19	4	56	5	38	6	75	7	37	8	61	9	20	
	0	68	1	58	2	69	3	83	4	34	5	50	6	10	7	60	8	40	9	67	
	0	57	1	57	2	18	3	35	4	47	5	43	6	78	7	12	8	34	9	98	
	0	10	1	27	2	14	3	45	4	15	5	38	6	94	7	52	8	91	9	84	
	0	48	1	30	2	55	3	10	4	100	5	42	6	84	7	91	8	14	9	71	
	0	29	1	17	2	94	3	16	4	42	5	39	6	29	7	45	8	97	9	98	
	0	65	1	30	2	79	3	30	4	43	5	17	6	80	7	53	8	58	9	97	
	0	42	1	21	2	35	3	63	4	79	5	53	6	31	7	23	8	29	9	100	
	0	33	1	18	2	52	3	48	4	28	5	90	6	99	7	69	8	46	9	12	
	0	87	1	42	2	85	3	82	4	84	5	99	6	61	7	56	8	13	9	50	
	0	29	1	57	2	15	3	76	4	11	5	74	6	48	7	70	8	16	9	84	
	0	45	1	69	2	10	3	45	4	35	5	26	6	12	7	59	8	87	9	24	
	0	87	1	78	2	74	3	60	4	53	5	10	6	14	7	72	8	58	9	97	
	0	12	1	99	2	93	3	80	4	74	5	35	6	29	7	18	8	79	9	69	
	0	15	1	56	2	10	3	99	4	78	5	12	6	72	7	91	8	33	9	14	
	0	82	1	41	2	58	3	44	4	66	5	50	6	38	7	10	8	11	9	16	
	0	97	1	16	2	29	3	49	4	74	5	71	6	43	7	39	8	20	9	12	
	0	86	1	74	2	34	3	72	4	38	5	53	6	59	7	65	8	86	9	65	
	0	45	1	36	2	26	3	47	4	82	5	11	6	52	7	36	8	84	9	39	
	0	61	1	85	2	57	3	37	4	64	5	12	6	40	7	55	8	34	9	73	
	0	57	1	72	2	57	3	92	4	63	5	25	6	53	7	53	8	66	9	15	
	0	78	1	99	2	13	3	44	4	82	5	49	6	24	7	55	8	66	9	74	
	0	29	1	41	2	87	3	87	4	65	5	81	6	45	7	47	8	46	9	50	
	0	49	1	88	2	74	3	47	4	84	5	48	6	17	7	26	8	58	9	33	
	0	11	1	58	2	95	3	84	4	96	5	26	6	39	7	58	8	80	9	39	
	0	54	1	23	2	45	3	78	4	81	5	67	6	56	7	52	8	31	9	15	
	0	84	1	21	2	25	3	32	4	55	5	61	6	13	7	22	8	80	9	59	
	0	70	1	28	2	29	3	71	4	33	5	39	6	78	7	16	8	76	9	42	
	0	40	1	20	2	85	3	81	4	33	5	57	6	100	7	27	8	54	9	48	
	0	18	1	17	2	28	3	55	4	46	5	89	6	85	7	71	8	49	9	31	
	0	56	1	82	2	95	3	63	4	14	5	80	6	90	7	32	8	82	9	39	
	0	97	1	41	2	46	3	97	4	16	5	24	6	56	7	52	8	72	9	100	
	0	98	1	72	2	22	3	96	4	84	5	60	6	50	7	15	8	84	9	31	
	0	44	1	47	2	81	3	49	4	80	5	40	6	93	7	17	8	81	9	27	
	0	96	1	93	2	22	3	95	4	48	5	49	6	47	7	49	8	78	9	32	
	0	53	1	19	2	50	3	98	4	24	5	66	6	32	7	74	8	41	9	30	
	0	74	1	93	2	60	3	96	4	92	5	38	6	37	7	12	8	70	9	12	
	0	15	1	71	2	33	3	21	4	25	5	59	6	27	7	73	8	64	9	57	
	0	80	1	19	2	22	3	53	4	44	5	51	6	43	7	21	8	94	9	70	
	0	72	1	54	2	78	3	24	4	31	5	26	6	56	7	86	8	87	9	79	
	0	91	1	65	2	62	3	35	4	93	5	58	6	44	7	85	8	57	9	61	
	0	59	1	25	2	60	3	47	4	54	5	59	6	57	7	28	8	57	9	85	
	0	79	1	61	2	39	3	83	4	47	5	12	6	58	7	100	8	78	9	81	
	0	79	1	34	2	51	3	71	4	17	5	75	6	88	7	22	8	56	9	15	
	0	15	1	69	2	90	3	45	4	50	5	17	6	81	7	26	8	70	9	65	
	0	94	1	37	2	20	3	40	4	80	5	62	6	78	7	17	8	24	9	21	
	0	10	1	28	2	89	3	68	4	37	5	95	6	33	7	63	8	54	9	78	
	0	21	1	30	2	51	3	79	4	53	5	17	6	25	7	48	8	59	9	47	
	0	34	1	73	2	54	3	33	4	84	5	98	6	15	7	34	8	21	9	88	
	0	15	1	43	2	47	3	44	4	33	5	94	6	57	7	80	8	40	9	62	
	0	20	1	23	2	77	3	34	4	49	5	22	6	19	7	69	8	85	9	22	
	0	94	1	43	2	83	3	63	4	87	5	24	6	17	7	93	8	89	9	37	
	0	94	1	80	2	39	3	17	4	55	5	72	6	70	7	44	8	45	9	30	
	0	26	1	34	2	38	3	55	4	72	5	88	6	94	7	14	8	19	9	41	
	0	27	1	86	2	16	3	28	4	89	5	38	6	25	7	66	8	63	9	44	
	0	79	1	79	2	39	3	17	4	46	5	47	6	57	7	98	8	67	9	97	
	0	50	1	93	2	19	3	60	4	79	5	80	6	83	7	61	8	12	9	38	
	0	23	1	11	2	60	3	80	4	59	5	52	6	98	7	87	8	47	9	38	
	0	82	1	86	2	84	3	94	4	25	5	98	6	22	7	77	8	44	9	66	
	0	43	1	82	2	86	3	96	4	85	5	11	6	23	7	45	8	72	9	46	
	0	30	1	55	2	51	3	17	4	65	5	91	6	34	7	58	8	38	9	21	
	0	37	1	75	2	76	3	28	4	14	5	73	6	76	7	46	8	63	9	69	
	0	92	1	49	2	36	3	87	4	54	5	82	6	59	7	21	8	53	9	69	
	0	58	1	78	2	70	3	29	4	79	5	39	6	33	7	14	8	99	9	49	
	0	49	1	83	2	75	3	54	4	46	5	97	6	87	7	41	8	37	9	36	
	0	62	1	55	2	26	3	13	4	98	5	70	6	59	7	33	8	55	9	49	
	0	69	1	33	2	64	3	75	4	35	5	22	6	31	7	15	8	87	9	45	
	0	94	1	35	2	82	3	84	4	60	5	17	6	60	7	75	8	68	9	89	
	0	100	1	55	2	68	3	11	4	57	5	21	6	52	7	49	8	83	9	36	
	0	17	1	25	2	23	3	40	4	69	5	15	6	26	7	38	8	78	9	38	
	0	47	1	40	2	80	3	26	4	24	5	95	6	97	7	50	8	46	9	33	
	0	73	1	81	2	89	3	36	4	88	5	36	6	23	7	91	8	43	9	44	
	0	51	1	67	2	77	3	88	4	31	5	31	6	42	7	11	8	34	9	65	
	0	27	1	70	2	84	3	33	4	48	5	83	6	10	7	36	8	54	9	96	
	0	58	1	83	2	16	3	94	4	20	5	68	6	92	7	69	8	57	9	90	
	0	92	1	49	2	33	3	43	4	64	5	55	6	80	7	78	8	43	9	34	
	0	57	1	11	2	31	3	65	4	68	5	71	6	27	7	32	8	55	9	13	
	0	65	1	62	2	36	3	91	4	45	5	45	6	37	7	49	8	21	9	91	
	0	82	1	93	2	97	3	64	4	85	5	57	6	66	7	94	8	51	9	44	
	0	32	1	25	2	96	3	37	4	74	5	26	6	93	7	14	8	17	9	86	
	0	67	1	92	2	91	3	60	4	21	5	71	6	29	7	75	8	14	9	69	
	0	35	1	48	2	15	3	68	4	62	5	79	6	68	7	16	8	81	9	16	
	0	49	1	100	2	45	3	86	4	60	5	59	6	41	7	49	8	92	9	96	
	0	60	1	100	2	13	3	29	4	17	5	83	6	14	7	25	8	32	9	30	
	0	16	1	71	2	44	3	71	4	51	5	56	6	41	7	45	8	10	9	99	
	0	10	1	33	2	63	3	19	4	56	5	62	6	80	7	79	8	59	9	99	
	0	70	1	80	2	100	3	59	4	79	5	38	6	94	7	55	8	14	9	93	
	0	20	1	76	2	14	3	66	4	17	5	25	6	79	7	71	8	83	9	25	
	0	11	1	17	2	21	3	38	4	62	5	42	6	35	7	19	8	12	9	55	
	0	77	1	17	2	49	3	25	4	56	5	54	6	96	7	14	8	86	9	87	
	0	65	1	78	2	66	3	29	4	12	5	76	6	12	7	99	8	77	9	84	
	0	88	1	97	2	77	3	60	4	22	5	87	6	24	7	33	8	96	9	46	
	0	98	1	35	2	55	3	90	4	63	5	33	6	79	7	90	8	89	9	75	
	0	37	1	73	2	43	3	27	4	32	5	71	6	41	7	63	8	91	9	64	
	0	48	1	75	2	62	3	13	4	17	5	91	6	27	7	57	8	67	9	24	
	0	69	1	74	2	24	3	55	4	90	5	54	6	74	7	59	8	43	9	16	
	0	49	1	37	2	47	3	84	4	41	5	37	6	21	7	83	8	16	9	36	
	0	50	1	67	2	54	3	12	4	52	5	94	6	74	7	11	8	87	9	24	
	0	29	1	17	2	45	3	37	4	16	5	46	6	48	7	43	8	25	9	52	
	0	78	1	36	2	38	3	100	4	38	5	12	6	11	7	74	8	96	9	54	
	0	11	1	59	2	91	3	80	4	14	5	65	6	21	7	41	8	75	9	60	
	0	62	1	13	2	37	3	15	4	67	5	72	6	13	7	81	8	83	9	52	
	0	34	1	54	2	63	3	91	4	91	5	44	6	97	7	64	8	46	9	98	
	0	39	1	10	2	91	3	38	4	88	5	61	6	29	7	39	8	52	9	42	
	0	37	1	79	2	26	3	80	4	37	5	43	6	83	7	45	8	78	9	89	
	0	85	1	74	2	70	3	14	4	22	5	14	6	30	7	92	8	63	9	28	
	0	53	1	52	2	72	3	84	4	21	5	50	6	26	7	58	8	64	9	99	
	0	95	1	23	2	77	3	50	4	100	5	62	6	55	7	88	8	17	9	88	
	0	56	1	78	2	90	3	79	4	75	5	65	6	23	7	66	8	17	9	16	
	0	10	1	35	2	12	3	79	4	90	5	80	6	73	7	89	8	40	9	67	
	0	30	1	32	2	37	3	95	4	86	5	13	6	95	7	98	8	19	9	91	
	0	72	1	14	2	87	3	66	4	44	5	91	6	66	7	33	8	93	9	89	
	0	39	1	87	2	96	3	55	4	60	5	66	6	80	7	66	8	36	9	18	
	0	32	1	34	2	24	3	88	4	11	5	47	6	38	7	37	8	94	9	91	
	0	80	1	71	2	32	3	77	4	55	5	80	6	95	7	22	8	62	9	93	
	0	79	1	87	2	66	3	82	4	31	5	60	6	72	7	75	8	74	9	73	
	0	20	1	91	2	93	3	62	4	28	5	45	6	12	7	35	8	74	9	33	
	0	46	1	74	2	92	3	63	4	68	5	48	6	73	7	41	8	100	9	12	
	0	57	1	87	2	27	3	100	4	91	5	88	6	93	7	79	8	79	9	63	
	0	86	1	17	2	63	3	65	4	61	5	14	6	74	7	33	8	32	9	72	
	0	44	1	12	2	97	3	24	4	74	5	46	6	49	7	52	8	29	9	35	
	0	88	1	26	2	66	3	81	4	18	5	88	6	51	7	87	8	33	9	79	
	0	51	1	46	2	100	3	24	4	31	5	51	6	55	7	90	8	91	9	31	
	0	80	1	82	2	10	3	76	4	43	5	67	6	14	7	38	8	87	9	73	
	0	33	1	89	2	34	3	39	4	10	5	78	6	57	7	15	8	56	9	10	
	0	49	1	66	2	84	3	61	4	62	5	32	6	60	7	37	8	10	9	92	
	0	56	1	69	2	76	3	74	4	67	5	15	6	25	7	67	8	33	9	51	
	0	58	1	10	2	41	3	59	4	31	5	34	6	22	7	20	8	76	9	15	
	0	81	1	49	2	10	3	46	4	50	5	42	6	36	7	53	8	57	9	50	
	0	36	1	20	2	18	3	42	4	80	5	42	6	65	7	66	8	63	9	50	
	0	64	1	67	2	49	3	35	4	56	5	30	6	83	7	69	8	20	9	94	
	0	34	1	19	2	52	3	52	4	86	5	61	6	16	7	17	8	30	9	50	
	0	30	1	62	2	33	3	87	4	55	5	23	6	10	7	72	8	44	9	75	
	0	25	1	87	2	85	3	36	4	16	5	62	6	21	7	74	8	18	9	37	
	0	26	1	72	2	37	3	57	4	16	5	60	6	84	7	90	8	51	9	33	
	0	87	1	42	2	13	3	88	4	78	5	11	6	30	7	75	8	12	9	48	
	0	61	1	86	2	74	3	46	4	56	5	36	6	78	7	67	8	61	9	51	
	0	67	1	15	2	18	3	70	4	19	5	41	6	88	7	55	8	81	9	38	
	0	58	1	35	2	51	3	28	4	66	5	55	6	29	7	16	8	45	9	59	
	0	58	1	100	2	70	3	32	4	22	5	68	6	40	7	16	8	25	9	100	
	0	39	1	100	2	26	3	40	4	52	5	88	6	54	7	80	8	77	9	34	
	0	79	1	79	2	42	3	80	4	82	5	24	6	55	7	11	8	30	9	40	
	0	10	1	69	2	88	3	81	4	80	5	74	6	77	7	17	8	90	9	86	
	0	74	1	40	2	33	3	33	4	59	5	40	6	72	7	73	8	27	9	89	
	0	93	1	96	2	13	3	39	4	49	5	21	6	78	7	10	8	54	9	86	
	0	14	1	64	2	63	3	34	4	34	5	33	6	84	7	65	8	12	9	99	
	0	86	1	71	2	22	3	39	4	78	5	51	6	34	7	13	8	95	9	32	
	0	22	1	66	2	96	3	30	4	97	5	24	6	30	7	73	8	97	9	85	
	0	66	1	12	2	18	3	90	4	74	5	68	6	100	7	85	8	78	9	37	
	0	63	1	93	2	90	3	15	4	17	5	61	6	13	7	31	8	54	9	69	
	0	72	1	46	2	50	3	19	4	60	5	25	6	57	7	22	8	95	9	45	
	0	59	1	75	2	71	3	77	4	92	5	73	6	57	7	24	8	36	9	67	
	0	31	1	72	2	71	3	41	4	99	5	84	6	71	7	98	8	21	9	57	
	0	91	1	25	2	79	3	73	4	15	5	69	6	73	7	97	8	37	9	17	
	0	81	1	63	2	77	3	19	4	84	5	24	6	97	7	49	8	98	9	74	
	0	90	1	25	2	81	3	31	4	66	5	100	6	99	7	28	8	48	9	57	
	0	84	1	35	2	30	3	93	4	23	5	45	6	99	7	65	8	61	9	84	
	0	66	1	57	2	78	3	96	4	99	5	99	6	99	7	65	8	39	9	57	
	0	79	1	85	2	65	3	81	4	93	5	27	6	18	7	13	8	44	9	18	
	0	12	1	47	2	77	3	65	4	58	5	12	6	33	7	94	8	39	9	81	
	0	52	1	86	2	47	3	65	4	94	5	11	6	50	7	36	8	20	9	12	
	0	94	1	50	2	93	3	81	4	54	5	14	6	41	7	74	8	45	9	16	
	0	84	1	84	2	48	3	63	4	45	5	19	6	17	7	65	8	22	9	50	
	0	34	1	72	2	80	3	10	4	36	5	96	6	28	7	93	8	92	9	10	
	0	19	1	95	2	59	3	54	4	46	5	47	6	53	7	16	8	70	9	91	
	0	91	1	33	2	11	3	49	4	53	5	30	6	100	7	60	8	93	9	80	
	0	91	1	53	2	43	3	26	4	99	5	86	6	84	7	68	8	61	9	28	
	0	89	1	10	2	93	3	53	4	26	5	56	6	55	7	48	8	43	9	63	