1000 10 1
10
	0	19	1	98	2	53	3	89	4	31	5	20	6	48	7	36	8	26	9	12	
	0	83	1	47	2	11	3	23	4	16	5	62	6	100	7	32	8	77	9	93	
	0	46	1	20	2	96	3	38	4	38	5	31	6	37	7	82	8	77	9	41	
	0	88	1	37	2	25	3	94	4	74	5	43	6	85	7	53	8	87	9	78	
	0	79	1	92	2	22	3	35	4	43	5	75	6	28	7	66	8	84	9	43	
	0	59	1	39	2	68	3	71	4	67	5	68	6	74	7	99	8	16	9	53	
	0	97	1	73	2	34	3	10	4	58	5	64	6	12	7	60	8	22	9	37	
	0	30	1	20	2	13	3	13	4	93	5	99	6	85	7	47	8	40	9	81	
	0	95	1	34	2	36	3	92	4	54	5	83	6	94	7	74	8	10	9	16	
	0	22	1	27	2	88	3	23	4	57	5	97	6	11	7	23	8	40	9	87	
	0	92	1	38	2	15	3	15	4	28	5	20	6	31	7	80	8	14	9	16	
	0	26	1	66	2	15	3	39	4	70	5	77	6	41	7	86	8	43	9	38	
	0	74	1	61	2	18	3	49	4	97	5	46	6	11	7	28	8	57	9	93	
	0	77	1	99	2	63	3	69	4	38	5	24	6	46	7	47	8	72	9	96	
	0	47	1	97	2	85	3	18	4	10	5	98	6	33	7	80	8	95	9	53	
	0	35	1	10	2	15	3	88	4	60	5	24	6	44	7	17	8	99	9	50	
	0	37	1	24	2	22	3	77	4	97	5	70	6	21	7	35	8	36	9	14	
	0	70	1	14	2	52	3	79	4	48	5	20	6	48	7	84	8	48	9	98	
	0	100	1	42	2	100	3	99	4	42	5	40	6	47	7	31	8	31	9	45	
	0	50	1	82	2	39	3	40	4	87	5	43	6	62	7	32	8	28	9	85	
	0	72	1	16	2	27	3	34	4	40	5	51	6	23	7	29	8	80	9	37	
	0	57	1	29	2	94	3	28	4	91	5	78	6	76	7	49	8	77	9	36	
	0	88	1	94	2	45	3	89	4	76	5	57	6	18	7	15	8	77	9	16	
	0	78	1	57	2	52	3	61	4	32	5	40	6	87	7	45	8	15	9	87	
	0	97	1	18	2	68	3	42	4	24	5	77	6	13	7	59	8	66	9	72	
	0	94	1	36	2	12	3	22	4	68	5	47	6	98	7	10	8	10	9	63	
	0	18	1	93	2	68	3	44	4	33	5	66	6	65	7	98	8	34	9	55	
	0	71	1	73	2	74	3	14	4	52	5	86	6	52	7	45	8	41	9	47	
	0	28	1	16	2	13	3	75	4	56	5	71	6	75	7	57	8	19	9	30	
	0	30	1	38	2	39	3	53	4	27	5	32	6	30	7	38	8	11	9	87	
	0	17	1	88	2	19	3	47	4	18	5	10	6	81	7	56	8	72	9	23	
	0	44	1	30	2	28	3	81	4	77	5	10	6	33	7	87	8	91	9	65	
	0	34	1	42	2	19	3	74	4	13	5	61	6	45	7	19	8	51	9	52	
	0	53	1	52	2	23	3	60	4	31	5	76	6	24	7	79	8	31	9	62	
	0	74	1	20	2	100	3	51	4	65	5	88	6	28	7	38	8	84	9	83	
	0	99	1	78	2	94	3	51	4	13	5	73	6	13	7	72	8	100	9	23	
	0	21	1	84	2	60	3	54	4	68	5	55	6	56	7	15	8	79	9	53	
	0	74	1	33	2	67	3	69	4	93	5	32	6	65	7	56	8	22	9	27	
	0	31	1	21	2	36	3	75	4	30	5	59	6	73	7	31	8	21	9	78	
	0	85	1	51	2	83	3	99	4	62	5	64	6	33	7	14	8	20	9	81	
	0	90	1	81	2	90	3	81	4	95	5	19	6	49	7	77	8	28	9	97	
	0	94	1	59	2	13	3	100	4	27	5	59	6	85	7	92	8	49	9	24	
	0	36	1	13	2	62	3	59	4	47	5	42	6	27	7	66	8	50	9	38	
	0	70	1	56	2	40	3	91	4	90	5	29	6	77	7	66	8	36	9	14	
	0	82	1	33	2	43	3	80	4	63	5	29	6	82	7	47	8	77	9	65	
	0	14	1	36	2	52	3	63	4	37	5	84	6	11	7	53	8	52	9	47	
	0	70	1	83	2	59	3	64	4	23	5	64	6	68	7	97	8	23	9	21	
	0	96	1	53	2	84	3	51	4	65	5	37	6	42	7	77	8	63	9	59	
	0	85	1	38	2	87	3	80	4	65	5	20	6	48	7	93	8	89	9	96	
	0	96	1	88	2	55	3	85	4	68	5	79	6	89	7	42	8	62	9	40	
	0	93	1	58	2	25	3	64	4	20	5	49	6	42	7	33	8	59	9	87	
	0	42	1	50	2	32	3	74	4	68	5	50	6	48	7	62	8	15	9	99	
	0	52	1	34	2	34	3	64	4	50	5	16	6	67	7	90	8	38	9	13	
	0	53	1	28	2	60	3	24	4	83	5	29	6	41	7	38	8	79	9	29	
	0	13	1	40	2	56	3	72	4	50	5	99	6	88	7	72	8	97	9	79	
	0	16	1	88	2	34	3	67	4	52	5	52	6	88	7	88	8	24	9	52	
	0	58	1	87	2	63	3	92	4	68	5	66	6	89	7	72	8	88	9	37	
	0	56	1	58	2	92	3	28	4	13	5	20	6	37	7	61	8	82	9	95	
	0	50	1	67	2	79	3	35	4	87	5	75	6	54	7	52	8	29	9	28	
	0	51	1	66	2	53	3	57	4	72	5	78	6	88	7	50	8	90	9	11	
	0	60	1	75	2	22	3	55	4	55	5	12	6	24	7	75	8	91	9	37	
	0	82	1	100	2	88	3	86	4	77	5	35	6	10	7	84	8	69	9	17	
	0	43	1	44	2	50	3	75	4	98	5	91	6	51	7	95	8	65	9	46	
	0	30	1	97	2	21	3	29	4	96	5	30	6	88	7	39	8	54	9	43	
	0	18	1	37	2	85	3	47	4	51	5	84	6	53	7	42	8	53	9	54	
	0	61	1	91	2	34	3	85	4	45	5	70	6	78	7	42	8	84	9	85	
	0	75	1	42	2	84	3	93	4	81	5	65	6	67	7	55	8	94	9	68	
	0	80	1	63	2	34	3	95	4	34	5	78	6	89	7	99	8	79	9	87	
	0	92	1	43	2	21	3	95	4	55	5	70	6	46	7	40	8	59	9	77	
	0	37	1	52	2	43	3	50	4	45	5	97	6	15	7	98	8	13	9	51	
	0	87	1	92	2	58	3	36	4	36	5	55	6	100	7	70	8	63	9	67	
	0	89	1	29	2	20	3	11	4	40	5	18	6	57	7	11	8	53	9	73	
	0	68	1	47	2	88	3	86	4	67	5	78	6	38	7	93	8	40	9	31	
	0	66	1	41	2	58	3	72	4	87	5	10	6	15	7	65	8	89	9	10	
	0	23	1	49	2	70	3	39	4	94	5	28	6	41	7	48	8	85	9	50	
	0	78	1	34	2	35	3	98	4	34	5	66	6	85	7	96	8	18	9	47	
	0	12	1	90	2	57	3	68	4	67	5	63	6	94	7	94	8	100	9	77	
	0	17	1	31	2	48	3	34	4	60	5	20	6	11	7	33	8	69	9	79	
	0	16	1	61	2	22	3	85	4	22	5	67	6	43	7	87	8	19	9	24	
	0	48	1	33	2	85	3	100	4	67	5	85	6	11	7	72	8	33	9	39	
	0	30	1	14	2	34	3	33	4	68	5	91	6	27	7	51	8	39	9	87	
	0	96	1	86	2	60	3	76	4	89	5	56	6	13	7	100	8	92	9	12	
	0	23	1	33	2	95	3	56	4	23	5	57	6	93	7	43	8	39	9	10	
	0	19	1	56	2	59	3	70	4	98	5	19	6	16	7	88	8	56	9	30	
	0	56	1	92	2	49	3	25	4	63	5	29	6	100	7	97	8	49	9	58	
	0	50	1	64	2	91	3	47	4	80	5	72	6	72	7	96	8	48	9	61	
	0	35	1	54	2	77	3	18	4	64	5	87	6	34	7	30	8	98	9	21	
	0	66	1	70	2	82	3	32	4	64	5	32	6	34	7	34	8	15	9	89	
	0	68	1	92	2	70	3	15	4	66	5	76	6	91	7	50	8	41	9	29	
	0	100	1	56	2	22	3	10	4	82	5	40	6	24	7	34	8	85	9	78	
	0	77	1	77	2	65	3	20	4	32	5	30	6	25	7	16	8	94	9	53	
	0	21	1	92	2	23	3	11	4	32	5	32	6	53	7	55	8	38	9	75	
	0	46	1	39	2	35	3	95	4	16	5	13	6	76	7	78	8	57	9	37	
	0	39	1	11	2	73	3	64	4	90	5	68	6	79	7	91	8	11	9	74	
	0	28	1	36	2	69	3	52	4	16	5	77	6	69	7	31	8	64	9	37	
	0	61	1	56	2	83	3	57	4	69	5	63	6	92	7	25	8	52	9	20	
	0	87	1	35	2	29	3	24	4	69	5	84	6	88	7	52	8	60	9	96	
	0	26	1	63	2	56	3	64	4	39	5	37	6	56	7	67	8	16	9	11	
	0	40	1	10	2	31	3	24	4	75	5	93	6	10	7	79	8	61	9	93	
	0	79	1	33	2	50	3	25	4	39	5	76	6	92	7	32	8	86	9	88	
	0	65	1	28	2	73	3	15	4	87	5	67	6	12	7	11	8	27	9	23	
	0	48	1	84	2	94	3	58	4	23	5	31	6	59	7	49	8	50	9	44	
	0	41	1	99	2	15	3	95	4	75	5	95	6	80	7	81	8	56	9	45	
	0	55	1	69	2	79	3	49	4	18	5	39	6	97	7	81	8	15	9	42	
	0	18	1	65	2	37	3	58	4	79	5	59	6	49	7	87	8	34	9	55	
	0	57	1	66	2	56	3	59	4	78	5	46	6	76	7	85	8	70	9	27	
	0	46	1	14	2	50	3	97	4	18	5	42	6	90	7	85	8	24	9	81	
	0	60	1	96	2	55	3	70	4	57	5	18	6	94	7	31	8	28	9	61	
	0	57	1	23	2	15	3	44	4	12	5	66	6	37	7	97	8	84	9	17	
	0	99	1	67	2	45	3	24	4	38	5	100	6	68	7	48	8	11	9	91	
	0	48	1	17	2	77	3	76	4	38	5	52	6	30	7	54	8	16	9	25	
	0	41	1	56	2	39	3	77	4	45	5	93	6	54	7	23	8	80	9	13	
	0	25	1	59	2	67	3	86	4	64	5	82	6	21	7	56	8	88	9	92	
	0	10	1	23	2	71	3	99	4	97	5	31	6	43	7	79	8	90	9	37	
	0	24	1	28	2	76	3	12	4	94	5	94	6	33	7	96	8	83	9	10	
	0	64	1	63	2	40	3	28	4	50	5	44	6	67	7	60	8	62	9	47	
	0	34	1	78	2	90	3	22	4	76	5	28	6	65	7	23	8	86	9	24	
	0	54	1	22	2	47	3	38	4	35	5	25	6	29	7	57	8	76	9	38	
	0	98	1	11	2	82	3	39	4	69	5	91	6	63	7	76	8	39	9	88	
	0	89	1	35	2	94	3	10	4	34	5	73	6	76	7	71	8	100	9	49	
	0	87	1	37	2	54	3	99	4	36	5	98	6	82	7	95	8	30	9	32	
	0	57	1	47	2	36	3	40	4	64	5	93	6	42	7	67	8	17	9	92	
	0	32	1	54	2	100	3	42	4	21	5	28	6	95	7	61	8	21	9	64	
	0	13	1	41	2	25	3	38	4	82	5	15	6	27	7	29	8	46	9	77	
	0	60	1	92	2	96	3	98	4	19	5	91	6	77	7	12	8	24	9	19	
	0	100	1	81	2	94	3	84	4	93	5	27	6	10	7	70	8	87	9	83	
	0	61	1	94	2	64	3	99	4	15	5	38	6	82	7	86	8	59	9	66	
	0	60	1	99	2	73	3	92	4	11	5	75	6	17	7	29	8	62	9	53	
	0	76	1	40	2	91	3	19	4	42	5	94	6	82	7	28	8	89	9	30	
	0	80	1	69	2	65	3	67	4	18	5	88	6	28	7	77	8	34	9	54	
	0	75	1	88	2	34	3	76	4	80	5	64	6	99	7	30	8	51	9	34	
	0	61	1	19	2	25	3	90	4	95	5	86	6	94	7	76	8	75	9	62	
	0	92	1	33	2	83	3	12	4	52	5	66	6	42	7	58	8	68	9	10	
	0	73	1	25	2	76	3	15	4	43	5	50	6	64	7	33	8	82	9	93	
	0	88	1	86	2	96	3	52	4	40	5	78	6	39	7	40	8	13	9	26	
	0	36	1	88	2	81	3	85	4	38	5	29	6	25	7	24	8	52	9	49	
	0	53	1	81	2	36	3	52	4	96	5	14	6	47	7	52	8	73	9	49	
	0	49	1	94	2	87	3	62	4	66	5	23	6	61	7	26	8	52	9	43	
	0	82	1	14	2	72	3	51	4	40	5	59	6	57	7	64	8	31	9	94	
	0	97	1	46	2	87	3	99	4	36	5	42	6	93	7	55	8	56	9	37	
	0	13	1	18	2	52	3	49	4	89	5	79	6	19	7	49	8	17	9	41	
	0	87	1	97	2	19	3	80	4	83	5	37	6	77	7	40	8	97	9	27	
	0	60	1	96	2	66	3	34	4	70	5	89	6	55	7	11	8	13	9	33	
	0	44	1	66	2	86	3	51	4	66	5	68	6	91	7	78	8	60	9	59	
	0	39	1	36	2	59	3	23	4	60	5	64	6	23	7	79	8	21	9	48	
	0	39	1	88	2	63	3	52	4	73	5	77	6	79	7	20	8	39	9	97	
	0	46	1	17	2	28	3	99	4	78	5	37	6	48	7	32	8	16	9	68	
	0	89	1	11	2	68	3	37	4	20	5	92	6	30	7	63	8	79	9	29	
	0	52	1	91	2	15	3	72	4	34	5	29	6	27	7	29	8	88	9	64	
	0	78	1	28	2	77	3	29	4	72	5	49	6	44	7	27	8	27	9	15	
	0	17	1	52	2	70	3	72	4	18	5	46	6	98	7	27	8	50	9	31	
	0	97	1	91	2	17	3	72	4	88	5	11	6	86	7	44	8	18	9	74	
	0	51	1	68	2	19	3	42	4	17	5	28	6	83	7	23	8	79	9	71	
	0	77	1	59	2	27	3	39	4	11	5	40	6	60	7	57	8	81	9	27	
	0	46	1	18	2	92	3	67	4	24	5	52	6	98	7	73	8	67	9	58	
	0	84	1	15	2	31	3	98	4	28	5	68	6	57	7	85	8	39	9	25	
	0	46	1	47	2	19	3	94	4	61	5	16	6	17	7	16	8	100	9	40	
	0	99	1	36	2	66	3	15	4	75	5	25	6	65	7	49	8	10	9	76	
	0	99	1	70	2	32	3	40	4	31	5	42	6	22	7	10	8	19	9	31	
	0	59	1	76	2	49	3	70	4	98	5	52	6	58	7	78	8	62	9	68	
	0	52	1	62	2	94	3	38	4	13	5	98	6	70	7	43	8	46	9	84	
	0	16	1	49	2	88	3	15	4	16	5	48	6	45	7	29	8	49	9	44	
	0	49	1	54	2	19	3	35	4	12	5	49	6	45	7	98	8	51	9	44	
	0	80	1	60	2	79	3	29	4	38	5	92	6	90	7	11	8	75	9	24	
	0	46	1	80	2	20	3	18	4	59	5	23	6	64	7	86	8	83	9	98	
	0	67	1	81	2	43	3	69	4	66	5	47	6	47	7	93	8	30	9	83	
	0	42	1	76	2	58	3	22	4	22	5	69	6	72	7	66	8	89	9	49	
	0	40	1	87	2	26	3	17	4	10	5	97	6	87	7	21	8	41	9	45	
	0	73	1	55	2	62	3	98	4	37	5	91	6	89	7	16	8	91	9	89	
	0	65	1	13	2	29	3	51	4	73	5	98	6	25	7	93	8	68	9	10	
	0	23	1	42	2	68	3	29	4	28	5	38	6	33	7	98	8	38	9	16	
	0	61	1	78	2	27	3	17	4	85	5	39	6	15	7	77	8	17	9	66	
	0	61	1	37	2	49	3	98	4	42	5	40	6	64	7	85	8	61	9	70	
	0	52	1	26	2	92	3	24	4	15	5	22	6	12	7	65	8	70	9	84	
	0	92	1	65	2	95	3	49	4	86	5	64	6	58	7	91	8	24	9	32	
	0	66	1	51	2	21	3	29	4	48	5	84	6	18	7	25	8	12	9	90	
	0	52	1	63	2	10	3	49	4	12	5	48	6	14	7	52	8	95	9	24	
	0	59	1	71	2	75	3	45	4	24	5	74	6	97	7	95	8	94	9	19	
	0	12	1	33	2	57	3	14	4	53	5	94	6	94	7	62	8	41	9	93	
	0	30	1	45	2	92	3	22	4	39	5	74	6	78	7	73	8	64	9	60	
	0	23	1	23	2	28	3	93	4	90	5	45	6	65	7	11	8	39	9	28	
	0	32	1	47	2	35	3	45	4	23	5	73	6	53	7	67	8	14	9	16	
	0	68	1	35	2	50	3	75	4	45	5	88	6	57	7	15	8	98	9	97	
	0	60	1	21	2	49	3	92	4	73	5	42	6	66	7	90	8	65	9	94	
	0	50	1	26	2	49	3	99	4	70	5	31	6	92	7	42	8	51	9	38	
	0	49	1	98	2	71	3	52	4	29	5	52	6	58	7	95	8	36	9	18	
	0	25	1	73	2	77	3	91	4	18	5	43	6	100	7	57	8	10	9	67	
	0	22	1	45	2	64	3	68	4	97	5	60	6	36	7	90	8	14	9	28	
	0	71	1	57	2	78	3	45	4	61	5	83	6	74	7	80	8	27	9	88	
	0	89	1	14	2	13	3	42	4	96	5	39	6	84	7	94	8	87	9	48	
	0	70	1	21	2	48	3	35	4	56	5	72	6	74	7	73	8	25	9	25	
	0	15	1	65	2	55	3	18	4	20	5	32	6	97	7	80	8	74	9	23	
	0	78	1	93	2	48	3	84	4	58	5	17	6	29	7	96	8	40	9	12	
	0	100	1	67	2	71	3	57	4	15	5	52	6	71	7	69	8	33	9	19	
	0	29	1	52	2	59	3	87	4	30	5	79	6	39	7	81	8	32	9	74	
	0	100	1	55	2	84	3	15	4	31	5	36	6	34	7	24	8	63	9	95	
	0	62	1	75	2	27	3	34	4	91	5	19	6	92	7	31	8	32	9	98	
	0	11	1	33	2	54	3	22	4	48	5	54	6	19	7	89	8	91	9	57	
	0	86	1	81	2	16	3	55	4	50	5	21	6	69	7	13	8	36	9	53	
	0	78	1	60	2	36	3	96	4	68	5	84	6	46	7	90	8	31	9	42	
	0	20	1	72	2	24	3	52	4	64	5	10	6	58	7	87	8	72	9	26	
	0	36	1	20	2	85	3	92	4	78	5	82	6	89	7	70	8	75	9	64	
	0	97	1	21	2	78	3	58	4	62	5	11	6	23	7	74	8	68	9	33	
	0	61	1	37	2	34	3	84	4	45	5	23	6	78	7	64	8	45	9	10	
	0	81	1	48	2	41	3	31	4	64	5	17	6	79	7	98	8	96	9	22	
	0	94	1	32	2	36	3	60	4	80	5	88	6	28	7	31	8	51	9	60	
	0	24	1	11	2	59	3	77	4	22	5	39	6	73	7	37	8	12	9	88	
	0	16	1	78	2	54	3	57	4	37	5	27	6	69	7	34	8	45	9	24	
	0	98	1	20	2	70	3	11	4	25	5	35	6	40	7	32	8	19	9	52	
	0	88	1	68	2	86	3	16	4	88	5	31	6	34	7	73	8	47	9	44	
	0	13	1	35	2	53	3	10	4	15	5	54	6	63	7	79	8	10	9	28	
	0	60	1	61	2	28	3	46	4	21	5	90	6	27	7	56	8	92	9	71	
	0	62	1	50	2	87	3	62	4	59	5	25	6	78	7	35	8	60	9	87	
	0	22	1	75	2	84	3	26	4	13	5	48	6	84	7	59	8	88	9	94	
	0	12	1	78	2	63	3	77	4	56	5	84	6	32	7	76	8	13	9	15	
	0	74	1	88	2	44	3	34	4	88	5	29	6	45	7	24	8	43	9	57	
	0	45	1	95	2	38	3	14	4	59	5	73	6	97	7	13	8	76	9	66	
	0	86	1	93	2	13	3	80	4	52	5	30	6	73	7	69	8	80	9	18	
	0	14	1	78	2	21	3	86	4	71	5	69	6	19	7	48	8	51	9	56	
	0	14	1	19	2	97	3	14	4	42	5	54	6	31	7	57	8	86	9	58	
	0	72	1	28	2	13	3	70	4	29	5	52	6	20	7	78	8	73	9	71	
	0	62	1	92	2	53	3	35	4	39	5	32	6	100	7	76	8	90	9	97	
	0	66	1	57	2	65	3	99	4	79	5	47	6	54	7	35	8	54	9	18	
	0	66	1	71	2	36	3	38	4	11	5	97	6	49	7	97	8	19	9	17	
	0	55	1	75	2	11	3	28	4	86	5	56	6	90	7	87	8	26	9	39	
	0	80	1	41	2	13	3	36	4	69	5	93	6	20	7	15	8	89	9	66	
	0	31	1	11	2	78	3	74	4	72	5	98	6	63	7	38	8	31	9	19	
	0	13	1	11	2	100	3	46	4	82	5	64	6	92	7	22	8	90	9	69	
	0	73	1	61	2	70	3	48	4	56	5	12	6	59	7	22	8	60	9	34	
	0	57	1	34	2	74	3	15	4	10	5	23	6	17	7	24	8	43	9	27	
	0	41	1	32	2	54	3	88	4	64	5	92	6	43	7	87	8	24	9	36	
	0	33	1	58	2	29	3	36	4	26	5	64	6	91	7	76	8	74	9	81	
	0	20	1	100	2	17	3	38	4	64	5	79	6	82	7	66	8	66	9	18	
	0	48	1	74	2	65	3	77	4	86	5	37	6	54	7	37	8	81	9	28	
	0	71	1	73	2	99	3	67	4	98	5	68	6	44	7	89	8	70	9	56	
	0	67	1	68	2	76	3	16	4	96	5	21	6	73	7	27	8	38	9	97	
	0	52	1	67	2	64	3	25	4	77	5	28	6	39	7	80	8	41	9	70	
	0	57	1	55	2	30	3	19	4	65	5	64	6	57	7	36	8	47	9	25	
	0	31	1	88	2	73	3	98	4	31	5	43	6	96	7	91	8	66	9	35	
	0	94	1	52	2	19	3	75	4	75	5	37	6	51	7	24	8	20	9	22	
	0	65	1	35	2	17	3	67	4	77	5	71	6	51	7	74	8	11	9	93	
	0	61	1	10	2	31	3	79	4	18	5	11	6	72	7	12	8	30	9	46	
	0	57	1	65	2	55	3	25	4	50	5	27	6	29	7	77	8	97	9	49	
	0	15	1	93	2	15	3	69	4	40	5	92	6	89	7	29	8	48	9	10	
	0	92	1	21	2	11	3	10	4	50	5	37	6	88	7	97	8	26	9	69	
	0	66	1	63	2	17	3	92	4	50	5	48	6	40	7	76	8	63	9	67	
	0	51	1	55	2	80	3	18	4	44	5	62	6	33	7	83	8	93	9	92	
	0	37	1	64	2	82	3	15	4	77	5	36	6	10	7	90	8	85	9	99	
	0	91	1	51	2	44	3	73	4	59	5	23	6	97	7	62	8	61	9	96	
	0	36	1	16	2	85	3	80	4	56	5	90	6	78	7	96	8	34	9	17	
	0	53	1	49	2	18	3	43	4	49	5	64	6	22	7	51	8	29	9	88	
	0	95	1	69	2	72	3	91	4	96	5	81	6	86	7	18	8	87	9	95	
	0	43	1	68	2	15	3	30	4	97	5	96	6	90	7	17	8	34	9	63	
	0	85	1	65	2	34	3	15	4	72	5	37	6	90	7	22	8	73	9	36	
	0	83	1	70	2	44	3	84	4	66	5	89	6	48	7	27	8	48	9	55	
	0	14	1	50	2	67	3	89	4	29	5	77	6	95	7	94	8	64	9	19	
	0	85	1	46	2	79	3	95	4	18	5	77	6	49	7	71	8	55	9	86	
	0	73	1	95	2	69	3	60	4	72	5	51	6	83	7	67	8	52	9	95	
	0	43	1	67	2	43	3	95	4	26	5	97	6	56	7	11	8	81	9	89	
	0	20	1	72	2	24	3	81	4	34	5	69	6	91	7	16	8	11	9	71	
	0	72	1	76	2	38	3	30	4	71	5	45	6	65	7	38	8	52	9	85	
	0	10	1	86	2	21	3	21	4	55	5	68	6	33	7	93	8	12	9	98	
	0	49	1	10	2	22	3	90	4	60	5	76	6	65	7	73	8	23	9	57	
	0	100	1	83	2	91	3	75	4	67	5	44	6	93	7	17	8	70	9	64	
	0	88	1	69	2	75	3	35	4	82	5	82	6	21	7	65	8	72	9	57	
	0	62	1	47	2	14	3	26	4	61	5	13	6	48	7	28	8	83	9	40	
	0	51	1	69	2	10	3	14	4	95	5	95	6	93	7	42	8	30	9	37	
	0	34	1	21	2	98	3	65	4	53	5	97	6	73	7	27	8	13	9	82	
	0	21	1	27	2	80	3	82	4	27	5	69	6	24	7	20	8	84	9	98	
	0	72	1	28	2	24	3	76	4	32	5	91	6	34	7	72	8	66	9	92	
	0	86	1	89	2	75	3	58	4	46	5	73	6	67	7	15	8	75	9	98	
	0	95	1	16	2	34	3	95	4	68	5	22	6	89	7	78	8	85	9	46	
	0	15	1	12	2	29	3	31	4	40	5	39	6	34	7	48	8	87	9	57	
	0	63	1	24	2	69	3	76	4	52	5	88	6	94	7	66	8	81	9	95	
	0	92	1	52	2	35	3	28	4	50	5	62	6	56	7	94	8	76	9	56	
	0	48	1	82	2	38	3	19	4	75	5	22	6	29	7	19	8	61	9	26	
	0	30	1	16	2	97	3	27	4	56	5	58	6	88	7	52	8	12	9	14	
	0	57	1	96	2	10	3	14	4	11	5	39	6	73	7	73	8	10	9	63	
	0	72	1	42	2	75	3	97	4	53	5	87	6	67	7	10	8	79	9	62	
	0	38	1	17	2	87	3	87	4	32	5	80	6	30	7	32	8	33	9	98	
	0	82	1	32	2	23	3	74	4	75	5	61	6	19	7	15	8	38	9	93	
	0	92	1	89	2	51	3	62	4	81	5	63	6	28	7	96	8	26	9	77	
	0	31	1	23	2	100	3	70	4	92	5	64	6	27	7	16	8	50	9	99	
	0	29	1	81	2	59	3	88	4	37	5	96	6	33	7	59	8	48	9	24	
	0	44	1	35	2	57	3	28	4	65	5	77	6	75	7	73	8	51	9	91	
	0	90	1	62	2	17	3	46	4	25	5	30	6	55	7	63	8	12	9	82	
	0	48	1	39	2	51	3	54	4	96	5	47	6	62	7	60	8	89	9	69	
	0	64	1	48	2	85	3	88	4	12	5	57	6	54	7	45	8	13	9	40	
	0	27	1	97	2	47	3	60	4	30	5	27	6	36	7	16	8	29	9	88	
	0	76	1	44	2	10	3	76	4	84	5	30	6	63	7	13	8	56	9	43	
	0	25	1	19	2	59	3	32	4	40	5	45	6	76	7	78	8	43	9	67	
	0	75	1	55	2	74	3	64	4	29	5	59	6	72	7	62	8	58	9	86	
	0	20	1	17	2	92	3	22	4	53	5	59	6	42	7	32	8	31	9	62	
	0	14	1	74	2	87	3	14	4	93	5	11	6	28	7	54	8	64	9	74	
	0	11	1	61	2	29	3	34	4	89	5	27	6	92	7	87	8	31	9	14	
	0	98	1	82	2	11	3	89	4	78	5	90	6	14	7	85	8	32	9	23	
	0	57	1	56	2	15	3	42	4	82	5	21	6	78	7	59	8	81	9	19	
	0	86	1	46	2	33	3	43	4	45	5	73	6	73	7	43	8	69	9	21	
	0	72	1	13	2	17	3	23	4	44	5	42	6	19	7	32	8	83	9	59	
	0	41	1	15	2	69	3	17	4	26	5	49	6	22	7	57	8	63	9	87	
	0	94	1	80	2	56	3	76	4	86	5	83	6	63	7	59	8	61	9	41	
	0	20	1	87	2	20	3	15	4	36	5	21	6	96	7	49	8	96	9	100	
	0	45	1	11	2	43	3	37	4	98	5	24	6	38	7	65	8	57	9	96	
	0	31	1	86	2	14	3	47	4	17	5	82	6	64	7	61	8	69	9	94	
	0	20	1	62	2	21	3	99	4	36	5	78	6	20	7	94	8	46	9	49	
	0	54	1	89	2	73	3	83	4	84	5	60	6	13	7	98	8	12	9	61	
	0	72	1	26	2	49	3	78	4	50	5	50	6	74	7	68	8	59	9	22	
	0	32	1	35	2	92	3	37	4	84	5	37	6	28	7	24	8	42	9	46	
	0	20	1	51	2	55	3	44	4	66	5	14	6	66	7	24	8	99	9	14	
	0	34	1	48	2	98	3	12	4	98	5	54	6	79	7	44	8	62	9	78	
	0	47	1	35	2	21	3	41	4	100	5	74	6	70	7	96	8	64	9	20	
	0	80	1	82	2	78	3	100	4	33	5	68	6	86	7	69	8	55	9	25	
	0	88	1	85	2	40	3	47	4	72	5	88	6	98	7	68	8	62	9	77	
	0	55	1	27	2	86	3	29	4	25	5	26	6	80	7	34	8	55	9	95	
	0	18	1	16	2	46	3	13	4	93	5	42	6	53	7	13	8	28	9	18	
	0	51	1	79	2	35	3	68	4	55	5	51	6	31	7	41	8	47	9	57	
	0	57	1	14	2	39	3	28	4	60	5	23	6	54	7	40	8	71	9	49	
	0	34	1	94	2	31	3	26	4	97	5	75	6	96	7	100	8	12	9	16	
	0	69	1	72	2	76	3	86	4	45	5	77	6	82	7	15	8	59	9	19	
	0	71	1	47	2	14	3	67	4	73	5	52	6	10	7	92	8	95	9	61	
	0	32	1	42	2	91	3	10	4	18	5	89	6	31	7	60	8	41	9	17	
	0	84	1	61	2	88	3	96	4	98	5	81	6	76	7	34	8	19	9	75	
	0	47	1	20	2	82	3	80	4	11	5	97	6	15	7	23	8	61	9	51	
	0	51	1	94	2	15	3	99	4	58	5	33	6	73	7	92	8	74	9	79	
	0	23	1	89	2	10	3	52	4	64	5	47	6	65	7	32	8	100	9	30	
	0	98	1	44	2	41	3	30	4	100	5	89	6	22	7	65	8	66	9	45	
	0	87	1	91	2	54	3	28	4	22	5	51	6	21	7	45	8	21	9	33	
	0	14	1	46	2	50	3	69	4	79	5	39	6	74	7	46	8	48	9	32	
	0	23	1	19	2	20	3	50	4	98	5	23	6	39	7	39	8	21	9	59	
	0	72	1	42	2	61	3	62	4	27	5	95	6	85	7	12	8	34	9	27	
	0	18	1	37	2	22	3	35	4	16	5	12	6	63	7	44	8	76	9	71	
	0	28	1	91	2	65	3	30	4	58	5	64	6	37	7	87	8	82	9	38	
	0	46	1	27	2	57	3	39	4	48	5	54	6	37	7	44	8	22	9	43	
	0	14	1	33	2	24	3	31	4	34	5	72	6	94	7	54	8	96	9	33	
	0	80	1	89	2	58	3	92	4	39	5	23	6	63	7	20	8	76	9	62	
	0	60	1	79	2	98	3	41	4	66	5	99	6	54	7	41	8	30	9	88	
	0	84	1	54	2	52	3	78	4	55	5	30	6	98	7	65	8	10	9	38	
	0	34	1	74	2	25	3	59	4	33	5	84	6	75	7	69	8	46	9	46	
	0	61	1	16	2	35	3	49	4	68	5	39	6	22	7	97	8	74	9	45	
	0	94	1	86	2	65	3	88	4	53	5	16	6	23	7	19	8	36	9	99	
	0	26	1	27	2	57	3	93	4	32	5	58	6	78	7	35	8	14	9	33	
	0	10	1	19	2	68	3	26	4	72	5	56	6	61	7	44	8	98	9	82	
	0	77	1	85	2	79	3	100	4	96	5	59	6	19	7	14	8	76	9	39	
	0	45	1	20	2	83	3	87	4	18	5	98	6	93	7	63	8	100	9	52	
	0	79	1	32	2	94	3	50	4	57	5	84	6	14	7	20	8	62	9	37	
	0	10	1	14	2	38	3	11	4	29	5	10	6	67	7	82	8	65	9	40	
	0	72	1	44	2	35	3	86	4	52	5	47	6	99	7	99	8	51	9	13	
	0	48	1	90	2	12	3	86	4	45	5	26	6	36	7	42	8	15	9	83	
	0	53	1	74	2	60	3	68	4	48	5	95	6	93	7	81	8	88	9	40	
	0	77	1	93	2	55	3	13	4	64	5	47	6	57	7	30	8	51	9	78	
	0	64	1	83	2	59	3	37	4	10	5	74	6	41	7	76	8	42	9	45	
	0	82	1	16	2	67	3	63	4	31	5	19	6	17	7	93	8	41	9	42	
	0	91	1	53	2	55	3	98	4	86	5	95	6	63	7	58	8	42	9	92	
	0	96	1	10	2	49	3	70	4	25	5	12	6	41	7	99	8	77	9	48	
	0	99	1	63	2	94	3	51	4	100	5	46	6	99	7	30	8	74	9	56	
	0	17	1	83	2	82	3	10	4	94	5	36	6	92	7	45	8	15	9	57	
	0	86	1	97	2	93	3	34	4	91	5	39	6	99	7	54	8	29	9	29	
	0	64	1	80	2	86	3	37	4	87	5	24	6	99	7	71	8	15	9	90	
	0	47	1	47	2	62	3	42	4	52	5	31	6	95	7	85	8	24	9	32	
	0	67	1	81	2	62	3	23	4	36	5	63	6	47	7	71	8	43	9	91	
	0	41	1	53	2	51	3	89	4	77	5	36	6	58	7	79	8	100	9	32	
	0	25	1	17	2	64	3	72	4	32	5	93	6	37	7	86	8	75	9	73	
	0	41	1	16	2	55	3	39	4	57	5	87	6	87	7	14	8	52	9	35	
	0	91	1	88	2	32	3	63	4	78	5	10	6	57	7	37	8	80	9	15	
	0	28	1	44	2	46	3	30	4	31	5	92	6	77	7	61	8	39	9	38	
	0	73	1	54	2	42	3	96	4	12	5	68	6	90	7	37	8	19	9	54	
	0	72	1	17	2	99	3	52	4	41	5	48	6	73	7	54	8	21	9	84	
	0	84	1	13	2	87	3	39	4	58	5	81	6	11	7	82	8	58	9	14	
	0	28	1	75	2	32	3	84	4	66	5	81	6	67	7	19	8	36	9	39	
	0	24	1	75	2	75	3	36	4	55	5	95	6	48	7	35	8	55	9	38	
	0	38	1	41	2	24	3	80	4	68	5	12	6	23	7	76	8	66	9	89	
	0	24	1	17	2	34	3	94	4	86	5	29	6	88	7	33	8	43	9	40	
	0	95	1	46	2	62	3	16	4	82	5	72	6	83	7	55	8	71	9	24	
	0	50	1	78	2	50	3	25	4	42	5	23	6	39	7	30	8	27	9	92	
	0	86	1	93	2	61	3	70	4	50	5	94	6	33	7	52	8	29	9	28	
	0	95	1	34	2	25	3	30	4	87	5	90	6	88	7	77	8	22	9	74	
	0	69	1	14	2	85	3	81	4	96	5	51	6	46	7	23	8	20	9	14	
	0	51	1	27	2	67	3	31	4	81	5	15	6	48	7	14	8	92	9	86	
	0	41	1	62	2	11	3	65	4	26	5	62	6	79	7	53	8	51	9	65	
	0	43	1	56	2	46	3	38	4	13	5	56	6	24	7	52	8	55	9	77	
	0	94	1	42	2	52	3	52	4	32	5	32	6	95	7	53	8	75	9	27	
	0	83	1	79	2	52	3	44	4	67	5	78	6	87	7	46	8	12	9	52	
	0	75	1	59	2	50	3	84	4	88	5	57	6	57	7	44	8	12	9	72	
	0	96	1	71	2	68	3	28	4	15	5	41	6	66	7	100	8	10	9	76	
	0	38	1	10	2	24	3	91	4	30	5	69	6	15	7	38	8	30	9	88	
	0	82	1	50	2	38	3	80	4	69	5	41	6	78	7	41	8	37	9	50	
	0	61	1	16	2	44	3	54	4	35	5	75	6	64	7	29	8	92	9	18	
	0	51	1	12	2	52	3	41	4	20	5	57	6	61	7	85	8	38	9	92	
	0	99	1	35	2	96	3	17	4	40	5	48	6	65	7	49	8	64	9	35	
	0	13	1	75	2	30	3	83	4	60	5	23	6	12	7	81	8	41	9	98	
	0	68	1	10	2	40	3	67	4	20	5	39	6	25	7	21	8	33	9	90	
	0	79	1	47	2	34	3	92	4	69	5	19	6	40	7	64	8	94	9	79	
	0	94	1	48	2	79	3	88	4	19	5	85	6	48	7	68	8	14	9	44	
	0	74	1	27	2	14	3	65	4	56	5	18	6	40	7	66	8	97	9	34	
	0	49	1	92	2	20	3	24	4	82	5	42	6	11	7	49	8	71	9	53	
	0	46	1	57	2	67	3	59	4	22	5	39	6	84	7	44	8	76	9	37	
	0	30	1	70	2	22	3	83	4	83	5	32	6	35	7	71	8	55	9	86	
	0	49	1	19	2	99	3	75	4	28	5	36	6	40	7	22	8	91	9	79	
	0	68	1	73	2	97	3	22	4	61	5	13	6	19	7	14	8	58	9	44	
	0	65	1	84	2	94	3	50	4	12	5	51	6	55	7	18	8	68	9	19	
	0	18	1	41	2	83	3	57	4	79	5	91	6	83	7	84	8	77	9	95	
	0	84	1	85	2	54	3	86	4	92	5	63	6	30	7	10	8	39	9	49	
	0	46	1	82	2	42	3	85	4	43	5	61	6	48	7	18	8	82	9	59	
	0	24	1	92	2	56	3	15	4	89	5	94	6	63	7	23	8	69	9	88	
	0	67	1	57	2	11	3	61	4	50	5	58	6	25	7	85	8	20	9	15	
	0	37	1	60	2	38	3	71	4	37	5	39	6	58	7	27	8	29	9	30	
	0	69	1	45	2	80	3	93	4	88	5	66	6	74	7	59	8	50	9	36	
	0	31	1	82	2	57	3	17	4	31	5	90	6	44	7	34	8	77	9	93	
	0	65	1	93	2	32	3	46	4	73	5	80	6	38	7	92	8	16	9	93	
	0	55	1	26	2	18	3	70	4	68	5	35	6	91	7	94	8	18	9	17	
	0	64	1	59	2	36	3	77	4	52	5	32	6	42	7	28	8	78	9	46	
	0	37	1	65	2	63	3	65	4	55	5	87	6	76	7	99	8	98	9	73	
	0	15	1	95	2	47	3	68	4	47	5	18	6	90	7	75	8	86	9	37	
	0	25	1	92	2	21	3	33	4	42	5	26	6	21	7	84	8	88	9	57	
	0	58	1	43	2	27	3	44	4	42	5	60	6	59	7	60	8	42	9	25	
	0	47	1	37	2	67	3	26	4	100	5	85	6	88	7	26	8	34	9	34	
	0	98	1	95	2	12	3	30	4	97	5	72	6	38	7	75	8	72	9	45	
	0	50	1	66	2	66	3	45	4	52	5	71	6	28	7	10	8	76	9	89	
	0	23	1	74	2	63	3	85	4	34	5	80	6	88	7	67	8	18	9	52	
	0	28	1	53	2	90	3	51	4	56	5	77	6	40	7	77	8	42	9	84	
	0	95	1	88	2	57	3	59	4	52	5	88	6	62	7	24	8	66	9	53	
	0	21	1	42	2	95	3	94	4	52	5	61	6	72	7	75	8	71	9	38	
	0	13	1	22	2	75	3	47	4	97	5	23	6	53	7	99	8	43	9	88	
	0	95	1	62	2	42	3	75	4	66	5	33	6	76	7	34	8	46	9	62	
	0	51	1	96	2	70	3	53	4	89	5	34	6	64	7	92	8	34	9	25	
	0	96	1	82	2	52	3	76	4	38	5	100	6	74	7	12	8	85	9	45	
	0	69	1	71	2	62	3	42	4	83	5	72	6	32	7	63	8	69	9	70	
	0	19	1	89	2	77	3	79	4	53	5	40	6	61	7	81	8	99	9	75	
	0	49	1	61	2	63	3	76	4	17	5	54	6	47	7	63	8	85	9	52	
	0	71	1	63	2	81	3	49	4	99	5	16	6	14	7	99	8	80	9	57	
	0	79	1	36	2	58	3	30	4	92	5	25	6	11	7	83	8	70	9	36	
	0	12	1	45	2	26	3	52	4	30	5	75	6	55	7	72	8	32	9	46	
	0	45	1	99	2	18	3	61	4	30	5	81	6	59	7	65	8	81	9	95	
	0	73	1	27	2	70	3	96	4	34	5	63	6	26	7	28	8	53	9	76	
	0	96	1	25	2	72	3	53	4	27	5	19	6	80	7	20	8	68	9	58	
	0	33	1	84	2	32	3	17	4	53	5	32	6	100	7	64	8	29	9	17	
	0	11	1	90	2	23	3	48	4	18	5	17	6	77	7	82	8	33	9	20	
	0	100	1	48	2	89	3	56	4	24	5	43	6	85	7	18	8	81	9	11	
	0	94	1	72	2	95	3	77	4	68	5	30	6	27	7	77	8	32	9	87	
	0	65	1	31	2	58	3	85	4	81	5	81	6	64	7	31	8	53	9	17	
	0	38	1	94	2	67	3	60	4	86	5	25	6	38	7	52	8	61	9	56	
	0	95	1	83	2	21	3	12	4	100	5	43	6	82	7	38	8	36	9	30	
	0	77	1	20	2	64	3	50	4	84	5	34	6	98	7	46	8	84	9	32	
	0	62	1	47	2	56	3	37	4	31	5	52	6	19	7	18	8	22	9	47	
	0	92	1	10	2	11	3	18	4	42	5	29	6	100	7	95	8	49	9	74	
	0	74	1	59	2	92	3	16	4	54	5	82	6	73	7	99	8	10	9	40	
	0	55	1	44	2	93	3	54	4	97	5	61	6	19	7	17	8	59	9	39	
	0	35	1	95	2	91	3	14	4	27	5	11	6	55	7	77	8	47	9	53	
	0	67	1	57	2	20	3	75	4	100	5	74	6	77	7	69	8	41	9	60	
	0	98	1	48	2	46	3	46	4	14	5	46	6	42	7	15	8	37	9	48	
	0	88	1	52	2	97	3	44	4	23	5	53	6	10	7	74	8	16	9	92	
	0	83	1	94	2	26	3	88	4	16	5	89	6	100	7	62	8	59	9	60	
	0	78	1	51	2	14	3	64	4	83	5	64	6	71	7	40	8	39	9	45	
	0	55	1	92	2	62	3	92	4	93	5	89	6	35	7	56	8	86	9	80	
	0	46	1	40	2	83	3	54	4	18	5	64	6	46	7	50	8	66	9	54	
	0	91	1	98	2	83	3	70	4	15	5	97	6	59	7	40	8	46	9	64	
	0	79	1	14	2	59	3	63	4	16	5	89	6	62	7	79	8	31	9	30	
	0	34	1	89	2	65	3	47	4	53	5	19	6	12	7	22	8	18	9	30	
	0	61	1	21	2	14	3	53	4	88	5	79	6	56	7	50	8	79	9	41	
	0	76	1	66	2	84	3	60	4	48	5	48	6	80	7	89	8	91	9	15	
	0	82	1	51	2	75	3	78	4	100	5	31	6	74	7	34	8	46	9	74	
	0	46	1	49	2	34	3	21	4	12	5	82	6	48	7	59	8	100	9	84	
	0	27	1	67	2	27	3	23	4	74	5	90	6	43	7	79	8	32	9	59	
	0	21	1	69	2	31	3	18	4	86	5	68	6	93	7	80	8	86	9	18	
	0	78	1	43	2	75	3	52	4	33	5	58	6	48	7	88	8	54	9	50	
	0	53	1	89	2	47	3	44	4	57	5	65	6	55	7	57	8	57	9	33	
	0	49	1	93	2	57	3	44	4	61	5	92	6	97	7	21	8	59	9	24	
	0	99	1	62	2	89	3	97	4	32	5	73	6	50	7	18	8	25	9	75	
	0	71	1	41	2	56	3	35	4	34	5	98	6	94	7	90	8	17	9	20	
	0	89	1	79	2	76	3	28	4	83	5	80	6	11	7	95	8	30	9	24	
	0	33	1	95	2	49	3	47	4	44	5	10	6	58	7	90	8	83	9	11	
	0	42	1	88	2	90	3	86	4	94	5	80	6	75	7	100	8	36	9	63	
	0	70	1	29	2	42	3	13	4	35	5	46	6	15	7	56	8	88	9	96	
	0	69	1	71	2	49	3	91	4	20	5	65	6	24	7	56	8	93	9	19	
	0	49	1	99	2	82	3	63	4	60	5	21	6	58	7	93	8	97	9	38	
	0	56	1	87	2	92	3	27	4	71	5	52	6	54	7	51	8	84	9	20	
	0	44	1	55	2	90	3	60	4	66	5	36	6	32	7	68	8	96	9	47	
	0	66	1	12	2	36	3	93	4	91	5	14	6	51	7	51	8	43	9	37	
	0	30	1	81	2	77	3	38	4	50	5	98	6	24	7	92	8	59	9	58	
	0	42	1	86	2	25	3	76	4	46	5	79	6	70	7	13	8	84	9	92	
	0	93	1	53	2	96	3	63	4	51	5	51	6	28	7	87	8	38	9	73	
	0	30	1	55	2	69	3	48	4	57	5	67	6	55	7	19	8	34	9	49	
	0	23	1	27	2	35	3	18	4	64	5	15	6	70	7	15	8	55	9	10	
	0	28	1	86	2	66	3	27	4	55	5	20	6	98	7	50	8	21	9	44	
	0	36	1	19	2	83	3	33	4	53	5	25	6	18	7	96	8	25	9	40	
	0	42	1	64	2	14	3	21	4	87	5	36	6	90	7	14	8	98	9	96	
	0	33	1	95	2	64	3	24	4	29	5	30	6	17	7	92	8	62	9	29	
	0	89	1	18	2	25	3	79	4	46	5	64	6	80	7	26	8	79	9	87	
	0	32	1	74	2	77	3	81	4	85	5	59	6	69	7	33	8	48	9	68	
	0	23	1	87	2	86	3	74	4	44	5	11	6	61	7	76	8	77	9	93	
	0	63	1	46	2	44	3	37	4	53	5	78	6	15	7	68	8	68	9	88	
	0	100	1	43	2	24	3	62	4	53	5	12	6	19	7	23	8	20	9	21	
	0	94	1	11	2	28	3	31	4	80	5	91	6	46	7	81	8	52	9	59	
	0	59	1	78	2	17	3	90	4	20	5	77	6	64	7	84	8	81	9	84	
	0	55	1	13	2	73	3	88	4	15	5	30	6	80	7	26	8	17	9	43	
	0	52	1	82	2	20	3	73	4	11	5	44	6	43	7	96	8	65	9	62	
	0	98	1	33	2	62	3	55	4	40	5	67	6	99	7	65	8	39	9	65	
	0	10	1	37	2	78	3	54	4	19	5	28	6	13	7	95	8	44	9	21	
	0	99	1	41	2	54	3	87	4	42	5	30	6	60	7	47	8	25	9	85	
	0	64	1	76	2	57	3	61	4	93	5	47	6	73	7	20	8	39	9	51	
	0	72	1	83	2	34	3	20	4	22	5	80	6	48	7	84	8	47	9	14	
	0	78	1	45	2	89	3	86	4	60	5	34	6	10	7	68	8	32	9	28	
	0	38	1	74	2	68	3	28	4	17	5	73	6	72	7	64	8	50	9	57	
	0	40	1	50	2	63	3	26	4	65	5	42	6	16	7	38	8	92	9	47	
	0	53	1	69	2	27	3	72	4	37	5	68	6	48	7	64	8	47	9	95	
	0	38	1	80	2	79	3	63	4	15	5	88	6	41	7	78	8	100	9	75	
	0	20	1	54	2	60	3	59	4	81	5	11	6	16	7	43	8	53	9	15	
	0	50	1	61	2	21	3	45	4	28	5	96	6	77	7	20	8	33	9	36	
	0	42	1	85	2	35	3	62	4	24	5	84	6	80	7	77	8	42	9	69	
	0	27	1	69	2	33	3	70	4	44	5	51	6	56	7	74	8	34	9	67	
	0	13	1	32	2	65	3	90	4	30	5	78	6	93	7	20	8	56	9	44	
	0	80	1	32	2	20	3	82	4	30	5	47	6	36	7	37	8	82	9	36	
	0	39	1	15	2	92	3	57	4	13	5	63	6	64	7	34	8	79	9	37	
	0	40	1	62	2	35	3	25	4	99	5	13	6	56	7	23	8	30	9	34	
	0	60	1	100	2	54	3	41	4	15	5	28	6	67	7	46	8	83	9	25	
	0	38	1	78	2	21	3	55	4	47	5	73	6	96	7	19	8	86	9	35	
	0	70	1	63	2	60	3	72	4	54	5	12	6	84	7	72	8	61	9	72	
	0	86	1	94	2	36	3	58	4	65	5	95	6	26	7	86	8	83	9	43	
	0	40	1	62	2	90	3	72	4	61	5	11	6	14	7	91	8	68	9	77	
	0	79	1	94	2	87	3	95	4	73	5	67	6	57	7	26	8	24	9	51	
	0	68	1	54	2	100	3	58	4	60	5	16	6	71	7	39	8	65	9	100	
	0	96	1	74	2	29	3	28	4	77	5	59	6	73	7	36	8	79	9	52	
	0	28	1	37	2	76	3	32	4	86	5	97	6	51	7	64	8	60	9	54	
	0	43	1	96	2	12	3	40	4	49	5	18	6	17	7	67	8	52	9	71	
	0	89	1	100	2	58	3	34	4	12	5	44	6	85	7	16	8	11	9	29	
	0	99	1	11	2	82	3	14	4	83	5	92	6	42	7	85	8	18	9	62	
	0	47	1	11	2	90	3	12	4	46	5	45	6	60	7	59	8	41	9	56	
	0	64	1	90	2	89	3	63	4	63	5	32	6	73	7	28	8	92	9	47	
	0	26	1	27	2	98	3	29	4	76	5	15	6	88	7	95	8	40	9	43	
	0	100	1	34	2	62	3	19	4	20	5	31	6	57	7	86	8	33	9	43	
	0	44	1	60	2	81	3	64	4	15	5	60	6	40	7	81	8	28	9	53	
	0	90	1	87	2	70	3	16	4	66	5	30	6	90	7	69	8	96	9	49	
	0	73	1	65	2	62	3	98	4	97	5	41	6	94	7	35	8	84	9	77	
	0	83	1	23	2	57	3	19	4	55	5	89	6	97	7	81	8	58	9	62	
	0	68	1	61	2	67	3	29	4	42	5	65	6	57	7	57	8	48	9	44	
	0	19	1	41	2	15	3	26	4	44	5	40	6	16	7	76	8	43	9	74	
	0	44	1	42	2	45	3	22	4	10	5	19	6	24	7	67	8	45	9	95	
	0	80	1	55	2	55	3	19	4	59	5	39	6	29	7	45	8	45	9	22	
	0	100	1	41	2	31	3	91	4	85	5	50	6	84	7	88	8	10	9	93	
	0	89	1	27	2	36	3	58	4	74	5	20	6	96	7	22	8	75	9	46	
	0	75	1	83	2	90	3	93	4	94	5	92	6	29	7	45	8	46	9	82	
	0	60	1	10	2	24	3	75	4	82	5	10	6	86	7	40	8	96	9	97	
	0	40	1	51	2	56	3	66	4	45	5	29	6	100	7	35	8	47	9	37	
	0	100	1	11	2	29	3	92	4	90	5	45	6	34	7	69	8	90	9	60	
	0	39	1	56	2	64	3	75	4	36	5	84	6	97	7	62	8	32	9	24	
	0	83	1	55	2	23	3	80	4	72	5	12	6	97	7	19	8	40	9	20	
	0	84	1	57	2	57	3	58	4	95	5	99	6	69	7	16	8	58	9	36	
	0	43	1	97	2	15	3	52	4	45	5	44	6	65	7	24	8	22	9	84	
	0	66	1	58	2	64	3	69	4	100	5	11	6	52	7	59	8	55	9	36	
	0	50	1	53	2	61	3	71	4	69	5	28	6	87	7	13	8	73	9	72	
	0	84	1	65	2	47	3	32	4	85	5	90	6	13	7	12	8	27	9	66	
	0	57	1	11	2	47	3	37	4	37	5	96	6	16	7	49	8	13	9	87	
	0	52	1	36	2	64	3	36	4	74	5	50	6	71	7	35	8	12	9	33	
	0	43	1	33	2	66	3	46	4	100	5	100	6	73	7	67	8	57	9	61	
	0	50	1	37	2	63	3	36	4	90	5	47	6	47	7	59	8	48	9	82	
	0	48	1	12	2	29	3	43	4	31	5	85	6	73	7	83	8	90	9	78	
	0	48	1	46	2	70	3	33	4	20	5	11	6	14	7	92	8	52	9	23	
	0	72	1	79	2	76	3	84	4	27	5	68	6	57	7	37	8	48	9	40	
	0	80	1	55	2	92	3	11	4	45	5	33	6	22	7	93	8	22	9	35	
	0	79	1	66	2	64	3	47	4	82	5	56	6	36	7	88	8	65	9	92	
	0	16	1	65	2	92	3	10	4	46	5	63	6	82	7	13	8	83	9	52	
	0	31	1	54	2	47	3	73	4	62	5	90	6	60	7	39	8	68	9	43	
	0	68	1	28	2	83	3	20	4	13	5	78	6	62	7	71	8	11	9	32	
	0	59	1	43	2	42	3	12	4	46	5	47	6	50	7	12	8	55	9	71	
	0	31	1	17	2	59	3	79	4	80	5	15	6	65	7	57	8	57	9	26	
	0	55	1	35	2	49	3	67	4	49	5	58	6	92	7	15	8	47	9	47	
	0	80	1	81	2	68	3	51	4	10	5	40	6	10	7	26	8	37	9	35	
	0	31	1	96	2	55	3	77	4	42	5	55	6	40	7	67	8	30	9	92	
	0	96	1	49	2	63	3	71	4	62	5	19	6	52	7	24	8	93	9	37	
	0	74	1	97	2	72	3	10	4	43	5	18	6	72	7	71	8	70	9	31	
	0	39	1	73	2	63	3	28	4	37	5	12	6	34	7	31	8	87	9	48	
	0	41	1	52	2	14	3	11	4	54	5	12	6	33	7	76	8	13	9	41	
	0	65	1	10	2	64	3	99	4	30	5	88	6	10	7	88	8	65	9	11	
	0	77	1	80	2	99	3	68	4	71	5	99	6	92	7	27	8	30	9	92	
	0	67	1	98	2	60	3	22	4	94	5	12	6	18	7	89	8	11	9	46	
	0	75	1	43	2	16	3	86	4	22	5	69	6	100	7	83	8	94	9	49	
	0	90	1	35	2	32	3	30	4	91	5	10	6	98	7	31	8	48	9	70	
	0	59	1	73	2	27	3	13	4	87	5	38	6	50	7	88	8	54	9	98	
	0	86	1	57	2	63	3	73	4	97	5	53	6	90	7	54	8	72	9	58	
	0	81	1	47	2	46	3	30	4	38	5	68	6	52	7	94	8	39	9	67	
	0	59	1	60	2	62	3	55	4	97	5	87	6	65	7	48	8	36	9	22	
	0	38	1	36	2	68	3	86	4	50	5	85	6	56	7	78	8	85	9	29	
	0	81	1	48	2	67	3	41	4	80	5	58	6	72	7	99	8	54	9	21	
	0	51	1	51	2	99	3	92	4	80	5	15	6	39	7	71	8	95	9	12	
	0	67	1	88	2	75	3	77	4	33	5	31	6	69	7	76	8	90	9	80	
	0	46	1	92	2	93	3	57	4	81	5	66	6	19	7	43	8	12	9	100	
	0	32	1	77	2	17	3	66	4	52	5	98	6	91	7	10	8	59	9	97	
	0	92	1	11	2	74	3	14	4	98	5	82	6	10	7	44	8	28	9	49	
	0	50	1	17	2	79	3	100	4	59	5	21	6	30	7	82	8	13	9	76	
	0	78	1	67	2	78	3	61	4	31	5	99	6	98	7	90	8	53	9	53	
	0	52	1	94	2	43	3	46	4	54	5	79	6	33	7	86	8	67	9	76	
	0	35	1	11	2	50	3	56	4	11	5	80	6	73	7	38	8	58	9	73	
	0	89	1	96	2	45	3	26	4	84	5	100	6	23	7	87	8	23	9	92	
	0	51	1	34	2	99	3	58	4	93	5	86	6	99	7	44	8	21	9	41	
	0	89	1	36	2	37	3	17	4	100	5	50	6	59	7	42	8	32	9	100	
	0	93	1	66	2	76	3	54	4	68	5	63	6	14	7	52	8	86	9	65	
	0	34	1	10	2	85	3	62	4	79	5	12	6	74	7	39	8	46	9	13	
	0	76	1	67	2	81	3	27	4	59	5	46	6	50	7	15	8	93	9	77	
	0	80	1	63	2	88	3	19	4	21	5	58	6	15	7	18	8	25	9	96	
	0	63	1	49	2	93	3	44	4	47	5	90	6	81	7	30	8	22	9	76	
	0	77	1	12	2	75	3	68	4	28	5	88	6	21	7	46	8	16	9	98	
	0	15	1	37	2	16	3	51	4	100	5	77	6	64	7	45	8	49	9	56	
	0	32	1	68	2	94	3	49	4	84	5	43	6	30	7	43	8	48	9	31	
	0	100	1	88	2	85	3	73	4	93	5	75	6	12	7	93	8	60	9	83	
	0	62	1	92	2	83	3	26	4	45	5	25	6	50	7	14	8	54	9	67	
	0	47	1	35	2	32	3	32	4	100	5	72	6	26	7	56	8	12	9	57	
	0	84	1	91	2	47	3	53	4	49	5	53	6	69	7	61	8	100	9	58	
	0	10	1	72	2	50	3	95	4	100	5	96	6	22	7	22	8	73	9	100	
	0	16	1	84	2	71	3	50	4	89	5	29	6	52	7	57	8	66	9	56	
	0	96	1	23	2	44	3	86	4	42	5	40	6	75	7	51	8	19	9	28	
	0	77	1	44	2	62	3	70	4	21	5	48	6	84	7	27	8	83	9	68	
	0	73	1	42	2	26	3	33	4	13	5	88	6	62	7	57	8	24	9	58	
	0	19	1	34	2	46	3	79	4	58	5	86	6	34	7	37	8	19	9	17	
	0	87	1	77	2	64	3	79	4	76	5	18	6	48	7	45	8	40	9	48	
	0	79	1	70	2	59	3	48	4	43	5	52	6	82	7	51	8	25	9	91	
	0	86	1	75	2	34	3	54	4	14	5	29	6	89	7	80	8	46	9	93	
	0	49	1	24	2	66	3	77	4	20	5	37	6	69	7	41	8	86	9	92	
	0	30	1	55	2	93	3	93	4	10	5	91	6	10	7	53	8	81	9	75	
	0	80	1	52	2	57	3	60	4	24	5	36	6	11	7	60	8	97	9	24	
	0	11	1	65	2	32	3	51	4	81	5	10	6	88	7	50	8	26	9	17	
	0	54	1	93	2	49	3	51	4	89	5	84	6	83	7	47	8	90	9	53	
	0	13	1	31	2	94	3	44	4	81	5	47	6	59	7	38	8	55	9	96	
	0	45	1	37	2	87	3	54	4	50	5	97	6	86	7	75	8	26	9	25	
	0	35	1	37	2	34	3	20	4	63	5	31	6	66	7	62	8	55	9	70	
	0	86	1	16	2	78	3	57	4	55	5	26	6	88	7	16	8	92	9	63	
	0	60	1	25	2	32	3	38	4	93	5	51	6	78	7	53	8	48	9	46	
	0	88	1	66	2	58	3	51	4	74	5	56	6	27	7	95	8	26	9	51	
	0	14	1	69	2	35	3	90	4	30	5	71	6	35	7	74	8	79	9	91	
	0	38	1	45	2	21	3	56	4	48	5	68	6	76	7	47	8	60	9	88	
	0	30	1	88	2	69	3	37	4	38	5	31	6	81	7	36	8	85	9	87	
	0	45	1	39	2	46	3	50	4	77	5	43	6	30	7	84	8	90	9	53	
	0	84	1	77	2	67	3	12	4	62	5	80	6	50	7	92	8	14	9	53	
	0	85	1	26	2	25	3	31	4	66	5	53	6	63	7	48	8	82	9	74	
	0	47	1	34	2	52	3	93	4	54	5	63	6	20	7	27	8	37	9	58	
	0	49	1	93	2	61	3	84	4	84	5	30	6	23	7	29	8	10	9	14	
	0	19	1	10	2	15	3	12	4	89	5	33	6	54	7	97	8	97	9	54	
	0	16	1	68	2	90	3	32	4	58	5	18	6	55	7	35	8	78	9	64	
	0	44	1	79	2	61	3	67	4	42	5	93	6	72	7	58	8	30	9	66	
	0	32	1	11	2	90	3	53	4	14	5	81	6	66	7	48	8	98	9	39	
	0	89	1	14	2	31	3	92	4	20	5	80	6	68	7	38	8	22	9	96	
	0	31	1	43	2	14	3	97	4	18	5	25	6	31	7	35	8	70	9	58	
	0	21	1	33	2	32	3	56	4	98	5	96	6	77	7	99	8	68	9	85	
	0	10	1	24	2	22	3	60	4	78	5	95	6	48	7	40	8	32	9	39	
	0	44	1	51	2	35	3	35	4	55	5	18	6	98	7	19	8	98	9	96	
	0	41	1	18	2	63	3	81	4	37	5	51	6	76	7	77	8	57	9	82	
	0	97	1	32	2	37	3	90	4	50	5	29	6	90	7	45	8	82	9	59	
	0	28	1	64	2	61	3	28	4	26	5	37	6	65	7	86	8	100	9	16	
	0	61	1	18	2	30	3	37	4	69	5	90	6	78	7	68	8	76	9	90	
	0	73	1	52	2	60	3	95	4	25	5	73	6	29	7	97	8	64	9	28	
	0	49	1	39	2	27	3	25	4	31	5	42	6	63	7	85	8	49	9	26	
	0	58	1	46	2	87	3	13	4	34	5	66	6	73	7	13	8	38	9	80	
	0	82	1	16	2	77	3	54	4	97	5	40	6	39	7	80	8	62	9	11	
	0	82	1	47	2	62	3	68	4	22	5	58	6	93	7	82	8	44	9	93	
	0	77	1	29	2	26	3	90	4	35	5	87	6	53	7	24	8	47	9	78	
	0	48	1	35	2	84	3	37	4	81	5	91	6	72	7	20	8	41	9	87	
	0	88	1	67	2	19	3	86	4	85	5	47	6	31	7	43	8	81	9	12	
	0	37	1	12	2	18	3	35	4	49	5	78	6	58	7	68	8	70	9	93	
	0	31	1	32	2	46	3	53	4	54	5	94	6	82	7	17	8	23	9	14	
	0	78	1	54	2	62	3	99	4	15	5	33	6	46	7	55	8	35	9	57	
	0	96	1	63	2	92	3	75	4	86	5	72	6	66	7	99	8	33	9	70	
	0	43	1	23	2	37	3	51	4	51	5	39	6	76	7	12	8	13	9	21	
	0	32	1	80	2	81	3	74	4	32	5	21	6	25	7	28	8	62	9	15	
	0	39	1	69	2	97	3	78	4	48	5	100	6	39	7	92	8	73	9	10	
	0	28	1	68	2	53	3	99	4	45	5	27	6	65	7	15	8	68	9	91	
	0	20	1	23	2	59	3	47	4	79	5	48	6	62	7	30	8	45	9	88	
	0	23	1	37	2	78	3	28	4	62	5	92	6	98	7	24	8	78	9	84	
	0	46	1	59	2	89	3	40	4	95	5	29	6	53	7	91	8	77	9	26	
	0	68	1	90	2	76	3	13	4	39	5	50	6	28	7	78	8	18	9	20	
	0	22	1	89	2	41	3	13	4	60	5	20	6	58	7	67	8	72	9	92	
	0	84	1	26	2	18	3	14	4	91	5	64	6	84	7	72	8	68	9	72	
	0	27	1	44	2	92	3	17	4	65	5	53	6	98	7	75	8	65	9	38	
	0	18	1	72	2	50	3	58	4	66	5	59	6	25	7	50	8	98	9	38	
	0	24	1	43	2	88	3	10	4	50	5	37	6	28	7	28	8	43	9	11	
	0	56	1	64	2	31	3	71	4	12	5	26	6	96	7	80	8	22	9	77	
	0	23	1	56	2	67	3	87	4	68	5	76	6	95	7	51	8	55	9	62	
	0	91	1	41	2	89	3	72	4	14	5	55	6	32	7	98	8	32	9	91	
	0	34	1	12	2	66	3	10	4	87	5	63	6	26	7	27	8	31	9	32	
	0	87	1	92	2	36	3	94	4	92	5	31	6	35	7	40	8	28	9	47	
	0	83	1	65	2	50	3	62	4	13	5	42	6	57	7	22	8	12	9	23	
	0	38	1	63	2	28	3	46	4	98	5	62	6	87	7	58	8	11	9	40	
	0	61	1	66	2	67	3	99	4	83	5	65	6	49	7	81	8	18	9	30	
	0	20	1	15	2	85	3	72	4	67	5	100	6	21	7	32	8	50	9	95	
	0	22	1	11	2	79	3	68	4	66	5	87	6	72	7	42	8	89	9	76	
	0	29	1	42	2	98	3	70	4	29	5	89	6	74	7	55	8	75	9	29	
	0	49	1	13	2	45	3	51	4	20	5	12	6	15	7	57	8	38	9	18	
	0	40	1	66	2	77	3	25	4	88	5	60	6	92	7	15	8	34	9	15	
	0	88	1	89	2	80	3	69	4	11	5	62	6	33	7	63	8	37	9	61	
	0	57	1	59	2	34	3	14	4	85	5	55	6	19	7	70	8	41	9	37	
	0	93	1	63	2	89	3	93	4	85	5	12	6	93	7	74	8	66	9	100	
	0	38	1	91	2	75	3	90	4	75	5	31	6	82	7	75	8	81	9	24	
	0	55	1	70	2	75	3	45	4	13	5	89	6	18	7	22	8	64	9	83	
	0	23	1	35	2	54	3	25	4	93	5	56	6	78	7	62	8	39	9	18	
	0	83	1	92	2	74	3	78	4	47	5	39	6	62	7	32	8	17	9	37	
	0	88	1	65	2	75	3	38	4	47	5	50	6	90	7	59	8	100	9	49	
	0	92	1	62	2	61	3	55	4	88	5	32	6	90	7	67	8	56	9	15	
	0	75	1	62	2	36	3	63	4	83	5	92	6	81	7	10	8	11	9	24	
	0	94	1	24	2	77	3	74	4	66	5	99	6	40	7	92	8	100	9	58	
	0	16	1	96	2	46	3	45	4	90	5	88	6	77	7	44	8	60	9	15	
	0	68	1	30	2	10	3	56	4	76	5	16	6	56	7	84	8	93	9	16	
	0	91	1	74	2	57	3	29	4	23	5	35	6	70	7	38	8	39	9	61	
	0	30	1	42	2	32	3	34	4	93	5	12	6	69	7	97	8	29	9	53	
	0	76	1	49	2	56	3	67	4	39	5	67	6	77	7	29	8	42	9	17	
	0	99	1	59	2	20	3	94	4	45	5	85	6	87	7	78	8	52	9	100	
	0	78	1	84	2	14	3	46	4	80	5	31	6	34	7	86	8	91	9	77	
	0	39	1	21	2	98	3	41	4	84	5	46	6	23	7	96	8	11	9	56	
	0	72	1	16	2	20	3	49	4	99	5	94	6	23	7	57	8	34	9	42	
	0	97	1	40	2	98	3	39	4	56	5	98	6	60	7	95	8	44	9	47	
	0	11	1	14	2	57	3	94	4	51	5	25	6	33	7	24	8	51	9	60	
	0	79	1	41	2	68	3	43	4	95	5	65	6	66	7	17	8	75	9	15	
	0	80	1	28	2	28	3	33	4	71	5	44	6	78	7	60	8	87	9	19	
	0	33	1	39	2	54	3	68	4	53	5	30	6	32	7	33	8	98	9	77	
	0	83	1	75	2	36	3	96	4	45	5	85	6	78	7	65	8	62	9	35	
	0	63	1	99	2	64	3	87	4	98	5	94	6	51	7	21	8	82	9	62	
	0	21	1	39	2	88	3	10	4	38	5	70	6	74	7	100	8	69	9	86	
	0	61	1	17	2	59	3	68	4	45	5	100	6	12	7	15	8	36	9	22	
	0	38	1	96	2	83	3	89	4	85	5	50	6	27	7	14	8	50	9	58	
	0	23	1	25	2	50	3	53	4	68	5	92	6	67	7	76	8	59	9	91	
	0	52	1	57	2	12	3	14	4	92	5	66	6	64	7	28	8	56	9	79	
	0	63	1	45	2	31	3	39	4	29	5	94	6	69	7	32	8	97	9	34	
	0	99	1	26	2	44	3	96	4	55	5	97	6	64	7	92	8	95	9	96	
	0	80	1	61	2	70	3	17	4	18	5	90	6	32	7	64	8	24	9	88	
	0	85	1	31	2	84	3	35	4	23	5	69	6	76	7	27	8	52	9	65	
	0	65	1	78	2	51	3	64	4	46	5	94	6	38	7	35	8	50	9	91	
	0	46	1	63	2	31	3	66	4	44	5	76	6	77	7	75	8	60	9	14	
	0	66	1	46	2	89	3	97	4	55	5	99	6	84	7	93	8	84	9	14	
	0	76	1	53	2	39	3	95	4	28	5	50	6	72	7	57	8	95	9	64	
	0	100	1	44	2	30	3	42	4	79	5	56	6	44	7	55	8	11	9	48	
	0	53	1	33	2	40	3	75	4	67	5	96	6	60	7	35	8	45	9	88	
	0	35	1	68	2	40	3	76	4	20	5	51	6	39	7	98	8	21	9	34	
	0	59	1	88	2	72	3	62	4	39	5	62	6	28	7	86	8	94	9	32	
	0	90	1	86	2	17	3	11	4	42	5	79	6	64	7	84	8	46	9	46	
	0	27	1	80	2	90	3	60	4	36	5	76	6	28	7	71	8	68	9	48	
	0	58	1	39	2	70	3	96	4	66	5	74	6	58	7	87	8	11	9	68	
	0	47	1	84	2	85	3	22	4	33	5	41	6	79	7	79	8	51	9	76	
	0	75	1	30	2	15	3	89	4	38	5	89	6	25	7	88	8	30	9	12	
	0	53	1	14	2	100	3	73	4	41	5	72	6	67	7	12	8	58	9	77	
	0	98	1	35	2	46	3	48	4	25	5	62	6	25	7	58	8	47	9	48	
	0	24	1	23	2	25	3	85	4	35	5	75	6	58	7	46	8	62	9	89	
	0	17	1	12	2	78	3	37	4	56	5	42	6	92	7	97	8	15	9	18	
	0	59	1	36	2	99	3	10	4	80	5	62	6	30	7	13	8	84	9	73	
	0	43	1	25	2	39	3	86	4	72	5	62	6	23	7	90	8	79	9	24	
	0	70	1	96	2	94	3	30	4	65	5	65	6	60	7	41	8	78	9	60	
	0	16	1	26	2	94	3	60	4	34	5	30	6	54	7	94	8	42	9	40	
	0	69	1	56	2	62	3	30	4	30	5	15	6	35	7	20	8	89	9	95	
	0	91	1	49	2	70	3	60	4	72	5	87	6	70	7	92	8	95	9	70	
	0	70	1	71	2	81	3	79	4	20	5	21	6	67	7	72	8	73	9	96	
	0	12	1	47	2	92	3	68	4	50	5	96	6	11	7	62	8	43	9	82	
	0	68	1	42	2	90	3	38	4	28	5	33	6	34	7	29	8	97	9	90	
	0	34	1	44	2	33	3	89	4	77	5	38	6	56	7	49	8	34	9	37	
	0	36	1	68	2	86	3	48	4	21	5	19	6	33	7	13	8	70	9	22	
	0	55	1	99	2	95	3	56	4	40	5	90	6	95	7	60	8	16	9	46	
	0	21	1	25	2	46	3	39	4	87	5	66	6	34	7	21	8	88	9	12	
	0	75	1	64	2	16	3	73	4	89	5	20	6	55	7	30	8	72	9	62	
	0	91	1	78	2	79	3	32	4	81	5	85	6	63	7	42	8	13	9	74	
	0	17	1	88	2	86	3	29	4	36	5	70	6	14	7	64	8	71	9	46	
	0	85	1	60	2	95	3	28	4	89	5	42	6	52	7	43	8	49	9	69	
	0	20	1	76	2	19	3	100	4	58	5	86	6	99	7	26	8	21	9	60	
	0	56	1	62	2	28	3	63	4	38	5	89	6	79	7	76	8	20	9	54	
	0	50	1	19	2	52	3	25	4	54	5	47	6	76	7	65	8	54	9	24	
	0	94	1	28	2	64	3	60	4	74	5	20	6	47	7	13	8	26	9	55	
	0	24	1	36	2	57	3	52	4	58	5	40	6	34	7	13	8	66	9	69	
	0	56	1	96	2	40	3	78	4	46	5	68	6	14	7	88	8	70	9	80	
	0	69	1	48	2	44	3	22	4	44	5	77	6	22	7	28	8	71	9	62	
	0	11	1	43	2	86	3	20	4	78	5	72	6	78	7	44	8	76	9	59	
	0	41	1	84	2	61	3	22	4	50	5	34	6	46	7	21	8	91	9	29	
	0	67	1	30	2	55	3	60	4	54	5	50	6	49	7	58	8	83	9	96	
	0	50	1	36	2	84	3	49	4	95	5	78	6	44	7	74	8	52	9	68	
	0	95	1	85	2	57	3	28	4	40	5	16	6	14	7	32	8	32	9	74	
	0	86	1	12	2	30	3	12	4	51	5	66	6	59	7	53	8	49	9	73	
	0	69	1	16	2	100	3	40	4	50	5	88	6	33	7	56	8	50	9	67	
	0	29	1	88	2	15	3	51	4	27	5	65	6	31	7	75	8	63	9	36	
	0	94	1	64	2	60	3	26	4	10	5	82	6	24	7	97	8	58	9	65	
	0	52	1	66	2	46	3	58	4	90	5	35	6	12	7	27	8	35	9	47	
	0	71	1	62	2	59	3	23	4	82	5	11	6	85	7	19	8	11	9	51	
	0	84	1	85	2	30	3	94	4	13	5	40	6	59	7	66	8	11	9	62	
	0	16	1	46	2	10	3	26	4	79	5	23	6	93	7	55	8	21	9	41	
	0	52	1	27	2	24	3	95	4	78	5	30	6	85	7	59	8	29	9	68	
	0	90	1	76	2	31	3	87	4	39	5	91	6	56	7	55	8	85	9	10	
	0	17	1	67	2	17	3	61	4	51	5	38	6	50	7	39	8	35	9	20	
	0	66	1	39	2	22	3	24	4	42	5	45	6	29	7	92	8	94	9	42	
	0	50	1	82	2	100	3	71	4	73	5	72	6	91	7	54	8	58	9	100	
	0	95	1	91	2	77	3	29	4	97	5	37	6	18	7	32	8	62	9	17	
	0	15	1	63	2	39	3	39	4	54	5	31	6	25	7	24	8	70	9	75	
	0	94	1	48	2	27	3	23	4	13	5	58	6	10	7	22	8	43	9	93	
	0	12	1	94	2	39	3	41	4	54	5	78	6	92	7	32	8	84	9	99	
	0	86	1	33	2	17	3	75	4	24	5	97	6	82	7	66	8	73	9	78	
	0	44	1	78	2	23	3	10	4	59	5	68	6	51	7	25	8	92	9	86	
	0	53	1	23	2	48	3	62	4	15	5	46	6	28	7	74	8	14	9	10	
	0	23	1	97	2	32	3	99	4	65	5	65	6	95	7	67	8	87	9	82	
	0	19	1	73	2	73	3	55	4	39	5	97	6	13	7	98	8	68	9	69	
	0	85	1	66	2	88	3	78	4	55	5	34	6	52	7	20	8	48	9	95	
	0	82	1	27	2	41	3	93	4	70	5	88	6	75	7	73	8	78	9	97	
	0	73	1	28	2	99	3	30	4	34	5	43	6	52	7	65	8	97	9	95	
	0	81	1	27	2	18	3	29	4	93	5	30	6	46	7	59	8	88	9	73	
	0	17	1	55	2	33	3	16	4	82	5	58	6	71	7	85	8	58	9	29	
	0	56	1	83	2	42	3	49	4	56	5	16	6	81	7	94	8	98	9	62	
	0	17	1	18	2	11	3	83	4	66	5	77	6	67	7	24	8	96	9	46	
	0	83	1	28	2	87	3	29	4	60	5	13	6	43	7	10	8	96	9	70	
	0	44	1	15	2	52	3	25	4	85	5	19	6	69	7	92	8	45	9	57	
	0	81	1	12	2	92	3	52	4	32	5	98	6	74	7	94	8	69	9	49	
	0	75	1	46	2	75	3	12	4	93	5	56	6	46	7	39	8	60	9	61	
	0	31	1	20	2	40	3	87	4	23	5	92	6	75	7	31	8	93	9	93	
	0	57	1	71	2	27	3	20	4	33	5	65	6	98	7	92	8	44	9	38	
	0	24	1	65	2	28	3	69	4	73	5	71	6	52	7	10	8	94	9	26	
	0	55	1	45	2	71	3	40	4	72	5	82	6	30	7	58	8	79	9	95	
	0	33	1	72	2	22	3	27	4	44	5	96	6	52	7	26	8	82	9	58	
	0	31	1	50	2	48	3	40	4	71	5	20	6	92	7	25	8	26	9	72	
	0	35	1	14	2	39	3	48	4	77	5	61	6	60	7	32	8	88	9	29	
	0	32	1	61	2	30	3	41	4	80	5	26	6	33	7	33	8	33	9	80	
	0	56	1	23	2	15	3	55	4	54	5	40	6	74	7	40	8	33	9	54	
	0	87	1	39	2	43	3	81	4	74	5	10	6	57	7	71	8	66	9	35	
	0	91	1	35	2	34	3	80	4	75	5	34	6	26	7	78	8	62	9	18	
	0	85	1	75	2	63	3	20	4	13	5	30	6	59	7	58	8	88	9	92	
	0	11	1	54	2	72	3	72	4	24	5	98	6	91	7	64	8	20	9	14	
	0	64	1	55	2	61	3	35	4	42	5	99	6	31	7	64	8	51	9	78	
	0	54	1	91	2	85	3	35	4	67	5	28	6	38	7	100	8	20	9	36	
	0	47	1	62	2	82	3	86	4	77	5	93	6	13	7	41	8	46	9	75	
	0	50	1	87	2	38	3	96	4	18	5	100	6	86	7	69	8	62	9	60	
	0	52	1	74	2	21	3	98	4	11	5	77	6	20	7	24	8	50	9	75	
	0	61	1	80	2	95	3	32	4	38	5	87	6	46	7	99	8	33	9	10	
	0	38	1	65	2	50	3	87	4	81	5	25	6	94	7	12	8	29	9	32	
	0	28	1	77	2	13	3	68	4	58	5	34	6	51	7	63	8	40	9	95	
	0	15	1	32	2	47	3	50	4	90	5	50	6	74	7	19	8	78	9	29	
	0	83	1	22	2	78	3	83	4	44	5	85	6	49	7	46	8	61	9	68	
	0	35	1	25	2	79	3	19	4	10	5	85	6	40	7	57	8	90	9	42	
	0	31	1	27	2	43	3	20	4	24	5	20	6	86	7	76	8	69	9	79	
	0	26	1	62	2	30	3	19	4	92	5	83	6	10	7	67	8	29	9	60	
	0	52	1	48	2	36	3	96	4	54	5	82	6	30	7	10	8	64	9	26	
	0	72	1	39	2	20	3	55	4	42	5	77	6	65	7	85	8	71	9	31	
	0	51	1	20	2	71	3	85	4	89	5	62	6	54	7	96	8	37	9	79	
	0	56	1	85	2	55	3	74	4	68	5	53	6	23	7	56	8	85	9	88	
	0	26	1	69	2	40	3	12	4	65	5	41	6	34	7	36	8	76	9	68	
	0	25	1	74	2	82	3	64	4	26	5	11	6	45	7	22	8	44	9	33	
	0	37	1	82	2	98	3	51	4	52	5	36	6	73	7	11	8	38	9	62	
	0	95	1	65	2	43	3	70	4	46	5	54	6	12	7	62	8	30	9	19	
	0	62	1	26	2	24	3	67	4	92	5	47	6	27	7	58	8	98	9	75	
	0	23	1	28	2	16	3	19	4	12	5	40	6	49	7	51	8	41	9	95	
	0	99	1	74	2	91	3	32	4	57	5	92	6	62	7	42	8	62	9	16	
	0	32	1	81	2	17	3	79	4	81	5	96	6	80	7	85	8	29	9	37	
	0	54	1	11	2	65	3	64	4	50	5	28	6	33	7	75	8	32	9	75	
	0	58	1	46	2	10	3	17	4	42	5	27	6	81	7	39	8	63	9	81	
	0	99	1	60	2	15	3	60	4	32	5	73	6	43	7	82	8	68	9	43	
	0	99	1	15	2	38	3	87	4	99	5	45	6	41	7	56	8	81	9	38	
	0	87	1	51	2	36	3	72	4	46	5	12	6	71	7	42	8	75	9	21	
	0	36	1	25	2	60	3	12	4	93	5	74	6	78	7	54	8	86	9	23	
	0	69	1	80	2	45	3	34	4	35	5	50	6	61	7	26	8	42	9	32	
	0	56	1	98	2	41	3	75	4	26	5	79	6	29	7	84	8	23	9	48	
	0	89	1	71	2	55	3	93	4	31	5	38	6	25	7	86	8	17	9	38	
	0	41	1	44	2	82	3	85	4	82	5	12	6	41	7	67	8	87	9	52	
	0	42	1	46	2	98	3	49	4	93	5	16	6	80	7	41	8	74	9	89	
	0	31	1	62	2	97	3	51	4	43	5	68	6	28	7	71	8	85	9	47	
	0	59	1	38	2	16	3	13	4	57	5	37	6	42	7	12	8	77	9	30	
	0	11	1	19	2	79	3	82	4	14	5	28	6	31	7	27	8	15	9	66	
	0	30	1	60	2	47	3	62	4	78	5	24	6	99	7	42	8	24	9	14	
	0	10	1	28	2	88	3	10	4	36	5	73	6	50	7	53	8	49	9	47	
	0	36	1	55	2	88	3	30	4	19	5	67	6	98	7	61	8	73	9	60	
	0	93	1	67	2	47	3	64	4	54	5	78	6	77	7	11	8	45	9	85	
	0	35	1	86	2	27	3	50	4	23	5	17	6	77	7	85	8	72	9	20	
	0	35	1	42	2	40	3	68	4	32	5	85	6	20	7	78	8	32	9	29	
	0	35	1	51	2	11	3	54	4	24	5	91	6	87	7	95	8	83	9	49	
	0	90	1	13	2	75	3	77	4	72	5	51	6	85	7	79	8	50	9	37	
	0	59	1	22	2	57	3	42	4	91	5	73	6	76	7	30	8	84	9	95	
	0	40	1	90	2	20	3	61	4	95	5	39	6	67	7	40	8	79	9	51	
	0	22	1	56	2	83	3	56	4	43	5	50	6	51	7	26	8	99	9	78	
	0	36	1	87	2	95	3	37	4	45	5	93	6	82	7	15	8	95	9	74	
	0	37	1	65	2	75	3	74	4	93	5	18	6	75	7	47	8	36	9	58	
	0	40	1	89	2	85	3	34	4	93	5	45	6	36	7	97	8	57	9	82	
	0	20	1	11	2	50	3	61	4	69	5	41	6	11	7	99	8	87	9	46	
	0	100	1	22	2	74	3	87	4	25	5	43	6	72	7	10	8	65	9	13	
	0	78	1	96	2	100	3	89	4	26	5	95	6	10	7	99	8	42	9	96	
	0	16	1	86	2	21	3	96	4	74	5	89	6	55	7	25	8	89	9	43	
	0	67	1	91	2	78	3	17	4	35	5	52	6	81	7	87	8	95	9	66	
	0	43	1	98	2	66	3	24	4	15	5	71	6	72	7	40	8	19	9	36	
	0	12	1	27	2	43	3	10	4	13	5	32	6	61	7	48	8	59	9	16	
	0	30	1	17	2	47	3	90	4	47	5	44	6	88	7	20	8	73	9	58	
	0	26	1	87	2	56	3	89	4	48	5	27	6	39	7	10	8	80	9	40	
	0	60	1	89	2	24	3	64	4	12	5	51	6	92	7	65	8	14	9	29	
	0	41	1	89	2	84	3	39	4	84	5	11	6	59	7	77	8	14	9	29	
	0	60	1	32	2	57	3	46	4	66	5	68	6	35	7	98	8	81	9	54	
	0	70	1	83	2	50	3	32	4	28	5	35	6	57	7	26	8	34	9	40	
	0	28	1	87	2	46	3	47	4	19	5	27	6	59	7	55	8	91	9	64	
	0	77	1	88	2	45	3	100	4	14	5	68	6	59	7	29	8	52	9	20	
	0	89	1	68	2	30	3	39	4	19	5	44	6	30	7	93	8	35	9	42	
	0	11	1	91	2	85	3	83	4	17	5	59	6	37	7	95	8	11	9	11	
	0	14	1	36	2	11	3	54	4	56	5	79	6	34	7	33	8	47	9	65	
	0	22	1	39	2	50	3	27	4	59	5	47	6	99	7	67	8	89	9	43	
	0	94	1	83	2	43	3	76	4	42	5	52	6	27	7	27	8	52	9	86	
	0	65	1	23	2	66	3	98	4	42	5	79	6	15	7	52	8	12	9	52	
	0	86	1	11	2	97	3	61	4	11	5	30	6	72	7	84	8	32	9	96	
	0	61	1	22	2	79	3	65	4	88	5	36	6	58	7	98	8	24	9	49	
	0	73	1	63	2	28	3	65	4	58	5	76	6	51	7	86	8	67	9	35	
	0	55	1	82	2	54	3	85	4	47	5	20	6	23	7	74	8	84	9	99	
	0	61	1	25	2	19	3	98	4	83	5	97	6	50	7	64	8	15	9	97	
	0	43	1	29	2	85	3	75	4	71	5	44	6	46	7	46	8	51	9	13	
	0	34	1	52	2	24	3	90	4	12	5	87	6	73	7	90	8	64	9	83	
	0	72	1	35	2	50	3	43	4	11	5	40	6	85	7	91	8	15	9	64	
	0	78	1	29	2	30	3	40	4	87	5	21	6	56	7	59	8	30	9	60	
	0	96	1	17	2	77	3	25	4	47	5	67	6	49	7	67	8	19	9	20	
	0	89	1	61	2	84	3	83	4	35	5	71	6	97	7	68	8	98	9	43	
	0	68	1	99	2	73	3	43	4	12	5	19	6	81	7	62	8	52	9	94	
	0	81	1	74	2	49	3	44	4	71	5	82	6	48	7	90	8	71	9	27	
	0	39	1	34	2	62	3	43	4	22	5	13	6	28	7	27	8	53	9	40	
	0	100	1	26	2	97	3	45	4	28	5	89	6	91	7	49	8	72	9	69	
	0	99	1	69	2	36	3	42	4	66	5	43	6	74	7	80	8	17	9	61	
	0	89	1	95	2	18	3	38	4	19	5	48	6	19	7	67	8	32	9	10	
	0	10	1	73	2	18	3	32	4	89	5	13	6	29	7	24	8	47	9	18	
	0	52	1	59	2	74	3	98	4	52	5	75	6	27	7	13	8	49	9	76	
	0	81	1	14	2	83	3	71	4	57	5	66	6	94	7	84	8	83	9	97	
	0	74	1	40	2	79	3	86	4	48	5	71	6	34	7	90	8	59	9	14	
	0	96	1	10	2	67	3	94	4	41	5	75	6	59	7	34	8	27	9	73	
	0	72	1	93	2	87	3	88	4	39	5	50	6	43	7	54	8	21	9	17	
	0	15	1	43	2	99	3	41	4	65	5	69	6	81	7	50	8	44	9	29	
	0	21	1	93	2	46	3	96	4	10	5	92	6	19	7	55	8	21	9	11	
	0	21	1	44	2	25	3	31	4	60	5	33	6	64	7	38	8	68	9	27	
	0	24	1	57	2	79	3	48	4	70	5	75	6	73	7	60	8	74	9	71	
	0	76	1	71	2	18	3	57	4	30	5	26	6	31	7	11	8	31	9	89	
	0	90	1	37	2	24	3	14	4	85	5	97	6	95	7	27	8	11	9	13	
	0	39	1	55	2	24	3	50	4	25	5	42	6	37	7	69	8	40	9	83	
	0	21	1	51	2	11	3	86	4	41	5	50	6	82	7	31	8	98	9	39	
	0	92	1	74	2	57	3	30	4	78	5	29	6	55	7	50	8	18	9	93	
	0	53	1	37	2	79	3	95	4	23	5	40	6	58	7	45	8	56	9	52	
	0	13	1	66	2	12	3	97	4	31	5	76	6	80	7	23	8	94	9	44	
	0	46	1	42	2	37	3	33	4	76	5	100	6	61	7	31	8	84	9	99	
	0	89	1	98	2	63	3	17	4	19	5	75	6	65	7	37	8	91	9	81	
	0	78	1	28	2	97	3	98	4	34	5	46	6	16	7	16	8	42	9	78	
	0	100	1	28	2	73	3	56	4	24	5	92	6	44	7	96	8	42	9	77	
	0	95	1	23	2	38	3	98	4	56	5	88	6	35	7	11	8	92	9	49	
	0	53	1	48	2	90	3	33	4	41	5	53	6	55	7	79	8	57	9	29	
	0	35	1	81	2	45	3	20	4	15	5	97	6	17	7	97	8	45	9	95	
	0	65	1	14	2	73	3	39	4	43	5	32	6	80	7	80	8	52	9	85	
	0	32	1	99	2	75	3	16	4	87	5	45	6	25	7	83	8	17	9	60	
	0	90	1	18	2	42	3	87	4	97	5	16	6	81	7	26	8	16	9	20	
	0	88	1	97	2	54	3	99	4	69	5	82	6	55	7	53	8	27	9	45	
	0	46	1	74	2	98	3	36	4	89	5	69	6	41	7	91	8	42	9	65	
	0	27	1	35	2	36	3	81	4	59	5	17	6	18	7	21	8	75	9	98	
	0	33	1	13	2	46	3	55	4	64	5	54	6	34	7	93	8	94	9	74	
	0	70	1	22	2	100	3	46	4	24	5	84	6	73	7	21	8	100	9	75	
	0	48	1	60	2	62	3	48	4	41	5	94	6	57	7	74	8	83	9	73	
	0	62	1	42	2	33	3	94	4	40	5	77	6	45	7	32	8	91	9	18	
	0	66	1	48	2	90	3	27	4	18	5	26	6	72	7	75	8	42	9	60	
	0	61	1	15	2	40	3	84	4	82	5	91	6	97	7	20	8	34	9	60	
	0	61	1	26	2	30	3	77	4	44	5	86	6	20	7	14	8	30	9	84	
	0	86	1	86	2	42	3	65	4	68	5	90	6	45	7	39	8	38	9	37	
	0	76	1	39	2	84	3	96	4	67	5	62	6	58	7	27	8	10	9	88	
	0	62	1	39	2	47	3	95	4	60	5	37	6	17	7	51	8	59	9	87	
	0	91	1	19	2	94	3	16	4	64	5	16	6	94	7	75	8	65	9	21	
	0	81	1	86	2	75	3	79	4	98	5	65	6	63	7	95	8	90	9	12	
	0	68	1	37	2	28	3	16	4	52	5	47	6	61	7	92	8	70	9	87	
	0	62	1	43	2	81	3	46	4	59	5	67	6	39	7	29	8	61	9	11	
	0	87	1	38	2	92	3	15	4	93	5	100	6	60	7	99	8	71	9	42	
	0	47	1	73	2	16	3	19	4	50	5	71	6	61	7	61	8	90	9	89	
	0	25	1	10	2	33	3	80	4	30	5	37	6	34	7	30	8	80	9	16	
	0	15	1	28	2	65	3	64	4	53	5	28	6	12	7	90	8	62	9	37	
	0	19	1	87	2	79	3	88	4	89	5	53	6	27	7	11	8	61	9	45	
	0	28	1	25	2	48	3	31	4	37	5	59	6	47	7	60	8	97	9	56	
	0	77	1	95	2	66	3	18	4	22	5	16	6	29	7	20	8	54	9	72	
	0	24	1	87	2	23	3	34	4	66	5	59	6	14	7	31	8	57	9	12	
	0	54	1	24	2	77	3	40	4	47	5	97	6	76	7	81	8	46	9	31	
	0	56	1	89	2	39	3	56	4	59	5	86	6	96	7	79	8	39	9	45	
	0	78	1	62	2	22	3	56	4	44	5	46	6	83	7	69	8	50	9	57	
	0	63	1	54	2	44	3	88	4	45	5	14	6	92	7	82	8	77	9	25	
	0	42	1	89	2	42	3	26	4	100	5	33	6	43	7	74	8	53	9	14	
	0	49	1	19	2	12	3	49	4	60	5	98	6	51	7	81	8	10	9	46	
	0	31	1	18	2	94	3	41	4	99	5	61	6	59	7	37	8	35	9	99	
	0	88	1	30	2	51	3	11	4	23	5	39	6	36	7	91	8	89	9	34	
	0	90	1	33	2	43	3	58	4	23	5	78	6	41	7	53	8	76	9	24	
	0	59	1	64	2	50	3	22	4	44	5	95	6	45	7	21	8	40	9	82	
	0	19	1	68	2	61	3	89	4	95	5	72	6	23	7	27	8	91	9	31	
	0	75	1	29	2	13	3	22	4	26	5	21	6	43	7	14	8	62	9	49	
	0	10	1	35	2	63	3	13	4	68	5	66	6	100	7	70	8	44	9	51	
	0	26	1	45	2	49	3	61	4	28	5	75	6	29	7	24	8	28	9	70	
	0	49	1	18	2	69	3	32	4	83	5	63	6	22	7	96	8	94	9	73	
	0	29	1	76	2	10	3	71	4	97	5	85	6	99	7	58	8	54	9	39	
	0	68	1	59	2	85	3	12	4	47	5	63	6	72	7	68	8	59	9	66	
	0	58	1	44	2	97	3	35	4	35	5	77	6	26	7	19	8	38	9	66	
	0	67	1	93	2	32	3	90	4	48	5	96	6	94	7	37	8	25	9	71	
	0	26	1	30	2	76	3	30	4	60	5	28	6	97	7	54	8	98	9	47	
	0	48	1	85	2	30	3	95	4	58	5	49	6	46	7	53	8	91	9	88	
	0	89	1	81	2	38	3	63	4	10	5	14	6	70	7	50	8	95	9	98	
	0	20	1	27	2	14	3	63	4	34	5	54	6	22	7	76	8	81	9	83	
	0	10	1	11	2	27	3	15	4	64	5	79	6	70	7	82	8	28	9	84	
	0	39	1	62	2	92	3	37	4	37	5	64	6	96	7	63	8	14	9	60	
	0	65	1	13	2	49	3	32	4	82	5	57	6	100	7	60	8	52	9	45	
	0	21	1	63	2	43	3	97	4	96	5	27	6	84	7	31	8	29	9	48	
	0	72	1	100	2	27	3	84	4	71	5	25	6	84	7	17	8	19	9	76	
	0	40	1	24	2	19	3	90	4	20	5	58	6	22	7	22	8	90	9	86	
	0	42	1	85	2	94	3	72	4	81	5	77	6	78	7	68	8	11	9	77	
	0	33	1	12	2	69	3	69	4	22	5	86	6	75	7	95	8	22	9	35	
	0	26	1	81	2	81	3	77	4	50	5	81	6	93	7	33	8	38	9	10	
	0	69	1	82	2	74	3	57	4	51	5	12	6	71	7	81	8	34	9	60	
	0	70	1	47	2	40	3	11	4	72	5	46	6	97	7	91	8	60	9	71	
	0	64	1	99	2	13	3	76	4	28	5	40	6	51	7	12	8	90	9	23	
	0	83	1	28	2	72	3	93	4	56	5	67	6	34	7	23	8	11	9	73	
	0	76	1	12	2	27	3	27	4	89	5	26	6	85	7	57	8	38	9	34	
	0	78	1	28	2	78	3	40	4	49	5	86	6	11	7	63	8	19	9	62	
	0	29	1	61	2	40	3	27	4	20	5	94	6	51	7	22	8	11	9	23	
	0	34	1	18	2	83	3	69	4	80	5	86	6	50	7	54	8	80	9	86	
	0	83	1	98	2	38	3	18	4	57	5	75	6	17	7	44	8	18	9	32	
	0	63	1	44	2	71	3	35	4	34	5	88	6	65	7	89	8	37	9	61	
	0	73	1	88	2	19	3	24	4	48	5	14	6	71	7	80	8	35	9	30	