1000 10 1
10
	0	81	1	67	2	62	3	66	4	55	5	64	6	26	7	77	8	18	9	94	
	0	39	1	16	2	68	3	48	4	54	5	53	6	21	7	66	8	21	9	55	
	0	17	1	79	2	44	3	64	4	97	5	77	6	77	7	95	8	64	9	26	
	0	86	1	71	2	26	3	20	4	88	5	41	6	10	7	45	8	31	9	29	
	0	49	1	51	2	93	3	68	4	68	5	17	6	97	7	90	8	17	9	72	
	0	44	1	70	2	17	3	45	4	20	5	81	6	69	7	65	8	43	9	13	
	0	78	1	85	2	79	3	22	4	63	5	95	6	97	7	12	8	20	9	46	
	0	38	1	10	2	97	3	45	4	71	5	58	6	59	7	43	8	15	9	91	
	0	42	1	44	2	32	3	63	4	92	5	75	6	46	7	55	8	50	9	48	
	0	74	1	66	2	96	3	30	4	67	5	21	6	80	7	54	8	36	9	47	
	0	68	1	28	2	70	3	28	4	55	5	99	6	30	7	78	8	71	9	68	
	0	26	1	95	2	86	3	31	4	68	5	64	6	89	7	29	8	72	9	79	
	0	88	1	77	2	46	3	75	4	66	5	20	6	23	7	29	8	10	9	48	
	0	42	1	99	2	49	3	67	4	100	5	25	6	77	7	12	8	63	9	68	
	0	26	1	97	2	18	3	66	4	68	5	86	6	87	7	66	8	27	9	59	
	0	73	1	82	2	68	3	89	4	81	5	32	6	78	7	42	8	87	9	26	
	0	97	1	61	2	34	3	36	4	83	5	88	6	10	7	38	8	51	9	73	
	0	40	1	86	2	22	3	93	4	91	5	95	6	67	7	42	8	27	9	69	
	0	26	1	88	2	95	3	25	4	79	5	74	6	19	7	42	8	49	9	10	
	0	38	1	89	2	83	3	59	4	82	5	95	6	27	7	63	8	65	9	33	
	0	50	1	63	2	42	3	42	4	75	5	12	6	42	7	29	8	13	9	24	
	0	26	1	90	2	28	3	49	4	68	5	30	6	96	7	95	8	63	9	82	
	0	97	1	90	2	42	3	75	4	68	5	77	6	85	7	84	8	56	9	74	
	0	39	1	45	2	10	3	64	4	60	5	11	6	63	7	94	8	24	9	77	
	0	35	1	33	2	94	3	50	4	62	5	54	6	76	7	59	8	80	9	65	
	0	34	1	63	2	77	3	48	4	66	5	82	6	100	7	60	8	69	9	67	
	0	25	1	49	2	32	3	41	4	33	5	21	6	13	7	60	8	75	9	91	
	0	67	1	10	2	36	3	45	4	76	5	13	6	18	7	58	8	68	9	12	
	0	55	1	56	2	50	3	41	4	97	5	89	6	89	7	83	8	90	9	58	
	0	71	1	28	2	20	3	10	4	90	5	67	6	82	7	55	8	93	9	17	
	0	16	1	69	2	49	3	14	4	79	5	18	6	71	7	92	8	95	9	88	
	0	37	1	12	2	88	3	58	4	54	5	91	6	40	7	39	8	40	9	49	
	0	13	1	61	2	87	3	59	4	10	5	86	6	81	7	45	8	17	9	78	
	0	28	1	32	2	40	3	61	4	77	5	80	6	31	7	88	8	41	9	58	
	0	37	1	67	2	24	3	33	4	83	5	90	6	20	7	76	8	70	9	90	
	0	79	1	40	2	64	3	59	4	62	5	27	6	28	7	28	8	18	9	17	
	0	31	1	14	2	58	3	46	4	82	5	66	6	24	7	65	8	29	9	94	
	0	25	1	59	2	74	3	33	4	58	5	94	6	63	7	68	8	42	9	27	
	0	65	1	38	2	85	3	25	4	39	5	82	6	69	7	86	8	10	9	24	
	0	54	1	36	2	54	3	87	4	18	5	39	6	17	7	13	8	92	9	14	
	0	71	1	45	2	68	3	27	4	50	5	96	6	47	7	98	8	13	9	65	
	0	70	1	51	2	16	3	38	4	77	5	17	6	68	7	49	8	57	9	74	
	0	50	1	20	2	58	3	97	4	75	5	37	6	88	7	36	8	85	9	21	
	0	30	1	36	2	24	3	18	4	90	5	71	6	17	7	72	8	10	9	61	
	0	95	1	15	2	13	3	16	4	91	5	31	6	52	7	20	8	89	9	81	
	0	78	1	57	2	85	3	87	4	10	5	31	6	59	7	27	8	53	9	70	
	0	88	1	13	2	62	3	23	4	99	5	70	6	56	7	71	8	84	9	28	
	0	96	1	80	2	64	3	63	4	55	5	21	6	28	7	77	8	27	9	11	
	0	34	1	56	2	47	3	97	4	67	5	82	6	73	7	38	8	19	9	69	
	0	72	1	37	2	91	3	91	4	81	5	41	6	88	7	64	8	71	9	81	
	0	99	1	47	2	42	3	82	4	40	5	52	6	92	7	18	8	38	9	48	
	0	50	1	37	2	65	3	97	4	78	5	97	6	83	7	65	8	57	9	70	
	0	16	1	78	2	77	3	59	4	67	5	45	6	51	7	48	8	25	9	44	
	0	56	1	36	2	25	3	34	4	19	5	26	6	96	7	80	8	40	9	60	
	0	17	1	96	2	99	3	15	4	31	5	35	6	36	7	15	8	100	9	42	
	0	78	1	89	2	17	3	50	4	44	5	10	6	65	7	65	8	84	9	28	
	0	15	1	63	2	10	3	48	4	33	5	57	6	69	7	90	8	74	9	16	
	0	73	1	30	2	78	3	83	4	87	5	74	6	33	7	75	8	100	9	18	
	0	42	1	35	2	81	3	95	4	78	5	61	6	52	7	76	8	47	9	80	
	0	61	1	31	2	14	3	23	4	64	5	90	6	94	7	19	8	47	9	86	
	0	25	1	45	2	58	3	79	4	20	5	34	6	15	7	38	8	23	9	37	
	0	60	1	29	2	21	3	56	4	93	5	71	6	22	7	19	8	66	9	98	
	0	22	1	72	2	33	3	84	4	23	5	52	6	30	7	39	8	16	9	58	
	0	71	1	100	2	31	3	55	4	83	5	45	6	17	7	36	8	25	9	73	
	0	74	1	53	2	57	3	99	4	98	5	56	6	62	7	97	8	91	9	40	
	0	35	1	75	2	22	3	43	4	36	5	33	6	82	7	38	8	90	9	52	
	0	84	1	84	2	78	3	83	4	83	5	95	6	22	7	68	8	18	9	87	
	0	27	1	53	2	43	3	47	4	36	5	16	6	50	7	43	8	22	9	75	
	0	45	1	81	2	79	3	58	4	56	5	86	6	90	7	41	8	55	9	34	
	0	15	1	81	2	60	3	49	4	25	5	75	6	17	7	89	8	75	9	23	
	0	68	1	37	2	14	3	70	4	98	5	38	6	61	7	72	8	75	9	26	
	0	18	1	43	2	34	3	22	4	38	5	58	6	98	7	26	8	13	9	11	
	0	80	1	46	2	52	3	67	4	54	5	81	6	19	7	67	8	70	9	56	
	0	25	1	57	2	11	3	88	4	47	5	85	6	62	7	58	8	97	9	63	
	0	98	1	87	2	77	3	19	4	95	5	47	6	28	7	14	8	29	9	13	
	0	92	1	87	2	93	3	14	4	90	5	89	6	49	7	86	8	64	9	90	
	0	91	1	83	2	88	3	12	4	89	5	57	6	56	7	90	8	16	9	15	
	0	93	1	63	2	26	3	33	4	28	5	49	6	59	7	83	8	14	9	92	
	0	51	1	96	2	49	3	63	4	88	5	42	6	27	7	17	8	95	9	13	
	0	45	1	59	2	59	3	36	4	77	5	76	6	23	7	58	8	38	9	56	
	0	100	1	77	2	17	3	14	4	38	5	76	6	71	7	57	8	90	9	69	
	0	76	1	73	2	49	3	96	4	80	5	65	6	83	7	83	8	51	9	19	
	0	36	1	94	2	20	3	27	4	84	5	44	6	88	7	88	8	45	9	77	
	0	46	1	71	2	90	3	67	4	28	5	94	6	48	7	83	8	69	9	27	
	0	48	1	73	2	88	3	21	4	35	5	61	6	36	7	92	8	21	9	22	
	0	40	1	20	2	71	3	21	4	35	5	38	6	99	7	97	8	82	9	16	
	0	12	1	84	2	27	3	27	4	52	5	14	6	63	7	92	8	79	9	29	
	0	50	1	76	2	54	3	27	4	79	5	37	6	52	7	96	8	72	9	98	
	0	83	1	21	2	89	3	41	4	67	5	67	6	17	7	18	8	68	9	65	
	0	61	1	48	2	92	3	47	4	91	5	25	6	22	7	39	8	99	9	47	
	0	84	1	77	2	62	3	84	4	27	5	74	6	33	7	97	8	25	9	37	
	0	12	1	46	2	72	3	90	4	77	5	93	6	87	7	99	8	62	9	83	
	0	53	1	22	2	29	3	93	4	23	5	58	6	99	7	73	8	41	9	37	
	0	42	1	65	2	22	3	33	4	26	5	95	6	48	7	56	8	77	9	66	
	0	35	1	19	2	87	3	98	4	12	5	81	6	69	7	12	8	48	9	24	
	0	11	1	42	2	48	3	81	4	61	5	71	6	93	7	74	8	34	9	80	
	0	43	1	78	2	23	3	18	4	94	5	43	6	77	7	51	8	22	9	33	
	0	30	1	100	2	61	3	56	4	52	5	56	6	11	7	79	8	14	9	92	
	0	92	1	88	2	76	3	31	4	92	5	86	6	63	7	88	8	20	9	60	
	0	62	1	23	2	95	3	15	4	24	5	29	6	46	7	51	8	58	9	46	
	0	47	1	77	2	95	3	13	4	58	5	56	6	39	7	48	8	79	9	25	
	0	78	1	35	2	58	3	50	4	57	5	67	6	27	7	27	8	22	9	73	
	0	85	1	20	2	74	3	28	4	30	5	12	6	22	7	88	8	89	9	75	
	0	31	1	37	2	86	3	74	4	31	5	29	6	96	7	95	8	14	9	71	
	0	82	1	87	2	22	3	36	4	82	5	42	6	92	7	29	8	13	9	11	
	0	70	1	49	2	12	3	83	4	85	5	90	6	12	7	18	8	69	9	18	
	0	12	1	32	2	54	3	68	4	89	5	13	6	58	7	26	8	92	9	38	
	0	43	1	14	2	51	3	93	4	61	5	94	6	17	7	78	8	54	9	77	
	0	98	1	38	2	12	3	87	4	57	5	62	6	46	7	54	8	72	9	34	
	0	29	1	82	2	13	3	34	4	64	5	21	6	32	7	20	8	50	9	17	
	0	36	1	84	2	40	3	95	4	73	5	37	6	67	7	26	8	26	9	82	
	0	64	1	51	2	56	3	80	4	100	5	85	6	17	7	84	8	94	9	21	
	0	11	1	83	2	48	3	67	4	70	5	57	6	90	7	65	8	10	9	39	
	0	17	1	74	2	15	3	97	4	64	5	79	6	89	7	53	8	86	9	53	
	0	32	1	89	2	16	3	72	4	12	5	60	6	59	7	42	8	95	9	51	
	0	23	1	91	2	70	3	49	4	40	5	28	6	96	7	86	8	10	9	33	
	0	86	1	75	2	31	3	51	4	14	5	79	6	28	7	32	8	88	9	33	
	0	35	1	29	2	94	3	77	4	44	5	62	6	26	7	61	8	15	9	71	
	0	76	1	22	2	98	3	26	4	30	5	79	6	35	7	69	8	87	9	17	
	0	38	1	27	2	74	3	35	4	42	5	69	6	55	7	24	8	49	9	30	
	0	49	1	30	2	98	3	64	4	20	5	25	6	92	7	54	8	51	9	34	
	0	47	1	48	2	97	3	72	4	86	5	82	6	78	7	79	8	26	9	10	
	0	82	1	16	2	86	3	30	4	19	5	27	6	18	7	70	8	95	9	28	
	0	79	1	43	2	19	3	48	4	22	5	98	6	59	7	23	8	13	9	53	
	0	87	1	73	2	36	3	93	4	38	5	50	6	51	7	10	8	70	9	84	
	0	98	1	100	2	78	3	65	4	66	5	13	6	97	7	53	8	72	9	49	
	0	28	1	28	2	74	3	99	4	86	5	55	6	49	7	34	8	23	9	76	
	0	92	1	91	2	65	3	43	4	95	5	54	6	55	7	92	8	82	9	80	
	0	23	1	34	2	41	3	77	4	69	5	77	6	35	7	46	8	20	9	49	
	0	87	1	11	2	26	3	84	4	54	5	66	6	41	7	10	8	32	9	93	
	0	53	1	20	2	86	3	85	4	74	5	87	6	31	7	69	8	43	9	17	
	0	49	1	38	2	33	3	47	4	86	5	16	6	27	7	82	8	32	9	84	
	0	59	1	52	2	69	3	80	4	78	5	31	6	17	7	66	8	90	9	32	
	0	59	1	36	2	93	3	37	4	28	5	36	6	80	7	20	8	85	9	15	
	0	93	1	92	2	70	3	35	4	50	5	20	6	85	7	51	8	62	9	37	
	0	74	1	44	2	74	3	19	4	17	5	78	6	45	7	48	8	69	9	97	
	0	51	1	64	2	54	3	86	4	79	5	25	6	77	7	28	8	71	9	53	
	0	52	1	94	2	42	3	82	4	99	5	49	6	37	7	35	8	28	9	38	
	0	34	1	98	2	69	3	19	4	64	5	78	6	45	7	98	8	42	9	17	
	0	58	1	76	2	50	3	48	4	85	5	42	6	97	7	54	8	10	9	77	
	0	74	1	46	2	30	3	49	4	95	5	83	6	16	7	75	8	54	9	64	
	0	93	1	96	2	93	3	32	4	83	5	93	6	12	7	24	8	30	9	65	
	0	63	1	73	2	55	3	12	4	95	5	15	6	12	7	47	8	73	9	93	
	0	96	1	63	2	89	3	31	4	91	5	87	6	84	7	84	8	39	9	39	
	0	27	1	38	2	57	3	29	4	38	5	51	6	22	7	62	8	74	9	80	
	0	63	1	95	2	65	3	61	4	50	5	99	6	76	7	29	8	53	9	73	
	0	78	1	88	2	92	3	26	4	84	5	29	6	83	7	53	8	30	9	52	
	0	90	1	66	2	53	3	10	4	79	5	97	6	38	7	30	8	50	9	24	
	0	58	1	50	2	18	3	97	4	91	5	32	6	50	7	52	8	10	9	65	
	0	67	1	34	2	76	3	26	4	71	5	53	6	85	7	69	8	43	9	21	
	0	17	1	37	2	32	3	78	4	29	5	53	6	48	7	78	8	82	9	42	
	0	81	1	21	2	40	3	36	4	67	5	100	6	10	7	20	8	84	9	70	
	0	67	1	27	2	42	3	49	4	67	5	84	6	29	7	92	8	25	9	15	
	0	21	1	30	2	100	3	75	4	70	5	41	6	53	7	76	8	86	9	83	
	0	25	1	90	2	21	3	100	4	17	5	97	6	18	7	81	8	53	9	78	
	0	76	1	54	2	69	3	90	4	83	5	48	6	88	7	63	8	38	9	89	
	0	22	1	71	2	33	3	69	4	52	5	37	6	69	7	80	8	21	9	63	
	0	34	1	33	2	22	3	30	4	64	5	88	6	13	7	80	8	23	9	75	
	0	33	1	41	2	32	3	39	4	46	5	16	6	88	7	53	8	76	9	100	
	0	21	1	62	2	27	3	74	4	15	5	77	6	67	7	21	8	39	9	28	
	0	70	1	82	2	81	3	28	4	65	5	70	6	43	7	32	8	49	9	37	
	0	11	1	42	2	47	3	75	4	71	5	92	6	29	7	60	8	31	9	40	
	0	32	1	70	2	80	3	30	4	21	5	89	6	100	7	93	8	53	9	73	
	0	85	1	64	2	52	3	75	4	83	5	43	6	86	7	16	8	53	9	49	
	0	63	1	87	2	30	3	95	4	51	5	57	6	30	7	71	8	97	9	75	
	0	62	1	69	2	64	3	86	4	83	5	24	6	60	7	54	8	26	9	67	
	0	92	1	34	2	70	3	17	4	92	5	19	6	55	7	96	8	77	9	79	
	0	97	1	100	2	62	3	92	4	63	5	22	6	63	7	13	8	18	9	29	
	0	75	1	45	2	44	3	42	4	86	5	84	6	78	7	85	8	40	9	12	
	0	18	1	42	2	43	3	73	4	32	5	67	6	69	7	76	8	13	9	43	
	0	68	1	52	2	20	3	98	4	29	5	39	6	35	7	30	8	72	9	58	
	0	52	1	60	2	15	3	66	4	44	5	87	6	63	7	53	8	67	9	96	
	0	47	1	63	2	24	3	31	4	61	5	10	6	86	7	11	8	61	9	11	
	0	79	1	43	2	98	3	63	4	82	5	56	6	87	7	22	8	40	9	73	
	0	81	1	20	2	85	3	22	4	56	5	85	6	69	7	77	8	97	9	97	
	0	18	1	100	2	34	3	51	4	14	5	13	6	26	7	11	8	48	9	28	
	0	42	1	26	2	67	3	53	4	48	5	60	6	55	7	58	8	62	9	48	
	0	99	1	11	2	97	3	99	4	17	5	57	6	36	7	83	8	18	9	88	
	0	30	1	33	2	63	3	77	4	25	5	48	6	44	7	82	8	59	9	18	
	0	56	1	97	2	19	3	98	4	85	5	48	6	12	7	37	8	91	9	82	
	0	16	1	48	2	32	3	98	4	73	5	27	6	88	7	18	8	64	9	97	
	0	94	1	45	2	47	3	53	4	51	5	23	6	49	7	58	8	53	9	17	
	0	50	1	40	2	64	3	15	4	58	5	69	6	82	7	36	8	22	9	63	
	0	64	1	70	2	98	3	38	4	26	5	83	6	34	7	36	8	80	9	92	
	0	94	1	83	2	13	3	69	4	33	5	52	6	64	7	35	8	47	9	11	
	0	91	1	43	2	34	3	40	4	59	5	66	6	28	7	54	8	33	9	32	
	0	71	1	19	2	46	3	69	4	24	5	16	6	24	7	69	8	80	9	95	
	0	40	1	63	2	55	3	80	4	97	5	37	6	24	7	66	8	18	9	75	
	0	93	1	14	2	48	3	17	4	89	5	60	6	87	7	57	8	90	9	69	
	0	37	1	23	2	52	3	84	4	52	5	87	6	52	7	57	8	98	9	39	
	0	26	1	90	2	59	3	34	4	68	5	68	6	45	7	51	8	96	9	28	
	0	47	1	56	2	27	3	19	4	41	5	73	6	88	7	52	8	35	9	59	
	0	22	1	92	2	21	3	82	4	84	5	16	6	37	7	93	8	13	9	93	
	0	33	1	41	2	88	3	20	4	98	5	57	6	54	7	30	8	33	9	72	
	0	93	1	86	2	53	3	95	4	59	5	55	6	34	7	44	8	48	9	94	
	0	52	1	95	2	43	3	32	4	41	5	16	6	95	7	51	8	68	9	16	
	0	65	1	73	2	90	3	16	4	37	5	62	6	61	7	50	8	37	9	43	
	0	33	1	27	2	85	3	23	4	89	5	83	6	29	7	45	8	41	9	45	
	0	49	1	33	2	96	3	70	4	55	5	42	6	18	7	86	8	73	9	48	
	0	18	1	51	2	71	3	10	4	12	5	16	6	39	7	36	8	84	9	13	
	0	48	1	63	2	26	3	20	4	40	5	60	6	62	7	85	8	87	9	57	
	0	77	1	15	2	49	3	88	4	70	5	30	6	11	7	49	8	78	9	11	
	0	74	1	39	2	49	3	67	4	65	5	58	6	72	7	64	8	71	9	89	
	0	66	1	27	2	34	3	55	4	71	5	46	6	69	7	46	8	90	9	52	
	0	91	1	44	2	10	3	98	4	97	5	35	6	49	7	16	8	21	9	75	
	0	18	1	79	2	92	3	97	4	14	5	34	6	78	7	59	8	32	9	76	
	0	95	1	55	2	96	3	10	4	100	5	70	6	33	7	34	8	95	9	12	
	0	56	1	74	2	48	3	67	4	55	5	89	6	66	7	40	8	41	9	66	
	0	70	1	28	2	22	3	82	4	55	5	40	6	20	7	67	8	84	9	31	
	0	16	1	21	2	27	3	15	4	34	5	47	6	84	7	47	8	50	9	50	
	0	37	1	19	2	79	3	13	4	46	5	53	6	72	7	68	8	36	9	15	
	0	40	1	53	2	94	3	90	4	99	5	100	6	16	7	91	8	96	9	100	
	0	25	1	18	2	44	3	69	4	26	5	39	6	16	7	21	8	17	9	28	
	0	88	1	51	2	60	3	21	4	10	5	13	6	99	7	32	8	87	9	74	
	0	94	1	45	2	61	3	67	4	24	5	41	6	20	7	78	8	21	9	24	
	0	91	1	27	2	44	3	23	4	20	5	57	6	37	7	86	8	43	9	18	
	0	37	1	62	2	30	3	35	4	29	5	62	6	76	7	93	8	61	9	44	
	0	41	1	60	2	93	3	67	4	56	5	13	6	90	7	71	8	14	9	63	
	0	12	1	26	2	88	3	92	4	44	5	67	6	94	7	29	8	45	9	90	
	0	46	1	92	2	98	3	28	4	68	5	85	6	59	7	19	8	57	9	53	
	0	75	1	71	2	84	3	18	4	77	5	29	6	83	7	14	8	74	9	62	
	0	71	1	24	2	59	3	17	4	10	5	18	6	46	7	59	8	20	9	13	
	0	87	1	67	2	40	3	45	4	83	5	84	6	87	7	61	8	63	9	17	
	0	57	1	10	2	22	3	88	4	25	5	81	6	16	7	75	8	10	9	78	
	0	30	1	67	2	10	3	54	4	92	5	27	6	77	7	39	8	35	9	12	
	0	37	1	74	2	74	3	98	4	94	5	18	6	54	7	83	8	27	9	83	
	0	46	1	86	2	11	3	48	4	23	5	30	6	63	7	91	8	96	9	29	
	0	17	1	12	2	31	3	42	4	68	5	70	6	33	7	28	8	98	9	58	
	0	54	1	19	2	20	3	98	4	43	5	80	6	99	7	91	8	51	9	45	
	0	54	1	43	2	91	3	12	4	68	5	27	6	56	7	13	8	57	9	77	
	0	61	1	49	2	15	3	68	4	85	5	36	6	24	7	64	8	88	9	68	
	0	62	1	60	2	10	3	30	4	90	5	100	6	29	7	41	8	63	9	40	
	0	11	1	10	2	68	3	47	4	84	5	94	6	41	7	23	8	85	9	78	
	0	89	1	78	2	82	3	96	4	81	5	38	6	12	7	28	8	79	9	63	
	0	71	1	32	2	65	3	46	4	72	5	48	6	70	7	89	8	47	9	73	
	0	91	1	47	2	67	3	10	4	58	5	74	6	51	7	50	8	15	9	89	
	0	55	1	53	2	44	3	15	4	89	5	58	6	84	7	60	8	29	9	84	
	0	23	1	65	2	53	3	37	4	12	5	18	6	51	7	26	8	28	9	92	
	0	43	1	44	2	11	3	94	4	36	5	21	6	36	7	75	8	99	9	83	
	0	96	1	32	2	42	3	26	4	30	5	71	6	65	7	36	8	52	9	47	
	0	95	1	61	2	87	3	99	4	83	5	98	6	96	7	61	8	67	9	49	
	0	51	1	10	2	68	3	15	4	39	5	96	6	54	7	99	8	86	9	67	
	0	23	1	89	2	35	3	28	4	44	5	60	6	24	7	68	8	47	9	10	
	0	97	1	14	2	64	3	96	4	28	5	58	6	79	7	63	8	92	9	61	
	0	19	1	98	2	88	3	62	4	78	5	70	6	35	7	24	8	93	9	32	
	0	82	1	10	2	46	3	98	4	42	5	69	6	69	7	30	8	41	9	79	
	0	34	1	17	2	96	3	49	4	67	5	17	6	95	7	41	8	58	9	73	
	0	64	1	33	2	87	3	22	4	75	5	41	6	66	7	11	8	93	9	95	
	0	18	1	99	2	14	3	67	4	94	5	21	6	69	7	51	8	21	9	16	
	0	87	1	39	2	57	3	16	4	58	5	64	6	57	7	13	8	98	9	70	
	0	35	1	71	2	75	3	29	4	24	5	31	6	29	7	10	8	76	9	19	
	0	33	1	23	2	55	3	71	4	76	5	85	6	52	7	22	8	76	9	13	
	0	21	1	11	2	89	3	22	4	92	5	100	6	32	7	14	8	83	9	21	
	0	84	1	92	2	82	3	78	4	77	5	50	6	25	7	64	8	30	9	98	
	0	72	1	26	2	49	3	46	4	51	5	87	6	11	7	84	8	16	9	78	
	0	92	1	63	2	28	3	37	4	18	5	81	6	52	7	31	8	39	9	69	
	0	21	1	11	2	35	3	92	4	99	5	58	6	81	7	53	8	14	9	97	
	0	87	1	50	2	12	3	18	4	57	5	74	6	99	7	42	8	21	9	87	
	0	78	1	86	2	99	3	72	4	76	5	12	6	27	7	19	8	94	9	72	
	0	44	1	12	2	78	3	23	4	84	5	29	6	80	7	95	8	79	9	72	
	0	23	1	57	2	43	3	48	4	32	5	91	6	71	7	28	8	25	9	14	
	0	82	1	10	2	81	3	13	4	74	5	23	6	88	7	94	8	16	9	93	
	0	91	1	47	2	39	3	12	4	47	5	16	6	31	7	25	8	94	9	38	
	0	95	1	32	2	43	3	55	4	44	5	66	6	70	7	35	8	83	9	91	
	0	76	1	56	2	37	3	55	4	17	5	35	6	52	7	98	8	55	9	75	
	0	40	1	31	2	89	3	42	4	77	5	33	6	18	7	97	8	35	9	46	
	0	96	1	70	2	66	3	35	4	44	5	79	6	87	7	37	8	11	9	13	
	0	32	1	58	2	25	3	12	4	79	5	14	6	56	7	76	8	60	9	17	
	0	89	1	77	2	90	3	82	4	78	5	32	6	49	7	49	8	63	9	23	
	0	59	1	59	2	44	3	74	4	43	5	94	6	42	7	20	8	17	9	72	
	0	93	1	28	2	77	3	58	4	62	5	78	6	32	7	84	8	83	9	23	
	0	52	1	84	2	46	3	38	4	14	5	85	6	46	7	83	8	35	9	77	
	0	14	1	79	2	65	3	68	4	65	5	89	6	57	7	61	8	26	9	13	
	0	17	1	66	2	97	3	63	4	40	5	36	6	82	7	20	8	73	9	27	
	0	30	1	49	2	68	3	58	4	88	5	95	6	93	7	87	8	51	9	21	
	0	52	1	43	2	70	3	52	4	35	5	23	6	80	7	34	8	80	9	60	
	0	12	1	12	2	74	3	96	4	89	5	84	6	95	7	55	8	12	9	76	
	0	14	1	90	2	70	3	14	4	69	5	45	6	40	7	37	8	52	9	14	
	0	42	1	70	2	24	3	68	4	51	5	34	6	14	7	35	8	48	9	62	
	0	99	1	94	2	75	3	54	4	59	5	46	6	54	7	42	8	19	9	70	
	0	55	1	47	2	12	3	74	4	75	5	63	6	26	7	45	8	83	9	72	
	0	74	1	13	2	37	3	54	4	52	5	59	6	78	7	25	8	35	9	90	
	0	28	1	84	2	92	3	46	4	95	5	29	6	34	7	53	8	41	9	65	
	0	89	1	76	2	78	3	17	4	39	5	20	6	12	7	12	8	98	9	54	
	0	70	1	44	2	12	3	77	4	89	5	44	6	97	7	56	8	20	9	58	
	0	88	1	32	2	84	3	82	4	50	5	75	6	66	7	93	8	37	9	10	
	0	28	1	70	2	13	3	62	4	50	5	42	6	100	7	23	8	60	9	42	
	0	83	1	65	2	68	3	74	4	69	5	94	6	74	7	69	8	53	9	15	
	0	50	1	42	2	15	3	40	4	49	5	91	6	12	7	27	8	23	9	55	
	0	29	1	75	2	73	3	12	4	43	5	29	6	52	7	74	8	55	9	81	
	0	31	1	14	2	29	3	43	4	79	5	85	6	13	7	11	8	84	9	80	
	0	57	1	79	2	78	3	78	4	61	5	15	6	13	7	98	8	11	9	90	
	0	39	1	68	2	71	3	12	4	71	5	74	6	73	7	43	8	31	9	45	
	0	26	1	34	2	66	3	19	4	52	5	10	6	84	7	100	8	59	9	66	
	0	97	1	12	2	43	3	45	4	20	5	26	6	17	7	29	8	36	9	70	
	0	24	1	100	2	81	3	98	4	25	5	53	6	31	7	50	8	66	9	20	
	0	82	1	26	2	88	3	16	4	40	5	47	6	70	7	41	8	65	9	78	
	0	60	1	85	2	93	3	90	4	34	5	41	6	55	7	56	8	72	9	72	
	0	89	1	58	2	62	3	25	4	45	5	12	6	50	7	17	8	34	9	47	
	0	27	1	83	2	52	3	59	4	48	5	49	6	29	7	27	8	67	9	52	
	0	39	1	31	2	97	3	74	4	56	5	73	6	32	7	45	8	62	9	29	
	0	62	1	84	2	46	3	85	4	15	5	39	6	13	7	37	8	52	9	60	
	0	28	1	43	2	32	3	46	4	33	5	47	6	69	7	51	8	42	9	46	
	0	58	1	85	2	89	3	24	4	78	5	81	6	68	7	66	8	12	9	29	
	0	49	1	98	2	64	3	23	4	99	5	56	6	50	7	70	8	71	9	16	
	0	84	1	84	2	29	3	88	4	80	5	26	6	58	7	47	8	49	9	95	
	0	18	1	44	2	18	3	20	4	46	5	90	6	45	7	35	8	90	9	17	
	0	13	1	85	2	64	3	31	4	74	5	56	6	67	7	55	8	22	9	96	
	0	50	1	11	2	76	3	72	4	33	5	88	6	52	7	76	8	42	9	92	
	0	12	1	67	2	35	3	60	4	71	5	24	6	76	7	17	8	26	9	18	
	0	31	1	58	2	80	3	73	4	30	5	27	6	49	7	48	8	93	9	24	
	0	23	1	43	2	64	3	62	4	78	5	46	6	23	7	32	8	86	9	70	
	0	55	1	18	2	40	3	67	4	18	5	90	6	37	7	96	8	77	9	49	
	0	44	1	46	2	12	3	68	4	23	5	69	6	100	7	92	8	18	9	19	
	0	25	1	26	2	79	3	74	4	46	5	28	6	71	7	50	8	17	9	16	
	0	95	1	64	2	75	3	94	4	49	5	88	6	56	7	99	8	82	9	57	
	0	78	1	10	2	13	3	14	4	78	5	21	6	19	7	41	8	15	9	29	
	0	11	1	59	2	47	3	27	4	85	5	76	6	84	7	36	8	80	9	34	
	0	84	1	30	2	32	3	57	4	100	5	85	6	87	7	71	8	28	9	17	
	0	19	1	40	2	23	3	83	4	90	5	85	6	23	7	86	8	63	9	52	
	0	59	1	13	2	16	3	52	4	73	5	35	6	69	7	26	8	54	9	72	
	0	55	1	36	2	50	3	76	4	58	5	31	6	55	7	89	8	41	9	42	
	0	49	1	50	2	83	3	24	4	78	5	67	6	68	7	86	8	71	9	82	
	0	15	1	59	2	15	3	35	4	87	5	86	6	27	7	33	8	54	9	10	
	0	81	1	26	2	15	3	85	4	48	5	74	6	25	7	74	8	98	9	66	
	0	81	1	33	2	58	3	91	4	38	5	45	6	21	7	44	8	35	9	22	
	0	23	1	76	2	94	3	72	4	11	5	65	6	77	7	24	8	33	9	37	
	0	89	1	34	2	98	3	58	4	72	5	10	6	91	7	78	8	73	9	57	
	0	22	1	75	2	72	3	21	4	16	5	69	6	76	7	58	8	99	9	32	
	0	36	1	45	2	79	3	48	4	60	5	33	6	94	7	100	8	28	9	53	
	0	67	1	65	2	73	3	69	4	37	5	28	6	61	7	63	8	62	9	81	
	0	21	1	69	2	58	3	10	4	65	5	73	6	57	7	63	8	78	9	55	
	0	36	1	79	2	97	3	79	4	58	5	86	6	74	7	33	8	12	9	71	
	0	35	1	43	2	31	3	46	4	99	5	52	6	62	7	100	8	73	9	23	
	0	38	1	40	2	39	3	45	4	78	5	39	6	29	7	19	8	93	9	32	
	0	48	1	12	2	22	3	99	4	29	5	88	6	94	7	39	8	68	9	63	
	0	94	1	57	2	40	3	32	4	18	5	45	6	97	7	42	8	46	9	45	
	0	38	1	95	2	19	3	10	4	81	5	20	6	26	7	98	8	36	9	80	
	0	20	1	86	2	24	3	30	4	55	5	86	6	38	7	55	8	11	9	15	
	0	71	1	82	2	52	3	18	4	94	5	31	6	73	7	85	8	34	9	85	
	0	86	1	96	2	79	3	36	4	92	5	78	6	68	7	82	8	44	9	96	
	0	25	1	10	2	53	3	21	4	73	5	51	6	39	7	86	8	36	9	77	
	0	41	1	32	2	36	3	59	4	100	5	79	6	38	7	83	8	31	9	20	
	0	35	1	31	2	27	3	64	4	35	5	79	6	80	7	43	8	50	9	15	
	0	71	1	46	2	98	3	68	4	96	5	87	6	95	7	77	8	57	9	64	
	0	27	1	95	2	69	3	81	4	77	5	26	6	21	7	11	8	84	9	20	
	0	14	1	91	2	67	3	76	4	36	5	54	6	62	7	97	8	52	9	65	
	0	83	1	52	2	85	3	67	4	17	5	32	6	28	7	12	8	28	9	11	
	0	38	1	38	2	60	3	19	4	93	5	47	6	55	7	97	8	49	9	70	
	0	95	1	40	2	87	3	90	4	52	5	10	6	52	7	99	8	14	9	94	
	0	42	1	17	2	73	3	12	4	38	5	78	6	56	7	64	8	63	9	16	
	0	73	1	51	2	49	3	82	4	66	5	91	6	11	7	79	8	37	9	78	
	0	14	1	85	2	28	3	40	4	55	5	68	6	75	7	52	8	68	9	32	
	0	51	1	36	2	51	3	61	4	64	5	74	6	49	7	57	8	90	9	53	
	0	25	1	56	2	13	3	75	4	40	5	33	6	27	7	45	8	64	9	22	
	0	12	1	99	2	89	3	78	4	33	5	92	6	92	7	27	8	27	9	12	
	0	25	1	65	2	90	3	82	4	32	5	96	6	56	7	94	8	27	9	75	
	0	19	1	18	2	47	3	73	4	79	5	18	6	69	7	12	8	54	9	83	
	0	42	1	37	2	50	3	68	4	99	5	76	6	49	7	87	8	62	9	38	
	0	33	1	10	2	15	3	60	4	55	5	96	6	97	7	62	8	62	9	94	
	0	68	1	84	2	52	3	22	4	35	5	98	6	70	7	71	8	63	9	18	
	0	59	1	76	2	28	3	87	4	62	5	28	6	92	7	53	8	27	9	29	
	0	86	1	28	2	98	3	60	4	66	5	48	6	22	7	66	8	15	9	79	
	0	62	1	91	2	25	3	49	4	64	5	64	6	12	7	51	8	11	9	15	
	0	13	1	68	2	14	3	77	4	77	5	48	6	52	7	35	8	72	9	69	
	0	13	1	69	2	94	3	54	4	79	5	86	6	19	7	100	8	30	9	17	
	0	73	1	48	2	56	3	20	4	49	5	50	6	40	7	27	8	10	9	30	
	0	59	1	41	2	69	3	33	4	64	5	35	6	13	7	28	8	11	9	93	
	0	99	1	92	2	21	3	54	4	58	5	73	6	25	7	80	8	46	9	29	
	0	31	1	40	2	78	3	59	4	61	5	77	6	23	7	54	8	38	9	42	
	0	94	1	76	2	14	3	64	4	77	5	86	6	15	7	48	8	36	9	44	
	0	54	1	28	2	34	3	35	4	52	5	34	6	99	7	60	8	59	9	48	
	0	12	1	55	2	91	3	93	4	31	5	49	6	43	7	12	8	82	9	79	
	0	25	1	39	2	100	3	83	4	14	5	10	6	81	7	46	8	35	9	42	
	0	77	1	78	2	38	3	97	4	17	5	94	6	54	7	89	8	95	9	61	
	0	85	1	50	2	68	3	28	4	59	5	36	6	14	7	40	8	75	9	46	
	0	46	1	64	2	36	3	92	4	15	5	97	6	79	7	90	8	17	9	26	
	0	64	1	71	2	24	3	52	4	74	5	12	6	79	7	54	8	32	9	44	
	0	60	1	75	2	71	3	42	4	34	5	66	6	65	7	45	8	25	9	37	
	0	15	1	84	2	94	3	89	4	51	5	24	6	65	7	43	8	14	9	15	
	0	36	1	93	2	74	3	99	4	38	5	81	6	44	7	11	8	75	9	65	
	0	85	1	88	2	88	3	63	4	82	5	86	6	43	7	43	8	91	9	22	
	0	39	1	19	2	78	3	30	4	86	5	17	6	91	7	59	8	15	9	29	
	0	30	1	15	2	35	3	57	4	71	5	96	6	30	7	38	8	23	9	52	
	0	30	1	69	2	43	3	79	4	49	5	15	6	60	7	91	8	34	9	16	
	0	94	1	53	2	77	3	34	4	77	5	19	6	72	7	85	8	21	9	11	
	0	16	1	24	2	16	3	47	4	58	5	100	6	75	7	53	8	29	9	35	
	0	97	1	81	2	78	3	45	4	65	5	63	6	96	7	21	8	17	9	86	
	0	90	1	91	2	40	3	27	4	62	5	100	6	40	7	89	8	81	9	54	
	0	50	1	44	2	83	3	90	4	93	5	48	6	13	7	51	8	64	9	90	
	0	63	1	59	2	43	3	56	4	82	5	66	6	65	7	64	8	42	9	78	
	0	96	1	35	2	81	3	22	4	90	5	94	6	99	7	36	8	34	9	37	
	0	97	1	85	2	67	3	25	4	20	5	63	6	52	7	54	8	38	9	39	
	0	11	1	67	2	87	3	94	4	27	5	63	6	52	7	73	8	17	9	24	
	0	26	1	82	2	48	3	83	4	62	5	86	6	24	7	90	8	35	9	27	
	0	57	1	11	2	100	3	40	4	91	5	48	6	64	7	79	8	73	9	82	
	0	23	1	96	2	50	3	17	4	17	5	23	6	55	7	58	8	48	9	35	
	0	29	1	60	2	46	3	10	4	13	5	55	6	90	7	56	8	54	9	17	
	0	87	1	60	2	30	3	44	4	53	5	65	6	62	7	40	8	48	9	97	
	0	66	1	88	2	91	3	100	4	88	5	56	6	67	7	18	8	20	9	31	
	0	88	1	10	2	99	3	67	4	38	5	23	6	10	7	81	8	77	9	33	
	0	58	1	34	2	43	3	83	4	72	5	20	6	72	7	15	8	24	9	85	
	0	49	1	12	2	30	3	24	4	62	5	70	6	40	7	87	8	69	9	56	
	0	17	1	51	2	37	3	11	4	92	5	21	6	75	7	11	8	47	9	20	
	0	22	1	47	2	88	3	37	4	82	5	48	6	43	7	53	8	24	9	35	
	0	13	1	30	2	79	3	83	4	80	5	14	6	32	7	93	8	51	9	16	
	0	59	1	56	2	47	3	40	4	53	5	46	6	51	7	47	8	57	9	60	
	0	90	1	32	2	31	3	24	4	34	5	88	6	23	7	56	8	76	9	57	
	0	53	1	32	2	59	3	84	4	86	5	33	6	39	7	99	8	29	9	21	
	0	33	1	68	2	73	3	12	4	12	5	87	6	94	7	34	8	30	9	72	
	0	86	1	17	2	60	3	81	4	90	5	18	6	31	7	18	8	34	9	63	
	0	13	1	49	2	17	3	44	4	93	5	94	6	42	7	32	8	89	9	99	
	0	56	1	66	2	26	3	88	4	54	5	54	6	10	7	31	8	78	9	94	
	0	14	1	66	2	38	3	85	4	10	5	99	6	74	7	79	8	93	9	75	
	0	60	1	37	2	11	3	87	4	23	5	54	6	34	7	70	8	21	9	90	
	0	98	1	90	2	10	3	88	4	75	5	90	6	68	7	88	8	57	9	56	
	0	73	1	45	2	38	3	74	4	85	5	24	6	98	7	21	8	80	9	54	
	0	77	1	30	2	80	3	68	4	61	5	67	6	24	7	68	8	78	9	99	
	0	90	1	69	2	93	3	94	4	28	5	97	6	70	7	25	8	99	9	24	
	0	85	1	53	2	23	3	32	4	98	5	96	6	33	7	85	8	62	9	46	
	0	89	1	54	2	50	3	80	4	31	5	61	6	78	7	80	8	62	9	74	
	0	55	1	72	2	65	3	54	4	24	5	97	6	49	7	10	8	63	9	91	
	0	59	1	67	2	51	3	99	4	83	5	60	6	19	7	90	8	78	9	57	
	0	64	1	42	2	15	3	28	4	26	5	27	6	46	7	55	8	65	9	30	
	0	42	1	29	2	76	3	13	4	59	5	60	6	48	7	32	8	99	9	86	
	0	72	1	61	2	60	3	50	4	10	5	83	6	49	7	89	8	100	9	16	
	0	31	1	19	2	58	3	17	4	72	5	84	6	50	7	100	8	86	9	14	
	0	30	1	49	2	21	3	35	4	57	5	59	6	15	7	13	8	38	9	33	
	0	96	1	86	2	29	3	91	4	22	5	91	6	54	7	14	8	74	9	92	
	0	66	1	55	2	61	3	16	4	77	5	71	6	21	7	32	8	53	9	82	
	0	91	1	25	2	68	3	59	4	37	5	70	6	91	7	48	8	11	9	16	
	0	35	1	47	2	57	3	66	4	27	5	31	6	63	7	86	8	76	9	41	
	0	89	1	58	2	60	3	16	4	86	5	54	6	49	7	61	8	52	9	20	
	0	36	1	65	2	31	3	62	4	84	5	64	6	12	7	77	8	33	9	24	
	0	65	1	61	2	23	3	67	4	94	5	70	6	23	7	97	8	95	9	21	
	0	62	1	44	2	14	3	79	4	18	5	48	6	27	7	47	8	36	9	46	
	0	85	1	99	2	96	3	71	4	89	5	83	6	36	7	61	8	82	9	32	
	0	62	1	77	2	97	3	90	4	48	5	55	6	63	7	73	8	35	9	57	
	0	11	1	83	2	13	3	14	4	87	5	22	6	82	7	41	8	39	9	64	
	0	31	1	14	2	66	3	78	4	88	5	47	6	71	7	37	8	11	9	60	
	0	83	1	22	2	100	3	68	4	84	5	79	6	96	7	23	8	66	9	100	
	0	24	1	73	2	90	3	19	4	35	5	53	6	17	7	72	8	91	9	77	
	0	25	1	67	2	19	3	11	4	19	5	93	6	31	7	72	8	16	9	25	
	0	54	1	87	2	92	3	76	4	37	5	90	6	56	7	33	8	52	9	31	
	0	87	1	52	2	56	3	85	4	83	5	73	6	16	7	34	8	77	9	12	
	0	99	1	53	2	22	3	93	4	50	5	85	6	14	7	39	8	29	9	15	
	0	24	1	95	2	92	3	62	4	53	5	87	6	60	7	62	8	99	9	11	
	0	35	1	99	2	85	3	98	4	34	5	84	6	12	7	27	8	13	9	17	
	0	94	1	75	2	65	3	55	4	10	5	68	6	94	7	29	8	73	9	93	
	0	23	1	86	2	25	3	13	4	86	5	93	6	100	7	89	8	46	9	25	
	0	90	1	94	2	34	3	36	4	26	5	43	6	64	7	19	8	68	9	68	
	0	99	1	49	2	27	3	26	4	12	5	21	6	97	7	50	8	86	9	22	
	0	81	1	29	2	41	3	13	4	13	5	42	6	13	7	33	8	83	9	16	
	0	41	1	67	2	88	3	11	4	69	5	26	6	91	7	55	8	19	9	12	
	0	16	1	82	2	79	3	79	4	51	5	88	6	68	7	73	8	76	9	93	
	0	55	1	40	2	97	3	80	4	11	5	87	6	59	7	92	8	80	9	48	
	0	56	1	97	2	94	3	72	4	39	5	72	6	46	7	39	8	28	9	61	
	0	67	1	56	2	86	3	63	4	80	5	96	6	25	7	50	8	27	9	60	
	0	37	1	48	2	94	3	48	4	32	5	57	6	31	7	43	8	75	9	30	
	0	53	1	61	2	47	3	72	4	64	5	96	6	37	7	74	8	52	9	29	
	0	96	1	11	2	41	3	14	4	51	5	27	6	30	7	91	8	99	9	23	
	0	64	1	25	2	80	3	91	4	92	5	100	6	60	7	87	8	31	9	90	
	0	41	1	37	2	29	3	18	4	38	5	31	6	27	7	47	8	33	9	53	
	0	19	1	86	2	42	3	37	4	50	5	53	6	98	7	71	8	68	9	81	
	0	19	1	12	2	94	3	58	4	33	5	91	6	37	7	43	8	31	9	41	
	0	17	1	97	2	45	3	22	4	59	5	11	6	94	7	18	8	26	9	82	
	0	46	1	65	2	65	3	35	4	24	5	74	6	33	7	76	8	27	9	52	
	0	38	1	13	2	63	3	24	4	86	5	29	6	45	7	29	8	71	9	49	
	0	96	1	28	2	12	3	92	4	61	5	89	6	36	7	84	8	25	9	90	
	0	66	1	99	2	21	3	75	4	84	5	22	6	87	7	65	8	60	9	22	
	0	89	1	97	2	13	3	29	4	47	5	45	6	50	7	57	8	11	9	60	
	0	34	1	48	2	71	3	23	4	85	5	30	6	75	7	15	8	25	9	87	
	0	45	1	40	2	36	3	60	4	38	5	57	6	19	7	74	8	35	9	38	
	0	49	1	60	2	38	3	82	4	98	5	74	6	46	7	56	8	70	9	58	
	0	30	1	88	2	46	3	74	4	96	5	19	6	76	7	73	8	85	9	56	
	0	31	1	14	2	62	3	25	4	98	5	53	6	49	7	23	8	10	9	81	
	0	33	1	15	2	10	3	45	4	73	5	71	6	18	7	82	8	44	9	86	
	0	94	1	49	2	96	3	69	4	35	5	21	6	71	7	66	8	95	9	30	
	0	48	1	30	2	79	3	57	4	59	5	71	6	95	7	84	8	54	9	69	
	0	78	1	83	2	29	3	19	4	77	5	39	6	18	7	98	8	76	9	52	
	0	70	1	33	2	63	3	38	4	38	5	47	6	35	7	75	8	100	9	50	
	0	23	1	49	2	40	3	94	4	88	5	77	6	76	7	41	8	50	9	85	
	0	92	1	80	2	84	3	27	4	43	5	23	6	50	7	33	8	79	9	40	
	0	87	1	59	2	98	3	44	4	41	5	46	6	42	7	65	8	51	9	79	
	0	15	1	38	2	97	3	94	4	81	5	37	6	27	7	74	8	37	9	48	
	0	30	1	33	2	40	3	52	4	96	5	78	6	68	7	65	8	14	9	37	
	0	74	1	40	2	74	3	90	4	77	5	63	6	58	7	24	8	11	9	27	
	0	19	1	92	2	58	3	27	4	61	5	75	6	25	7	96	8	21	9	97	
	0	54	1	33	2	31	3	28	4	100	5	50	6	85	7	38	8	93	9	71	
	0	14	1	13	2	46	3	30	4	59	5	47	6	12	7	96	8	24	9	81	
	0	16	1	59	2	93	3	38	4	99	5	25	6	86	7	28	8	54	9	84	
	0	10	1	46	2	39	3	40	4	87	5	88	6	30	7	19	8	84	9	55	
	0	74	1	82	2	39	3	23	4	77	5	62	6	22	7	49	8	62	9	64	
	0	73	1	66	2	13	3	61	4	92	5	74	6	27	7	87	8	77	9	62	
	0	79	1	79	2	35	3	72	4	50	5	27	6	45	7	47	8	22	9	21	
	0	43	1	16	2	37	3	75	4	71	5	83	6	55	7	47	8	96	9	28	
	0	23	1	64	2	72	3	25	4	39	5	59	6	27	7	39	8	72	9	57	
	0	28	1	52	2	58	3	14	4	40	5	75	6	85	7	29	8	57	9	72	
	0	27	1	22	2	35	3	34	4	57	5	46	6	18	7	22	8	88	9	85	
	0	97	1	94	2	42	3	92	4	32	5	28	6	13	7	23	8	80	9	85	
	0	93	1	16	2	49	3	47	4	49	5	72	6	65	7	51	8	41	9	78	
	0	96	1	52	2	13	3	77	4	43	5	89	6	28	7	71	8	23	9	71	
	0	75	1	78	2	74	3	39	4	43	5	29	6	67	7	33	8	32	9	15	
	0	55	1	50	2	63	3	52	4	98	5	78	6	55	7	58	8	79	9	43	
	0	15	1	46	2	45	3	83	4	55	5	95	6	57	7	16	8	47	9	97	
	0	57	1	31	2	18	3	38	4	39	5	72	6	42	7	32	8	20	9	13	
	0	35	1	73	2	33	3	11	4	65	5	62	6	16	7	75	8	85	9	41	
	0	83	1	58	2	56	3	63	4	67	5	53	6	77	7	20	8	85	9	52	
	0	14	1	95	2	50	3	55	4	90	5	81	6	53	7	27	8	84	9	98	
	0	12	1	30	2	65	3	61	4	28	5	70	6	17	7	100	8	55	9	46	
	0	45	1	44	2	98	3	20	4	97	5	53	6	71	7	38	8	11	9	68	
	0	80	1	14	2	11	3	15	4	37	5	46	6	70	7	61	8	53	9	92	
	0	20	1	33	2	48	3	80	4	85	5	23	6	37	7	61	8	62	9	72	
	0	32	1	91	2	76	3	77	4	14	5	69	6	93	7	67	8	27	9	69	
	0	86	1	11	2	53	3	25	4	34	5	50	6	93	7	38	8	95	9	54	
	0	35	1	40	2	69	3	13	4	31	5	69	6	33	7	25	8	11	9	100	
	0	100	1	66	2	91	3	91	4	59	5	64	6	89	7	97	8	45	9	84	
	0	90	1	33	2	30	3	31	4	50	5	67	6	19	7	65	8	11	9	42	
	0	83	1	62	2	54	3	71	4	68	5	23	6	22	7	43	8	51	9	12	
	0	71	1	30	2	87	3	92	4	54	5	37	6	99	7	37	8	91	9	89	
	0	55	1	72	2	100	3	98	4	34	5	94	6	32	7	67	8	57	9	64	
	0	27	1	95	2	63	3	44	4	24	5	12	6	62	7	51	8	80	9	67	
	0	78	1	10	2	24	3	16	4	33	5	72	6	35	7	49	8	72	9	70	
	0	42	1	23	2	68	3	29	4	38	5	52	6	63	7	72	8	12	9	59	
	0	28	1	71	2	48	3	100	4	26	5	18	6	22	7	94	8	31	9	82	
	0	99	1	32	2	60	3	82	4	33	5	83	6	20	7	29	8	93	9	24	
	0	31	1	19	2	26	3	83	4	11	5	23	6	40	7	15	8	25	9	96	
	0	25	1	38	2	65	3	86	4	31	5	38	6	24	7	34	8	17	9	77	
	0	78	1	40	2	10	3	26	4	89	5	75	6	50	7	28	8	15	9	32	
	0	48	1	34	2	14	3	36	4	96	5	76	6	83	7	62	8	58	9	31	
	0	30	1	72	2	79	3	25	4	13	5	65	6	62	7	34	8	74	9	74	
	0	36	1	91	2	45	3	71	4	49	5	45	6	54	7	77	8	65	9	60	
	0	84	1	56	2	17	3	35	4	55	5	78	6	92	7	62	8	83	9	38	
	0	90	1	76	2	68	3	43	4	21	5	85	6	11	7	97	8	83	9	60	
	0	48	1	83	2	10	3	32	4	43	5	56	6	76	7	28	8	98	9	47	
	0	26	1	40	2	29	3	34	4	38	5	75	6	73	7	62	8	73	9	28	
	0	83	1	24	2	13	3	30	4	76	5	15	6	42	7	41	8	92	9	63	
	0	22	1	32	2	54	3	11	4	90	5	23	6	40	7	92	8	57	9	13	
	0	75	1	68	2	68	3	58	4	20	5	45	6	15	7	93	8	18	9	59	
	0	82	1	81	2	93	3	50	4	74	5	45	6	51	7	46	8	21	9	73	
	0	78	1	80	2	30	3	32	4	52	5	59	6	79	7	100	8	87	9	25	
	0	20	1	71	2	61	3	28	4	75	5	41	6	67	7	85	8	27	9	75	
	0	18	1	88	2	65	3	56	4	99	5	49	6	11	7	30	8	12	9	67	
	0	99	1	84	2	46	3	68	4	82	5	60	6	100	7	84	8	66	9	48	
	0	90	1	53	2	17	3	32	4	23	5	43	6	43	7	66	8	89	9	96	
	0	57	1	24	2	49	3	49	4	14	5	39	6	64	7	56	8	63	9	71	
	0	22	1	18	2	18	3	41	4	74	5	11	6	71	7	10	8	83	9	46	
	0	46	1	95	2	43	3	67	4	61	5	71	6	50	7	66	8	11	9	70	
	0	79	1	98	2	93	3	51	4	26	5	56	6	22	7	79	8	72	9	48	
	0	17	1	10	2	32	3	95	4	99	5	71	6	74	7	34	8	75	9	56	
	0	66	1	46	2	85	3	17	4	80	5	41	6	40	7	56	8	100	9	83	
	0	19	1	49	2	64	3	64	4	50	5	54	6	69	7	76	8	16	9	68	
	0	20	1	96	2	26	3	78	4	63	5	92	6	14	7	10	8	91	9	85	
	0	38	1	44	2	33	3	80	4	22	5	59	6	36	7	18	8	70	9	15	
	0	72	1	24	2	99	3	93	4	47	5	75	6	22	7	84	8	54	9	78	
	0	75	1	83	2	43	3	83	4	96	5	23	6	34	7	48	8	14	9	45	
	0	81	1	14	2	51	3	52	4	83	5	80	6	73	7	16	8	88	9	28	
	0	62	1	24	2	87	3	82	4	32	5	29	6	50	7	99	8	29	9	34	
	0	80	1	41	2	33	3	56	4	98	5	61	6	30	7	35	8	82	9	81	
	0	14	1	64	2	52	3	30	4	33	5	84	6	70	7	80	8	69	9	77	
	0	86	1	13	2	48	3	64	4	76	5	19	6	72	7	55	8	50	9	36	
	0	83	1	98	2	40	3	21	4	34	5	25	6	33	7	29	8	71	9	49	
	0	58	1	60	2	34	3	92	4	11	5	66	6	14	7	49	8	19	9	58	
	0	46	1	92	2	85	3	34	4	69	5	61	6	81	7	23	8	27	9	84	
	0	93	1	59	2	86	3	46	4	64	5	22	6	91	7	22	8	65	9	97	
	0	10	1	41	2	50	3	11	4	26	5	21	6	47	7	66	8	47	9	86	
	0	71	1	82	2	19	3	89	4	13	5	27	6	79	7	61	8	70	9	100	
	0	80	1	81	2	18	3	36	4	64	5	69	6	49	7	47	8	94	9	41	
	0	96	1	85	2	69	3	37	4	31	5	86	6	49	7	98	8	15	9	94	
	0	75	1	79	2	62	3	25	4	29	5	39	6	25	7	43	8	11	9	83	
	0	27	1	71	2	85	3	81	4	95	5	70	6	61	7	96	8	92	9	94	
	0	61	1	14	2	38	3	77	4	31	5	82	6	56	7	59	8	88	9	17	
	0	24	1	46	2	96	3	70	4	84	5	88	6	19	7	93	8	11	9	78	
	0	55	1	98	2	23	3	27	4	67	5	20	6	62	7	88	8	53	9	77	
	0	43	1	64	2	46	3	73	4	60	5	61	6	38	7	10	8	73	9	79	
	0	97	1	96	2	43	3	13	4	48	5	29	6	80	7	25	8	10	9	18	
	0	67	1	82	2	67	3	76	4	78	5	90	6	25	7	60	8	49	9	80	
	0	64	1	87	2	94	3	21	4	64	5	20	6	12	7	13	8	68	9	14	
	0	73	1	51	2	24	3	92	4	54	5	84	6	45	7	57	8	40	9	87	
	0	55	1	76	2	22	3	31	4	55	5	47	6	38	7	61	8	89	9	73	
	0	57	1	51	2	41	3	19	4	58	5	90	6	29	7	45	8	31	9	57	
	0	10	1	76	2	67	3	37	4	55	5	13	6	11	7	16	8	11	9	97	
	0	67	1	21	2	11	3	16	4	80	5	37	6	25	7	27	8	23	9	25	
	0	56	1	31	2	98	3	11	4	28	5	14	6	13	7	50	8	79	9	91	
	0	40	1	26	2	95	3	93	4	32	5	19	6	39	7	39	8	19	9	81	
	0	70	1	25	2	43	3	85	4	50	5	79	6	25	7	53	8	58	9	52	
	0	56	1	31	2	49	3	45	4	54	5	80	6	11	7	10	8	18	9	98	
	0	94	1	44	2	70	3	42	4	18	5	35	6	26	7	65	8	41	9	81	
	0	70	1	42	2	42	3	82	4	58	5	34	6	83	7	17	8	66	9	52	
	0	99	1	61	2	64	3	96	4	99	5	26	6	43	7	78	8	19	9	58	
	0	37	1	65	2	12	3	29	4	84	5	83	6	75	7	76	8	44	9	13	
	0	31	1	55	2	84	3	73	4	14	5	19	6	92	7	58	8	61	9	68	
	0	69	1	56	2	44	3	83	4	90	5	22	6	20	7	12	8	51	9	88	
	0	76	1	50	2	28	3	79	4	96	5	20	6	81	7	64	8	32	9	55	
	0	40	1	11	2	44	3	45	4	90	5	12	6	63	7	81	8	76	9	37	
	0	49	1	65	2	57	3	43	4	15	5	19	6	48	7	45	8	11	9	86	
	0	15	1	91	2	41	3	59	4	16	5	64	6	43	7	26	8	94	9	62	
	0	23	1	30	2	29	3	24	4	68	5	31	6	44	7	23	8	72	9	44	
	0	68	1	98	2	85	3	76	4	15	5	38	6	98	7	92	8	18	9	13	
	0	60	1	34	2	52	3	54	4	99	5	94	6	90	7	44	8	30	9	20	
	0	87	1	90	2	86	3	100	4	15	5	98	6	61	7	25	8	88	9	55	
	0	70	1	63	2	36	3	68	4	65	5	50	6	44	7	56	8	84	9	78	
	0	16	1	86	2	97	3	42	4	13	5	63	6	42	7	19	8	68	9	86	
	0	95	1	86	2	45	3	96	4	22	5	12	6	44	7	93	8	56	9	17	
	0	31	1	47	2	21	3	73	4	52	5	50	6	90	7	50	8	49	9	80	
	0	23	1	50	2	61	3	67	4	45	5	25	6	82	7	75	8	25	9	85	
	0	23	1	33	2	18	3	18	4	13	5	48	6	29	7	23	8	46	9	27	
	0	24	1	74	2	62	3	25	4	97	5	84	6	13	7	19	8	84	9	36	
	0	60	1	39	2	83	3	96	4	49	5	27	6	18	7	64	8	53	9	45	
	0	17	1	43	2	24	3	20	4	92	5	23	6	31	7	88	8	18	9	83	
	0	28	1	34	2	22	3	84	4	13	5	72	6	33	7	98	8	62	9	85	
	0	31	1	77	2	67	3	90	4	63	5	18	6	52	7	13	8	85	9	100	
	0	59	1	88	2	23	3	89	4	28	5	28	6	60	7	100	8	28	9	37	
	0	70	1	68	2	73	3	73	4	93	5	13	6	48	7	46	8	64	9	32	
	0	63	1	55	2	64	3	33	4	79	5	100	6	66	7	52	8	55	9	77	
	0	22	1	52	2	27	3	49	4	48	5	85	6	75	7	60	8	69	9	35	
	0	57	1	64	2	49	3	32	4	24	5	35	6	16	7	49	8	50	9	36	
	0	98	1	91	2	72	3	58	4	67	5	87	6	88	7	18	8	82	9	35	
	0	18	1	26	2	54	3	14	4	69	5	60	6	39	7	93	8	30	9	57	
	0	12	1	77	2	64	3	53	4	93	5	90	6	64	7	68	8	90	9	37	
	0	58	1	69	2	26	3	72	4	76	5	66	6	89	7	78	8	61	9	79	
	0	50	1	46	2	69	3	23	4	56	5	98	6	42	7	46	8	80	9	75	
	0	67	1	77	2	70	3	93	4	44	5	94	6	35	7	57	8	27	9	23	
	0	11	1	96	2	82	3	95	4	12	5	79	6	90	7	29	8	57	9	78	
	0	88	1	79	2	95	3	68	4	60	5	50	6	79	7	26	8	47	9	93	
	0	97	1	80	2	15	3	20	4	50	5	16	6	20	7	22	8	44	9	23	
	0	48	1	16	2	10	3	66	4	10	5	52	6	57	7	93	8	17	9	53	
	0	67	1	80	2	73	3	55	4	74	5	37	6	44	7	81	8	99	9	70	
	0	86	1	93	2	31	3	63	4	48	5	67	6	61	7	71	8	71	9	19	
	0	28	1	97	2	60	3	73	4	41	5	15	6	84	7	20	8	40	9	47	
	0	66	1	56	2	51	3	61	4	72	5	99	6	26	7	86	8	89	9	40	
	0	19	1	10	2	66	3	11	4	96	5	56	6	41	7	68	8	77	9	23	
	0	93	1	68	2	49	3	55	4	29	5	100	6	83	7	50	8	28	9	86	
	0	76	1	63	2	56	3	51	4	19	5	47	6	18	7	49	8	57	9	82	
	0	30	1	38	2	35	3	31	4	73	5	44	6	49	7	46	8	64	9	11	
	0	81	1	85	2	12	3	55	4	13	5	49	6	36	7	93	8	33	9	55	
	0	57	1	85	2	30	3	90	4	46	5	45	6	24	7	74	8	49	9	64	
	0	23	1	66	2	92	3	23	4	73	5	65	6	55	7	91	8	80	9	59	
	0	19	1	48	2	75	3	73	4	95	5	62	6	38	7	92	8	100	9	39	
	0	83	1	61	2	19	3	20	4	57	5	93	6	48	7	83	8	62	9	69	
	0	57	1	25	2	66	3	36	4	55	5	83	6	58	7	45	8	22	9	41	
	0	85	1	43	2	71	3	50	4	21	5	76	6	15	7	55	8	41	9	18	
	0	88	1	94	2	100	3	96	4	36	5	50	6	80	7	37	8	30	9	86	
	0	80	1	33	2	20	3	53	4	31	5	31	6	46	7	87	8	14	9	89	
	0	87	1	74	2	71	3	30	4	18	5	92	6	76	7	37	8	74	9	23	
	0	31	1	98	2	43	3	12	4	48	5	76	6	63	7	70	8	88	9	90	
	0	100	1	94	2	84	3	12	4	49	5	76	6	39	7	17	8	34	9	54	
	0	12	1	83	2	55	3	33	4	65	5	25	6	19	7	90	8	45	9	62	
	0	41	1	32	2	53	3	88	4	39	5	89	6	39	7	91	8	89	9	82	
	0	77	1	69	2	56	3	72	4	47	5	19	6	84	7	11	8	41	9	65	
	0	84	1	47	2	39	3	40	4	46	5	94	6	13	7	54	8	82	9	56	
	0	35	1	88	2	53	3	61	4	43	5	84	6	52	7	19	8	34	9	76	
	0	97	1	32	2	64	3	44	4	75	5	95	6	13	7	50	8	99	9	35	
	0	96	1	52	2	26	3	24	4	67	5	55	6	83	7	64	8	22	9	52	
	0	32	1	34	2	22	3	92	4	31	5	82	6	49	7	39	8	26	9	93	
	0	11	1	90	2	54	3	71	4	16	5	16	6	77	7	78	8	20	9	17	
	0	12	1	100	2	50	3	61	4	49	5	38	6	73	7	83	8	74	9	19	
	0	70	1	56	2	49	3	95	4	89	5	28	6	57	7	44	8	91	9	36	
	0	85	1	56	2	83	3	44	4	97	5	33	6	80	7	78	8	55	9	69	
	0	28	1	66	2	80	3	65	4	37	5	94	6	38	7	80	8	75	9	30	
	0	26	1	89	2	59	3	35	4	93	5	37	6	91	7	22	8	67	9	13	
	0	40	1	49	2	97	3	55	4	54	5	32	6	62	7	53	8	17	9	48	
	0	31	1	33	2	60	3	51	4	58	5	38	6	16	7	62	8	19	9	72	
	0	43	1	70	2	81	3	27	4	20	5	83	6	30	7	44	8	85	9	24	
	0	85	1	91	2	48	3	24	4	15	5	11	6	40	7	71	8	79	9	93	
	0	40	1	50	2	60	3	37	4	69	5	61	6	78	7	70	8	62	9	14	
	0	62	1	90	2	78	3	65	4	90	5	87	6	67	7	61	8	70	9	16	
	0	66	1	38	2	18	3	53	4	100	5	60	6	22	7	80	8	55	9	85	
	0	16	1	80	2	72	3	33	4	73	5	65	6	12	7	69	8	74	9	76	
	0	43	1	53	2	71	3	71	4	42	5	33	6	71	7	32	8	28	9	53	
	0	23	1	91	2	86	3	45	4	71	5	68	6	67	7	42	8	26	9	100	
	0	58	1	31	2	70	3	71	4	46	5	13	6	99	7	22	8	66	9	53	
	0	85	1	49	2	56	3	90	4	48	5	61	6	77	7	13	8	17	9	55	
	0	11	1	32	2	71	3	64	4	96	5	59	6	26	7	35	8	79	9	18	
	0	79	1	85	2	98	3	54	4	76	5	12	6	33	7	13	8	53	9	94	
	0	71	1	57	2	63	3	95	4	92	5	66	6	32	7	33	8	56	9	52	
	0	31	1	98	2	75	3	97	4	15	5	53	6	22	7	73	8	87	9	37	
	0	57	1	99	2	32	3	49	4	96	5	66	6	28	7	69	8	14	9	79	
	0	25	1	20	2	86	3	47	4	20	5	14	6	69	7	44	8	55	9	36	
	0	52	1	88	2	22	3	16	4	75	5	96	6	54	7	93	8	46	9	72	
	0	31	1	44	2	73	3	24	4	92	5	100	6	76	7	69	8	96	9	57	
	0	42	1	53	2	51	3	38	4	11	5	95	6	38	7	65	8	78	9	16	
	0	51	1	74	2	60	3	77	4	60	5	83	6	77	7	27	8	96	9	69	
	0	58	1	39	2	33	3	50	4	99	5	25	6	43	7	45	8	66	9	16	
	0	23	1	99	2	70	3	36	4	69	5	25	6	63	7	12	8	10	9	20	
	0	80	1	98	2	79	3	22	4	88	5	10	6	19	7	78	8	26	9	42	
	0	13	1	92	2	21	3	30	4	99	5	28	6	62	7	25	8	51	9	55	
	0	86	1	42	2	29	3	61	4	94	5	66	6	59	7	93	8	44	9	28	
	0	10	1	98	2	89	3	95	4	31	5	61	6	97	7	92	8	56	9	40	
	0	21	1	28	2	14	3	57	4	84	5	87	6	88	7	61	8	76	9	28	
	0	80	1	19	2	38	3	14	4	36	5	60	6	87	7	38	8	84	9	26	
	0	88	1	76	2	96	3	22	4	32	5	27	6	23	7	14	8	41	9	14	
	0	22	1	72	2	26	3	26	4	37	5	77	6	82	7	38	8	71	9	14	
	0	43	1	47	2	97	3	84	4	17	5	53	6	84	7	52	8	19	9	38	
	0	23	1	36	2	85	3	34	4	17	5	56	6	72	7	48	8	30	9	79	
	0	98	1	81	2	47	3	67	4	91	5	88	6	73	7	70	8	65	9	55	
	0	34	1	60	2	82	3	56	4	14	5	98	6	47	7	60	8	81	9	82	
	0	18	1	47	2	72	3	46	4	33	5	82	6	15	7	43	8	78	9	40	
	0	66	1	32	2	37	3	45	4	66	5	15	6	24	7	86	8	40	9	21	
	0	70	1	76	2	60	3	57	4	16	5	51	6	99	7	72	8	39	9	71	
	0	100	1	18	2	53	3	92	4	39	5	37	6	52	7	55	8	12	9	88	
	0	72	1	45	2	32	3	88	4	75	5	71	6	17	7	50	8	99	9	60	
	0	39	1	63	2	10	3	84	4	36	5	100	6	59	7	30	8	10	9	40	
	0	49	1	78	2	46	3	98	4	92	5	47	6	74	7	36	8	86	9	98	
	0	37	1	71	2	59	3	36	4	38	5	66	6	39	7	26	8	95	9	54	
	0	46	1	20	2	92	3	22	4	22	5	27	6	19	7	74	8	45	9	57	
	0	12	1	12	2	60	3	45	4	38	5	96	6	14	7	92	8	56	9	90	
	0	65	1	10	2	69	3	34	4	67	5	32	6	96	7	96	8	79	9	64	
	0	46	1	45	2	86	3	76	4	94	5	34	6	70	7	65	8	12	9	40	
	0	51	1	25	2	30	3	43	4	54	5	43	6	46	7	89	8	30	9	72	
	0	31	1	82	2	59	3	48	4	87	5	28	6	57	7	69	8	73	9	25	
	0	39	1	77	2	54	3	79	4	71	5	44	6	12	7	39	8	79	9	16	
	0	12	1	99	2	66	3	98	4	84	5	55	6	41	7	62	8	25	9	82	
	0	27	1	26	2	70	3	45	4	17	5	87	6	88	7	55	8	96	9	22	
	0	33	1	41	2	93	3	84	4	37	5	70	6	61	7	32	8	14	9	50	
	0	34	1	42	2	77	3	20	4	53	5	27	6	55	7	61	8	31	9	12	
	0	29	1	83	2	22	3	67	4	66	5	99	6	96	7	97	8	99	9	67	
	0	74	1	59	2	90	3	13	4	25	5	25	6	95	7	60	8	76	9	59	
	0	87	1	11	2	73	3	97	4	24	5	75	6	80	7	75	8	72	9	10	
	0	76	1	32	2	15	3	52	4	52	5	50	6	84	7	27	8	10	9	60	
	0	19	1	49	2	70	3	69	4	35	5	80	6	34	7	57	8	11	9	18	
	0	85	1	37	2	11	3	39	4	70	5	16	6	72	7	65	8	35	9	43	
	0	43	1	41	2	32	3	25	4	92	5	39	6	69	7	51	8	82	9	79	
	0	47	1	53	2	58	3	56	4	68	5	69	6	61	7	45	8	52	9	32	
	0	43	1	30	2	69	3	54	4	59	5	78	6	59	7	91	8	10	9	83	
	0	53	1	71	2	78	3	30	4	86	5	23	6	56	7	77	8	57	9	66	
	0	59	1	33	2	67	3	56	4	51	5	90	6	60	7	95	8	85	9	47	
	0	57	1	77	2	41	3	11	4	95	5	52	6	67	7	10	8	27	9	58	
	0	88	1	26	2	21	3	63	4	79	5	83	6	54	7	87	8	39	9	27	
	0	60	1	100	2	50	3	62	4	33	5	24	6	70	7	60	8	49	9	98	
	0	53	1	20	2	13	3	50	4	43	5	54	6	99	7	87	8	14	9	36	
	0	100	1	69	2	74	3	54	4	77	5	50	6	18	7	12	8	30	9	25	
	0	93	1	92	2	44	3	45	4	49	5	99	6	14	7	33	8	53	9	91	
	0	73	1	91	2	19	3	38	4	57	5	73	6	66	7	80	8	71	9	43	
	0	84	1	66	2	96	3	42	4	88	5	26	6	64	7	50	8	64	9	12	
	0	25	1	42	2	65	3	64	4	62	5	96	6	39	7	59	8	51	9	93	
	0	51	1	65	2	96	3	37	4	39	5	56	6	75	7	100	8	42	9	91	
	0	68	1	71	2	69	3	82	4	74	5	11	6	52	7	27	8	36	9	34	
	0	18	1	34	2	15	3	18	4	46	5	59	6	70	7	53	8	47	9	67	
	0	73	1	85	2	87	3	33	4	78	5	98	6	15	7	10	8	35	9	62	
	0	33	1	75	2	29	3	50	4	18	5	69	6	30	7	16	8	11	9	87	
	0	98	1	24	2	51	3	26	4	92	5	41	6	57	7	29	8	86	9	65	
	0	94	1	77	2	96	3	74	4	24	5	27	6	65	7	41	8	10	9	99	
	0	82	1	53	2	59	3	24	4	43	5	35	6	54	7	46	8	19	9	12	
	0	71	1	42	2	58	3	86	4	83	5	39	6	52	7	74	8	16	9	73	
	0	98	1	92	2	63	3	59	4	78	5	100	6	98	7	88	8	50	9	57	
	0	42	1	45	2	83	3	31	4	88	5	10	6	34	7	34	8	59	9	50	
	0	71	1	84	2	24	3	36	4	91	5	18	6	84	7	52	8	94	9	96	
	0	48	1	53	2	58	3	53	4	90	5	53	6	44	7	81	8	50	9	68	
	0	40	1	87	2	37	3	99	4	66	5	86	6	18	7	47	8	16	9	17	
	0	45	1	46	2	93	3	96	4	81	5	49	6	46	7	72	8	26	9	26	
	0	37	1	58	2	84	3	15	4	45	5	59	6	29	7	85	8	60	9	67	
	0	65	1	62	2	94	3	70	4	37	5	85	6	85	7	51	8	30	9	70	
	0	41	1	11	2	34	3	95	4	85	5	69	6	43	7	90	8	100	9	53	
	0	39	1	25	2	17	3	64	4	36	5	99	6	21	7	79	8	39	9	92	
	0	75	1	10	2	86	3	39	4	95	5	71	6	47	7	47	8	74	9	35	
	0	74	1	98	2	82	3	22	4	33	5	43	6	12	7	59	8	24	9	55	
	0	53	1	78	2	56	3	89	4	80	5	26	6	91	7	85	8	10	9	92	
	0	28	1	89	2	96	3	51	4	14	5	89	6	75	7	55	8	93	9	82	
	0	76	1	96	2	42	3	96	4	61	5	58	6	26	7	24	8	45	9	56	
	0	94	1	42	2	89	3	43	4	77	5	69	6	24	7	28	8	63	9	36	
	0	56	1	79	2	43	3	40	4	93	5	78	6	31	7	87	8	86	9	94	
	0	56	1	36	2	83	3	12	4	45	5	38	6	29	7	81	8	15	9	35	
	0	50	1	67	2	68	3	12	4	93	5	17	6	80	7	69	8	31	9	93	
	0	98	1	76	2	35	3	26	4	91	5	42	6	38	7	99	8	89	9	64	
	0	85	1	94	2	69	3	98	4	27	5	57	6	48	7	54	8	46	9	49	
	0	56	1	65	2	84	3	94	4	39	5	34	6	90	7	15	8	44	9	24	
	0	84	1	78	2	67	3	77	4	16	5	20	6	87	7	48	8	31	9	53	
	0	26	1	32	2	22	3	66	4	12	5	11	6	25	7	30	8	96	9	24	
	0	32	1	12	2	16	3	54	4	60	5	50	6	18	7	100	8	61	9	84	
	0	63	1	59	2	89	3	10	4	48	5	49	6	34	7	94	8	44	9	68	
	0	34	1	56	2	58	3	58	4	26	5	80	6	33	7	15	8	26	9	77	
	0	64	1	73	2	100	3	75	4	52	5	86	6	95	7	11	8	38	9	67	
	0	18	1	97	2	32	3	72	4	41	5	20	6	93	7	67	8	83	9	59	
	0	33	1	58	2	97	3	67	4	24	5	31	6	66	7	56	8	16	9	80	
	0	89	1	68	2	20	3	22	4	51	5	62	6	63	7	53	8	26	9	49	
	0	88	1	91	2	60	3	55	4	32	5	69	6	12	7	45	8	40	9	31	
	0	57	1	10	2	100	3	57	4	27	5	18	6	34	7	65	8	64	9	51	
	0	82	1	10	2	39	3	30	4	76	5	54	6	53	7	98	8	73	9	47	
	0	49	1	66	2	29	3	51	4	70	5	40	6	34	7	52	8	44	9	98	
	0	98	1	94	2	51	3	77	4	78	5	10	6	71	7	16	8	96	9	75	
	0	97	1	25	2	64	3	53	4	13	5	93	6	33	7	39	8	63	9	96	
	0	70	1	92	2	64	3	25	4	50	5	46	6	50	7	52	8	58	9	24	
	0	32	1	16	2	65	3	83	4	44	5	23	6	100	7	13	8	84	9	66	
	0	83	1	84	2	63	3	82	4	24	5	15	6	46	7	51	8	21	9	96	
	0	55	1	15	2	11	3	88	4	95	5	63	6	91	7	36	8	20	9	31	
	0	19	1	99	2	58	3	41	4	13	5	18	6	35	7	26	8	31	9	55	
	0	16	1	11	2	67	3	56	4	44	5	47	6	63	7	86	8	97	9	53	
	0	34	1	88	2	70	3	14	4	37	5	96	6	33	7	50	8	35	9	23	
	0	47	1	38	2	57	3	57	4	63	5	56	6	41	7	62	8	40	9	33	
	0	70	1	10	2	70	3	73	4	22	5	54	6	62	7	18	8	85	9	54	
	0	29	1	91	2	57	3	20	4	50	5	68	6	46	7	70	8	70	9	70	
	0	60	1	91	2	95	3	24	4	88	5	93	6	40	7	100	8	100	9	21	
	0	80	1	85	2	67	3	17	4	71	5	50	6	61	7	82	8	65	9	48	
	0	49	1	54	2	39	3	61	4	80	5	49	6	65	7	92	8	59	9	98	
	0	93	1	15	2	10	3	35	4	40	5	64	6	14	7	30	8	32	9	89	
	0	29	1	40	2	96	3	49	4	91	5	55	6	94	7	32	8	22	9	94	
	0	84	1	20	2	72	3	10	4	79	5	94	6	38	7	88	8	58	9	59	
	0	41	1	88	2	43	3	31	4	65	5	82	6	29	7	72	8	46	9	16	
	0	14	1	49	2	21	3	73	4	37	5	97	6	37	7	38	8	46	9	93	
	0	99	1	22	2	83	3	38	4	52	5	37	6	65	7	10	8	88	9	71	
	0	50	1	30	2	37	3	82	4	51	5	13	6	87	7	59	8	85	9	74	
	0	68	1	16	2	65	3	66	4	18	5	45	6	65	7	94	8	75	9	33	
	0	64	1	77	2	50	3	47	4	58	5	76	6	88	7	56	8	66	9	53	
	0	14	1	16	2	17	3	98	4	50	5	53	6	86	7	25	8	59	9	39	
	0	35	1	11	2	26	3	69	4	94	5	15	6	79	7	17	8	19	9	72	
	0	100	1	85	2	26	3	34	4	34	5	98	6	65	7	57	8	37	9	27	
	0	23	1	95	2	33	3	30	4	48	5	79	6	44	7	72	8	70	9	37	
	0	43	1	39	2	39	3	100	4	90	5	80	6	82	7	30	8	86	9	45	
	0	57	1	25	2	69	3	59	4	51	5	42	6	77	7	31	8	72	9	49	
	0	29	1	14	2	86	3	52	4	61	5	32	6	92	7	33	8	100	9	58	
	0	67	1	97	2	24	3	53	4	18	5	42	6	51	7	65	8	15	9	52	
	0	94	1	84	2	86	3	55	4	45	5	72	6	65	7	97	8	42	9	85	
	0	61	1	49	2	24	3	46	4	21	5	21	6	40	7	10	8	95	9	82	
	0	45	1	16	2	68	3	83	4	54	5	83	6	78	7	34	8	27	9	66	
	0	64	1	24	2	24	3	13	4	17	5	96	6	97	7	41	8	39	9	64	
	0	28	1	39	2	52	3	24	4	75	5	52	6	80	7	53	8	82	9	45	
	0	92	1	18	2	53	3	93	4	87	5	78	6	55	7	67	8	67	9	16	
	0	82	1	37	2	95	3	50	4	20	5	72	6	90	7	78	8	71	9	20	
	0	87	1	48	2	68	3	31	4	93	5	100	6	94	7	41	8	14	9	74	
	0	44	1	45	2	21	3	68	4	58	5	14	6	50	7	90	8	29	9	27	
	0	55	1	83	2	42	3	76	4	93	5	13	6	87	7	84	8	90	9	39	
	0	57	1	62	2	73	3	28	4	31	5	38	6	41	7	69	8	70	9	32	
	0	23	1	45	2	99	3	40	4	78	5	42	6	93	7	35	8	92	9	100	
	0	77	1	20	2	85	3	53	4	48	5	39	6	86	7	15	8	84	9	37	
	0	84	1	85	2	91	3	21	4	64	5	58	6	99	7	71	8	75	9	77	
	0	69	1	47	2	90	3	18	4	55	5	49	6	34	7	98	8	21	9	53	
	0	60	1	74	2	57	3	37	4	12	5	48	6	100	7	28	8	29	9	69	
	0	88	1	94	2	64	3	48	4	63	5	31	6	26	7	97	8	81	9	52	
	0	52	1	52	2	59	3	54	4	38	5	37	6	28	7	21	8	64	9	40	
	0	79	1	67	2	74	3	72	4	93	5	46	6	43	7	83	8	45	9	10	
	0	54	1	69	2	47	3	28	4	79	5	75	6	61	7	41	8	55	9	90	
	0	57	1	45	2	88	3	17	4	88	5	22	6	68	7	99	8	80	9	82	
	0	42	1	14	2	91	3	72	4	71	5	21	6	46	7	52	8	74	9	58	
	0	41	1	74	2	69	3	15	4	44	5	29	6	75	7	20	8	27	9	32	
	0	59	1	26	2	35	3	36	4	77	5	55	6	13	7	100	8	15	9	28	
	0	90	1	27	2	67	3	29	4	68	5	76	6	69	7	47	8	69	9	29	
	0	23	1	95	2	87	3	49	4	73	5	92	6	94	7	38	8	63	9	80	
	0	35	1	96	2	10	3	75	4	29	5	85	6	42	7	62	8	92	9	67	
	0	11	1	91	2	40	3	10	4	22	5	41	6	90	7	35	8	71	9	12	
	0	82	1	38	2	23	3	22	4	55	5	93	6	10	7	10	8	27	9	60	
	0	19	1	42	2	74	3	91	4	33	5	83	6	24	7	16	8	87	9	37	
	0	79	1	65	2	99	3	97	4	60	5	71	6	70	7	41	8	56	9	82	
	0	37	1	86	2	100	3	98	4	19	5	36	6	77	7	26	8	10	9	56	
	0	40	1	25	2	45	3	56	4	43	5	48	6	52	7	74	8	24	9	41	
	0	34	1	62	2	89	3	41	4	32	5	66	6	94	7	33	8	43	9	33	
	0	98	1	11	2	19	3	15	4	10	5	91	6	22	7	78	8	51	9	83	
	0	97	1	100	2	88	3	52	4	86	5	27	6	65	7	33	8	22	9	24	
	0	75	1	36	2	45	3	31	4	89	5	45	6	40	7	42	8	64	9	93	
	0	51	1	19	2	70	3	25	4	21	5	17	6	48	7	70	8	63	9	60	
	0	53	1	87	2	76	3	54	4	96	5	33	6	94	7	16	8	48	9	54	
	0	58	1	29	2	65	3	42	4	49	5	63	6	43	7	24	8	84	9	23	
	0	20	1	56	2	48	3	17	4	92	5	86	6	99	7	56	8	93	9	62	
	0	18	1	57	2	82	3	79	4	36	5	54	6	30	7	30	8	72	9	44	
	0	44	1	14	2	36	3	77	4	99	5	12	6	54	7	58	8	53	9	45	
	0	78	1	77	2	10	3	14	4	44	5	87	6	87	7	43	8	50	9	32	
	0	85	1	77	2	91	3	99	4	13	5	40	6	25	7	17	8	65	9	39	
	0	69	1	96	2	10	3	21	4	92	5	59	6	99	7	26	8	23	9	24	
	0	22	1	27	2	56	3	49	4	64	5	54	6	82	7	79	8	74	9	89	
	0	55	1	19	2	31	3	38	4	68	5	53	6	97	7	30	8	52	9	18	
	0	50	1	98	2	10	3	20	4	56	5	98	6	15	7	78	8	45	9	27	
	0	10	1	63	2	85	3	84	4	100	5	19	6	66	7	81	8	81	9	69	
	0	25	1	43	2	74	3	23	4	84	5	90	6	43	7	84	8	77	9	62	
	0	39	1	35	2	67	3	16	4	69	5	77	6	82	7	53	8	88	9	20	
	0	66	1	10	2	78	3	70	4	44	5	36	6	78	7	53	8	14	9	27	
	0	31	1	30	2	68	3	100	4	68	5	88	6	19	7	24	8	46	9	36	
	0	39	1	84	2	95	3	28	4	46	5	77	6	24	7	55	8	74	9	40	
	0	77	1	95	2	49	3	79	4	22	5	17	6	26	7	71	8	78	9	63	
	0	88	1	78	2	50	3	42	4	13	5	49	6	15	7	44	8	96	9	13	
	0	14	1	31	2	77	3	13	4	26	5	78	6	31	7	35	8	19	9	45	
	0	44	1	63	2	58	3	47	4	68	5	35	6	14	7	84	8	46	9	52	
	0	61	1	92	2	77	3	65	4	77	5	23	6	70	7	35	8	65	9	91	
	0	50	1	39	2	34	3	51	4	83	5	46	6	45	7	87	8	17	9	12	
	0	57	1	28	2	64	3	100	4	27	5	43	6	29	7	32	8	23	9	39	
	0	19	1	63	2	56	3	96	4	48	5	77	6	82	7	86	8	67	9	73	
	0	65	1	13	2	62	3	15	4	26	5	69	6	45	7	90	8	12	9	64	
	0	13	1	17	2	11	3	45	4	64	5	86	6	11	7	51	8	50	9	48	
	0	80	1	86	2	56	3	39	4	50	5	50	6	95	7	99	8	96	9	90	
	0	57	1	35	2	78	3	25	4	96	5	40	6	92	7	80	8	16	9	31	
	0	29	1	46	2	85	3	75	4	39	5	15	6	88	7	42	8	10	9	34	
	0	77	1	100	2	37	3	23	4	81	5	46	6	65	7	40	8	17	9	76	
	0	49	1	43	2	44	3	12	4	87	5	80	6	60	7	70	8	100	9	33	
	0	68	1	23	2	75	3	99	4	25	5	28	6	96	7	27	8	21	9	61	
	0	18	1	86	2	86	3	11	4	93	5	93	6	95	7	61	8	62	9	75	
	0	24	1	28	2	75	3	92	4	56	5	48	6	88	7	21	8	50	9	47	
	0	19	1	82	2	100	3	54	4	84	5	61	6	68	7	30	8	69	9	100	
	0	71	1	79	2	69	3	32	4	33	5	67	6	30	7	43	8	40	9	73	
	0	15	1	59	2	38	3	89	4	74	5	19	6	65	7	98	8	10	9	62	
	0	84	1	19	2	29	3	61	4	87	5	18	6	23	7	69	8	88	9	10	
	0	63	1	86	2	45	3	51	4	27	5	56	6	71	7	73	8	54	9	96	
	0	26	1	78	2	64	3	91	4	90	5	92	6	42	7	96	8	37	9	94	
	0	68	1	83	2	60	3	73	4	64	5	65	6	61	7	65	8	60	9	25	
	0	93	1	87	2	77	3	52	4	11	5	13	6	67	7	15	8	45	9	81	
	0	48	1	36	2	95	3	86	4	38	5	16	6	15	7	47	8	77	9	49	
	0	66	1	19	2	13	3	40	4	99	5	39	6	32	7	13	8	76	9	98	
	0	48	1	82	2	31	3	58	4	35	5	40	6	45	7	78	8	60	9	78	
	0	15	1	65	2	77	3	25	4	38	5	89	6	26	7	39	8	78	9	85	
	0	40	1	34	2	38	3	75	4	34	5	65	6	40	7	100	8	38	9	83	
	0	71	1	88	2	12	3	90	4	36	5	30	6	17	7	29	8	54	9	42	
	0	43	1	19	2	100	3	92	4	91	5	22	6	49	7	48	8	91	9	63	
	0	24	1	94	2	68	3	22	4	32	5	51	6	97	7	93	8	97	9	71	
	0	60	1	42	2	100	3	99	4	30	5	66	6	85	7	71	8	29	9	78	
	0	100	1	11	2	24	3	100	4	85	5	84	6	47	7	12	8	97	9	13	
	0	33	1	56	2	75	3	86	4	97	5	86	6	70	7	14	8	44	9	23	
	0	35	1	33	2	51	3	78	4	97	5	12	6	88	7	33	8	31	9	10	
	0	83	1	23	2	79	3	32	4	75	5	70	6	12	7	50	8	95	9	69	
	0	84	1	34	2	42	3	47	4	85	5	46	6	15	7	10	8	94	9	24	
	0	71	1	71	2	97	3	44	4	51	5	22	6	72	7	91	8	33	9	16	
	0	90	1	33	2	91	3	52	4	27	5	16	6	42	7	19	8	62	9	16	
	0	91	1	48	2	97	3	96	4	36	5	52	6	82	7	57	8	88	9	91	
	0	24	1	38	2	41	3	74	4	83	5	81	6	21	7	15	8	83	9	26	
	0	90	1	60	2	12	3	100	4	55	5	20	6	31	7	50	8	72	9	99	
	0	11	1	95	2	37	3	79	4	37	5	75	6	64	7	88	8	66	9	43	
	0	99	1	78	2	36	3	30	4	57	5	40	6	59	7	59	8	91	9	76	
	0	91	1	67	2	23	3	63	4	27	5	36	6	15	7	70	8	94	9	45	
	0	93	1	43	2	24	3	49	4	98	5	98	6	10	7	87	8	66	9	58	
	0	72	1	93	2	59	3	86	4	64	5	46	6	59	7	62	8	48	9	73	
	0	67	1	41	2	75	3	45	4	86	5	23	6	47	7	95	8	20	9	68	
	0	27	1	23	2	66	3	60	4	56	5	63	6	15	7	62	8	92	9	75	
	0	72	1	19	2	64	3	30	4	47	5	34	6	32	7	84	8	45	9	34	
	0	94	1	56	2	45	3	97	4	37	5	39	6	26	7	70	8	45	9	11	
	0	41	1	25	2	65	3	79	4	98	5	43	6	26	7	33	8	49	9	91	
	0	80	1	59	2	63	3	38	4	48	5	88	6	18	7	90	8	90	9	78	
	0	89	1	100	2	11	3	64	4	15	5	10	6	51	7	94	8	87	9	80	
	0	22	1	59	2	49	3	53	4	97	5	60	6	99	7	34	8	50	9	43	
	0	73	1	36	2	13	3	86	4	54	5	75	6	100	7	39	8	48	9	37	
	0	52	1	24	2	13	3	91	4	96	5	86	6	42	7	94	8	81	9	75	
	0	90	1	77	2	29	3	49	4	30	5	53	6	37	7	63	8	18	9	80	
	0	74	1	33	2	42	3	46	4	79	5	30	6	14	7	21	8	21	9	25	
	0	44	1	53	2	93	3	13	4	33	5	99	6	85	7	57	8	18	9	56	
	0	36	1	89	2	15	3	50	4	29	5	43	6	92	7	33	8	99	9	13	
	0	66	1	90	2	84	3	19	4	12	5	73	6	24	7	68	8	26	9	39	
	0	36	1	43	2	18	3	26	4	86	5	98	6	51	7	10	8	15	9	85	
	0	31	1	43	2	69	3	58	4	19	5	28	6	14	7	65	8	37	9	77	
	0	21	1	52	2	10	3	70	4	28	5	82	6	31	7	16	8	14	9	43	
	0	26	1	69	2	91	3	19	4	41	5	48	6	38	7	57	8	98	9	68	
	0	65	1	94	2	82	3	67	4	10	5	33	6	25	7	35	8	32	9	62	
	0	49	1	47	2	92	3	83	4	61	5	82	6	85	7	57	8	13	9	82	
	0	72	1	33	2	32	3	12	4	60	5	12	6	65	7	98	8	28	9	81	
	0	75	1	35	2	11	3	94	4	80	5	82	6	51	7	63	8	66	9	33	
	0	13	1	96	2	43	3	88	4	88	5	27	6	42	7	66	8	52	9	49	
	0	59	1	18	2	10	3	76	4	88	5	39	6	57	7	68	8	19	9	65	
	0	50	1	50	2	48	3	73	4	12	5	75	6	85	7	33	8	56	9	73	
	0	79	1	65	2	43	3	36	4	89	5	34	6	51	7	57	8	17	9	51	
	0	86	1	81	2	90	3	80	4	59	5	44	6	46	7	89	8	29	9	10	
	0	60	1	94	2	20	3	36	4	62	5	38	6	23	7	21	8	37	9	43	
	0	81	1	48	2	63	3	82	4	49	5	49	6	84	7	41	8	65	9	60	
	0	58	1	79	2	80	3	96	4	20	5	33	6	49	7	17	8	65	9	100	
	0	14	1	85	2	31	3	31	4	35	5	53	6	67	7	24	8	84	9	44	
	0	75	1	94	2	93	3	59	4	26	5	60	6	11	7	13	8	95	9	17	
	0	90	1	21	2	41	3	28	4	10	5	90	6	30	7	79	8	63	9	23	
	0	56	1	93	2	41	3	96	4	37	5	61	6	86	7	28	8	36	9	89	
	0	78	1	45	2	32	3	51	4	31	5	100	6	67	7	38	8	57	9	38	
	0	40	1	58	2	39	3	94	4	68	5	19	6	58	7	27	8	90	9	10	
	0	58	1	57	2	51	3	76	4	44	5	14	6	92	7	31	8	13	9	26	
	0	19	1	53	2	32	3	52	4	54	5	55	6	82	7	92	8	76	9	72	
	0	51	1	86	2	65	3	30	4	84	5	93	6	26	7	48	8	22	9	15	
	0	23	1	37	2	69	3	20	4	70	5	16	6	54	7	33	8	29	9	97	
	0	94	1	71	2	94	3	39	4	52	5	67	6	21	7	55	8	46	9	77	
	0	43	1	61	2	93	3	52	4	56	5	59	6	52	7	26	8	25	9	61	
	0	100	1	21	2	77	3	40	4	41	5	76	6	95	7	75	8	61	9	55	
	0	47	1	29	2	65	3	48	4	30	5	77	6	22	7	29	8	96	9	70	
	0	87	1	26	2	67	3	62	4	26	5	22	6	18	7	55	8	90	9	51	
	0	29	1	70	2	46	3	31	4	59	5	25	6	12	7	58	8	95	9	95	
	0	54	1	88	2	33	3	25	4	81	5	19	6	100	7	72	8	79	9	48	
	0	100	1	69	2	93	3	42	4	31	5	95	6	23	7	31	8	96	9	49	
	0	54	1	18	2	64	3	23	4	71	5	75	6	96	7	96	8	28	9	93	
	0	97	1	95	2	54	3	91	4	20	5	43	6	17	7	69	8	80	9	13	
	0	36	1	64	2	44	3	90	4	88	5	42	6	61	7	16	8	64	9	46	
	0	82	1	19	2	18	3	46	4	81	5	53	6	22	7	86	8	45	9	63	
	0	32	1	54	2	83	3	93	4	43	5	59	6	67	7	68	8	10	9	80	
	0	93	1	80	2	13	3	87	4	52	5	59	6	94	7	86	8	34	9	84	
	0	18	1	53	2	47	3	10	4	52	5	46	6	52	7	91	8	32	9	82	
	0	95	1	92	2	92	3	90	4	67	5	66	6	88	7	33	8	50	9	54	
	0	14	1	18	2	68	3	81	4	80	5	81	6	13	7	22	8	41	9	47	
	0	24	1	56	2	32	3	57	4	38	5	99	6	63	7	91	8	76	9	52	
	0	49	1	17	2	47	3	20	4	16	5	71	6	26	7	99	8	89	9	98	
	0	81	1	14	2	89	3	64	4	83	5	12	6	44	7	79	8	78	9	76	
	0	39	1	92	2	55	3	32	4	88	5	67	6	68	7	88	8	94	9	20	
	0	19	1	41	2	22	3	97	4	61	5	85	6	15	7	43	8	66	9	82	
	0	83	1	65	2	35	3	32	4	53	5	37	6	93	7	26	8	68	9	39	
	0	51	1	32	2	93	3	60	4	19	5	68	6	35	7	57	8	27	9	15	
	0	94	1	72	2	47	3	98	4	14	5	88	6	88	7	99	8	64	9	46	
	0	73	1	15	2	16	3	64	4	99	5	73	6	56	7	37	8	77	9	84	
	0	21	1	73	2	21	3	91	4	98	5	19	6	59	7	28	8	72	9	96	
	0	44	1	22	2	49	3	15	4	26	5	11	6	63	7	37	8	51	9	11	
	0	56	1	15	2	58	3	33	4	23	5	40	6	21	7	51	8	53	9	27	
	0	29	1	89	2	95	3	54	4	70	5	73	6	52	7	18	8	34	9	14	
	0	21	1	37	2	79	3	62	4	41	5	62	6	32	7	37	8	14	9	65	
	0	71	1	15	2	15	3	17	4	58	5	15	6	42	7	96	8	30	9	64	
	0	23	1	99	2	16	3	33	4	50	5	66	6	30	7	77	8	75	9	34	
	0	80	1	22	2	78	3	88	4	90	5	69	6	70	7	22	8	49	9	94	
	0	22	1	25	2	44	3	68	4	54	5	70	6	73	7	46	8	92	9	96	
	0	96	1	66	2	51	3	63	4	34	5	93	6	91	7	76	8	32	9	51	
	0	34	1	64	2	70	3	18	4	52	5	63	6	97	7	25	8	54	9	21	
	0	77	1	88	2	92	3	82	4	96	5	93	6	75	7	43	8	22	9	89	
	0	48	1	85	2	52	3	29	4	61	5	33	6	11	7	56	8	54	9	80	
	0	76	1	34	2	27	3	79	4	25	5	82	6	61	7	83	8	35	9	76	
	0	71	1	90	2	98	3	45	4	98	5	89	6	47	7	20	8	49	9	41	
	0	58	1	20	2	91	3	85	4	15	5	27	6	86	7	20	8	65	9	89	