500 20 1
20
	0	99	1	93	2	20	3	13	4	40	5	66	6	85	7	40	8	94	9	42	10	36	11	26	12	81	13	32	14	76	15	24	16	47	17	24	18	73	19	51	
	0	81	1	78	2	68	3	67	4	46	5	34	6	83	7	10	8	38	9	43	10	49	11	37	12	12	13	63	14	10	15	18	16	93	17	57	18	36	19	80	
	0	94	1	19	2	82	3	75	4	12	5	26	6	66	7	73	8	97	9	37	10	71	11	44	12	79	13	81	14	31	15	70	16	25	17	11	18	25	19	71	
	0	86	1	43	2	35	3	24	4	100	5	76	6	34	7	79	8	78	9	85	10	52	11	27	12	87	13	50	14	18	15	70	16	62	17	96	18	88	19	25	
	0	43	1	86	2	64	3	78	4	38	5	22	6	40	7	28	8	78	9	79	10	45	11	57	12	58	13	60	14	29	15	73	16	70	17	23	18	86	19	11	
	0	75	1	28	2	72	3	55	4	58	5	13	6	38	7	87	8	40	9	73	10	43	11	82	12	32	13	50	14	99	15	71	16	23	17	42	18	85	19	41	
	0	69	1	11	2	72	3	92	4	74	5	83	6	47	7	72	8	12	9	96	10	69	11	70	12	61	13	90	14	50	15	30	16	73	17	90	18	13	19	56	
	0	87	1	57	2	77	3	58	4	92	5	28	6	28	7	52	8	15	9	92	10	25	11	53	12	89	13	60	14	86	15	44	16	31	17	86	18	65	19	74	
	0	63	1	76	2	94	3	78	4	92	5	16	6	26	7	42	8	58	9	23	10	10	11	52	12	64	13	16	14	12	15	33	16	28	17	21	18	40	19	84	
	0	98	1	78	2	61	3	45	4	47	5	91	6	33	7	81	8	40	9	39	10	35	11	92	12	90	13	65	14	20	15	21	16	53	17	49	18	86	19	60	
	0	76	1	37	2	94	3	60	4	98	5	51	6	67	7	64	8	98	9	27	10	30	11	72	12	36	13	54	14	47	15	58	16	88	17	62	18	53	19	14	
	0	81	1	15	2	49	3	35	4	48	5	91	6	34	7	21	8	75	9	65	10	50	11	25	12	29	13	100	14	48	15	54	16	49	17	76	18	83	19	89	
	0	12	1	100	2	99	3	59	4	57	5	15	6	41	7	49	8	16	9	61	10	19	11	47	12	24	13	87	14	31	15	91	16	77	17	14	18	22	19	85	
	0	61	1	70	2	63	3	80	4	98	5	84	6	33	7	94	8	83	9	87	10	100	11	60	12	25	13	30	14	70	15	11	16	39	17	51	18	10	19	62	
	0	24	1	67	2	60	3	42	4	99	5	70	6	94	7	76	8	40	9	13	10	92	11	30	12	22	13	77	14	73	15	77	16	93	17	94	18	93	19	85	
	0	39	1	34	2	82	3	68	4	72	5	38	6	27	7	51	8	76	9	27	10	11	11	85	12	43	13	74	14	31	15	16	16	37	17	15	18	31	19	13	
	0	59	1	39	2	85	3	28	4	30	5	31	6	47	7	20	8	65	9	42	10	36	11	93	12	91	13	64	14	39	15	10	16	46	17	13	18	18	19	23	
	0	46	1	31	2	35	3	65	4	77	5	19	6	43	7	31	8	74	9	64	10	63	11	69	12	98	13	98	14	97	15	85	16	62	17	83	18	71	19	56	
	0	14	1	46	2	45	3	50	4	22	5	32	6	83	7	72	8	34	9	30	10	52	11	77	12	23	13	99	14	16	15	59	16	52	17	72	18	16	19	88	
	0	88	1	10	2	50	3	91	4	70	5	26	6	25	7	23	8	16	9	89	10	70	11	43	12	28	13	63	14	58	15	86	16	38	17	46	18	62	19	89	
	0	78	1	27	2	26	3	86	4	74	5	21	6	82	7	48	8	37	9	16	10	74	11	33	12	67	13	63	14	72	15	70	16	93	17	99	18	79	19	15	
	0	41	1	58	2	79	3	39	4	19	5	62	6	91	7	83	8	45	9	96	10	57	11	22	12	18	13	94	14	17	15	84	16	11	17	23	18	54	19	59	
	0	25	1	67	2	63	3	100	4	16	5	100	6	72	7	26	8	94	9	36	10	50	11	80	12	20	13	13	14	52	15	13	16	74	17	94	18	51	19	86	
	0	56	1	59	2	69	3	21	4	70	5	99	6	80	7	25	8	22	9	86	10	12	11	24	12	40	13	56	14	93	15	27	16	93	17	27	18	59	19	31	
	0	20	1	29	2	80	3	99	4	52	5	50	6	64	7	27	8	38	9	46	10	26	11	47	12	36	13	97	14	52	15	84	16	60	17	20	18	39	19	84	
	0	59	1	40	2	58	3	39	4	34	5	49	6	29	7	87	8	96	9	30	10	28	11	53	12	21	13	83	14	78	15	85	16	83	17	46	18	67	19	16	
	0	42	1	29	2	92	3	54	4	45	5	93	6	77	7	74	8	48	9	15	10	17	11	84	12	100	13	94	14	82	15	37	16	25	17	38	18	65	19	96	
	0	49	1	44	2	25	3	41	4	87	5	27	6	26	7	22	8	29	9	77	10	75	11	14	12	35	13	11	14	65	15	45	16	18	17	77	18	12	19	68	
	0	79	1	46	2	85	3	48	4	91	5	41	6	54	7	85	8	92	9	18	10	91	11	48	12	92	13	93	14	19	15	21	16	97	17	34	18	32	19	59	
	0	55	1	30	2	64	3	56	4	92	5	56	6	57	7	44	8	59	9	78	10	63	11	31	12	17	13	49	14	65	15	11	16	36	17	99	18	42	19	87	
	0	11	1	80	2	53	3	50	4	45	5	31	6	49	7	44	8	54	9	74	10	77	11	45	12	81	13	33	14	18	15	39	16	70	17	59	18	64	19	91	
	0	48	1	58	2	39	3	75	4	94	5	91	6	41	7	84	8	53	9	68	10	60	11	48	12	48	13	87	14	70	15	46	16	93	17	100	18	94	19	37	
	0	62	1	82	2	14	3	22	4	65	5	60	6	83	7	78	8	53	9	100	10	69	11	34	12	15	13	22	14	85	15	28	16	37	17	67	18	94	19	61	
	0	79	1	59	2	21	3	26	4	35	5	58	6	57	7	54	8	62	9	51	10	32	11	19	12	50	13	86	14	18	15	27	16	14	17	99	18	85	19	50	
	0	39	1	42	2	74	3	47	4	43	5	34	6	74	7	92	8	96	9	16	10	48	11	29	12	40	13	60	14	88	15	45	16	84	17	12	18	11	19	64	
	0	29	1	28	2	25	3	39	4	98	5	27	6	69	7	46	8	25	9	85	10	54	11	39	12	38	13	83	14	14	15	69	16	88	17	81	18	100	19	57	
	0	76	1	94	2	51	3	68	4	84	5	30	6	97	7	47	8	90	9	96	10	69	11	55	12	100	13	47	14	63	15	89	16	99	17	20	18	87	19	79	
	0	69	1	56	2	31	3	35	4	72	5	71	6	55	7	31	8	90	9	22	10	82	11	82	12	64	13	93	14	30	15	59	16	15	17	50	18	56	19	62	
	0	37	1	13	2	28	3	75	4	61	5	68	6	87	7	89	8	28	9	87	10	15	11	68	12	33	13	10	14	49	15	85	16	19	17	65	18	56	19	94	
	0	32	1	80	2	42	3	21	4	92	5	17	6	96	7	57	8	88	9	92	10	56	11	58	12	57	13	41	14	75	15	97	16	96	17	89	18	80	19	17	
	0	28	1	71	2	90	3	27	4	14	5	20	6	12	7	94	8	67	9	96	10	77	11	77	12	26	13	11	14	84	15	28	16	72	17	32	18	93	19	65	
	0	57	1	47	2	53	3	40	4	86	5	61	6	72	7	67	8	53	9	64	10	90	11	30	12	78	13	10	14	62	15	68	16	53	17	98	18	27	19	60	
	0	12	1	48	2	88	3	31	4	71	5	71	6	49	7	80	8	25	9	11	10	42	11	57	12	77	13	100	14	60	15	30	16	31	17	71	18	82	19	43	
	0	76	1	97	2	50	3	73	4	34	5	57	6	32	7	100	8	41	9	55	10	13	11	23	12	20	13	84	14	47	15	17	16	31	17	37	18	60	19	99	
	0	26	1	98	2	81	3	43	4	73	5	62	6	19	7	98	8	65	9	14	10	40	11	55	12	79	13	27	14	88	15	18	16	82	17	89	18	45	19	52	
	0	95	1	13	2	10	3	30	4	25	5	46	6	93	7	29	8	82	9	18	10	61	11	73	12	35	13	50	14	87	15	79	16	48	17	85	18	30	19	58	
	0	26	1	71	2	91	3	62	4	18	5	71	6	19	7	65	8	36	9	24	10	64	11	68	12	47	13	74	14	82	15	24	16	83	17	54	18	43	19	45	
	0	36	1	18	2	11	3	16	4	28	5	21	6	23	7	93	8	69	9	13	10	60	11	38	12	85	13	78	14	26	15	38	16	14	17	69	18	76	19	31	
	0	54	1	63	2	71	3	88	4	42	5	32	6	70	7	68	8	20	9	82	10	92	11	71	12	30	13	56	14	29	15	25	16	48	17	93	18	41	19	54	
	0	19	1	78	2	35	3	27	4	42	5	33	6	22	7	38	8	10	9	69	10	40	11	27	12	51	13	42	14	33	15	67	16	48	17	49	18	38	19	43	
	0	21	1	36	2	11	3	10	4	30	5	89	6	86	7	68	8	62	9	45	10	99	11	93	12	39	13	74	14	29	15	13	16	25	17	80	18	55	19	96	
	0	32	1	40	2	19	3	98	4	16	5	28	6	19	7	18	8	40	9	89	10	97	11	57	12	50	13	16	14	46	15	56	16	64	17	64	18	57	19	13	
	0	75	1	90	2	86	3	89	4	79	5	59	6	45	7	45	8	11	9	74	10	79	11	84	12	10	13	26	14	41	15	18	16	88	17	37	18	68	19	43	
	0	71	1	47	2	39	3	95	4	54	5	20	6	39	7	57	8	100	9	10	10	16	11	22	12	95	13	17	14	51	15	48	16	57	17	98	18	28	19	29	
	0	13	1	85	2	91	3	81	4	58	5	52	6	44	7	18	8	60	9	97	10	62	11	40	12	13	13	98	14	89	15	20	16	80	17	17	18	11	19	83	
	0	87	1	34	2	98	3	27	4	39	5	34	6	51	7	30	8	28	9	11	10	97	11	80	12	92	13	100	14	89	15	64	16	35	17	76	18	53	19	26	
	0	16	1	70	2	69	3	35	4	54	5	81	6	30	7	64	8	99	9	29	10	13	11	25	12	21	13	80	14	76	15	81	16	29	17	37	18	94	19	16	
	0	37	1	61	2	37	3	74	4	89	5	90	6	33	7	15	8	23	9	12	10	67	11	31	12	88	13	25	14	75	15	33	16	20	17	22	18	48	19	89	
	0	66	1	80	2	47	3	18	4	65	5	53	6	53	7	46	8	51	9	49	10	51	11	24	12	36	13	42	14	71	15	38	16	99	17	19	18	18	19	27	
	0	72	1	88	2	43	3	15	4	91	5	49	6	71	7	64	8	63	9	55	10	44	11	31	12	35	13	33	14	18	15	19	16	97	17	55	18	65	19	78	
	0	64	1	38	2	83	3	45	4	31	5	27	6	96	7	80	8	99	9	94	10	45	11	44	12	37	13	71	14	63	15	22	16	30	17	24	18	16	19	56	
	0	70	1	13	2	38	3	26	4	75	5	67	6	60	7	62	8	92	9	79	10	17	11	84	12	24	13	47	14	61	15	69	16	20	17	61	18	33	19	13	
	0	57	1	49	2	77	3	68	4	81	5	81	6	11	7	39	8	54	9	14	10	10	11	31	12	47	13	53	14	82	15	37	16	75	17	43	18	45	19	41	
	0	21	1	91	2	76	3	94	4	41	5	60	6	42	7	87	8	87	9	72	10	88	11	66	12	18	13	52	14	80	15	99	16	28	17	53	18	44	19	97	
	0	87	1	74	2	15	3	81	4	20	5	100	6	57	7	24	8	25	9	29	10	42	11	82	12	78	13	93	14	57	15	12	16	90	17	31	18	94	19	20	
	0	90	1	45	2	88	3	65	4	45	5	25	6	19	7	44	8	21	9	67	10	14	11	98	12	33	13	30	14	58	15	28	16	81	17	59	18	18	19	89	
	0	26	1	66	2	91	3	22	4	56	5	37	6	24	7	64	8	15	9	14	10	37	11	77	12	68	13	75	14	80	15	89	16	20	17	97	18	27	19	65	
	0	56	1	18	2	92	3	76	4	96	5	53	6	77	7	12	8	30	9	90	10	96	11	69	12	55	13	51	14	15	15	16	16	57	17	70	18	24	19	46	
	0	75	1	32	2	42	3	99	4	51	5	81	6	62	7	90	8	33	9	16	10	36	11	76	12	59	13	74	14	17	15	48	16	67	17	75	18	59	19	80	
	0	88	1	75	2	34	3	55	4	46	5	90	6	21	7	44	8	57	9	79	10	50	11	92	12	76	13	83	14	42	15	86	16	62	17	16	18	77	19	13	
	0	64	1	38	2	61	3	61	4	53	5	21	6	13	7	50	8	82	9	57	10	12	11	80	12	74	13	63	14	91	15	41	16	86	17	61	18	28	19	84	
	0	61	1	14	2	95	3	44	4	53	5	35	6	19	7	14	8	53	9	63	10	93	11	15	12	91	13	36	14	58	15	22	16	49	17	10	18	86	19	73	
	0	59	1	31	2	29	3	92	4	44	5	80	6	83	7	88	8	52	9	62	10	39	11	93	12	33	13	59	14	79	15	51	16	28	17	93	18	19	19	16	
	0	50	1	85	2	42	3	36	4	75	5	20	6	11	7	74	8	87	9	73	10	15	11	24	12	28	13	86	14	25	15	95	16	59	17	77	18	94	19	17	
	0	59	1	66	2	13	3	11	4	63	5	57	6	42	7	13	8	100	9	23	10	68	11	63	12	45	13	18	14	26	15	75	16	39	17	15	18	11	19	45	
	0	71	1	69	2	19	3	85	4	81	5	26	6	97	7	44	8	70	9	22	10	78	11	16	12	12	13	27	14	34	15	31	16	31	17	69	18	18	19	47	
	0	70	1	29	2	15	3	11	4	51	5	23	6	59	7	47	8	24	9	54	10	78	11	56	12	98	13	57	14	29	15	67	16	87	17	97	18	34	19	21	
	0	30	1	99	2	99	3	48	4	35	5	35	6	69	7	96	8	73	9	95	10	58	11	83	12	45	13	34	14	97	15	79	16	26	17	24	18	39	19	15	
	0	16	1	33	2	11	3	20	4	86	5	52	6	51	7	96	8	66	9	98	10	33	11	64	12	80	13	87	14	87	15	64	16	40	17	41	18	23	19	16	
	0	14	1	23	2	48	3	33	4	10	5	91	6	24	7	92	8	49	9	98	10	37	11	17	12	21	13	43	14	11	15	29	16	57	17	81	18	83	19	24	
	0	58	1	68	2	10	3	84	4	86	5	78	6	88	7	20	8	33	9	48	10	23	11	94	12	75	13	73	14	37	15	41	16	30	17	34	18	33	19	31	
	0	26	1	77	2	95	3	52	4	93	5	38	6	53	7	93	8	48	9	92	10	24	11	23	12	40	13	96	14	14	15	99	16	64	17	12	18	63	19	76	
	0	77	1	50	2	68	3	65	4	11	5	92	6	51	7	50	8	33	9	74	10	30	11	65	12	100	13	21	14	29	15	19	16	37	17	76	18	34	19	34	
	0	43	1	24	2	37	3	25	4	43	5	36	6	59	7	96	8	86	9	11	10	85	11	57	12	21	13	73	14	54	15	54	16	40	17	46	18	22	19	24	
	0	28	1	76	2	72	3	77	4	57	5	54	6	12	7	26	8	95	9	42	10	18	11	40	12	54	13	92	14	29	15	54	16	69	17	46	18	13	19	37	
	0	96	1	17	2	11	3	61	4	66	5	11	6	59	7	64	8	21	9	67	10	35	11	22	12	46	13	49	14	57	15	77	16	64	17	15	18	53	19	69	
	0	29	1	77	2	42	3	26	4	46	5	26	6	17	7	92	8	72	9	67	10	21	11	79	12	75	13	83	14	46	15	30	16	87	17	78	18	36	19	51	
	0	14	1	62	2	64	3	79	4	97	5	68	6	25	7	94	8	93	9	62	10	25	11	14	12	73	13	62	14	86	15	95	16	71	17	82	18	18	19	25	
	0	61	1	35	2	72	3	25	4	41	5	20	6	33	7	25	8	60	9	52	10	35	11	67	12	10	13	23	14	99	15	82	16	40	17	59	18	17	19	23	
	0	29	1	90	2	72	3	59	4	36	5	66	6	94	7	33	8	67	9	33	10	51	11	34	12	64	13	81	14	28	15	43	16	26	17	32	18	74	19	74	
	0	37	1	33	2	66	3	12	4	93	5	98	6	40	7	33	8	60	9	73	10	34	11	68	12	42	13	45	14	39	15	34	16	65	17	33	18	70	19	80	
	0	22	1	45	2	40	3	33	4	96	5	30	6	76	7	33	8	22	9	30	10	37	11	35	12	29	13	38	14	91	15	23	16	20	17	73	18	15	19	72	
	0	41	1	17	2	29	3	37	4	93	5	28	6	60	7	80	8	72	9	83	10	12	11	39	12	82	13	32	14	74	15	42	16	66	17	32	18	51	19	31	
	0	90	1	77	2	56	3	53	4	69	5	26	6	99	7	78	8	96	9	46	10	99	11	75	12	25	13	13	14	15	15	75	16	97	17	52	18	34	19	63	
	0	86	1	92	2	77	3	75	4	26	5	25	6	80	7	35	8	11	9	62	10	35	11	55	12	15	13	80	14	75	15	80	16	25	17	67	18	69	19	49	
	0	54	1	72	2	55	3	92	4	33	5	77	6	20	7	37	8	83	9	14	10	18	11	24	12	32	13	31	14	96	15	41	16	57	17	63	18	69	19	34	
	0	65	1	71	2	23	3	49	4	19	5	24	6	55	7	53	8	50	9	28	10	69	11	56	12	61	13	39	14	41	15	19	16	80	17	46	18	77	19	20	
	0	86	1	91	2	81	3	10	4	23	5	56	6	100	7	70	8	62	9	60	10	87	11	93	12	33	13	29	14	21	15	26	16	52	17	50	18	48	19	69	
	0	24	1	29	2	15	3	62	4	80	5	81	6	89	7	61	8	37	9	50	10	16	11	60	12	76	13	90	14	20	15	72	16	38	17	29	18	21	19	59	
	0	31	1	72	2	76	3	94	4	46	5	38	6	68	7	73	8	81	9	56	10	10	11	87	12	58	13	13	14	99	15	61	16	69	17	29	18	62	19	78	
	0	53	1	88	2	42	3	10	4	50	5	37	6	23	7	53	8	58	9	64	10	34	11	24	12	70	13	20	14	92	15	20	16	65	17	41	18	46	19	90	
	0	77	1	44	2	53	3	84	4	91	5	21	6	88	7	34	8	72	9	54	10	42	11	46	12	85	13	44	14	76	15	21	16	92	17	74	18	62	19	57	
	0	86	1	86	2	70	3	31	4	85	5	46	6	70	7	28	8	87	9	42	10	55	11	56	12	88	13	64	14	27	15	38	16	64	17	20	18	12	19	88	
	0	99	1	85	2	10	3	62	4	68	5	10	6	97	7	33	8	33	9	83	10	27	11	71	12	71	13	86	14	58	15	91	16	45	17	100	18	28	19	64	
	0	88	1	13	2	89	3	14	4	69	5	22	6	60	7	41	8	56	9	38	10	57	11	19	12	25	13	40	14	91	15	46	16	54	17	48	18	73	19	28	
	0	38	1	84	2	43	3	50	4	10	5	78	6	47	7	71	8	51	9	19	10	37	11	22	12	53	13	70	14	66	15	54	16	37	17	64	18	35	19	81	
	0	83	1	90	2	57	3	31	4	61	5	90	6	90	7	89	8	30	9	57	10	86	11	24	12	35	13	21	14	42	15	66	16	65	17	36	18	48	19	16	
	0	33	1	82	2	18	3	78	4	94	5	90	6	40	7	87	8	49	9	22	10	80	11	96	12	16	13	54	14	73	15	73	16	93	17	46	18	56	19	18	
	0	61	1	21	2	13	3	35	4	51	5	17	6	59	7	58	8	51	9	11	10	18	11	97	12	73	13	36	14	94	15	92	16	19	17	44	18	97	19	25	
	0	15	1	34	2	100	3	51	4	51	5	78	6	69	7	36	8	72	9	64	10	70	11	47	12	43	13	10	14	54	15	69	16	37	17	79	18	31	19	19	
	0	81	1	48	2	56	3	92	4	93	5	18	6	48	7	11	8	44	9	30	10	56	11	67	12	71	13	22	14	63	15	86	16	48	17	70	18	13	19	89	
	0	51	1	23	2	12	3	95	4	77	5	79	6	96	7	69	8	85	9	38	10	87	11	36	12	21	13	68	14	78	15	14	16	17	17	100	18	30	19	89	
	0	95	1	76	2	89	3	52	4	82	5	10	6	44	7	41	8	36	9	16	10	20	11	27	12	35	13	18	14	68	15	21	16	44	17	10	18	87	19	77	
	0	77	1	11	2	33	3	72	4	51	5	47	6	72	7	10	8	46	9	13	10	77	11	33	12	30	13	60	14	27	15	49	16	93	17	92	18	50	19	45	
	0	78	1	16	2	47	3	88	4	43	5	92	6	33	7	89	8	76	9	91	10	87	11	56	12	62	13	14	14	83	15	36	16	28	17	94	18	60	19	20	
	0	80	1	41	2	73	3	83	4	40	5	32	6	74	7	27	8	47	9	70	10	16	11	66	12	52	13	10	14	59	15	50	16	60	17	85	18	67	19	75	
	0	55	1	50	2	78	3	65	4	55	5	40	6	30	7	44	8	88	9	65	10	63	11	54	12	65	13	25	14	45	15	53	16	36	17	46	18	32	19	85	
	0	64	1	88	2	21	3	54	4	82	5	35	6	92	7	30	8	31	9	61	10	77	11	10	12	68	13	54	14	91	15	59	16	55	17	51	18	99	19	98	
	0	37	1	14	2	23	3	64	4	75	5	81	6	55	7	77	8	98	9	44	10	26	11	82	12	12	13	85	14	83	15	57	16	62	17	26	18	41	19	96	
	0	93	1	20	2	27	3	72	4	60	5	69	6	43	7	25	8	97	9	83	10	89	11	92	12	89	13	72	14	20	15	72	16	34	17	93	18	30	19	49	
	0	97	1	90	2	51	3	21	4	25	5	53	6	49	7	10	8	27	9	42	10	81	11	21	12	67	13	98	14	60	15	34	16	11	17	61	18	97	19	36	
	0	41	1	64	2	57	3	93	4	34	5	45	6	76	7	13	8	34	9	98	10	98	11	84	12	21	13	27	14	42	15	66	16	24	17	37	18	50	19	41	
	0	71	1	93	2	82	3	38	4	59	5	12	6	48	7	23	8	82	9	73	10	71	11	84	12	46	13	58	14	69	15	81	16	75	17	30	18	53	19	48	
	0	87	1	19	2	51	3	77	4	46	5	86	6	47	7	48	8	95	9	78	10	77	11	80	12	24	13	17	14	36	15	76	16	38	17	72	18	91	19	86	
	0	72	1	33	2	36	3	21	4	81	5	36	6	61	7	51	8	55	9	42	10	39	11	90	12	67	13	82	14	81	15	88	16	42	17	45	18	21	19	16	
	0	91	1	35	2	24	3	31	4	71	5	58	6	96	7	45	8	39	9	12	10	42	11	85	12	19	13	32	14	77	15	41	16	99	17	38	18	70	19	100	
	0	20	1	87	2	69	3	19	4	75	5	78	6	64	7	22	8	67	9	90	10	86	11	100	12	89	13	74	14	63	15	59	16	20	17	67	18	21	19	53	
	0	58	1	43	2	61	3	30	4	86	5	17	6	76	7	49	8	61	9	25	10	15	11	47	12	68	13	12	14	84	15	27	16	10	17	85	18	78	19	58	
	0	29	1	47	2	79	3	85	4	61	5	35	6	39	7	40	8	84	9	88	10	71	11	16	12	98	13	100	14	82	15	100	16	17	17	32	18	57	19	81	
	0	34	1	73	2	35	3	82	4	53	5	26	6	94	7	79	8	70	9	55	10	29	11	32	12	71	13	91	14	68	15	30	16	61	17	50	18	41	19	73	
	0	38	1	19	2	37	3	72	4	37	5	42	6	36	7	13	8	87	9	46	10	96	11	58	12	60	13	88	14	91	15	97	16	24	17	89	18	45	19	35	
	0	76	1	31	2	22	3	43	4	19	5	82	6	51	7	19	8	75	9	70	10	51	11	48	12	40	13	53	14	10	15	98	16	12	17	18	18	27	19	90	
	0	81	1	54	2	26	3	96	4	36	5	58	6	47	7	92	8	98	9	24	10	70	11	89	12	84	13	92	14	87	15	12	16	51	17	38	18	53	19	55	
	0	62	1	86	2	73	3	55	4	40	5	91	6	89	7	35	8	86	9	96	10	74	11	45	12	100	13	38	14	93	15	59	16	36	17	90	18	99	19	90	
	0	62	1	20	2	100	3	15	4	90	5	21	6	51	7	37	8	52	9	99	10	76	11	22	12	97	13	40	14	83	15	64	16	58	17	78	18	78	19	19	
	0	77	1	100	2	69	3	100	4	21	5	94	6	53	7	34	8	76	9	60	10	32	11	81	12	85	13	93	14	61	15	33	16	18	17	21	18	63	19	44	
	0	57	1	22	2	76	3	82	4	81	5	42	6	50	7	36	8	31	9	89	10	85	11	68	12	96	13	95	14	81	15	37	16	82	17	67	18	64	19	66	
	0	87	1	62	2	92	3	64	4	42	5	40	6	30	7	75	8	80	9	64	10	59	11	61	12	96	13	25	14	57	15	44	16	89	17	27	18	21	19	84	
	0	51	1	38	2	58	3	65	4	80	5	99	6	71	7	25	8	87	9	87	10	41	11	29	12	79	13	47	14	60	15	80	16	70	17	31	18	69	19	81	
	0	74	1	25	2	38	3	21	4	65	5	43	6	98	7	95	8	39	9	52	10	69	11	36	12	36	13	40	14	84	15	99	16	89	17	79	18	69	19	71	
	0	91	1	60	2	68	3	18	4	53	5	38	6	93	7	68	8	67	9	54	10	33	11	34	12	10	13	37	14	57	15	51	16	51	17	26	18	93	19	52	
	0	89	1	18	2	85	3	48	4	55	5	46	6	65	7	31	8	69	9	30	10	31	11	12	12	92	13	30	14	38	15	97	16	54	17	81	18	63	19	81	
	0	76	1	57	2	56	3	100	4	82	5	15	6	43	7	53	8	71	9	13	10	31	11	13	12	66	13	19	14	76	15	30	16	38	17	31	18	36	19	63	
	0	56	1	22	2	11	3	43	4	63	5	64	6	34	7	11	8	49	9	65	10	70	11	64	12	61	13	77	14	36	15	70	16	37	17	31	18	87	19	51	
	0	85	1	72	2	18	3	74	4	34	5	41	6	68	7	16	8	10	9	38	10	75	11	90	12	95	13	18	14	88	15	58	16	16	17	25	18	95	19	46	
	0	35	1	34	2	36	3	85	4	54	5	43	6	63	7	75	8	15	9	25	10	58	11	97	12	79	13	100	14	27	15	17	16	98	17	29	18	23	19	11	
	0	52	1	50	2	96	3	86	4	16	5	93	6	83	7	50	8	34	9	33	10	73	11	48	12	16	13	59	14	54	15	95	16	46	17	89	18	43	19	49	
	0	68	1	36	2	31	3	29	4	66	5	40	6	24	7	26	8	82	9	37	10	51	11	18	12	72	13	62	14	25	15	28	16	72	17	19	18	99	19	18	
	0	70	1	83	2	98	3	88	4	21	5	68	6	84	7	82	8	84	9	80	10	47	11	30	12	29	13	37	14	40	15	59	16	53	17	14	18	91	19	89	
	0	99	1	54	2	23	3	30	4	52	5	72	6	77	7	36	8	45	9	45	10	20	11	25	12	54	13	52	14	95	15	78	16	26	17	51	18	53	19	28	
	0	36	1	61	2	73	3	61	4	66	5	84	6	49	7	40	8	73	9	68	10	26	11	89	12	65	13	89	14	54	15	74	16	49	17	19	18	24	19	19	
	0	18	1	14	2	42	3	35	4	51	5	14	6	45	7	86	8	52	9	81	10	93	11	47	12	90	13	32	14	78	15	50	16	60	17	58	18	26	19	72	
	0	52	1	82	2	73	3	15	4	25	5	32	6	46	7	61	8	54	9	55	10	87	11	61	12	76	13	92	14	27	15	63	16	13	17	54	18	73	19	85	
	0	66	1	83	2	31	3	23	4	37	5	89	6	96	7	26	8	85	9	37	10	82	11	79	12	86	13	20	14	26	15	94	16	22	17	78	18	67	19	64	
	0	27	1	19	2	100	3	39	4	42	5	23	6	35	7	65	8	13	9	97	10	46	11	83	12	51	13	38	14	78	15	97	16	42	17	77	18	68	19	70	
	0	20	1	44	2	96	3	63	4	92	5	75	6	32	7	15	8	38	9	51	10	85	11	26	12	22	13	34	14	82	15	62	16	45	17	32	18	12	19	43	
	0	58	1	92	2	94	3	76	4	16	5	27	6	69	7	67	8	39	9	57	10	24	11	21	12	43	13	51	14	44	15	32	16	16	17	23	18	13	19	33	
	0	72	1	11	2	71	3	37	4	29	5	93	6	70	7	77	8	59	9	66	10	35	11	42	12	35	13	10	14	47	15	10	16	14	17	98	18	40	19	47	
	0	91	1	30	2	83	3	56	4	59	5	58	6	46	7	34	8	72	9	54	10	61	11	59	12	41	13	94	14	91	15	44	16	63	17	15	18	93	19	21	
	0	45	1	70	2	87	3	37	4	61	5	66	6	41	7	78	8	49	9	92	10	79	11	53	12	57	13	83	14	14	15	43	16	37	17	28	18	12	19	40	
	0	65	1	53	2	22	3	18	4	32	5	38	6	66	7	17	8	94	9	27	10	68	11	51	12	79	13	76	14	58	15	48	16	64	17	76	18	96	19	49	
	0	35	1	22	2	72	3	58	4	30	5	58	6	37	7	88	8	62	9	77	10	19	11	26	12	33	13	43	14	88	15	69	16	33	17	61	18	47	19	78	
	0	49	1	85	2	77	3	100	4	25	5	58	6	12	7	91	8	35	9	23	10	58	11	21	12	73	13	12	14	82	15	49	16	11	17	94	18	16	19	20	
	0	88	1	55	2	78	3	12	4	67	5	100	6	46	7	38	8	68	9	35	10	29	11	93	12	13	13	52	14	71	15	37	16	76	17	75	18	60	19	15	
	0	96	1	21	2	70	3	55	4	17	5	98	6	61	7	77	8	16	9	48	10	41	11	26	12	21	13	86	14	57	15	63	16	13	17	66	18	27	19	84	
	0	69	1	79	2	35	3	46	4	86	5	71	6	45	7	85	8	28	9	41	10	36	11	53	12	41	13	52	14	80	15	16	16	61	17	78	18	63	19	75	
	0	29	1	19	2	45	3	11	4	90	5	74	6	74	7	32	8	61	9	92	10	20	11	33	12	77	13	92	14	33	15	87	16	19	17	51	18	95	19	93	
	0	71	1	53	2	60	3	16	4	71	5	27	6	84	7	54	8	45	9	26	10	75	11	78	12	29	13	77	14	17	15	92	16	22	17	21	18	67	19	83	
	0	84	1	99	2	95	3	51	4	56	5	56	6	98	7	81	8	78	9	24	10	17	11	10	12	100	13	50	14	52	15	21	16	82	17	71	18	85	19	16	
	0	35	1	20	2	20	3	44	4	62	5	82	6	35	7	68	8	40	9	26	10	57	11	98	12	39	13	28	14	20	15	81	16	63	17	12	18	57	19	28	
	0	59	1	72	2	17	3	39	4	62	5	30	6	86	7	82	8	20	9	27	10	22	11	22	12	86	13	54	14	92	15	76	16	19	17	28	18	78	19	89	
	0	100	1	92	2	58	3	63	4	70	5	50	6	39	7	13	8	76	9	86	10	33	11	11	12	52	13	39	14	80	15	22	16	77	17	14	18	13	19	94	
	0	66	1	76	2	16	3	77	4	95	5	66	6	59	7	84	8	50	9	10	10	44	11	12	12	68	13	28	14	37	15	33	16	21	17	77	18	66	19	25	
	0	71	1	22	2	59	3	31	4	72	5	19	6	77	7	91	8	60	9	17	10	85	11	28	12	57	13	78	14	50	15	65	16	39	17	51	18	86	19	50	
	0	78	1	82	2	34	3	49	4	83	5	80	6	81	7	45	8	79	9	77	10	57	11	65	12	40	13	76	14	38	15	85	16	35	17	14	18	100	19	35	
	0	71	1	66	2	29	3	25	4	84	5	77	6	95	7	36	8	47	9	56	10	41	11	72	12	38	13	74	14	77	15	44	16	30	17	81	18	38	19	30	
	0	66	1	14	2	20	3	76	4	61	5	15	6	68	7	98	8	76	9	99	10	87	11	15	12	15	13	44	14	30	15	48	16	75	17	43	18	99	19	98	
	0	31	1	76	2	60	3	13	4	19	5	36	6	27	7	79	8	96	9	29	10	71	11	31	12	55	13	51	14	19	15	89	16	56	17	80	18	24	19	63	
	0	76	1	81	2	66	3	95	4	88	5	23	6	23	7	69	8	74	9	73	10	29	11	47	12	80	13	35	14	30	15	26	16	99	17	19	18	56	19	40	
	0	54	1	37	2	53	3	61	4	65	5	51	6	64	7	54	8	20	9	85	10	11	11	33	12	15	13	38	14	10	15	74	16	37	17	32	18	16	19	89	
	0	10	1	68	2	42	3	50	4	92	5	54	6	87	7	95	8	53	9	63	10	41	11	72	12	83	13	85	14	51	15	29	16	44	17	69	18	77	19	41	
	0	97	1	48	2	74	3	19	4	11	5	66	6	95	7	94	8	44	9	48	10	35	11	33	12	56	13	48	14	62	15	74	16	70	17	29	18	74	19	19	
	0	18	1	57	2	20	3	65	4	61	5	66	6	37	7	90	8	12	9	65	10	34	11	11	12	21	13	50	14	32	15	36	16	35	17	23	18	66	19	90	
	0	26	1	41	2	10	3	25	4	86	5	71	6	24	7	98	8	62	9	12	10	51	11	65	12	55	13	15	14	52	15	52	16	92	17	47	18	93	19	54	
	0	97	1	49	2	46	3	90	4	62	5	22	6	68	7	64	8	20	9	18	10	45	11	61	12	82	13	20	14	38	15	93	16	35	17	63	18	40	19	15	
	0	37	1	32	2	42	3	65	4	12	5	100	6	82	7	55	8	38	9	34	10	26	11	36	12	84	13	42	14	29	15	61	16	57	17	89	18	91	19	85	
	0	91	1	87	2	28	3	68	4	49	5	41	6	91	7	20	8	73	9	29	10	62	11	66	12	34	13	39	14	55	15	13	16	80	17	67	18	83	19	23	
	0	39	1	18	2	79	3	24	4	23	5	91	6	50	7	19	8	40	9	95	10	47	11	84	12	91	13	61	14	91	15	40	16	23	17	90	18	33	19	16	
	0	70	1	42	2	38	3	59	4	56	5	78	6	41	7	70	8	33	9	15	10	46	11	71	12	100	13	13	14	77	15	82	16	32	17	87	18	100	19	60	
	0	89	1	72	2	73	3	23	4	27	5	50	6	58	7	64	8	61	9	48	10	21	11	14	12	64	13	56	14	27	15	47	16	58	17	87	18	94	19	83	
	0	33	1	47	2	64	3	87	4	12	5	58	6	87	7	62	8	43	9	25	10	59	11	91	12	90	13	51	14	64	15	30	16	54	17	100	18	89	19	67	
	0	14	1	36	2	48	3	64	4	96	5	42	6	55	7	19	8	81	9	22	10	55	11	19	12	32	13	63	14	11	15	24	16	61	17	99	18	13	19	51	
	0	45	1	51	2	91	3	72	4	18	5	99	6	94	7	49	8	30	9	36	10	52	11	43	12	85	13	43	14	25	15	68	16	93	17	66	18	50	19	85	
	0	24	1	76	2	66	3	94	4	84	5	73	6	46	7	82	8	36	9	55	10	89	11	56	12	65	13	55	14	78	15	15	16	55	17	60	18	63	19	19	
	0	28	1	56	2	21	3	25	4	40	5	94	6	70	7	54	8	85	9	82	10	27	11	59	12	74	13	77	14	58	15	32	16	68	17	99	18	58	19	11	
	0	89	1	65	2	33	3	50	4	98	5	90	6	19	7	73	8	32	9	76	10	64	11	26	12	33	13	94	14	91	15	63	16	99	17	86	18	97	19	93	
	0	46	1	57	2	16	3	42	4	54	5	61	6	27	7	63	8	24	9	36	10	52	11	38	12	59	13	28	14	71	15	44	16	53	17	94	18	15	19	20	
	0	10	1	78	2	70	3	84	4	20	5	75	6	23	7	58	8	79	9	96	10	85	11	78	12	66	13	54	14	79	15	97	16	68	17	90	18	94	19	25	
	0	69	1	30	2	72	3	34	4	47	5	25	6	99	7	55	8	83	9	64	10	96	11	23	12	60	13	39	14	98	15	20	16	95	17	37	18	93	19	13	
	0	95	1	76	2	41	3	87	4	48	5	57	6	100	7	88	8	80	9	61	10	63	11	40	12	50	13	44	14	78	15	77	16	46	17	46	18	35	19	49	
	0	90	1	64	2	42	3	78	4	63	5	72	6	27	7	11	8	74	9	13	10	16	11	75	12	18	13	22	14	71	15	58	16	39	17	95	18	77	19	63	
	0	71	1	92	2	95	3	55	4	87	5	23	6	47	7	13	8	35	9	59	10	82	11	57	12	91	13	56	14	98	15	21	16	19	17	39	18	36	19	54	
	0	22	1	37	2	21	3	23	4	39	5	23	6	10	7	87	8	45	9	37	10	100	11	53	12	44	13	30	14	96	15	64	16	39	17	61	18	48	19	63	
	0	51	1	46	2	35	3	99	4	18	5	28	6	75	7	67	8	13	9	11	10	62	11	22	12	41	13	13	14	72	15	84	16	75	17	94	18	54	19	95	
	0	21	1	12	2	45	3	42	4	49	5	55	6	13	7	95	8	19	9	90	10	56	11	43	12	41	13	60	14	50	15	53	16	75	17	24	18	45	19	53	
	0	76	1	88	2	56	3	13	4	64	5	10	6	83	7	17	8	21	9	70	10	96	11	22	12	88	13	99	14	14	15	70	16	17	17	81	18	92	19	16	
	0	49	1	72	2	78	3	35	4	83	5	87	6	93	7	67	8	87	9	67	10	71	11	18	12	18	13	70	14	77	15	28	16	88	17	51	18	75	19	13	
	0	12	1	25	2	30	3	53	4	77	5	83	6	26	7	26	8	89	9	52	10	98	11	64	12	60	13	47	14	40	15	54	16	44	17	68	18	22	19	36	
	0	23	1	70	2	61	3	16	4	15	5	16	6	82	7	91	8	48	9	10	10	46	11	36	12	64	13	65	14	63	15	93	16	28	17	73	18	29	19	41	
	0	77	1	64	2	65	3	25	4	64	5	38	6	20	7	66	8	61	9	53	10	92	11	82	12	61	13	22	14	24	15	70	16	63	17	40	18	15	19	46	
	0	54	1	20	2	92	3	52	4	39	5	88	6	89	7	98	8	52	9	89	10	68	11	93	12	31	13	76	14	60	15	43	16	35	17	65	18	44	19	80	
	0	19	1	55	2	67	3	39	4	42	5	91	6	39	7	91	8	72	9	46	10	40	11	26	12	57	13	26	14	61	15	35	16	49	17	12	18	19	19	81	
	0	14	1	97	2	80	3	23	4	61	5	15	6	90	7	11	8	23	9	32	10	100	11	55	12	19	13	97	14	55	15	73	16	72	17	90	18	19	19	34	
	0	64	1	58	2	49	3	92	4	93	5	64	6	10	7	49	8	72	9	24	10	75	11	34	12	10	13	37	14	89	15	88	16	96	17	24	18	33	19	99	
	0	22	1	46	2	64	3	82	4	80	5	42	6	65	7	55	8	68	9	96	10	93	11	45	12	90	13	98	14	38	15	43	16	92	17	45	18	56	19	60	
	0	36	1	84	2	47	3	73	4	93	5	55	6	52	7	65	8	83	9	40	10	92	11	64	12	17	13	58	14	90	15	27	16	63	17	61	18	46	19	93	
	0	32	1	32	2	72	3	28	4	42	5	20	6	79	7	89	8	68	9	33	10	46	11	42	12	53	13	73	14	40	15	53	16	60	17	73	18	63	19	69	
	0	84	1	61	2	80	3	75	4	53	5	18	6	62	7	35	8	14	9	78	10	15	11	70	12	13	13	51	14	84	15	21	16	20	17	77	18	89	19	54	
	0	54	1	50	2	28	3	10	4	60	5	53	6	69	7	32	8	69	9	99	10	94	11	35	12	38	13	76	14	60	15	78	16	50	17	91	18	45	19	44	
	0	59	1	36	2	29	3	93	4	56	5	78	6	84	7	57	8	43	9	69	10	43	11	54	12	62	13	84	14	39	15	96	16	100	17	34	18	99	19	28	
	0	30	1	27	2	55	3	53	4	54	5	99	6	46	7	56	8	24	9	61	10	94	11	50	12	21	13	38	14	82	15	75	16	34	17	56	18	88	19	79	
	0	86	1	30	2	42	3	38	4	88	5	91	6	47	7	59	8	20	9	87	10	51	11	64	12	46	13	94	14	47	15	16	16	26	17	79	18	58	19	25	
	0	63	1	49	2	66	3	44	4	26	5	91	6	83	7	53	8	26	9	22	10	93	11	32	12	92	13	90	14	23	15	15	16	29	17	48	18	100	19	69	
	0	90	1	44	2	40	3	83	4	65	5	67	6	28	7	10	8	25	9	20	10	60	11	79	12	80	13	64	14	71	15	81	16	79	17	71	18	89	19	96	
	0	30	1	19	2	16	3	17	4	74	5	75	6	77	7	88	8	62	9	17	10	97	11	31	12	67	13	68	14	55	15	38	16	46	17	53	18	92	19	34	
	0	30	1	12	2	29	3	51	4	18	5	18	6	45	7	65	8	25	9	33	10	15	11	59	12	67	13	51	14	12	15	68	16	70	17	19	18	12	19	98	
	0	35	1	48	2	48	3	39	4	98	5	74	6	23	7	88	8	31	9	73	10	39	11	64	12	89	13	46	14	38	15	99	16	34	17	72	18	16	19	29	
	0	65	1	40	2	70	3	74	4	65	5	58	6	93	7	44	8	54	9	89	10	86	11	94	12	72	13	30	14	91	15	86	16	10	17	53	18	73	19	34	
	0	79	1	56	2	44	3	95	4	51	5	94	6	56	7	30	8	91	9	39	10	41	11	26	12	69	13	91	14	77	15	97	16	23	17	61	18	62	19	47	
	0	64	1	31	2	32	3	58	4	44	5	50	6	57	7	74	8	56	9	25	10	70	11	10	12	16	13	59	14	54	15	14	16	94	17	77	18	58	19	91	
	0	78	1	18	2	51	3	92	4	83	5	83	6	97	7	21	8	98	9	43	10	34	11	71	12	76	13	94	14	83	15	69	16	50	17	44	18	36	19	13	
	0	98	1	83	2	72	3	12	4	48	5	31	6	33	7	89	8	36	9	14	10	41	11	38	12	18	13	71	14	29	15	12	16	26	17	75	18	42	19	63	
	0	52	1	74	2	95	3	27	4	86	5	50	6	84	7	24	8	84	9	22	10	56	11	18	12	57	13	62	14	46	15	39	16	21	17	87	18	97	19	61	
	0	75	1	46	2	17	3	75	4	47	5	79	6	72	7	73	8	30	9	31	10	37	11	98	12	46	13	58	14	72	15	78	16	12	17	57	18	68	19	61	
	0	100	1	29	2	65	3	100	4	15	5	80	6	68	7	89	8	47	9	11	10	16	11	89	12	61	13	35	14	73	15	44	16	83	17	74	18	87	19	25	
	0	100	1	39	2	74	3	79	4	95	5	60	6	75	7	70	8	29	9	74	10	80	11	61	12	56	13	42	14	89	15	15	16	45	17	35	18	71	19	77	
	0	12	1	42	2	22	3	79	4	72	5	18	6	47	7	33	8	97	9	91	10	25	11	15	12	87	13	55	14	15	15	37	16	52	17	26	18	25	19	72	
	0	98	1	27	2	81	3	67	4	25	5	54	6	55	7	98	8	69	9	45	10	22	11	71	12	37	13	20	14	68	15	46	16	60	17	25	18	19	19	58	
	0	18	1	71	2	67	3	86	4	55	5	60	6	71	7	20	8	61	9	52	10	66	11	23	12	19	13	58	14	24	15	13	16	54	17	75	18	15	19	85	
	0	67	1	77	2	88	3	69	4	71	5	46	6	51	7	60	8	60	9	27	10	57	11	68	12	93	13	57	14	31	15	68	16	16	17	86	18	83	19	33	
	0	64	1	15	2	35	3	80	4	35	5	25	6	55	7	51	8	70	9	21	10	13	11	12	12	94	13	90	14	11	15	69	16	23	17	94	18	74	19	27	
	0	24	1	63	2	72	3	95	4	33	5	24	6	75	7	77	8	25	9	68	10	13	11	40	12	14	13	88	14	63	15	33	16	34	17	90	18	66	19	35	
	0	55	1	40	2	26	3	91	4	46	5	32	6	13	7	88	8	76	9	77	10	80	11	16	12	85	13	34	14	50	15	39	16	77	17	26	18	44	19	73	
	0	93	1	16	2	21	3	45	4	27	5	21	6	97	7	62	8	56	9	56	10	51	11	40	12	42	13	41	14	79	15	28	16	56	17	64	18	98	19	70	
	0	36	1	21	2	78	3	79	4	83	5	11	6	89	7	71	8	20	9	19	10	11	11	40	12	97	13	17	14	96	15	33	16	20	17	21	18	83	19	95	
	0	41	1	76	2	51	3	88	4	90	5	18	6	26	7	59	8	89	9	41	10	23	11	15	12	52	13	86	14	68	15	29	16	58	17	68	18	18	19	55	
	0	82	1	15	2	41	3	73	4	94	5	22	6	67	7	41	8	29	9	45	10	72	11	60	12	13	13	47	14	94	15	50	16	41	17	95	18	21	19	82	
	0	80	1	13	2	39	3	19	4	81	5	40	6	56	7	42	8	42	9	70	10	24	11	88	12	97	13	16	14	94	15	42	16	45	17	53	18	39	19	40	
	0	72	1	74	2	95	3	69	4	29	5	34	6	80	7	56	8	99	9	55	10	16	11	75	12	69	13	95	14	74	15	94	16	69	17	44	18	58	19	18	
	0	12	1	67	2	29	3	48	4	99	5	91	6	59	7	75	8	53	9	31	10	43	11	37	12	52	13	99	14	32	15	99	16	74	17	52	18	35	19	44	
	0	27	1	80	2	77	3	51	4	30	5	50	6	86	7	96	8	69	9	42	10	42	11	93	12	51	13	35	14	41	15	100	16	98	17	26	18	61	19	32	
	0	90	1	34	2	79	3	53	4	97	5	41	6	72	7	75	8	84	9	68	10	95	11	20	12	83	13	45	14	93	15	82	16	48	17	78	18	89	19	32	
	0	19	1	26	2	10	3	17	4	48	5	93	6	10	7	95	8	82	9	86	10	96	11	78	12	34	13	88	14	89	15	79	16	69	17	26	18	88	19	18	
	0	17	1	48	2	58	3	98	4	35	5	86	6	77	7	21	8	87	9	96	10	93	11	18	12	34	13	66	14	52	15	81	16	96	17	43	18	97	19	49	
	0	53	1	54	2	35	3	79	4	21	5	24	6	14	7	79	8	22	9	31	10	81	11	41	12	63	13	28	14	34	15	33	16	87	17	91	18	15	19	56	
	0	10	1	78	2	57	3	42	4	94	5	35	6	17	7	62	8	53	9	27	10	19	11	71	12	73	13	68	14	50	15	96	16	68	17	11	18	68	19	70	
	0	57	1	78	2	72	3	55	4	62	5	66	6	16	7	85	8	93	9	73	10	100	11	92	12	28	13	53	14	30	15	73	16	17	17	66	18	40	19	76	
	0	28	1	37	2	16	3	81	4	63	5	51	6	92	7	52	8	29	9	52	10	78	11	45	12	92	13	98	14	99	15	43	16	27	17	61	18	88	19	73	
	0	21	1	57	2	62	3	91	4	32	5	76	6	23	7	40	8	77	9	24	10	16	11	71	12	60	13	27	14	96	15	37	16	32	17	88	18	71	19	34	
	0	61	1	96	2	65	3	21	4	19	5	67	6	76	7	34	8	34	9	23	10	96	11	26	12	46	13	59	14	88	15	98	16	88	17	81	18	43	19	83	
	0	75	1	23	2	27	3	40	4	59	5	29	6	36	7	89	8	51	9	85	10	84	11	71	12	54	13	21	14	32	15	91	16	92	17	48	18	38	19	19	
	0	66	1	22	2	36	3	56	4	71	5	40	6	63	7	38	8	33	9	99	10	13	11	25	12	66	13	90	14	15	15	40	16	83	17	11	18	14	19	61	
	0	60	1	21	2	66	3	46	4	80	5	55	6	79	7	100	8	74	9	84	10	62	11	24	12	37	13	71	14	74	15	95	16	70	17	25	18	64	19	86	
	0	85	1	67	2	94	3	71	4	28	5	26	6	16	7	99	8	90	9	69	10	43	11	19	12	28	13	36	14	18	15	68	16	72	17	70	18	85	19	12	
	0	65	1	78	2	94	3	62	4	71	5	90	6	97	7	83	8	31	9	79	10	12	11	59	12	99	13	87	14	58	15	32	16	49	17	84	18	50	19	54	
	0	84	1	91	2	12	3	39	4	60	5	86	6	78	7	37	8	74	9	54	10	29	11	38	12	89	13	96	14	61	15	38	16	26	17	36	18	41	19	71	
	0	81	1	59	2	99	3	79	4	75	5	43	6	41	7	89	8	20	9	11	10	20	11	56	12	92	13	59	14	56	15	13	16	44	17	24	18	13	19	100	
	0	25	1	95	2	46	3	69	4	58	5	63	6	77	7	62	8	23	9	44	10	91	11	93	12	98	13	56	14	31	15	39	16	59	17	32	18	28	19	97	
	0	32	1	40	2	56	3	93	4	92	5	99	6	30	7	69	8	20	9	95	10	96	11	69	12	99	13	11	14	41	15	65	16	13	17	48	18	23	19	37	
	0	17	1	96	2	89	3	74	4	61	5	21	6	64	7	16	8	41	9	62	10	89	11	45	12	100	13	88	14	91	15	88	16	81	17	23	18	86	19	58	
	0	17	1	79	2	16	3	68	4	31	5	12	6	77	7	70	8	83	9	26	10	36	11	71	12	10	13	29	14	29	15	55	16	23	17	83	18	52	19	36	
	0	12	1	92	2	56	3	65	4	83	5	96	6	13	7	71	8	48	9	35	10	68	11	93	12	32	13	90	14	24	15	18	16	97	17	21	18	18	19	63	
	0	84	1	28	2	32	3	91	4	70	5	19	6	60	7	87	8	41	9	33	10	61	11	54	12	22	13	99	14	60	15	95	16	41	17	15	18	56	19	56	
	0	28	1	59	2	26	3	100	4	22	5	22	6	77	7	34	8	86	9	14	10	48	11	92	12	56	13	69	14	59	15	45	16	30	17	33	18	17	19	28	
	0	43	1	52	2	23	3	31	4	87	5	86	6	51	7	63	8	28	9	25	10	68	11	49	12	85	13	87	14	82	15	92	16	20	17	43	18	22	19	96	
	0	23	1	79	2	13	3	63	4	27	5	77	6	17	7	39	8	32	9	15	10	78	11	82	12	49	13	64	14	43	15	26	16	78	17	78	18	76	19	30	
	0	76	1	87	2	91	3	60	4	48	5	51	6	54	7	60	8	11	9	77	10	71	11	44	12	41	13	60	14	85	15	54	16	43	17	68	18	28	19	30	
	0	44	1	69	2	40	3	52	4	23	5	68	6	89	7	62	8	100	9	54	10	54	11	17	12	54	13	80	14	49	15	52	16	87	17	87	18	66	19	20	
	0	18	1	24	2	52	3	81	4	37	5	12	6	26	7	95	8	50	9	17	10	32	11	35	12	42	13	68	14	40	15	72	16	89	17	89	18	13	19	60	
	0	45	1	96	2	14	3	11	4	18	5	66	6	20	7	53	8	71	9	85	10	92	11	21	12	80	13	15	14	26	15	73	16	51	17	84	18	77	19	15	
	0	35	1	15	2	32	3	65	4	90	5	64	6	46	7	12	8	93	9	95	10	29	11	51	12	50	13	83	14	53	15	96	16	85	17	51	18	37	19	28	
	0	30	1	96	2	28	3	94	4	76	5	95	6	50	7	31	8	53	9	61	10	58	11	94	12	49	13	79	14	12	15	31	16	66	17	13	18	62	19	71	
	0	25	1	57	2	71	3	81	4	25	5	21	6	55	7	25	8	43	9	96	10	94	11	77	12	81	13	12	14	51	15	86	16	73	17	84	18	68	19	35	
	0	10	1	84	2	70	3	28	4	12	5	32	6	61	7	82	8	52	9	40	10	92	11	94	12	13	13	73	14	26	15	25	16	43	17	79	18	82	19	83	
	0	82	1	91	2	64	3	29	4	12	5	40	6	97	7	77	8	18	9	66	10	90	11	48	12	50	13	22	14	14	15	86	16	74	17	41	18	57	19	67	
	0	23	1	68	2	29	3	64	4	93	5	50	6	28	7	98	8	16	9	14	10	96	11	82	12	36	13	82	14	61	15	25	16	92	17	50	18	88	19	40	
	0	56	1	77	2	25	3	86	4	58	5	37	6	80	7	63	8	68	9	50	10	73	11	34	12	88	13	16	14	83	15	32	16	91	17	82	18	59	19	94	
	0	83	1	64	2	74	3	94	4	89	5	68	6	97	7	99	8	88	9	52	10	75	11	81	12	13	13	73	14	43	15	79	16	51	17	38	18	100	19	33	
	0	49	1	31	2	94	3	50	4	40	5	82	6	93	7	100	8	16	9	89	10	73	11	41	12	70	13	84	14	66	15	83	16	16	17	90	18	86	19	44	
	0	42	1	44	2	56	3	46	4	92	5	96	6	11	7	57	8	89	9	25	10	14	11	39	12	10	13	10	14	34	15	69	16	100	17	47	18	35	19	84	
	0	33	1	71	2	79	3	29	4	83	5	38	6	57	7	65	8	10	9	76	10	98	11	31	12	38	13	50	14	76	15	71	16	31	17	70	18	46	19	10	
	0	97	1	56	2	87	3	80	4	99	5	75	6	100	7	51	8	30	9	49	10	34	11	53	12	51	13	31	14	53	15	73	16	54	17	53	18	26	19	46	
	0	100	1	59	2	63	3	79	4	94	5	84	6	41	7	20	8	69	9	33	10	30	11	100	12	45	13	28	14	77	15	61	16	82	17	43	18	65	19	60	
	0	50	1	95	2	27	3	37	4	66	5	26	6	68	7	84	8	64	9	86	10	48	11	94	12	47	13	87	14	98	15	85	16	85	17	45	18	57	19	85	
	0	94	1	54	2	52	3	44	4	68	5	35	6	87	7	46	8	63	9	75	10	39	11	63	12	97	13	84	14	86	15	56	16	38	17	60	18	27	19	52	
	0	60	1	88	2	15	3	64	4	71	5	97	6	55	7	84	8	48	9	27	10	44	11	79	12	70	13	45	14	82	15	34	16	52	17	41	18	88	19	61	
	0	18	1	67	2	49	3	55	4	65	5	56	6	94	7	21	8	37	9	36	10	26	11	55	12	25	13	89	14	43	15	67	16	13	17	86	18	50	19	74	
	0	34	1	40	2	63	3	91	4	17	5	17	6	37	7	58	8	88	9	24	10	69	11	45	12	50	13	13	14	22	15	12	16	46	17	33	18	58	19	10	
	0	97	1	61	2	57	3	24	4	45	5	16	6	21	7	94	8	51	9	45	10	67	11	91	12	98	13	67	14	69	15	41	16	63	17	31	18	31	19	18	
	0	68	1	23	2	56	3	28	4	17	5	25	6	31	7	43	8	44	9	60	10	20	11	77	12	36	13	59	14	33	15	93	16	67	17	41	18	74	19	47	
	0	69	1	64	2	96	3	41	4	54	5	93	6	89	7	12	8	34	9	72	10	57	11	24	12	83	13	30	14	49	15	20	16	50	17	73	18	21	19	85	
	0	92	1	93	2	61	3	83	4	64	5	16	6	46	7	53	8	12	9	85	10	51	11	72	12	58	13	52	14	27	15	80	16	44	17	27	18	15	19	75	
	0	80	1	25	2	61	3	92	4	96	5	17	6	86	7	76	8	21	9	38	10	10	11	36	12	27	13	89	14	38	15	46	16	12	17	96	18	68	19	12	
	0	68	1	42	2	43	3	16	4	16	5	48	6	84	7	65	8	45	9	60	10	71	11	88	12	73	13	18	14	21	15	33	16	45	17	98	18	73	19	31	
	0	44	1	88	2	88	3	83	4	38	5	17	6	72	7	93	8	53	9	38	10	12	11	10	12	98	13	90	14	70	15	85	16	46	17	38	18	17	19	59	
	0	20	1	39	2	31	3	49	4	59	5	91	6	14	7	92	8	70	9	27	10	95	11	28	12	63	13	53	14	25	15	44	16	33	17	88	18	18	19	60	
	0	40	1	83	2	44	3	73	4	33	5	16	6	96	7	35	8	70	9	16	10	100	11	20	12	47	13	32	14	61	15	71	16	57	17	14	18	11	19	85	
	0	21	1	71	2	67	3	49	4	28	5	87	6	65	7	85	8	59	9	30	10	69	11	37	12	84	13	88	14	79	15	19	16	16	17	84	18	12	19	25	
	0	98	1	80	2	32	3	87	4	71	5	36	6	27	7	65	8	54	9	47	10	52	11	73	12	69	13	50	14	14	15	75	16	30	17	59	18	98	19	72	
	0	38	1	24	2	34	3	58	4	75	5	14	6	14	7	24	8	37	9	68	10	49	11	71	12	90	13	44	14	24	15	35	16	37	17	14	18	28	19	71	
	0	16	1	33	2	71	3	74	4	59	5	45	6	63	7	39	8	51	9	29	10	10	11	96	12	19	13	28	14	79	15	18	16	89	17	49	18	21	19	70	
	0	84	1	25	2	41	3	47	4	34	5	30	6	91	7	33	8	100	9	60	10	45	11	30	12	47	13	26	14	93	15	19	16	48	17	73	18	27	19	39	
	0	15	1	36	2	24	3	35	4	73	5	86	6	26	7	26	8	100	9	28	10	89	11	44	12	20	13	46	14	24	15	59	16	25	17	84	18	20	19	76	
	0	13	1	25	2	93	3	27	4	70	5	30	6	39	7	87	8	77	9	29	10	82	11	68	12	41	13	45	14	20	15	88	16	83	17	10	18	16	19	20	
	0	22	1	96	2	50	3	21	4	72	5	83	6	38	7	43	8	85	9	16	10	73	11	90	12	15	13	98	14	89	15	93	16	58	17	97	18	68	19	14	
	0	51	1	37	2	87	3	12	4	73	5	71	6	84	7	90	8	33	9	70	10	69	11	72	12	73	13	86	14	76	15	100	16	42	17	64	18	15	19	24	
	0	52	1	68	2	36	3	79	4	22	5	60	6	36	7	43	8	14	9	81	10	54	11	78	12	73	13	42	14	23	15	69	16	45	17	36	18	92	19	92	
	0	79	1	31	2	57	3	42	4	56	5	66	6	70	7	89	8	92	9	50	10	33	11	80	12	38	13	90	14	26	15	63	16	96	17	81	18	10	19	43	
	0	44	1	70	2	54	3	21	4	67	5	32	6	17	7	19	8	39	9	57	10	60	11	31	12	55	13	16	14	66	15	23	16	12	17	46	18	17	19	59	
	0	19	1	80	2	72	3	60	4	91	5	53	6	54	7	52	8	57	9	34	10	30	11	11	12	43	13	87	14	56	15	66	16	94	17	45	18	76	19	22	
	0	25	1	19	2	80	3	84	4	25	5	47	6	95	7	33	8	50	9	71	10	53	11	28	12	64	13	21	14	33	15	79	16	31	17	10	18	30	19	72	
	0	70	1	42	2	90	3	10	4	85	5	62	6	50	7	21	8	61	9	32	10	42	11	53	12	54	13	24	14	54	15	15	16	98	17	72	18	22	19	50	
	0	73	1	62	2	94	3	45	4	65	5	65	6	48	7	15	8	57	9	31	10	22	11	57	12	90	13	45	14	77	15	76	16	39	17	30	18	65	19	85	
	0	75	1	76	2	44	3	98	4	80	5	21	6	90	7	69	8	53	9	74	10	17	11	41	12	78	13	83	14	45	15	31	16	78	17	77	18	27	19	99	
	0	32	1	62	2	35	3	75	4	53	5	32	6	50	7	90	8	72	9	48	10	50	11	59	12	74	13	73	14	76	15	25	16	84	17	84	18	34	19	75	
	0	27	1	43	2	62	3	74	4	29	5	82	6	32	7	100	8	80	9	74	10	23	11	91	12	99	13	84	14	29	15	22	16	86	17	56	18	91	19	42	
	0	30	1	51	2	84	3	93	4	33	5	27	6	38	7	52	8	26	9	35	10	11	11	33	12	10	13	77	14	68	15	97	16	33	17	78	18	100	19	93	
	0	35	1	43	2	59	3	27	4	41	5	31	6	30	7	65	8	86	9	91	10	22	11	88	12	56	13	75	14	92	15	34	16	38	17	65	18	46	19	51	
	0	34	1	72	2	68	3	68	4	86	5	19	6	50	7	40	8	13	9	78	10	30	11	73	12	19	13	30	14	41	15	98	16	56	17	84	18	88	19	50	
	0	81	1	53	2	60	3	79	4	81	5	95	6	66	7	47	8	99	9	31	10	97	11	91	12	11	13	90	14	46	15	64	16	12	17	68	18	72	19	23	
	0	61	1	70	2	59	3	75	4	96	5	80	6	19	7	30	8	20	9	12	10	56	11	96	12	55	13	40	14	55	15	32	16	85	17	40	18	20	19	85	
	0	77	1	97	2	24	3	87	4	82	5	36	6	16	7	77	8	86	9	38	10	91	11	22	12	97	13	26	14	80	15	98	16	69	17	40	18	20	19	19	
	0	17	1	69	2	41	3	34	4	65	5	67	6	13	7	43	8	81	9	58	10	46	11	81	12	46	13	80	14	38	15	67	16	30	17	28	18	35	19	13	
	0	21	1	95	2	23	3	31	4	24	5	64	6	36	7	31	8	53	9	85	10	38	11	96	12	44	13	51	14	86	15	33	16	90	17	49	18	84	19	85	
	0	68	1	60	2	89	3	55	4	53	5	20	6	33	7	18	8	35	9	12	10	34	11	55	12	88	13	85	14	77	15	11	16	95	17	86	18	19	19	56	
	0	89	1	22	2	80	3	30	4	78	5	20	6	73	7	54	8	32	9	35	10	11	11	71	12	39	13	86	14	18	15	47	16	39	17	56	18	46	19	52	
	0	41	1	80	2	35	3	23	4	75	5	41	6	16	7	92	8	69	9	39	10	58	11	89	12	82	13	47	14	75	15	38	16	80	17	53	18	14	19	76	
	0	30	1	87	2	73	3	45	4	66	5	97	6	91	7	88	8	36	9	42	10	79	11	55	12	14	13	30	14	76	15	57	16	12	17	92	18	63	19	90	
	0	46	1	32	2	78	3	35	4	87	5	32	6	74	7	54	8	49	9	98	10	42	11	29	12	10	13	96	14	14	15	17	16	37	17	67	18	100	19	42	
	0	13	1	91	2	48	3	46	4	55	5	48	6	43	7	46	8	45	9	73	10	20	11	84	12	87	13	82	14	24	15	94	16	85	17	37	18	38	19	97	
	0	92	1	98	2	56	3	34	4	65	5	27	6	91	7	58	8	68	9	94	10	16	11	96	12	14	13	62	14	57	15	46	16	82	17	99	18	38	19	69	
	0	46	1	96	2	38	3	27	4	45	5	42	6	29	7	97	8	90	9	62	10	57	11	50	12	32	13	69	14	44	15	40	16	89	17	13	18	66	19	88	
	0	19	1	47	2	22	3	88	4	44	5	72	6	74	7	54	8	75	9	94	10	62	11	27	12	47	13	69	14	72	15	24	16	52	17	84	18	74	19	93	
	0	31	1	54	2	77	3	86	4	25	5	24	6	73	7	35	8	15	9	39	10	100	11	84	12	20	13	87	14	34	15	73	16	56	17	88	18	66	19	61	
	0	22	1	77	2	18	3	74	4	96	5	24	6	96	7	94	8	72	9	74	10	35	11	46	12	47	13	87	14	10	15	82	16	38	17	97	18	93	19	61	
	0	45	1	58	2	53	3	38	4	20	5	54	6	95	7	34	8	14	9	17	10	33	11	38	12	35	13	16	14	76	15	61	16	33	17	43	18	50	19	33	
	0	71	1	10	2	29	3	85	4	79	5	69	6	42	7	53	8	54	9	56	10	16	11	46	12	41	13	41	14	53	15	72	16	47	17	80	18	21	19	14	
	0	51	1	60	2	50	3	14	4	85	5	13	6	51	7	15	8	25	9	78	10	73	11	76	12	98	13	96	14	99	15	25	16	32	17	54	18	60	19	19	
	0	100	1	68	2	42	3	69	4	10	5	24	6	48	7	93	8	17	9	36	10	73	11	42	12	45	13	79	14	39	15	37	16	18	17	17	18	96	19	96	
	0	47	1	51	2	70	3	42	4	40	5	10	6	100	7	20	8	66	9	50	10	91	11	39	12	62	13	50	14	62	15	13	16	81	17	16	18	78	19	60	
	0	50	1	51	2	47	3	73	4	42	5	18	6	32	7	14	8	17	9	58	10	34	11	31	12	16	13	64	14	17	15	19	16	82	17	80	18	48	19	86	
	0	72	1	29	2	33	3	66	4	17	5	79	6	74	7	10	8	48	9	83	10	11	11	16	12	27	13	18	14	97	15	24	16	78	17	33	18	82	19	98	
	0	23	1	60	2	25	3	47	4	60	5	63	6	43	7	95	8	50	9	90	10	10	11	15	12	23	13	68	14	35	15	55	16	99	17	62	18	79	19	41	
	0	73	1	49	2	72	3	43	4	92	5	74	6	10	7	14	8	15	9	23	10	36	11	27	12	63	13	35	14	64	15	36	16	45	17	72	18	99	19	70	
	0	65	1	42	2	47	3	68	4	60	5	44	6	25	7	54	8	30	9	15	10	49	11	74	12	91	13	28	14	40	15	77	16	32	17	91	18	93	19	33	
	0	99	1	64	2	52	3	72	4	14	5	57	6	37	7	48	8	55	9	58	10	79	11	49	12	53	13	70	14	38	15	17	16	90	17	18	18	93	19	82	
	0	53	1	36	2	49	3	93	4	95	5	77	6	98	7	89	8	90	9	28	10	49	11	17	12	57	13	14	14	38	15	45	16	47	17	54	18	69	19	63	
	0	49	1	46	2	48	3	51	4	53	5	30	6	67	7	24	8	18	9	44	10	43	11	91	12	91	13	97	14	35	15	59	16	35	17	81	18	18	19	49	
	0	76	1	62	2	49	3	34	4	23	5	55	6	24	7	49	8	72	9	65	10	14	11	36	12	33	13	70	14	60	15	99	16	39	17	17	18	21	19	39	
	0	81	1	51	2	87	3	30	4	45	5	56	6	95	7	84	8	34	9	94	10	61	11	66	12	94	13	31	14	97	15	83	16	45	17	96	18	27	19	48	
	0	56	1	51	2	65	3	24	4	42	5	82	6	29	7	54	8	81	9	81	10	21	11	24	12	52	13	85	14	70	15	81	16	55	17	82	18	21	19	30	
	0	32	1	90	2	69	3	26	4	89	5	94	6	80	7	63	8	89	9	22	10	49	11	49	12	56	13	20	14	26	15	64	16	17	17	76	18	13	19	39	
	0	19	1	44	2	46	3	98	4	94	5	46	6	28	7	89	8	15	9	23	10	27	11	61	12	62	13	77	14	74	15	55	16	55	17	78	18	99	19	16	
	0	14	1	62	2	74	3	44	4	70	5	51	6	44	7	27	8	85	9	17	10	51	11	61	12	51	13	39	14	45	15	79	16	75	17	49	18	100	19	35	
	0	44	1	10	2	31	3	97	4	79	5	78	6	64	7	75	8	56	9	18	10	61	11	70	12	98	13	33	14	54	15	18	16	75	17	53	18	70	19	90	
	0	68	1	45	2	36	3	63	4	53	5	53	6	25	7	54	8	85	9	100	10	19	11	72	12	74	13	10	14	34	15	40	16	55	17	34	18	17	19	76	
	0	16	1	54	2	30	3	15	4	17	5	17	6	74	7	88	8	25	9	94	10	81	11	100	12	32	13	34	14	22	15	58	16	80	17	77	18	25	19	64	
	0	51	1	23	2	51	3	35	4	95	5	68	6	43	7	28	8	49	9	85	10	59	11	81	12	81	13	55	14	57	15	86	16	38	17	63	18	75	19	89	
	0	99	1	68	2	29	3	37	4	23	5	61	6	63	7	95	8	17	9	66	10	13	11	81	12	41	13	36	14	43	15	21	16	47	17	16	18	49	19	62	
	0	31	1	30	2	39	3	69	4	54	5	97	6	14	7	47	8	14	9	75	10	59	11	97	12	66	13	19	14	71	15	35	16	82	17	38	18	14	19	78	
	0	56	1	93	2	66	3	83	4	69	5	34	6	20	7	32	8	70	9	28	10	68	11	16	12	60	13	84	14	77	15	35	16	89	17	62	18	29	19	82	
	0	16	1	20	2	19	3	73	4	99	5	37	6	76	7	36	8	87	9	65	10	93	11	47	12	43	13	79	14	63	15	87	16	60	17	98	18	68	19	11	
	0	50	1	44	2	64	3	57	4	27	5	84	6	58	7	12	8	19	9	93	10	80	11	68	12	49	13	43	14	77	15	79	16	21	17	73	18	54	19	12	
	0	28	1	33	2	21	3	54	4	46	5	81	6	49	7	98	8	11	9	95	10	30	11	15	12	22	13	55	14	69	15	30	16	33	17	14	18	29	19	26	
	0	91	1	64	2	51	3	13	4	100	5	82	6	21	7	83	8	13	9	54	10	77	11	38	12	68	13	83	14	15	15	72	16	26	17	90	18	47	19	23	
	0	31	1	87	2	44	3	33	4	38	5	81	6	96	7	95	8	93	9	52	10	48	11	92	12	78	13	59	14	13	15	98	16	38	17	74	18	100	19	25	
	0	100	1	66	2	59	3	25	4	64	5	58	6	92	7	58	8	28	9	20	10	36	11	27	12	23	13	25	14	19	15	91	16	13	17	97	18	17	19	42	
	0	89	1	23	2	85	3	42	4	50	5	96	6	41	7	100	8	92	9	87	10	81	11	11	12	33	13	37	14	94	15	23	16	71	17	67	18	48	19	87	
	0	49	1	97	2	88	3	45	4	53	5	99	6	41	7	68	8	32	9	55	10	86	11	74	12	72	13	32	14	96	15	30	16	23	17	41	18	83	19	81	
	0	64	1	92	2	69	3	100	4	11	5	79	6	73	7	17	8	28	9	55	10	55	11	25	12	51	13	94	14	53	15	55	16	98	17	95	18	12	19	63	
	0	45	1	83	2	74	3	49	4	89	5	13	6	99	7	26	8	80	9	27	10	100	11	79	12	15	13	51	14	17	15	72	16	97	17	91	18	97	19	91	
	0	88	1	18	2	63	3	84	4	82	5	22	6	87	7	66	8	80	9	92	10	67	11	84	12	97	13	81	14	87	15	73	16	16	17	16	18	26	19	30	
	0	88	1	43	2	56	3	10	4	49	5	66	6	88	7	67	8	73	9	83	10	94	11	36	12	22	13	77	14	62	15	28	16	70	17	45	18	50	19	69	
	0	67	1	11	2	69	3	86	4	34	5	34	6	89	7	100	8	27	9	91	10	23	11	89	12	100	13	90	14	84	15	26	16	45	17	22	18	57	19	69	
	0	95	1	11	2	28	3	51	4	41	5	45	6	19	7	13	8	92	9	97	10	100	11	49	12	45	13	50	14	55	15	29	16	44	17	66	18	27	19	11	
	0	32	1	10	2	99	3	57	4	98	5	77	6	55	7	90	8	94	9	96	10	60	11	31	12	82	13	23	14	54	15	67	16	97	17	14	18	14	19	30	
	0	59	1	92	2	41	3	66	4	58	5	59	6	99	7	13	8	82	9	68	10	70	11	99	12	45	13	86	14	68	15	62	16	81	17	94	18	67	19	49	
	0	18	1	20	2	47	3	59	4	15	5	20	6	16	7	93	8	62	9	74	10	54	11	62	12	40	13	75	14	38	15	16	16	59	17	30	18	73	19	40	
	0	59	1	68	2	14	3	26	4	35	5	26	6	13	7	45	8	14	9	74	10	16	11	82	12	31	13	87	14	71	15	95	16	92	17	98	18	81	19	97	
	0	44	1	52	2	21	3	13	4	19	5	17	6	31	7	97	8	31	9	18	10	92	11	43	12	70	13	84	14	68	15	37	16	47	17	89	18	20	19	45	
	0	54	1	35	2	10	3	61	4	11	5	67	6	99	7	97	8	25	9	83	10	92	11	11	12	14	13	56	14	20	15	79	16	57	17	79	18	68	19	69	
	0	51	1	30	2	78	3	59	4	29	5	60	6	21	7	22	8	43	9	11	10	48	11	81	12	75	13	11	14	70	15	82	16	99	17	61	18	17	19	18	
	0	12	1	70	2	32	3	62	4	56	5	75	6	22	7	56	8	65	9	29	10	97	11	34	12	62	13	85	14	69	15	10	16	37	17	68	18	93	19	76	
	0	32	1	83	2	78	3	29	4	95	5	10	6	30	7	91	8	62	9	42	10	78	11	74	12	19	13	90	14	44	15	90	16	31	17	96	18	81	19	96	
	0	62	1	17	2	71	3	62	4	93	5	39	6	68	7	35	8	89	9	56	10	70	11	52	12	78	13	48	14	16	15	36	16	40	17	66	18	96	19	53	
	0	54	1	49	2	86	3	45	4	93	5	66	6	89	7	59	8	54	9	100	10	32	11	20	12	19	13	53	14	73	15	25	16	26	17	13	18	64	19	13	
	0	36	1	74	2	45	3	84	4	32	5	17	6	78	7	84	8	47	9	56	10	12	11	26	12	12	13	17	14	57	15	77	16	19	17	46	18	15	19	33	
	0	38	1	10	2	82	3	67	4	24	5	100	6	47	7	56	8	89	9	30	10	62	11	95	12	15	13	36	14	68	15	71	16	34	17	57	18	38	19	70	
	0	53	1	65	2	24	3	69	4	88	5	59	6	70	7	50	8	40	9	41	10	14	11	77	12	100	13	33	14	67	15	48	16	96	17	72	18	48	19	16	
	0	86	1	44	2	73	3	22	4	45	5	32	6	57	7	32	8	81	9	47	10	25	11	100	12	97	13	35	14	26	15	75	16	82	17	45	18	100	19	10	
	0	44	1	17	2	24	3	80	4	75	5	62	6	94	7	81	8	50	9	83	10	79	11	85	12	49	13	86	14	94	15	46	16	50	17	62	18	65	19	99	
	0	64	1	23	2	49	3	55	4	94	5	44	6	31	7	20	8	74	9	62	10	54	11	97	12	69	13	42	14	77	15	84	16	83	17	93	18	47	19	25	
	0	11	1	72	2	29	3	40	4	98	5	91	6	39	7	73	8	18	9	89	10	90	11	91	12	44	13	41	14	69	15	80	16	57	17	27	18	60	19	30	
	0	27	1	28	2	99	3	90	4	23	5	91	6	61	7	45	8	48	9	97	10	79	11	10	12	80	13	100	14	51	15	59	16	77	17	59	18	27	19	26	
	0	53	1	96	2	71	3	17	4	39	5	72	6	17	7	64	8	30	9	19	10	55	11	78	12	80	13	41	14	86	15	100	16	89	17	26	18	72	19	21	
	0	64	1	94	2	10	3	14	4	57	5	94	6	73	7	31	8	78	9	31	10	31	11	97	12	21	13	52	14	48	15	68	16	81	17	65	18	75	19	83	
	0	95	1	26	2	32	3	84	4	23	5	67	6	36	7	49	8	26	9	72	10	17	11	88	12	39	13	99	14	41	15	79	16	81	17	24	18	76	19	29	
	0	100	1	37	2	59	3	35	4	58	5	44	6	90	7	82	8	67	9	85	10	96	11	27	12	97	13	63	14	34	15	74	16	92	17	84	18	90	19	96	
	0	17	1	25	2	12	3	67	4	10	5	65	6	42	7	54	8	75	9	99	10	40	11	67	12	56	13	17	14	92	15	43	16	58	17	70	18	73	19	81	
	0	50	1	89	2	34	3	59	4	88	5	85	6	87	7	67	8	10	9	26	10	76	11	67	12	52	13	57	14	66	15	85	16	56	17	52	18	14	19	92	
	0	26	1	40	2	29	3	64	4	37	5	59	6	39	7	13	8	19	9	86	10	73	11	26	12	37	13	97	14	15	15	14	16	52	17	63	18	34	19	96	
	0	67	1	72	2	33	3	66	4	46	5	45	6	43	7	73	8	96	9	40	10	37	11	56	12	84	13	31	14	81	15	43	16	20	17	37	18	61	19	74	
	0	33	1	18	2	70	3	52	4	88	5	16	6	28	7	87	8	29	9	96	10	25	11	70	12	89	13	75	14	68	15	42	16	54	17	83	18	86	19	27	
	0	74	1	25	2	37	3	76	4	93	5	62	6	72	7	31	8	43	9	83	10	21	11	89	12	12	13	20	14	18	15	32	16	58	17	29	18	63	19	75	
	0	59	1	69	2	38	3	72	4	45	5	74	6	17	7	34	8	94	9	59	10	64	11	23	12	75	13	90	14	10	15	32	16	65	17	16	18	41	19	36	
	0	36	1	77	2	16	3	56	4	92	5	18	6	83	7	51	8	98	9	91	10	69	11	25	12	94	13	37	14	97	15	23	16	64	17	43	18	19	19	77	
	0	46	1	20	2	94	3	92	4	27	5	29	6	46	7	84	8	42	9	15	10	81	11	13	12	53	13	79	14	38	15	66	16	77	17	78	18	95	19	99	
	0	60	1	74	2	63	3	42	4	56	5	54	6	63	7	74	8	46	9	24	10	71	11	71	12	26	13	21	14	65	15	73	16	71	17	27	18	62	19	55	
	0	70	1	52	2	10	3	76	4	92	5	97	6	84	7	51	8	13	9	15	10	29	11	34	12	30	13	42	14	50	15	44	16	89	17	47	18	56	19	10	
	0	73	1	58	2	63	3	85	4	28	5	83	6	58	7	66	8	51	9	22	10	88	11	68	12	67	13	21	14	58	15	94	16	66	17	75	18	52	19	30	
	0	74	1	20	2	60	3	98	4	30	5	95	6	81	7	38	8	28	9	38	10	56	11	35	12	70	13	21	14	51	15	34	16	77	17	74	18	64	19	57	
	0	29	1	41	2	47	3	54	4	91	5	59	6	40	7	67	8	80	9	84	10	26	11	24	12	56	13	75	14	30	15	13	16	46	17	26	18	21	19	70	
	0	79	1	83	2	40	3	63	4	42	5	81	6	20	7	14	8	10	9	82	10	60	11	68	12	56	13	78	14	47	15	66	16	77	17	68	18	99	19	100	
	0	86	1	42	2	28	3	20	4	88	5	71	6	31	7	20	8	57	9	77	10	42	11	30	12	21	13	75	14	89	15	61	16	35	17	47	18	97	19	29	
	0	45	1	78	2	21	3	85	4	25	5	75	6	74	7	46	8	64	9	26	10	36	11	73	12	35	13	87	14	63	15	66	16	42	17	19	18	62	19	95	
	0	32	1	93	2	87	3	90	4	23	5	63	6	30	7	31	8	22	9	58	10	78	11	41	12	35	13	84	14	36	15	31	16	92	17	94	18	63	19	37	
	0	74	1	30	2	80	3	45	4	32	5	21	6	33	7	68	8	96	9	42	10	53	11	42	12	67	13	23	14	65	15	89	16	98	17	56	18	97	19	68	
	0	37	1	75	2	31	3	21	4	72	5	45	6	73	7	73	8	86	9	34	10	89	11	65	12	39	13	52	14	64	15	70	16	27	17	25	18	80	19	39	
	0	32	1	60	2	28	3	92	4	99	5	25	6	54	7	75	8	68	9	19	10	16	11	15	12	87	13	98	14	34	15	45	16	32	17	74	18	16	19	89	
	0	37	1	82	2	50	3	18	4	16	5	67	6	54	7	91	8	10	9	36	10	16	11	42	12	26	13	71	14	48	15	53	16	24	17	82	18	91	19	33	
	0	12	1	93	2	52	3	63	4	68	5	93	6	27	7	13	8	11	9	25	10	53	11	58	12	24	13	34	14	12	15	73	16	50	17	53	18	83	19	60	
	0	16	1	84	2	23	3	24	4	59	5	50	6	49	7	89	8	49	9	34	10	54	11	63	12	79	13	49	14	97	15	34	16	40	17	78	18	95	19	26	
	0	17	1	45	2	57	3	67	4	48	5	26	6	35	7	19	8	59	9	39	10	40	11	73	12	40	13	65	14	78	15	33	16	60	17	91	18	43	19	44	
	0	52	1	66	2	44	3	34	4	33	5	36	6	17	7	13	8	46	9	70	10	13	11	45	12	24	13	89	14	14	15	51	16	25	17	30	18	85	19	26	
	0	58	1	63	2	87	3	26	4	47	5	85	6	17	7	16	8	81	9	28	10	17	11	16	12	66	13	24	14	50	15	31	16	94	17	11	18	93	19	28	
	0	31	1	23	2	76	3	62	4	39	5	50	6	53	7	83	8	96	9	92	10	44	11	89	12	87	13	24	14	63	15	43	16	24	17	74	18	25	19	38	
	0	13	1	64	2	77	3	20	4	15	5	88	6	37	7	39	8	95	9	46	10	72	11	25	12	50	13	28	14	42	15	57	16	21	17	69	18	65	19	48	
	0	17	1	52	2	55	3	51	4	84	5	76	6	76	7	62	8	13	9	100	10	48	11	51	12	70	13	77	14	84	15	14	16	100	17	64	18	13	19	84	
	0	60	1	60	2	79	3	82	4	77	5	32	6	85	7	23	8	45	9	64	10	21	11	22	12	35	13	21	14	89	15	48	16	53	17	67	18	98	19	54	
	0	98	1	32	2	25	3	20	4	12	5	53	6	36	7	35	8	81	9	68	10	56	11	21	12	56	13	17	14	35	15	20	16	51	17	72	18	37	19	22	
	0	17	1	37	2	43	3	20	4	41	5	56	6	81	7	83	8	49	9	33	10	13	11	61	12	29	13	25	14	73	15	74	16	70	17	87	18	54	19	13	
	0	25	1	22	2	59	3	74	4	59	5	62	6	54	7	88	8	47	9	32	10	84	11	90	12	75	13	10	14	38	15	94	16	62	17	61	18	11	19	52	
	0	30	1	88	2	29	3	62	4	51	5	97	6	12	7	75	8	27	9	58	10	38	11	83	12	53	13	81	14	61	15	40	16	51	17	64	18	48	19	37	
	0	99	1	52	2	19	3	93	4	79	5	12	6	38	7	95	8	34	9	85	10	48	11	90	12	29	13	51	14	56	15	90	16	42	17	58	18	92	19	94	
	0	86	1	37	2	81	3	52	4	11	5	81	6	91	7	41	8	40	9	31	10	65	11	19	12	61	13	34	14	60	15	38	16	24	17	99	18	73	19	31	
	0	74	1	25	2	95	3	69	4	45	5	60	6	38	7	89	8	27	9	81	10	22	11	80	12	68	13	38	14	68	15	26	16	40	17	44	18	40	19	75	
	0	72	1	10	2	75	3	21	4	13	5	34	6	22	7	16	8	41	9	23	10	56	11	72	12	34	13	35	14	13	15	79	16	47	17	77	18	83	19	87	
	0	84	1	52	2	25	3	58	4	26	5	16	6	94	7	70	8	35	9	96	10	100	11	21	12	31	13	48	14	18	15	36	16	24	17	14	18	59	19	15	
	0	50	1	33	2	42	3	29	4	48	5	40	6	60	7	70	8	51	9	38	10	25	11	16	12	45	13	60	14	60	15	75	16	19	17	43	18	37	19	41	
	0	85	1	37	2	57	3	92	4	39	5	10	6	97	7	85	8	13	9	35	10	66	11	89	12	25	13	36	14	91	15	61	16	86	17	43	18	22	19	74	
	0	85	1	31	2	14	3	13	4	88	5	85	6	76	7	94	8	100	9	67	10	63	11	47	12	47	13	60	14	38	15	75	16	27	17	100	18	24	19	58	
	0	38	1	48	2	100	3	23	4	49	5	25	6	94	7	50	8	96	9	22	10	35	11	17	12	49	13	86	14	67	15	11	16	40	17	33	18	86	19	100	
	0	41	1	66	2	64	3	18	4	61	5	81	6	69	7	62	8	40	9	98	10	29	11	65	12	13	13	63	14	22	15	74	16	93	17	23	18	19	19	45	
	0	28	1	45	2	84	3	68	4	84	5	72	6	14	7	62	8	66	9	96	10	50	11	77	12	87	13	32	14	15	15	27	16	53	17	91	18	46	19	94	
	0	14	1	27	2	95	3	84	4	25	5	69	6	18	7	29	8	77	9	30	10	83	11	64	12	100	13	72	14	83	15	83	16	99	17	44	18	77	19	26	
	0	41	1	100	2	10	3	55	4	49	5	45	6	76	7	44	8	19	9	45	10	54	11	79	12	54	13	65	14	62	15	88	16	87	17	72	18	64	19	33	
	0	52	1	74	2	16	3	56	4	45	5	62	6	78	7	17	8	35	9	44	10	23	11	94	12	22	13	16	14	53	15	71	16	53	17	57	18	58	19	32	
	0	73	1	35	2	36	3	32	4	42	5	14	6	45	7	93	8	40	9	72	10	87	11	37	12	48	13	11	14	87	15	62	16	47	17	46	18	60	19	92	
	0	87	1	14	2	75	3	31	4	83	5	80	6	95	7	76	8	77	9	24	10	57	11	31	12	61	13	60	14	53	15	60	16	50	17	62	18	77	19	62	
	0	98	1	41	2	95	3	91	4	69	5	26	6	46	7	16	8	52	9	61	10	61	11	24	12	67	13	14	14	43	15	44	16	84	17	24	18	34	19	26	
	0	50	1	35	2	36	3	20	4	67	5	39	6	90	7	45	8	100	9	25	10	26	11	90	12	80	13	62	14	85	15	28	16	96	17	66	18	19	19	44	
	0	10	1	90	2	39	3	88	4	74	5	55	6	94	7	52	8	44	9	59	10	32	11	60	12	51	13	56	14	96	15	32	16	33	17	88	18	88	19	70	
	0	64	1	33	2	83	3	87	4	58	5	57	6	20	7	47	8	76	9	99	10	56	11	75	12	70	13	11	14	34	15	20	16	33	17	47	18	92	19	47	
	0	98	1	35	2	46	3	49	4	43	5	40	6	24	7	58	8	64	9	80	10	56	11	87	12	50	13	98	14	64	15	67	16	83	17	11	18	32	19	38	
	0	98	1	54	2	19	3	56	4	65	5	38	6	32	7	36	8	37	9	49	10	90	11	79	12	37	13	73	14	92	15	32	16	34	17	68	18	62	19	14	
	0	13	1	26	2	18	3	33	4	38	5	24	6	80	7	84	8	10	9	62	10	76	11	47	12	13	13	78	14	82	15	87	16	71	17	29	18	87	19	92	
	0	96	1	95	2	70	3	40	4	97	5	78	6	48	7	21	8	36	9	37	10	97	11	43	12	67	13	14	14	30	15	73	16	57	17	23	18	73	19	57	
	0	73	1	87	2	16	3	94	4	24	5	54	6	79	7	73	8	47	9	100	10	24	11	63	12	11	13	39	14	12	15	47	16	99	17	30	18	55	19	93	
	0	64	1	82	2	47	3	65	4	74	5	10	6	27	7	43	8	31	9	91	10	85	11	84	12	27	13	50	14	61	15	43	16	17	17	14	18	99	19	38	
	0	23	1	21	2	37	3	52	4	22	5	67	6	62	7	77	8	68	9	20	10	27	11	16	12	38	13	91	14	18	15	80	16	24	17	21	18	13	19	94	
	0	77	1	74	2	15	3	14	4	40	5	94	6	45	7	79	8	25	9	59	10	30	11	36	12	24	13	47	14	28	15	50	16	51	17	32	18	43	19	40	
	0	57	1	16	2	92	3	71	4	27	5	72	6	63	7	83	8	93	9	63	10	32	11	37	12	13	13	94	14	82	15	18	16	16	17	83	18	12	19	82	
	0	42	1	72	2	44	3	59	4	15	5	63	6	22	7	12	8	10	9	24	10	48	11	54	12	16	13	17	14	54	15	62	16	22	17	98	18	85	19	12	
	0	30	1	90	2	37	3	57	4	98	5	46	6	21	7	57	8	54	9	58	10	45	11	40	12	91	13	57	14	62	15	10	16	23	17	100	18	78	19	52	
	0	56	1	55	2	20	3	29	4	32	5	48	6	69	7	28	8	14	9	21	10	56	11	95	12	79	13	38	14	93	15	22	16	65	17	71	18	72	19	10	
	0	91	1	57	2	100	3	22	4	20	5	51	6	82	7	91	8	16	9	83	10	62	11	14	12	42	13	74	14	94	15	28	16	97	17	82	18	76	19	94	
	0	31	1	62	2	50	3	25	4	95	5	13	6	88	7	65	8	53	9	92	10	28	11	56	12	70	13	55	14	35	15	67	16	93	17	12	18	28	19	100	
	0	57	1	99	2	17	3	24	4	22	5	89	6	58	7	49	8	95	9	26	10	59	11	97	12	18	13	54	14	80	15	36	16	48	17	43	18	46	19	59	
	0	78	1	89	2	47	3	29	4	54	5	35	6	14	7	65	8	74	9	66	10	70	11	21	12	33	13	83	14	16	15	13	16	19	17	16	18	86	19	61	
	0	73	1	67	2	79	3	13	4	48	5	38	6	67	7	59	8	59	9	57	10	61	11	64	12	88	13	91	14	56	15	60	16	66	17	59	18	57	19	22	
	0	59	1	98	2	68	3	100	4	32	5	15	6	50	7	33	8	13	9	16	10	27	11	52	12	69	13	53	14	47	15	32	16	86	17	80	18	30	19	91	
	0	26	1	77	2	52	3	91	4	48	5	88	6	19	7	90	8	71	9	46	10	61	11	89	12	83	13	43	14	12	15	36	16	21	17	80	18	52	19	63	
	0	46	1	90	2	93	3	44	4	44	5	25	6	74	7	14	8	77	9	30	10	87	11	26	12	99	13	67	14	30	15	57	16	70	17	58	18	35	19	19	
	0	91	1	39	2	89	3	30	4	75	5	29	6	83	7	53	8	29	9	68	10	79	11	46	12	22	13	68	14	22	15	23	16	47	17	22	18	97	19	25	
	0	78	1	40	2	14	3	30	4	97	5	56	6	56	7	58	8	57	9	66	10	91	11	34	12	17	13	20	14	84	15	39	16	53	17	76	18	48	19	48	
	0	89	1	71	2	82	3	21	4	85	5	73	6	74	7	67	8	30	9	23	10	26	11	89	12	58	13	36	14	57	15	42	16	72	17	50	18	40	19	10	
	0	60	1	68	2	17	3	26	4	34	5	12	6	20	7	37	8	73	9	74	10	79	11	28	12	20	13	19	14	49	15	23	16	44	17	52	18	16	19	79	
	0	65	1	34	2	98	3	80	4	25	5	57	6	67	7	50	8	74	9	32	10	12	11	63	12	56	13	75	14	39	15	87	16	52	17	39	18	81	19	68	
	0	22	1	25	2	94	3	92	4	17	5	89	6	20	7	80	8	71	9	79	10	89	11	26	12	62	13	53	14	33	15	70	16	71	17	66	18	86	19	99	
	0	82	1	88	2	91	3	24	4	48	5	94	6	56	7	44	8	84	9	97	10	81	11	74	12	61	13	29	14	33	15	21	16	57	17	81	18	44	19	28	
	0	76	1	64	2	77	3	82	4	21	5	76	6	100	7	36	8	28	9	71	10	84	11	42	12	46	13	31	14	35	15	23	16	29	17	75	18	68	19	34	
	0	82	1	40	2	78	3	51	4	68	5	63	6	94	7	84	8	88	9	80	10	52	11	91	12	42	13	50	14	10	15	16	16	68	17	54	18	11	19	24	
	0	53	1	86	2	72	3	24	4	55	5	26	6	62	7	25	8	92	9	99	10	73	11	34	12	43	13	47	14	48	15	18	16	96	17	42	18	94	19	37	
	0	29	1	80	2	34	3	90	4	17	5	37	6	57	7	79	8	85	9	81	10	59	11	64	12	61	13	47	14	17	15	85	16	36	17	47	18	63	19	94	
	0	44	1	27	2	19	3	88	4	91	5	60	6	89	7	39	8	82	9	49	10	57	11	35	12	38	13	20	14	41	15	46	16	67	17	88	18	74	19	37	
	0	54	1	38	2	82	3	79	4	70	5	26	6	58	7	58	8	74	9	39	10	38	11	63	12	27	13	89	14	43	15	32	16	74	17	74	18	64	19	72	
	0	14	1	97	2	46	3	13	4	94	5	59	6	55	7	51	8	17	9	78	10	34	11	11	12	39	13	43	14	31	15	59	16	81	17	10	18	79	19	67	
	0	35	1	28	2	95	3	14	4	78	5	45	6	27	7	26	8	67	9	70	10	10	11	94	12	98	13	50	14	22	15	33	16	90	17	27	18	27	19	78	
	0	38	1	77	2	93	3	54	4	22	5	44	6	47	7	25	8	78	9	27	10	10	11	41	12	21	13	86	14	78	15	43	16	63	17	50	18	33	19	35	
	0	50	1	19	2	31	3	60	4	66	5	76	6	30	7	53	8	68	9	89	10	23	11	74	12	62	13	23	14	44	15	88	16	42	17	10	18	73	19	76	