500 20 1
20
	0	72	1	99	2	38	3	27	4	47	5	25	6	73	7	41	8	64	9	78	10	77	11	15	12	58	13	76	14	61	15	40	16	77	17	50	18	33	19	79	
	0	20	1	97	2	27	3	45	4	65	5	55	6	63	7	81	8	75	9	59	10	76	11	30	12	72	13	76	14	68	15	12	16	68	17	97	18	30	19	81	
	0	67	1	52	2	91	3	81	4	40	5	69	6	47	7	80	8	80	9	10	10	13	11	21	12	25	13	16	14	60	15	29	16	94	17	96	18	61	19	17	
	0	99	1	93	2	48	3	20	4	81	5	57	6	46	7	17	8	89	9	82	10	69	11	100	12	44	13	89	14	56	15	36	16	71	17	78	18	77	19	46	
	0	32	1	37	2	63	3	14	4	10	5	62	6	82	7	99	8	75	9	97	10	32	11	70	12	88	13	32	14	50	15	77	16	38	17	71	18	72	19	11	
	0	51	1	64	2	58	3	88	4	77	5	41	6	73	7	81	8	67	9	47	10	75	11	92	12	82	13	53	14	15	15	92	16	89	17	69	18	38	19	42	
	0	49	1	57	2	20	3	16	4	76	5	85	6	93	7	20	8	95	9	79	10	59	11	55	12	40	13	30	14	23	15	52	16	17	17	39	18	83	19	33	
	0	92	1	76	2	26	3	90	4	16	5	90	6	64	7	31	8	51	9	97	10	47	11	50	12	63	13	66	14	44	15	24	16	91	17	60	18	15	19	67	
	0	28	1	81	2	69	3	44	4	54	5	66	6	51	7	36	8	79	9	99	10	87	11	28	12	33	13	37	14	58	15	82	16	52	17	91	18	12	19	20	
	0	73	1	28	2	93	3	74	4	11	5	80	6	10	7	86	8	40	9	83	10	100	11	81	12	32	13	32	14	89	15	32	16	60	17	80	18	54	19	32	
	0	64	1	41	2	28	3	73	4	95	5	58	6	91	7	45	8	51	9	51	10	53	11	65	12	27	13	86	14	24	15	83	16	38	17	86	18	53	19	68	
	0	24	1	34	2	56	3	72	4	55	5	78	6	48	7	76	8	67	9	26	10	91	11	33	12	99	13	97	14	17	15	68	16	46	17	38	18	63	19	34	
	0	18	1	67	2	36	3	35	4	25	5	16	6	18	7	68	8	54	9	88	10	87	11	25	12	46	13	24	14	58	15	14	16	46	17	13	18	78	19	25	
	0	33	1	74	2	32	3	70	4	59	5	17	6	63	7	31	8	29	9	47	10	15	11	59	12	57	13	24	14	56	15	61	16	26	17	14	18	46	19	11	
	0	60	1	67	2	81	3	66	4	46	5	66	6	44	7	70	8	16	9	36	10	93	11	42	12	39	13	52	14	37	15	20	16	97	17	15	18	39	19	56	
	0	91	1	30	2	18	3	45	4	24	5	88	6	46	7	82	8	18	9	86	10	76	11	15	12	29	13	34	14	86	15	32	16	63	17	94	18	85	19	22	
	0	14	1	76	2	45	3	57	4	57	5	42	6	44	7	55	8	93	9	16	10	29	11	69	12	29	13	33	14	39	15	28	16	89	17	51	18	60	19	100	
	0	95	1	72	2	56	3	66	4	73	5	29	6	80	7	77	8	16	9	20	10	18	11	47	12	71	13	58	14	42	15	85	16	87	17	91	18	51	19	30	
	0	19	1	95	2	89	3	53	4	80	5	24	6	85	7	92	8	51	9	51	10	40	11	71	12	16	13	11	14	77	15	90	16	42	17	64	18	44	19	53	
	0	98	1	76	2	62	3	88	4	71	5	62	6	48	7	63	8	65	9	20	10	35	11	72	12	55	13	30	14	42	15	79	16	26	17	57	18	79	19	22	
	0	20	1	30	2	98	3	33	4	37	5	75	6	35	7	60	8	86	9	89	10	13	11	16	12	81	13	33	14	88	15	99	16	64	17	54	18	59	19	35	
	0	62	1	88	2	24	3	28	4	75	5	64	6	97	7	19	8	92	9	26	10	44	11	11	12	47	13	40	14	15	15	55	16	83	17	82	18	97	19	84	
	0	21	1	27	2	12	3	24	4	76	5	52	6	78	7	98	8	12	9	98	10	68	11	71	12	63	13	20	14	54	15	72	16	32	17	79	18	90	19	48	
	0	76	1	71	2	29	3	78	4	45	5	71	6	54	7	84	8	12	9	58	10	47	11	39	12	90	13	85	14	35	15	89	16	89	17	99	18	95	19	56	
	0	74	1	12	2	67	3	24	4	62	5	98	6	92	7	28	8	87	9	27	10	93	11	44	12	70	13	49	14	11	15	45	16	95	17	56	18	23	19	84	
	0	61	1	18	2	16	3	38	4	58	5	26	6	82	7	62	8	51	9	17	10	38	11	20	12	27	13	82	14	66	15	76	16	43	17	73	18	34	19	26	
	0	65	1	42	2	67	3	90	4	20	5	25	6	28	7	69	8	18	9	100	10	27	11	43	12	16	13	78	14	80	15	23	16	98	17	80	18	39	19	60	
	0	43	1	47	2	34	3	84	4	100	5	100	6	72	7	28	8	63	9	18	10	69	11	91	12	56	13	73	14	18	15	40	16	15	17	24	18	89	19	61	
	0	33	1	39	2	20	3	73	4	44	5	44	6	46	7	68	8	75	9	60	10	66	11	83	12	38	13	62	14	20	15	70	16	99	17	55	18	28	19	26	
	0	79	1	11	2	90	3	25	4	58	5	35	6	64	7	31	8	18	9	11	10	47	11	54	12	82	13	56	14	89	15	57	16	38	17	14	18	50	19	25	
	0	21	1	86	2	30	3	57	4	85	5	30	6	15	7	93	8	57	9	18	10	41	11	36	12	71	13	39	14	47	15	16	16	79	17	87	18	91	19	29	
	0	53	1	98	2	81	3	75	4	89	5	82	6	46	7	94	8	37	9	81	10	98	11	95	12	32	13	28	14	20	15	50	16	30	17	69	18	30	19	68	
	0	69	1	40	2	82	3	50	4	69	5	78	6	84	7	27	8	25	9	22	10	95	11	59	12	19	13	71	14	10	15	10	16	51	17	70	18	45	19	35	
	0	59	1	47	2	53	3	38	4	78	5	89	6	44	7	54	8	66	9	17	10	78	11	68	12	67	13	41	14	95	15	50	16	96	17	76	18	57	19	54	
	0	72	1	68	2	15	3	29	4	25	5	80	6	87	7	23	8	28	9	95	10	49	11	93	12	32	13	21	14	97	15	30	16	57	17	69	18	42	19	28	
	0	83	1	66	2	70	3	12	4	38	5	31	6	43	7	19	8	21	9	14	10	58	11	39	12	42	13	55	14	45	15	45	16	14	17	85	18	33	19	43	
	0	31	1	88	2	50	3	85	4	67	5	24	6	43	7	69	8	100	9	53	10	35	11	80	12	72	13	93	14	87	15	27	16	53	17	44	18	43	19	74	
	0	40	1	45	2	57	3	98	4	37	5	58	6	22	7	38	8	87	9	21	10	29	11	73	12	21	13	32	14	70	15	45	16	88	17	66	18	73	19	91	
	0	78	1	78	2	63	3	72	4	97	5	96	6	28	7	95	8	58	9	36	10	11	11	16	12	21	13	21	14	68	15	92	16	64	17	68	18	57	19	16	
	0	42	1	57	2	98	3	42	4	81	5	80	6	17	7	85	8	67	9	29	10	100	11	93	12	59	13	43	14	96	15	96	16	55	17	72	18	85	19	83	
	0	17	1	52	2	44	3	23	4	94	5	12	6	79	7	62	8	74	9	43	10	90	11	81	12	17	13	35	14	50	15	66	16	98	17	70	18	22	19	41	
	0	53	1	33	2	45	3	13	4	75	5	82	6	50	7	50	8	62	9	20	10	72	11	18	12	55	13	17	14	20	15	93	16	92	17	22	18	77	19	63	
	0	36	1	28	2	23	3	30	4	52	5	56	6	27	7	79	8	97	9	51	10	58	11	45	12	16	13	52	14	80	15	94	16	70	17	77	18	71	19	47	
	0	19	1	16	2	13	3	91	4	75	5	94	6	38	7	90	8	74	9	85	10	75	11	99	12	34	13	12	14	51	15	89	16	47	17	64	18	87	19	66	
	0	10	1	48	2	85	3	95	4	58	5	65	6	11	7	39	8	84	9	69	10	27	11	96	12	10	13	82	14	31	15	88	16	18	17	94	18	42	19	38	
	0	13	1	15	2	74	3	48	4	57	5	79	6	70	7	82	8	81	9	60	10	10	11	90	12	84	13	95	14	87	15	68	16	61	17	40	18	16	19	18	
	0	56	1	42	2	11	3	93	4	48	5	50	6	39	7	64	8	28	9	100	10	57	11	63	12	27	13	93	14	23	15	26	16	15	17	40	18	36	19	85	
	0	66	1	60	2	44	3	90	4	88	5	35	6	58	7	89	8	77	9	33	10	81	11	75	12	88	13	65	14	13	15	72	16	87	17	81	18	76	19	50	
	0	99	1	55	2	45	3	45	4	73	5	85	6	24	7	99	8	72	9	64	10	19	11	35	12	35	13	39	14	100	15	12	16	15	17	18	18	85	19	66	
	0	97	1	48	2	72	3	90	4	54	5	40	6	74	7	35	8	80	9	30	10	11	11	22	12	85	13	78	14	45	15	22	16	85	17	86	18	73	19	38	
	0	38	1	31	2	81	3	71	4	98	5	47	6	10	7	49	8	53	9	85	10	39	11	27	12	38	13	81	14	18	15	68	16	77	17	44	18	86	19	49	
	0	61	1	12	2	75	3	47	4	57	5	25	6	25	7	48	8	96	9	25	10	40	11	92	12	80	13	27	14	100	15	89	16	78	17	14	18	14	19	36	
	0	56	1	18	2	61	3	73	4	56	5	26	6	74	7	13	8	53	9	45	10	79	11	14	12	88	13	87	14	13	15	64	16	66	17	57	18	49	19	42	
	0	98	1	30	2	57	3	55	4	33	5	51	6	91	7	55	8	97	9	18	10	74	11	60	12	81	13	94	14	32	15	97	16	37	17	69	18	39	19	20	
	0	71	1	19	2	64	3	69	4	91	5	92	6	41	7	100	8	85	9	18	10	90	11	98	12	11	13	12	14	30	15	83	16	83	17	85	18	24	19	78	
	0	91	1	48	2	26	3	47	4	32	5	26	6	52	7	61	8	53	9	92	10	100	11	41	12	84	13	56	14	88	15	47	16	67	17	82	18	90	19	56	
	0	66	1	53	2	86	3	69	4	100	5	16	6	35	7	82	8	99	9	51	10	59	11	49	12	18	13	70	14	13	15	93	16	13	17	63	18	96	19	82	
	0	50	1	51	2	88	3	23	4	73	5	80	6	81	7	54	8	32	9	63	10	46	11	17	12	58	13	74	14	50	15	92	16	10	17	87	18	20	19	35	
	0	57	1	70	2	12	3	78	4	18	5	43	6	85	7	64	8	44	9	13	10	51	11	33	12	98	13	68	14	14	15	39	16	35	17	20	18	66	19	66	
	0	19	1	43	2	38	3	93	4	44	5	77	6	89	7	34	8	71	9	46	10	78	11	14	12	98	13	77	14	15	15	21	16	69	17	10	18	21	19	41	
	0	76	1	99	2	38	3	31	4	97	5	81	6	10	7	59	8	77	9	63	10	98	11	50	12	26	13	36	14	42	15	87	16	44	17	33	18	71	19	90	
	0	53	1	45	2	38	3	33	4	32	5	28	6	60	7	79	8	59	9	82	10	27	11	70	12	89	13	85	14	25	15	22	16	42	17	52	18	68	19	97	
	0	59	1	83	2	41	3	83	4	81	5	97	6	33	7	33	8	58	9	53	10	74	11	55	12	76	13	29	14	63	15	70	16	81	17	68	18	20	19	55	
	0	86	1	11	2	94	3	25	4	67	5	18	6	73	7	59	8	12	9	77	10	36	11	15	12	58	13	90	14	50	15	33	16	33	17	88	18	72	19	75	
	0	35	1	15	2	53	3	99	4	93	5	13	6	69	7	64	8	74	9	32	10	31	11	13	12	65	13	89	14	75	15	67	16	36	17	92	18	30	19	83	
	0	91	1	65	2	41	3	69	4	73	5	28	6	55	7	91	8	82	9	34	10	72	11	44	12	84	13	38	14	40	15	43	16	84	17	64	18	67	19	51	
	0	91	1	70	2	16	3	90	4	54	5	64	6	13	7	94	8	68	9	33	10	74	11	28	12	47	13	70	14	55	15	52	16	82	17	23	18	78	19	24	
	0	20	1	40	2	47	3	43	4	43	5	35	6	64	7	95	8	59	9	95	10	51	11	73	12	12	13	21	14	20	15	99	16	31	17	73	18	94	19	21	
	0	11	1	94	2	38	3	92	4	18	5	90	6	73	7	83	8	47	9	17	10	26	11	20	12	76	13	98	14	23	15	96	16	43	17	22	18	19	19	21	
	0	26	1	86	2	20	3	57	4	33	5	73	6	12	7	54	8	25	9	25	10	24	11	28	12	17	13	46	14	41	15	27	16	22	17	64	18	56	19	30	
	0	17	1	37	2	66	3	96	4	42	5	89	6	40	7	65	8	83	9	19	10	68	11	37	12	95	13	14	14	69	15	64	16	60	17	36	18	35	19	56	
	0	38	1	89	2	16	3	12	4	44	5	14	6	81	7	85	8	35	9	28	10	50	11	79	12	34	13	66	14	65	15	83	16	40	17	32	18	37	19	32	
	0	30	1	61	2	36	3	23	4	82	5	47	6	98	7	72	8	97	9	26	10	83	11	69	12	60	13	80	14	43	15	13	16	35	17	40	18	53	19	13	
	0	14	1	57	2	60	3	86	4	64	5	60	6	95	7	82	8	17	9	98	10	17	11	44	12	94	13	87	14	40	15	26	16	39	17	71	18	34	19	53	
	0	51	1	12	2	64	3	55	4	57	5	13	6	28	7	70	8	76	9	29	10	63	11	85	12	59	13	58	14	74	15	15	16	73	17	16	18	77	19	87	
	0	15	1	98	2	51	3	94	4	90	5	39	6	64	7	64	8	14	9	98	10	16	11	48	12	89	13	67	14	26	15	42	16	19	17	99	18	65	19	70	
	0	24	1	66	2	55	3	37	4	30	5	87	6	81	7	14	8	83	9	68	10	92	11	33	12	82	13	21	14	85	15	52	16	57	17	43	18	52	19	61	
	0	15	1	58	2	69	3	87	4	100	5	85	6	94	7	22	8	39	9	28	10	61	11	38	12	91	13	78	14	100	15	54	16	94	17	83	18	37	19	67	
	0	50	1	77	2	32	3	80	4	48	5	60	6	95	7	81	8	21	9	43	10	98	11	17	12	34	13	71	14	45	15	21	16	32	17	35	18	19	19	85	
	0	25	1	67	2	63	3	10	4	18	5	26	6	30	7	67	8	59	9	82	10	86	11	17	12	22	13	77	14	78	15	16	16	41	17	54	18	84	19	48	
	0	37	1	22	2	64	3	22	4	19	5	39	6	69	7	28	8	47	9	81	10	42	11	84	12	74	13	42	14	40	15	70	16	22	17	48	18	54	19	87	
	0	30	1	69	2	48	3	84	4	90	5	34	6	15	7	71	8	54	9	11	10	22	11	78	12	95	13	42	14	14	15	29	16	100	17	71	18	14	19	50	
	0	32	1	43	2	15	3	61	4	68	5	61	6	78	7	96	8	50	9	17	10	62	11	89	12	71	13	70	14	95	15	90	16	54	17	13	18	20	19	100	
	0	59	1	19	2	50	3	20	4	89	5	90	6	26	7	12	8	23	9	72	10	42	11	33	12	59	13	98	14	49	15	99	16	74	17	70	18	56	19	73	
	0	71	1	75	2	56	3	87	4	12	5	45	6	40	7	64	8	38	9	29	10	14	11	100	12	71	13	16	14	45	15	23	16	24	17	17	18	47	19	97	
	0	92	1	35	2	40	3	66	4	52	5	67	6	11	7	100	8	51	9	88	10	38	11	39	12	54	13	48	14	73	15	69	16	96	17	62	18	93	19	26	
	0	45	1	75	2	85	3	66	4	33	5	53	6	66	7	67	8	91	9	15	10	40	11	54	12	97	13	59	14	39	15	77	16	62	17	69	18	42	19	96	
	0	100	1	12	2	100	3	60	4	70	5	42	6	34	7	40	8	56	9	51	10	67	11	26	12	73	13	81	14	80	15	82	16	81	17	65	18	19	19	65	
	0	73	1	67	2	83	3	22	4	25	5	87	6	84	7	34	8	71	9	92	10	82	11	65	12	29	13	75	14	19	15	12	16	51	17	46	18	92	19	11	
	0	45	1	92	2	81	3	94	4	17	5	49	6	58	7	78	8	50	9	82	10	46	11	21	12	80	13	56	14	11	15	65	16	91	17	52	18	93	19	52	
	0	44	1	94	2	26	3	84	4	44	5	24	6	97	7	63	8	51	9	78	10	65	11	78	12	75	13	75	14	75	15	18	16	88	17	36	18	25	19	12	
	0	76	1	67	2	24	3	14	4	76	5	80	6	70	7	65	8	64	9	24	10	55	11	34	12	25	13	39	14	29	15	24	16	93	17	41	18	23	19	79	
	0	20	1	44	2	45	3	84	4	21	5	40	6	20	7	17	8	21	9	31	10	50	11	20	12	10	13	90	14	64	15	59	16	59	17	68	18	61	19	89	
	0	53	1	95	2	21	3	74	4	78	5	81	6	46	7	67	8	67	9	69	10	45	11	21	12	41	13	97	14	54	15	76	16	31	17	45	18	28	19	13	
	0	81	1	87	2	83	3	69	4	25	5	80	6	56	7	86	8	25	9	42	10	61	11	19	12	28	13	31	14	46	15	14	16	40	17	45	18	57	19	11	
	0	25	1	94	2	43	3	73	4	83	5	26	6	67	7	79	8	75	9	98	10	40	11	81	12	80	13	54	14	87	15	62	16	76	17	23	18	97	19	85	
	0	25	1	86	2	95	3	76	4	67	5	92	6	72	7	77	8	85	9	94	10	15	11	25	12	57	13	58	14	48	15	61	16	30	17	33	18	99	19	11	
	0	67	1	30	2	55	3	61	4	13	5	90	6	61	7	52	8	50	9	31	10	41	11	93	12	49	13	45	14	100	15	19	16	62	17	32	18	16	19	24	
	0	55	1	93	2	83	3	25	4	44	5	73	6	34	7	61	8	35	9	31	10	28	11	51	12	53	13	96	14	91	15	82	16	26	17	20	18	25	19	87	
	0	100	1	80	2	88	3	78	4	27	5	53	6	81	7	94	8	62	9	14	10	78	11	53	12	72	13	72	14	38	15	81	16	93	17	51	18	94	19	55	
	0	18	1	30	2	85	3	45	4	47	5	57	6	57	7	80	8	29	9	41	10	55	11	93	12	69	13	43	14	21	15	70	16	24	17	46	18	43	19	82	
	0	98	1	27	2	100	3	68	4	64	5	100	6	83	7	46	8	11	9	94	10	43	11	79	12	100	13	88	14	13	15	78	16	17	17	58	18	45	19	65	
	0	20	1	31	2	72	3	78	4	33	5	63	6	97	7	12	8	99	9	70	10	96	11	40	12	91	13	32	14	21	15	23	16	47	17	93	18	99	19	39	
	0	58	1	77	2	45	3	89	4	31	5	62	6	80	7	93	8	20	9	16	10	40	11	90	12	66	13	74	14	24	15	27	16	18	17	89	18	51	19	15	
	0	32	1	80	2	40	3	47	4	29	5	57	6	90	7	75	8	62	9	26	10	98	11	28	12	81	13	58	14	76	15	21	16	37	17	70	18	12	19	50	
	0	61	1	18	2	41	3	97	4	78	5	56	6	85	7	12	8	49	9	40	10	50	11	96	12	79	13	62	14	12	15	25	16	11	17	95	18	70	19	50	
	0	99	1	55	2	28	3	57	4	59	5	53	6	26	7	14	8	75	9	39	10	25	11	34	12	48	13	70	14	48	15	15	16	73	17	71	18	96	19	62	
	0	12	1	76	2	49	3	40	4	38	5	31	6	61	7	39	8	63	9	19	10	55	11	69	12	18	13	66	14	76	15	55	16	59	17	60	18	58	19	12	
	0	64	1	19	2	74	3	84	4	91	5	25	6	68	7	16	8	97	9	49	10	38	11	17	12	51	13	36	14	21	15	22	16	89	17	54	18	67	19	79	
	0	42	1	60	2	39	3	73	4	73	5	68	6	94	7	53	8	100	9	70	10	18	11	31	12	99	13	81	14	11	15	46	16	60	17	16	18	45	19	68	
	0	91	1	20	2	32	3	10	4	34	5	36	6	12	7	80	8	33	9	13	10	36	11	70	12	97	13	63	14	57	15	65	16	66	17	41	18	58	19	82	
	0	25	1	48	2	75	3	43	4	17	5	26	6	44	7	43	8	12	9	32	10	53	11	100	12	17	13	67	14	62	15	97	16	11	17	68	18	66	19	82	
	0	67	1	96	2	12	3	84	4	67	5	61	6	81	7	70	8	20	9	58	10	69	11	87	12	25	13	99	14	42	15	83	16	87	17	48	18	39	19	56	
	0	65	1	16	2	57	3	94	4	72	5	13	6	74	7	25	8	11	9	34	10	75	11	18	12	25	13	100	14	60	15	17	16	57	17	64	18	67	19	36	
	0	41	1	28	2	11	3	67	4	47	5	69	6	13	7	40	8	79	9	26	10	40	11	53	12	61	13	41	14	81	15	50	16	37	17	48	18	60	19	94	
	0	13	1	74	2	43	3	96	4	35	5	83	6	13	7	24	8	65	9	92	10	39	11	89	12	82	13	96	14	81	15	68	16	33	17	71	18	21	19	75	
	0	17	1	73	2	65	3	25	4	59	5	44	6	87	7	73	8	75	9	84	10	97	11	35	12	57	13	99	14	44	15	22	16	11	17	25	18	59	19	41	
	0	79	1	67	2	69	3	96	4	84	5	81	6	70	7	69	8	65	9	36	10	43	11	90	12	71	13	82	14	11	15	50	16	97	17	54	18	63	19	64	
	0	51	1	47	2	53	3	59	4	67	5	54	6	34	7	53	8	31	9	85	10	33	11	49	12	69	13	11	14	92	15	74	16	60	17	42	18	58	19	69	
	0	28	1	11	2	17	3	75	4	28	5	13	6	40	7	54	8	45	9	78	10	95	11	10	12	88	13	23	14	91	15	98	16	34	17	85	18	48	19	93	
	0	16	1	27	2	73	3	60	4	47	5	31	6	66	7	64	8	17	9	100	10	93	11	40	12	72	13	43	14	75	15	28	16	15	17	97	18	26	19	81	
	0	85	1	30	2	50	3	29	4	82	5	27	6	95	7	66	8	18	9	48	10	44	11	43	12	16	13	29	14	50	15	43	16	97	17	63	18	66	19	28	
	0	50	1	35	2	95	3	45	4	24	5	51	6	16	7	97	8	25	9	51	10	96	11	89	12	73	13	43	14	35	15	39	16	98	17	30	18	37	19	61	
	0	54	1	10	2	43	3	54	4	65	5	12	6	91	7	47	8	11	9	71	10	76	11	66	12	79	13	84	14	10	15	94	16	98	17	47	18	84	19	55	
	0	51	1	58	2	79	3	73	4	54	5	30	6	59	7	96	8	21	9	10	10	22	11	39	12	65	13	80	14	57	15	90	16	14	17	25	18	80	19	98	
	0	34	1	71	2	89	3	51	4	27	5	15	6	14	7	28	8	97	9	48	10	69	11	85	12	81	13	58	14	12	15	55	16	35	17	19	18	28	19	43	
	0	42	1	56	2	77	3	43	4	74	5	92	6	53	7	49	8	79	9	65	10	97	11	62	12	84	13	51	14	61	15	55	16	18	17	88	18	29	19	26	
	0	16	1	14	2	46	3	95	4	61	5	78	6	54	7	76	8	43	9	65	10	15	11	43	12	92	13	96	14	96	15	45	16	76	17	17	18	30	19	95	
	0	31	1	17	2	100	3	75	4	43	5	89	6	17	7	41	8	13	9	97	10	38	11	16	12	54	13	62	14	24	15	12	16	96	17	21	18	63	19	10	
	0	61	1	80	2	38	3	42	4	69	5	85	6	91	7	55	8	53	9	22	10	49	11	30	12	16	13	22	14	71	15	50	16	15	17	95	18	22	19	62	
	0	22	1	86	2	59	3	72	4	24	5	46	6	95	7	99	8	89	9	37	10	92	11	12	12	62	13	71	14	94	15	47	16	10	17	74	18	59	19	13	
	0	23	1	53	2	92	3	39	4	23	5	100	6	82	7	48	8	88	9	66	10	83	11	48	12	86	13	62	14	78	15	93	16	50	17	14	18	27	19	51	
	0	31	1	24	2	91	3	63	4	68	5	54	6	24	7	60	8	49	9	60	10	54	11	40	12	72	13	13	14	95	15	53	16	24	17	80	18	62	19	81	
	0	25	1	34	2	96	3	70	4	53	5	25	6	30	7	54	8	29	9	39	10	27	11	26	12	42	13	64	14	17	15	72	16	20	17	11	18	90	19	27	
	0	42	1	94	2	14	3	17	4	56	5	33	6	28	7	84	8	40	9	53	10	43	11	20	12	84	13	71	14	38	15	74	16	92	17	54	18	79	19	86	
	0	12	1	90	2	99	3	31	4	70	5	75	6	26	7	18	8	69	9	89	10	61	11	24	12	40	13	49	14	12	15	64	16	10	17	39	18	10	19	21	
	0	18	1	32	2	77	3	26	4	71	5	28	6	33	7	49	8	45	9	60	10	31	11	69	12	45	13	45	14	89	15	83	16	52	17	100	18	88	19	52	
	0	57	1	31	2	77	3	54	4	68	5	29	6	68	7	28	8	90	9	34	10	36	11	72	12	23	13	31	14	77	15	50	16	35	17	85	18	45	19	57	
	0	72	1	61	2	59	3	36	4	52	5	40	6	60	7	35	8	72	9	64	10	70	11	61	12	48	13	86	14	95	15	15	16	81	17	71	18	74	19	32	
	0	84	1	81	2	31	3	69	4	38	5	15	6	83	7	69	8	62	9	33	10	59	11	52	12	60	13	55	14	29	15	73	16	55	17	47	18	31	19	65	
	0	76	1	81	2	43	3	37	4	55	5	44	6	45	7	25	8	46	9	96	10	91	11	38	12	84	13	24	14	47	15	90	16	47	17	13	18	36	19	86	
	0	75	1	28	2	55	3	95	4	82	5	33	6	95	7	73	8	14	9	78	10	13	11	31	12	42	13	54	14	61	15	64	16	39	17	40	18	42	19	21	
	0	50	1	37	2	19	3	21	4	11	5	84	6	75	7	37	8	53	9	81	10	38	11	19	12	42	13	33	14	33	15	67	16	64	17	45	18	27	19	100	
	0	82	1	16	2	39	3	90	4	43	5	12	6	93	7	67	8	43	9	13	10	94	11	26	12	82	13	93	14	26	15	88	16	65	17	54	18	63	19	40	
	0	34	1	32	2	70	3	66	4	92	5	80	6	81	7	62	8	25	9	36	10	71	11	34	12	72	13	70	14	71	15	76	16	98	17	85	18	39	19	52	
	0	81	1	86	2	46	3	73	4	63	5	77	6	86	7	61	8	69	9	79	10	25	11	87	12	60	13	100	14	83	15	75	16	26	17	47	18	36	19	83	
	0	35	1	37	2	14	3	85	4	32	5	27	6	10	7	79	8	90	9	21	10	82	11	18	12	95	13	97	14	74	15	39	16	90	17	56	18	58	19	89	
	0	100	1	20	2	31	3	95	4	44	5	88	6	16	7	69	8	50	9	98	10	26	11	55	12	77	13	83	14	68	15	97	16	64	17	43	18	14	19	28	
	0	60	1	35	2	61	3	19	4	50	5	100	6	88	7	12	8	55	9	82	10	32	11	93	12	65	13	82	14	51	15	57	16	87	17	47	18	67	19	92	
	0	37	1	17	2	23	3	90	4	95	5	82	6	75	7	69	8	87	9	69	10	37	11	76	12	58	13	77	14	94	15	93	16	89	17	24	18	34	19	55	
	0	67	1	69	2	40	3	85	4	39	5	42	6	88	7	23	8	75	9	92	10	51	11	21	12	22	13	98	14	59	15	90	16	29	17	77	18	12	19	97	
	0	60	1	66	2	13	3	90	4	99	5	33	6	97	7	82	8	48	9	41	10	58	11	99	12	41	13	83	14	51	15	11	16	41	17	43	18	19	19	66	
	0	75	1	96	2	65	3	73	4	19	5	16	6	56	7	21	8	78	9	12	10	81	11	26	12	30	13	60	14	46	15	91	16	83	17	51	18	17	19	21	
	0	34	1	25	2	50	3	82	4	56	5	28	6	69	7	24	8	96	9	90	10	95	11	78	12	63	13	65	14	75	15	61	16	35	17	22	18	63	19	60	
	0	58	1	76	2	38	3	38	4	90	5	48	6	89	7	76	8	97	9	60	10	10	11	66	12	74	13	100	14	63	15	46	16	48	17	78	18	91	19	14	
	0	86	1	60	2	94	3	44	4	87	5	30	6	17	7	20	8	11	9	65	10	78	11	13	12	76	13	29	14	58	15	67	16	31	17	14	18	67	19	26	
	0	32	1	99	2	18	3	46	4	71	5	87	6	96	7	49	8	84	9	38	10	73	11	45	12	76	13	44	14	88	15	41	16	74	17	55	18	86	19	91	
	0	48	1	49	2	23	3	10	4	79	5	22	6	90	7	82	8	13	9	60	10	85	11	88	12	89	13	42	14	99	15	28	16	95	17	96	18	54	19	99	
	0	45	1	66	2	72	3	22	4	38	5	85	6	49	7	53	8	32	9	30	10	42	11	12	12	86	13	80	14	78	15	33	16	34	17	30	18	90	19	54	
	0	87	1	99	2	41	3	10	4	23	5	22	6	26	7	85	8	88	9	99	10	88	11	81	12	95	13	37	14	63	15	82	16	37	17	76	18	10	19	39	
	0	47	1	47	2	88	3	22	4	85	5	97	6	51	7	48	8	23	9	30	10	99	11	64	12	16	13	52	14	82	15	49	16	86	17	95	18	37	19	60	
	0	45	1	70	2	54	3	51	4	81	5	88	6	86	7	69	8	87	9	21	10	75	11	29	12	15	13	21	14	94	15	80	16	66	17	42	18	43	19	77	
	0	97	1	87	2	62	3	32	4	54	5	53	6	69	7	21	8	79	9	24	10	100	11	49	12	15	13	92	14	14	15	94	16	46	17	45	18	59	19	17	
	0	86	1	71	2	58	3	58	4	99	5	80	6	66	7	80	8	81	9	32	10	91	11	43	12	45	13	60	14	24	15	51	16	88	17	97	18	50	19	59	
	0	57	1	28	2	74	3	89	4	88	5	98	6	99	7	44	8	23	9	33	10	81	11	97	12	95	13	12	14	26	15	73	16	30	17	39	18	76	19	62	
	0	85	1	65	2	76	3	93	4	27	5	83	6	72	7	68	8	24	9	29	10	84	11	58	12	52	13	78	14	93	15	50	16	32	17	54	18	62	19	87	
	0	65	1	84	2	21	3	82	4	95	5	22	6	38	7	77	8	97	9	20	10	15	11	21	12	83	13	22	14	18	15	46	16	34	17	34	18	96	19	55	
	0	46	1	74	2	73	3	49	4	80	5	89	6	95	7	31	8	41	9	86	10	96	11	48	12	87	13	17	14	86	15	63	16	15	17	28	18	76	19	18	
	0	31	1	72	2	49	3	14	4	18	5	64	6	42	7	65	8	38	9	17	10	48	11	59	12	95	13	92	14	64	15	40	16	29	17	40	18	80	19	76	
	0	38	1	49	2	69	3	57	4	49	5	16	6	81	7	64	8	22	9	32	10	75	11	63	12	43	13	77	14	20	15	15	16	83	17	59	18	34	19	45	
	0	28	1	19	2	29	3	69	4	85	5	54	6	48	7	19	8	14	9	95	10	47	11	99	12	41	13	90	14	44	15	54	16	61	17	70	18	31	19	17	
	0	45	1	97	2	83	3	63	4	71	5	91	6	96	7	88	8	26	9	12	10	49	11	33	12	66	13	40	14	59	15	52	16	81	17	40	18	47	19	89	
	0	36	1	80	2	67	3	56	4	30	5	76	6	17	7	74	8	86	9	25	10	60	11	85	12	83	13	70	14	45	15	24	16	58	17	68	18	36	19	51	
	0	77	1	13	2	81	3	97	4	40	5	86	6	42	7	44	8	66	9	28	10	78	11	60	12	74	13	41	14	85	15	16	16	100	17	20	18	12	19	91	
	0	20	1	48	2	15	3	16	4	79	5	85	6	55	7	37	8	49	9	50	10	94	11	33	12	79	13	96	14	63	15	43	16	30	17	52	18	78	19	43	
	0	72	1	77	2	83	3	35	4	29	5	21	6	12	7	44	8	92	9	90	10	98	11	82	12	39	13	20	14	33	15	44	16	41	17	97	18	20	19	48	
	0	29	1	33	2	96	3	65	4	84	5	74	6	64	7	35	8	17	9	26	10	91	11	47	12	62	13	23	14	76	15	25	16	35	17	38	18	75	19	79	
	0	43	1	70	2	24	3	57	4	87	5	77	6	88	7	87	8	58	9	36	10	12	11	73	12	10	13	28	14	30	15	59	16	37	17	30	18	70	19	30	
	0	53	1	96	2	73	3	49	4	52	5	71	6	52	7	28	8	47	9	53	10	46	11	50	12	54	13	69	14	87	15	58	16	18	17	58	18	49	19	27	
	0	19	1	36	2	61	3	39	4	56	5	68	6	44	7	97	8	79	9	70	10	22	11	40	12	48	13	56	14	84	15	59	16	36	17	31	18	40	19	66	
	0	25	1	79	2	98	3	90	4	13	5	44	6	46	7	98	8	55	9	59	10	14	11	94	12	86	13	56	14	62	15	74	16	10	17	26	18	65	19	66	
	0	77	1	44	2	66	3	10	4	45	5	37	6	89	7	27	8	60	9	20	10	25	11	43	12	46	13	81	14	58	15	36	16	90	17	66	18	90	19	17	
	0	10	1	60	2	55	3	90	4	98	5	37	6	63	7	38	8	72	9	79	10	15	11	15	12	12	13	62	14	29	15	52	16	26	17	21	18	38	19	55	
	0	28	1	18	2	22	3	97	4	79	5	57	6	15	7	79	8	57	9	67	10	94	11	30	12	18	13	13	14	41	15	15	16	61	17	69	18	35	19	78	
	0	19	1	28	2	20	3	96	4	32	5	96	6	60	7	53	8	58	9	71	10	17	11	14	12	92	13	19	14	60	15	43	16	24	17	13	18	11	19	46	
	0	60	1	79	2	17	3	94	4	50	5	51	6	52	7	32	8	98	9	71	10	36	11	41	12	99	13	27	14	60	15	79	16	29	17	17	18	49	19	99	
	0	88	1	10	2	72	3	68	4	83	5	42	6	58	7	86	8	48	9	69	10	88	11	16	12	17	13	70	14	73	15	13	16	14	17	42	18	26	19	64	
	0	42	1	30	2	80	3	43	4	38	5	89	6	82	7	58	8	87	9	30	10	80	11	75	12	83	13	88	14	14	15	99	16	35	17	14	18	78	19	34	
	0	50	1	58	2	97	3	14	4	27	5	41	6	13	7	63	8	36	9	45	10	62	11	67	12	58	13	99	14	14	15	35	16	26	17	83	18	40	19	35	
	0	76	1	85	2	79	3	74	4	61	5	10	6	91	7	71	8	63	9	62	10	69	11	50	12	18	13	76	14	32	15	49	16	59	17	66	18	36	19	39	
	0	22	1	30	2	26	3	41	4	58	5	87	6	50	7	24	8	62	9	14	10	65	11	71	12	87	13	55	14	89	15	23	16	95	17	12	18	43	19	73	
	0	17	1	56	2	30	3	65	4	32	5	83	6	85	7	44	8	41	9	13	10	29	11	87	12	30	13	32	14	55	15	80	16	60	17	69	18	50	19	11	
	0	15	1	90	2	95	3	39	4	79	5	63	6	74	7	44	8	61	9	90	10	98	11	57	12	40	13	39	14	55	15	19	16	87	17	58	18	75	19	75	
	0	24	1	19	2	84	3	14	4	67	5	26	6	17	7	31	8	21	9	71	10	93	11	77	12	26	13	19	14	54	15	24	16	28	17	75	18	72	19	10	
	0	68	1	59	2	11	3	100	4	35	5	68	6	96	7	30	8	43	9	45	10	65	11	99	12	15	13	33	14	97	15	43	16	91	17	14	18	37	19	31	
	0	51	1	98	2	10	3	99	4	88	5	34	6	15	7	11	8	12	9	63	10	93	11	67	12	75	13	85	14	28	15	92	16	81	17	30	18	41	19	89	
	0	60	1	25	2	57	3	65	4	56	5	62	6	95	7	96	8	14	9	85	10	58	11	18	12	76	13	72	14	44	15	98	16	32	17	46	18	57	19	19	
	0	61	1	53	2	22	3	45	4	29	5	84	6	36	7	42	8	11	9	61	10	57	11	61	12	31	13	67	14	43	15	24	16	24	17	26	18	100	19	62	
	0	39	1	28	2	20	3	58	4	91	5	41	6	49	7	79	8	73	9	40	10	55	11	57	12	65	13	74	14	73	15	40	16	91	17	63	18	34	19	56	
	0	82	1	76	2	61	3	99	4	18	5	51	6	14	7	25	8	75	9	76	10	48	11	38	12	23	13	64	14	87	15	95	16	38	17	28	18	81	19	25	
	0	99	1	100	2	33	3	83	4	46	5	34	6	10	7	55	8	22	9	19	10	55	11	35	12	100	13	86	14	84	15	12	16	60	17	59	18	73	19	77	
	0	27	1	50	2	65	3	86	4	91	5	61	6	51	7	35	8	56	9	12	10	89	11	36	12	17	13	75	14	54	15	75	16	69	17	80	18	74	19	36	
	0	43	1	53	2	78	3	33	4	24	5	59	6	43	7	72	8	25	9	82	10	80	11	22	12	65	13	76	14	14	15	57	16	28	17	91	18	47	19	100	
	0	30	1	92	2	87	3	88	4	99	5	74	6	72	7	38	8	60	9	68	10	77	11	93	12	100	13	26	14	11	15	41	16	43	17	89	18	15	19	98	
	0	49	1	39	2	97	3	14	4	86	5	64	6	36	7	30	8	90	9	73	10	74	11	48	12	23	13	49	14	81	15	64	16	11	17	18	18	58	19	15	
	0	51	1	100	2	96	3	27	4	36	5	10	6	74	7	66	8	29	9	45	10	93	11	14	12	88	13	50	14	60	15	42	16	11	17	17	18	54	19	47	
	0	33	1	99	2	33	3	80	4	22	5	84	6	44	7	75	8	36	9	41	10	46	11	61	12	30	13	44	14	92	15	66	16	66	17	29	18	23	19	70	
	0	72	1	53	2	59	3	95	4	36	5	61	6	19	7	10	8	57	9	20	10	14	11	25	12	49	13	44	14	83	15	72	16	57	17	78	18	38	19	68	
	0	16	1	54	2	89	3	45	4	19	5	25	6	84	7	92	8	99	9	81	10	98	11	76	12	27	13	81	14	77	15	58	16	31	17	50	18	39	19	79	
	0	70	1	66	2	38	3	96	4	22	5	88	6	78	7	99	8	56	9	13	10	45	11	10	12	85	13	73	14	66	15	90	16	37	17	70	18	19	19	58	
	0	15	1	51	2	12	3	30	4	11	5	49	6	64	7	47	8	58	9	80	10	78	11	87	12	58	13	63	14	20	15	20	16	32	17	76	18	85	19	95	
	0	94	1	88	2	60	3	50	4	21	5	18	6	29	7	57	8	32	9	48	10	22	11	19	12	96	13	55	14	81	15	100	16	39	17	40	18	97	19	79	
	0	87	1	13	2	52	3	43	4	47	5	10	6	45	7	46	8	82	9	96	10	97	11	10	12	36	13	12	14	36	15	44	16	78	17	86	18	61	19	82	
	0	76	1	88	2	52	3	81	4	47	5	56	6	63	7	13	8	27	9	34	10	13	11	71	12	61	13	78	14	53	15	91	16	79	17	43	18	64	19	78	
	0	80	1	90	2	58	3	69	4	44	5	60	6	58	7	97	8	100	9	59	10	55	11	52	12	66	13	22	14	39	15	29	16	48	17	69	18	41	19	84	
	0	32	1	38	2	48	3	42	4	57	5	71	6	64	7	38	8	44	9	16	10	58	11	74	12	85	13	38	14	97	15	65	16	80	17	82	18	92	19	34	
	0	28	1	52	2	19	3	99	4	45	5	38	6	58	7	71	8	45	9	95	10	82	11	31	12	40	13	100	14	60	15	72	16	73	17	48	18	72	19	78	
	0	53	1	58	2	48	3	18	4	100	5	62	6	51	7	14	8	53	9	23	10	42	11	36	12	84	13	24	14	54	15	29	16	23	17	61	18	24	19	64	
	0	38	1	88	2	28	3	63	4	36	5	63	6	11	7	41	8	65	9	95	10	31	11	58	12	52	13	65	14	50	15	50	16	55	17	56	18	41	19	81	
	0	89	1	41	2	26	3	82	4	97	5	48	6	12	7	56	8	32	9	33	10	33	11	95	12	92	13	37	14	52	15	29	16	55	17	60	18	98	19	37	
	0	97	1	68	2	98	3	66	4	81	5	27	6	40	7	12	8	79	9	74	10	11	11	49	12	46	13	68	14	80	15	26	16	12	17	45	18	91	19	46	
	0	95	1	34	2	66	3	62	4	86	5	56	6	37	7	74	8	56	9	44	10	54	11	60	12	97	13	53	14	56	15	42	16	31	17	100	18	89	19	87	
	0	78	1	13	2	29	3	58	4	23	5	26	6	39	7	43	8	49	9	99	10	13	11	81	12	50	13	73	14	26	15	66	16	88	17	96	18	29	19	21	
	0	18	1	14	2	17	3	22	4	86	5	62	6	66	7	43	8	59	9	38	10	79	11	56	12	17	13	71	14	30	15	48	16	33	17	31	18	63	19	25	
	0	49	1	76	2	49	3	30	4	93	5	49	6	56	7	58	8	60	9	23	10	51	11	60	12	76	13	42	14	51	15	62	16	94	17	24	18	56	19	14	
	0	60	1	37	2	11	3	17	4	28	5	54	6	60	7	62	8	12	9	80	10	40	11	100	12	73	13	74	14	15	15	54	16	76	17	47	18	68	19	52	
	0	28	1	70	2	67	3	93	4	93	5	38	6	25	7	45	8	81	9	30	10	39	11	77	12	13	13	10	14	31	15	81	16	37	17	83	18	73	19	65	
	0	14	1	65	2	73	3	14	4	67	5	65	6	14	7	97	8	92	9	98	10	18	11	46	12	56	13	85	14	73	15	61	16	82	17	94	18	25	19	22	
	0	59	1	43	2	71	3	18	4	37	5	28	6	31	7	37	8	98	9	20	10	64	11	74	12	47	13	28	14	76	15	97	16	97	17	63	18	83	19	91	
	0	20	1	100	2	77	3	57	4	58	5	55	6	83	7	85	8	96	9	50	10	30	11	42	12	89	13	35	14	29	15	22	16	32	17	15	18	86	19	21	
	0	78	1	62	2	99	3	33	4	54	5	86	6	85	7	28	8	18	9	56	10	37	11	68	12	19	13	28	14	95	15	15	16	63	17	30	18	72	19	76	
	0	11	1	19	2	28	3	51	4	67	5	50	6	58	7	87	8	96	9	42	10	89	11	17	12	81	13	91	14	89	15	99	16	65	17	41	18	22	19	98	
	0	33	1	26	2	41	3	32	4	27	5	52	6	55	7	24	8	98	9	75	10	96	11	68	12	10	13	84	14	73	15	44	16	84	17	57	18	49	19	97	
	0	11	1	27	2	71	3	91	4	66	5	42	6	37	7	93	8	28	9	87	10	88	11	32	12	65	13	54	14	13	15	86	16	44	17	12	18	72	19	63	
	0	57	1	12	2	15	3	74	4	71	5	83	6	33	7	87	8	77	9	53	10	71	11	22	12	45	13	93	14	59	15	13	16	79	17	47	18	64	19	56	
	0	12	1	62	2	56	3	29	4	51	5	53	6	78	7	48	8	32	9	73	10	83	11	85	12	86	13	28	14	21	15	86	16	47	17	98	18	12	19	84	
	0	42	1	30	2	87	3	66	4	32	5	64	6	48	7	33	8	49	9	60	10	88	11	23	12	58	13	54	14	73	15	34	16	34	17	65	18	76	19	11	
	0	98	1	52	2	47	3	55	4	43	5	11	6	88	7	33	8	56	9	11	10	32	11	87	12	60	13	68	14	12	15	65	16	96	17	39	18	31	19	85	
	0	80	1	41	2	22	3	65	4	85	5	20	6	13	7	24	8	70	9	24	10	48	11	41	12	21	13	51	14	21	15	43	16	45	17	26	18	43	19	22	
	0	50	1	94	2	94	3	93	4	18	5	68	6	10	7	13	8	75	9	93	10	58	11	71	12	94	13	87	14	25	15	55	16	12	17	97	18	49	19	90	
	0	82	1	41	2	13	3	36	4	52	5	11	6	85	7	59	8	30	9	22	10	78	11	94	12	34	13	77	14	42	15	20	16	68	17	52	18	82	19	28	
	0	83	1	91	2	54	3	42	4	58	5	37	6	68	7	36	8	32	9	61	10	69	11	41	12	73	13	26	14	63	15	48	16	31	17	81	18	23	19	12	
	0	97	1	64	2	80	3	77	4	48	5	58	6	30	7	93	8	11	9	33	10	30	11	76	12	83	13	28	14	14	15	23	16	24	17	26	18	20	19	38	
	0	53	1	88	2	46	3	34	4	56	5	44	6	27	7	82	8	53	9	46	10	29	11	98	12	44	13	30	14	33	15	70	16	94	17	90	18	46	19	78	
	0	68	1	95	2	61	3	84	4	50	5	64	6	97	7	69	8	70	9	49	10	64	11	19	12	100	13	99	14	50	15	34	16	99	17	49	18	38	19	82	
	0	17	1	56	2	46	3	57	4	20	5	60	6	35	7	83	8	89	9	40	10	99	11	62	12	36	13	33	14	78	15	45	16	63	17	13	18	23	19	31	
	0	37	1	61	2	83	3	97	4	63	5	19	6	77	7	39	8	17	9	67	10	76	11	10	12	86	13	91	14	36	15	19	16	23	17	92	18	64	19	70	
	0	29	1	76	2	13	3	27	4	58	5	47	6	22	7	74	8	80	9	75	10	64	11	99	12	52	13	76	14	83	15	72	16	95	17	78	18	50	19	47	
	0	97	1	18	2	96	3	21	4	10	5	75	6	30	7	95	8	64	9	45	10	16	11	100	12	98	13	45	14	32	15	65	16	82	17	68	18	95	19	59	
	0	53	1	84	2	26	3	57	4	53	5	79	6	14	7	85	8	71	9	33	10	86	11	16	12	48	13	43	14	59	15	62	16	68	17	79	18	15	19	17	
	0	18	1	33	2	44	3	16	4	65	5	91	6	98	7	53	8	67	9	27	10	99	11	65	12	92	13	51	14	49	15	45	16	77	17	40	18	23	19	44	
	0	54	1	35	2	10	3	95	4	21	5	66	6	71	7	57	8	10	9	84	10	66	11	18	12	31	13	23	14	28	15	25	16	78	17	45	18	39	19	14	
	0	34	1	60	2	13	3	59	4	14	5	54	6	28	7	83	8	80	9	59	10	83	11	100	12	11	13	27	14	79	15	34	16	95	17	63	18	22	19	78	
	0	58	1	48	2	80	3	53	4	10	5	19	6	21	7	39	8	68	9	70	10	58	11	58	12	85	13	32	14	24	15	69	16	77	17	65	18	84	19	98	
	0	10	1	76	2	60	3	12	4	88	5	31	6	86	7	80	8	10	9	95	10	56	11	28	12	44	13	31	14	96	15	94	16	57	17	82	18	27	19	98	
	0	82	1	54	2	29	3	71	4	74	5	24	6	59	7	99	8	94	9	84	10	71	11	88	12	89	13	17	14	59	15	19	16	37	17	35	18	95	19	36	
	0	91	1	98	2	22	3	95	4	62	5	36	6	14	7	87	8	10	9	66	10	53	11	65	12	32	13	97	14	39	15	80	16	35	17	45	18	87	19	12	
	0	19	1	47	2	88	3	19	4	46	5	63	6	70	7	18	8	22	9	58	10	14	11	60	12	26	13	60	14	91	15	62	16	13	17	50	18	76	19	41	
	0	35	1	51	2	93	3	20	4	37	5	50	6	78	7	30	8	15	9	87	10	88	11	98	12	21	13	66	14	34	15	92	16	23	17	97	18	54	19	11	
	0	16	1	40	2	68	3	56	4	86	5	26	6	69	7	100	8	55	9	75	10	62	11	62	12	28	13	12	14	64	15	84	16	22	17	73	18	36	19	18	
	0	21	1	22	2	42	3	90	4	81	5	53	6	10	7	58	8	17	9	17	10	66	11	28	12	10	13	87	14	95	15	53	16	29	17	15	18	23	19	81	
	0	32	1	40	2	99	3	98	4	80	5	83	6	88	7	71	8	42	9	57	10	78	11	21	12	19	13	48	14	60	15	87	16	33	17	33	18	58	19	48	
	0	37	1	48	2	65	3	93	4	47	5	44	6	45	7	83	8	44	9	58	10	23	11	72	12	21	13	51	14	95	15	20	16	95	17	76	18	56	19	23	
	0	73	1	10	2	22	3	100	4	18	5	44	6	66	7	66	8	78	9	83	10	13	11	66	12	25	13	39	14	54	15	90	16	97	17	92	18	60	19	39	
	0	35	1	78	2	37	3	31	4	51	5	96	6	21	7	69	8	40	9	20	10	79	11	57	12	33	13	12	14	91	15	28	16	10	17	97	18	37	19	24	
	0	97	1	67	2	93	3	13	4	54	5	91	6	60	7	70	8	20	9	28	10	13	11	73	12	78	13	45	14	49	15	22	16	82	17	33	18	23	19	26	
	0	73	1	58	2	99	3	61	4	17	5	65	6	68	7	71	8	72	9	76	10	13	11	51	12	97	13	66	14	46	15	90	16	49	17	86	18	24	19	53	
	0	58	1	57	2	93	3	66	4	64	5	79	6	23	7	19	8	39	9	21	10	50	11	71	12	78	13	90	14	22	15	36	16	53	17	15	18	72	19	19	
	0	78	1	78	2	17	3	52	4	85	5	81	6	83	7	78	8	45	9	77	10	81	11	66	12	80	13	89	14	72	15	94	16	22	17	35	18	15	19	94	
	0	97	1	24	2	70	3	14	4	55	5	19	6	63	7	71	8	17	9	52	10	83	11	64	12	40	13	95	14	72	15	78	16	48	17	13	18	87	19	93	
	0	44	1	82	2	13	3	99	4	97	5	23	6	77	7	19	8	84	9	53	10	39	11	81	12	89	13	58	14	53	15	32	16	90	17	100	18	30	19	74	
	0	71	1	93	2	57	3	44	4	82	5	50	6	60	7	12	8	51	9	79	10	12	11	36	12	48	13	13	14	68	15	59	16	73	17	83	18	48	19	71	
	0	67	1	34	2	85	3	66	4	94	5	89	6	99	7	71	8	35	9	29	10	66	11	39	12	70	13	34	14	45	15	56	16	15	17	33	18	22	19	97	
	0	55	1	29	2	50	3	71	4	68	5	49	6	87	7	99	8	43	9	89	10	41	11	15	12	58	13	77	14	88	15	80	16	59	17	91	18	12	19	24	
	0	23	1	15	2	67	3	89	4	66	5	45	6	94	7	34	8	40	9	88	10	29	11	74	12	62	13	57	14	59	15	26	16	24	17	92	18	52	19	50	
	0	23	1	39	2	96	3	55	4	76	5	41	6	32	7	68	8	36	9	81	10	56	11	54	12	24	13	59	14	60	15	96	16	52	17	97	18	53	19	97	
	0	95	1	15	2	48	3	27	4	19	5	59	6	80	7	49	8	19	9	14	10	12	11	90	12	18	13	66	14	85	15	87	16	79	17	73	18	61	19	26	
	0	97	1	32	2	78	3	100	4	35	5	33	6	95	7	36	8	51	9	90	10	73	11	46	12	95	13	19	14	34	15	62	16	61	17	36	18	74	19	89	
	0	44	1	76	2	11	3	81	4	14	5	91	6	65	7	82	8	85	9	89	10	27	11	36	12	84	13	82	14	58	15	63	16	46	17	49	18	10	19	34	
	0	67	1	25	2	86	3	98	4	29	5	85	6	17	7	92	8	94	9	68	10	29	11	15	12	84	13	40	14	31	15	55	16	44	17	50	18	21	19	61	
	0	40	1	82	2	73	3	84	4	47	5	51	6	58	7	50	8	74	9	66	10	74	11	47	12	57	13	39	14	13	15	53	16	16	17	100	18	71	19	16	
	0	12	1	27	2	32	3	91	4	50	5	12	6	62	7	19	8	66	9	22	10	41	11	73	12	37	13	20	14	48	15	48	16	47	17	96	18	80	19	17	
	0	93	1	61	2	15	3	42	4	33	5	30	6	66	7	86	8	77	9	18	10	61	11	62	12	50	13	96	14	48	15	48	16	73	17	87	18	87	19	81	
	0	30	1	90	2	34	3	50	4	93	5	19	6	66	7	96	8	71	9	29	10	30	11	36	12	65	13	93	14	21	15	66	16	77	17	88	18	87	19	80	
	0	30	1	75	2	90	3	77	4	18	5	37	6	66	7	27	8	31	9	19	10	96	11	28	12	62	13	26	14	68	15	57	16	46	17	96	18	59	19	17	
	0	85	1	21	2	82	3	22	4	37	5	31	6	30	7	83	8	88	9	88	10	29	11	40	12	97	13	75	14	62	15	67	16	54	17	75	18	42	19	20	
	0	52	1	21	2	81	3	96	4	94	5	52	6	97	7	27	8	52	9	97	10	61	11	50	12	96	13	12	14	11	15	61	16	43	17	31	18	42	19	12	
	0	76	1	91	2	94	3	64	4	63	5	43	6	47	7	54	8	48	9	78	10	53	11	76	12	11	13	19	14	37	15	29	16	77	17	61	18	56	19	56	
	0	46	1	19	2	84	3	13	4	40	5	94	6	55	7	32	8	76	9	56	10	24	11	95	12	63	13	97	14	97	15	46	16	27	17	78	18	12	19	70	
	0	12	1	59	2	13	3	70	4	30	5	57	6	69	7	13	8	54	9	15	10	57	11	62	12	98	13	70	14	13	15	41	16	83	17	25	18	38	19	32	
	0	44	1	50	2	67	3	65	4	90	5	28	6	93	7	55	8	83	9	90	10	21	11	48	12	15	13	92	14	20	15	17	16	51	17	22	18	38	19	98	
	0	93	1	37	2	97	3	56	4	81	5	26	6	18	7	71	8	49	9	80	10	56	11	62	12	12	13	49	14	79	15	50	16	39	17	21	18	35	19	54	
	0	48	1	69	2	30	3	17	4	55	5	34	6	68	7	19	8	23	9	89	10	91	11	29	12	12	13	84	14	59	15	81	16	47	17	24	18	69	19	85	
	0	73	1	17	2	49	3	59	4	39	5	47	6	60	7	15	8	27	9	55	10	41	11	46	12	29	13	35	14	32	15	64	16	56	17	60	18	90	19	29	
	0	48	1	44	2	51	3	65	4	96	5	35	6	78	7	24	8	54	9	31	10	50	11	74	12	93	13	27	14	13	15	93	16	69	17	88	18	71	19	70	
	0	69	1	98	2	95	3	89	4	81	5	57	6	60	7	79	8	45	9	63	10	84	11	71	12	26	13	20	14	18	15	45	16	35	17	15	18	24	19	39	
	0	27	1	17	2	84	3	86	4	53	5	19	6	43	7	66	8	97	9	22	10	91	11	30	12	83	13	13	14	73	15	37	16	71	17	94	18	96	19	78	
	0	92	1	83	2	39	3	39	4	90	5	62	6	88	7	71	8	43	9	67	10	36	11	80	12	67	13	82	14	44	15	57	16	19	17	61	18	100	19	96	
	0	40	1	23	2	24	3	10	4	51	5	98	6	57	7	57	8	76	9	40	10	59	11	16	12	16	13	20	14	32	15	37	16	78	17	24	18	77	19	100	
	0	96	1	91	2	29	3	39	4	82	5	38	6	55	7	68	8	18	9	94	10	10	11	36	12	15	13	43	14	20	15	70	16	27	17	75	18	33	19	40	
	0	70	1	85	2	34	3	43	4	78	5	81	6	28	7	91	8	84	9	63	10	93	11	59	12	37	13	46	14	89	15	79	16	46	17	99	18	35	19	97	
	0	84	1	39	2	34	3	70	4	34	5	74	6	76	7	33	8	20	9	84	10	33	11	62	12	78	13	14	14	55	15	62	16	83	17	99	18	51	19	82	
	0	86	1	29	2	67	3	63	4	31	5	45	6	45	7	90	8	90	9	38	10	44	11	98	12	50	13	49	14	76	15	96	16	35	17	79	18	27	19	68	
	0	62	1	85	2	36	3	23	4	36	5	84	6	67	7	19	8	84	9	42	10	88	11	94	12	32	13	30	14	65	15	57	16	85	17	68	18	24	19	13	
	0	73	1	92	2	10	3	33	4	42	5	85	6	29	7	45	8	57	9	29	10	62	11	55	12	74	13	30	14	90	15	32	16	71	17	93	18	28	19	24	
	0	41	1	55	2	92	3	70	4	79	5	27	6	85	7	14	8	42	9	77	10	74	11	55	12	97	13	84	14	79	15	39	16	28	17	72	18	78	19	81	
	0	33	1	11	2	21	3	74	4	43	5	18	6	57	7	70	8	87	9	98	10	51	11	97	12	81	13	10	14	19	15	86	16	22	17	70	18	85	19	56	
	0	13	1	30	2	68	3	58	4	46	5	28	6	53	7	50	8	73	9	30	10	67	11	88	12	58	13	87	14	68	15	46	16	32	17	60	18	11	19	81	
	0	74	1	73	2	90	3	70	4	48	5	84	6	86	7	25	8	94	9	57	10	36	11	90	12	24	13	73	14	41	15	94	16	88	17	12	18	100	19	42	
	0	24	1	46	2	37	3	17	4	92	5	37	6	37	7	46	8	77	9	87	10	71	11	97	12	92	13	50	14	20	15	80	16	71	17	51	18	84	19	99	
	0	84	1	30	2	68	3	49	4	100	5	42	6	31	7	37	8	41	9	40	10	69	11	83	12	29	13	50	14	88	15	59	16	60	17	25	18	49	19	95	
	0	79	1	38	2	45	3	23	4	99	5	91	6	30	7	70	8	49	9	87	10	62	11	49	12	96	13	72	14	73	15	10	16	18	17	71	18	33	19	32	
	0	95	1	33	2	53	3	77	4	20	5	56	6	62	7	85	8	87	9	96	10	20	11	43	12	65	13	63	14	12	15	99	16	64	17	86	18	19	19	23	
	0	57	1	100	2	98	3	31	4	48	5	49	6	87	7	77	8	43	9	93	10	36	11	40	12	87	13	52	14	70	15	65	16	43	17	77	18	44	19	29	
	0	54	1	91	2	14	3	14	4	74	5	77	6	67	7	63	8	60	9	48	10	100	11	33	12	68	13	95	14	79	15	68	16	51	17	52	18	89	19	14	
	0	46	1	29	2	34	3	75	4	55	5	24	6	83	7	100	8	61	9	70	10	30	11	25	12	13	13	80	14	49	15	97	16	45	17	40	18	67	19	67	
	0	99	1	93	2	56	3	82	4	91	5	85	6	81	7	73	8	93	9	23	10	61	11	31	12	37	13	54	14	67	15	40	16	22	17	31	18	79	19	82	
	0	22	1	28	2	25	3	10	4	51	5	53	6	31	7	85	8	70	9	94	10	10	11	55	12	44	13	82	14	10	15	92	16	43	17	100	18	12	19	12	
	0	44	1	45	2	15	3	36	4	95	5	34	6	43	7	15	8	12	9	55	10	52	11	31	12	73	13	61	14	10	15	95	16	16	17	48	18	91	19	29	
	0	56	1	10	2	27	3	47	4	36	5	49	6	68	7	81	8	100	9	73	10	45	11	56	12	13	13	20	14	20	15	66	16	33	17	65	18	35	19	94	
	0	57	1	60	2	67	3	74	4	80	5	65	6	73	7	92	8	92	9	42	10	88	11	87	12	19	13	36	14	57	15	14	16	91	17	51	18	65	19	21	
	0	53	1	51	2	16	3	78	4	47	5	62	6	85	7	48	8	88	9	57	10	23	11	33	12	46	13	94	14	51	15	11	16	74	17	19	18	85	19	24	
	0	53	1	11	2	37	3	99	4	45	5	32	6	29	7	89	8	73	9	66	10	46	11	46	12	78	13	24	14	50	15	30	16	20	17	95	18	91	19	42	
	0	18	1	70	2	47	3	32	4	25	5	30	6	75	7	27	8	81	9	46	10	59	11	63	12	89	13	32	14	11	15	96	16	100	17	72	18	100	19	59	
	0	14	1	71	2	96	3	69	4	91	5	23	6	18	7	85	8	25	9	97	10	90	11	32	12	81	13	23	14	47	15	97	16	96	17	63	18	74	19	88	
	0	25	1	12	2	54	3	39	4	25	5	64	6	100	7	84	8	35	9	67	10	93	11	37	12	96	13	19	14	51	15	31	16	32	17	70	18	85	19	31	
	0	68	1	64	2	77	3	73	4	41	5	69	6	26	7	50	8	45	9	74	10	18	11	90	12	79	13	71	14	87	15	95	16	80	17	75	18	35	19	24	
	0	27	1	24	2	86	3	26	4	79	5	47	6	27	7	11	8	41	9	63	10	97	11	70	12	83	13	54	14	50	15	40	16	58	17	21	18	90	19	73	
	0	40	1	82	2	33	3	12	4	67	5	26	6	21	7	61	8	48	9	36	10	97	11	43	12	70	13	92	14	38	15	14	16	45	17	82	18	31	19	32	
	0	77	1	22	2	88	3	60	4	97	5	93	6	55	7	87	8	29	9	27	10	59	11	68	12	19	13	68	14	51	15	42	16	84	17	31	18	19	19	97	
	0	86	1	22	2	17	3	50	4	67	5	70	6	81	7	14	8	93	9	86	10	70	11	81	12	13	13	90	14	50	15	37	16	53	17	68	18	98	19	57	
	0	47	1	83	2	73	3	68	4	66	5	46	6	50	7	46	8	16	9	15	10	58	11	32	12	12	13	50	14	90	15	27	16	59	17	100	18	86	19	26	
	0	19	1	86	2	90	3	31	4	26	5	83	6	35	7	23	8	33	9	97	10	42	11	81	12	80	13	98	14	48	15	15	16	26	17	65	18	60	19	25	
	0	29	1	72	2	89	3	75	4	23	5	62	6	16	7	74	8	81	9	30	10	65	11	14	12	33	13	81	14	59	15	17	16	31	17	42	18	89	19	54	
	0	26	1	76	2	87	3	79	4	70	5	57	6	13	7	61	8	28	9	74	10	17	11	53	12	29	13	25	14	24	15	84	16	24	17	32	18	43	19	36	
	0	75	1	80	2	41	3	53	4	87	5	95	6	92	7	89	8	97	9	12	10	28	11	70	12	67	13	25	14	11	15	80	16	64	17	90	18	27	19	40	
	0	88	1	89	2	17	3	72	4	48	5	64	6	32	7	13	8	58	9	68	10	21	11	50	12	41	13	92	14	99	15	81	16	75	17	74	18	62	19	74	
	0	87	1	43	2	54	3	60	4	83	5	25	6	27	7	79	8	67	9	94	10	55	11	67	12	20	13	63	14	22	15	32	16	68	17	86	18	12	19	40	
	0	69	1	68	2	58	3	75	4	70	5	68	6	60	7	21	8	52	9	46	10	69	11	72	12	13	13	29	14	11	15	14	16	65	17	40	18	25	19	27	
	0	19	1	75	2	99	3	38	4	61	5	62	6	19	7	99	8	17	9	36	10	74	11	21	12	65	13	18	14	75	15	87	16	100	17	51	18	14	19	41	
	0	48	1	49	2	65	3	42	4	12	5	61	6	89	7	86	8	85	9	96	10	69	11	31	12	58	13	36	14	34	15	85	16	24	17	51	18	78	19	24	
	0	90	1	77	2	89	3	45	4	97	5	45	6	51	7	52	8	83	9	53	10	10	11	77	12	97	13	24	14	32	15	22	16	71	17	66	18	86	19	75	
	0	62	1	25	2	12	3	43	4	93	5	31	6	69	7	37	8	15	9	47	10	75	11	86	12	57	13	72	14	74	15	58	16	18	17	24	18	98	19	95	
	0	97	1	85	2	62	3	40	4	52	5	72	6	100	7	67	8	49	9	37	10	32	11	51	12	35	13	17	14	55	15	11	16	90	17	16	18	43	19	60	
	0	15	1	70	2	36	3	84	4	80	5	23	6	60	7	40	8	71	9	51	10	56	11	15	12	98	13	98	14	85	15	52	16	44	17	60	18	21	19	79	
	0	52	1	21	2	69	3	40	4	39	5	47	6	83	7	59	8	18	9	27	10	96	11	39	12	19	13	56	14	33	15	38	16	17	17	48	18	76	19	56	
	0	61	1	73	2	55	3	81	4	58	5	91	6	50	7	75	8	90	9	70	10	53	11	97	12	57	13	78	14	76	15	45	16	75	17	67	18	96	19	22	
	0	67	1	62	2	20	3	40	4	18	5	90	6	85	7	28	8	14	9	96	10	55	11	22	12	36	13	93	14	38	15	98	16	56	17	39	18	59	19	74	
	0	27	1	86	2	43	3	36	4	93	5	92	6	37	7	37	8	47	9	93	10	79	11	63	12	76	13	31	14	32	15	52	16	21	17	45	18	55	19	29	
	0	37	1	81	2	18	3	70	4	56	5	41	6	11	7	60	8	54	9	14	10	22	11	82	12	55	13	56	14	90	15	79	16	87	17	100	18	97	19	65	
	0	55	1	27	2	96	3	64	4	10	5	12	6	36	7	46	8	79	9	72	10	37	11	13	12	100	13	18	14	89	15	87	16	96	17	54	18	79	19	54	
	0	90	1	47	2	62	3	78	4	54	5	29	6	51	7	93	8	27	9	23	10	25	11	98	12	12	13	25	14	69	15	49	16	21	17	71	18	43	19	89	
	0	13	1	63	2	36	3	29	4	39	5	91	6	68	7	29	8	20	9	84	10	86	11	12	12	40	13	70	14	56	15	21	16	44	17	61	18	51	19	62	
	0	28	1	67	2	87	3	11	4	55	5	44	6	43	7	37	8	65	9	69	10	55	11	84	12	72	13	87	14	89	15	42	16	63	17	85	18	27	19	51	
	0	39	1	97	2	13	3	57	4	17	5	26	6	93	7	66	8	32	9	76	10	22	11	60	12	64	13	49	14	98	15	71	16	10	17	10	18	86	19	61	
	0	56	1	56	2	87	3	98	4	77	5	51	6	11	7	62	8	48	9	30	10	67	11	96	12	90	13	41	14	32	15	91	16	97	17	23	18	92	19	24	
	0	83	1	21	2	18	3	27	4	91	5	51	6	56	7	89	8	66	9	19	10	75	11	75	12	24	13	61	14	84	15	24	16	30	17	75	18	13	19	41	
	0	47	1	66	2	74	3	93	4	36	5	36	6	83	7	23	8	19	9	100	10	62	11	38	12	85	13	22	14	33	15	23	16	88	17	52	18	15	19	86	
	0	11	1	56	2	80	3	72	4	54	5	85	6	14	7	44	8	31	9	95	10	87	11	29	12	33	13	64	14	100	15	78	16	91	17	72	18	66	19	85	
	0	71	1	95	2	54	3	41	4	64	5	32	6	83	7	35	8	23	9	70	10	95	11	92	12	30	13	35	14	33	15	25	16	69	17	90	18	86	19	68	
	0	87	1	55	2	50	3	11	4	71	5	27	6	89	7	11	8	68	9	55	10	19	11	67	12	89	13	12	14	37	15	32	16	24	17	54	18	25	19	31	
	0	20	1	52	2	12	3	34	4	19	5	38	6	37	7	92	8	87	9	26	10	51	11	81	12	17	13	69	14	70	15	55	16	96	17	86	18	33	19	55	
	0	37	1	56	2	72	3	73	4	58	5	34	6	58	7	12	8	11	9	78	10	82	11	23	12	92	13	34	14	11	15	40	16	63	17	69	18	23	19	26	
	0	51	1	20	2	92	3	65	4	14	5	27	6	73	7	78	8	93	9	48	10	11	11	90	12	74	13	91	14	10	15	83	16	27	17	25	18	43	19	25	
	0	18	1	96	2	48	3	47	4	98	5	96	6	18	7	66	8	39	9	25	10	13	11	42	12	99	13	35	14	28	15	30	16	63	17	79	18	74	19	62	
	0	67	1	72	2	59	3	35	4	59	5	42	6	72	7	51	8	63	9	45	10	36	11	63	12	45	13	62	14	31	15	25	16	71	17	32	18	69	19	40	
	0	63	1	11	2	19	3	86	4	18	5	98	6	99	7	56	8	67	9	23	10	55	11	89	12	80	13	100	14	42	15	39	16	63	17	46	18	32	19	99	
	0	48	1	95	2	46	3	14	4	40	5	37	6	15	7	93	8	55	9	66	10	19	11	100	12	47	13	21	14	72	15	89	16	36	17	67	18	66	19	84	
	0	95	1	95	2	25	3	99	4	61	5	39	6	96	7	46	8	36	9	54	10	100	11	93	12	17	13	56	14	93	15	77	16	75	17	66	18	71	19	100	
	0	37	1	25	2	21	3	82	4	70	5	35	6	90	7	35	8	36	9	17	10	96	11	35	12	37	13	22	14	45	15	53	16	74	17	41	18	76	19	86	
	0	14	1	76	2	24	3	65	4	37	5	10	6	46	7	98	8	90	9	59	10	17	11	53	12	51	13	16	14	96	15	86	16	25	17	50	18	100	19	87	
	0	94	1	27	2	12	3	94	4	20	5	81	6	68	7	79	8	52	9	26	10	19	11	67	12	46	13	36	14	80	15	98	16	67	17	92	18	100	19	78	
	0	42	1	14	2	18	3	68	4	69	5	76	6	79	7	29	8	28	9	12	10	99	11	76	12	36	13	56	14	17	15	50	16	89	17	44	18	18	19	23	
	0	18	1	81	2	74	3	69	4	51	5	66	6	85	7	42	8	19	9	36	10	60	11	90	12	49	13	66	14	26	15	96	16	49	17	54	18	90	19	52	
	0	21	1	11	2	42	3	16	4	100	5	53	6	66	7	14	8	96	9	52	10	95	11	62	12	72	13	29	14	11	15	48	16	75	17	79	18	48	19	62	
	0	26	1	59	2	92	3	26	4	59	5	67	6	80	7	54	8	23	9	28	10	56	11	64	12	50	13	52	14	66	15	72	16	57	17	18	18	64	19	61	
	0	25	1	93	2	46	3	28	4	57	5	47	6	32	7	90	8	61	9	71	10	20	11	30	12	44	13	43	14	57	15	46	16	43	17	72	18	19	19	84	
	0	30	1	62	2	47	3	56	4	89	5	32	6	88	7	34	8	16	9	37	10	97	11	49	12	16	13	46	14	12	15	46	16	49	17	61	18	22	19	64	
	0	98	1	55	2	69	3	58	4	62	5	33	6	96	7	33	8	29	9	37	10	96	11	28	12	74	13	23	14	43	15	66	16	36	17	75	18	41	19	49	
	0	89	1	80	2	44	3	91	4	35	5	97	6	88	7	66	8	17	9	33	10	55	11	26	12	93	13	58	14	90	15	40	16	66	17	100	18	73	19	28	
	0	67	1	35	2	76	3	32	4	96	5	94	6	98	7	71	8	16	9	75	10	65	11	87	12	62	13	46	14	25	15	36	16	72	17	52	18	14	19	75	
	0	71	1	76	2	89	3	83	4	68	5	70	6	26	7	81	8	90	9	97	10	60	11	16	12	81	13	14	14	54	15	87	16	80	17	23	18	30	19	90	
	0	41	1	87	2	99	3	65	4	12	5	26	6	75	7	71	8	67	9	39	10	77	11	21	12	59	13	62	14	80	15	54	16	31	17	81	18	45	19	78	
	0	56	1	38	2	54	3	86	4	64	5	96	6	89	7	44	8	84	9	45	10	14	11	22	12	14	13	65	14	27	15	40	16	45	17	71	18	72	19	20	
	0	93	1	39	2	15	3	87	4	48	5	79	6	84	7	88	8	80	9	85	10	45	11	31	12	38	13	13	14	39	15	74	16	73	17	25	18	90	19	77	
	0	25	1	95	2	100	3	77	4	72	5	48	6	15	7	77	8	16	9	81	10	71	11	92	12	72	13	92	14	25	15	78	16	40	17	14	18	66	19	22	
	0	14	1	14	2	77	3	78	4	86	5	12	6	85	7	59	8	55	9	75	10	38	11	96	12	67	13	24	14	84	15	26	16	91	17	69	18	84	19	83	
	0	72	1	38	2	78	3	61	4	94	5	60	6	79	7	88	8	26	9	57	10	75	11	98	12	41	13	37	14	36	15	46	16	86	17	37	18	58	19	20	
	0	73	1	49	2	65	3	100	4	31	5	39	6	63	7	11	8	19	9	36	10	51	11	56	12	19	13	39	14	21	15	98	16	23	17	49	18	86	19	23	
	0	29	1	25	2	70	3	36	4	43	5	25	6	82	7	79	8	20	9	54	10	59	11	78	12	22	13	82	14	91	15	15	16	65	17	92	18	41	19	14	
	0	25	1	48	2	85	3	29	4	33	5	94	6	41	7	92	8	71	9	18	10	81	11	55	12	92	13	42	14	26	15	28	16	65	17	88	18	20	19	57	
	0	33	1	36	2	31	3	55	4	15	5	68	6	32	7	41	8	84	9	82	10	38	11	46	12	47	13	67	14	10	15	52	16	93	17	64	18	88	19	70	
	0	21	1	45	2	52	3	29	4	42	5	77	6	72	7	60	8	34	9	32	10	99	11	55	12	40	13	31	14	45	15	17	16	88	17	78	18	65	19	35	
	0	82	1	20	2	34	3	64	4	91	5	27	6	38	7	43	8	72	9	98	10	19	11	44	12	56	13	68	14	71	15	72	16	58	17	35	18	68	19	34	
	0	17	1	20	2	39	3	17	4	74	5	33	6	24	7	60	8	61	9	91	10	39	11	25	12	66	13	58	14	77	15	32	16	63	17	11	18	23	19	56	
	0	63	1	76	2	73	3	40	4	54	5	57	6	77	7	83	8	79	9	66	10	17	11	42	12	65	13	36	14	15	15	34	16	90	17	57	18	17	19	52	
	0	23	1	38	2	68	3	79	4	27	5	91	6	28	7	40	8	61	9	11	10	43	11	20	12	45	13	82	14	42	15	81	16	44	17	82	18	36	19	96	
	0	36	1	41	2	13	3	46	4	68	5	83	6	38	7	32	8	91	9	35	10	67	11	20	12	17	13	90	14	19	15	62	16	95	17	76	18	49	19	14	
	0	12	1	60	2	56	3	22	4	45	5	80	6	15	7	30	8	73	9	12	10	20	11	10	12	25	13	70	14	87	15	47	16	78	17	76	18	63	19	44	
	0	55	1	44	2	19	3	31	4	71	5	83	6	77	7	45	8	87	9	13	10	32	11	47	12	14	13	26	14	61	15	15	16	60	17	79	18	97	19	93	
	0	64	1	64	2	58	3	21	4	17	5	75	6	44	7	75	8	69	9	51	10	25	11	36	12	55	13	68	14	26	15	38	16	79	17	65	18	48	19	62	
	0	93	1	91	2	75	3	22	4	19	5	16	6	29	7	13	8	35	9	81	10	67	11	73	12	14	13	97	14	69	15	15	16	47	17	76	18	61	19	27	
	0	27	1	49	2	67	3	55	4	99	5	30	6	62	7	84	8	31	9	99	10	42	11	85	12	21	13	79	14	18	15	27	16	18	17	100	18	42	19	47	
	0	86	1	42	2	87	3	47	4	92	5	94	6	42	7	80	8	94	9	80	10	90	11	26	12	54	13	43	14	28	15	38	16	28	17	18	18	65	19	39	
	0	82	1	81	2	71	3	15	4	44	5	54	6	16	7	71	8	99	9	42	10	61	11	10	12	25	13	59	14	89	15	15	16	49	17	62	18	98	19	74	
	0	12	1	87	2	52	3	78	4	40	5	89	6	46	7	100	8	88	9	34	10	98	11	74	12	53	13	87	14	58	15	24	16	51	17	15	18	34	19	35	
	0	22	1	47	2	65	3	27	4	95	5	35	6	25	7	79	8	80	9	42	10	53	11	87	12	10	13	84	14	48	15	100	16	44	17	25	18	51	19	80	
	0	26	1	98	2	69	3	97	4	13	5	36	6	44	7	51	8	64	9	52	10	84	11	67	12	87	13	68	14	89	15	71	16	70	17	82	18	53	19	24	
	0	71	1	22	2	55	3	57	4	20	5	11	6	22	7	33	8	15	9	68	10	95	11	83	12	47	13	81	14	93	15	27	16	77	17	97	18	91	19	89	
	0	57	1	17	2	21	3	34	4	51	5	67	6	75	7	66	8	79	9	27	10	33	11	28	12	37	13	71	14	15	15	44	16	31	17	21	18	10	19	60	
	0	32	1	73	2	93	3	40	4	91	5	34	6	80	7	50	8	38	9	48	10	55	11	11	12	64	13	73	14	66	15	39	16	70	17	37	18	50	19	56	
	0	68	1	28	2	85	3	67	4	44	5	49	6	21	7	15	8	86	9	17	10	68	11	35	12	62	13	60	14	91	15	92	16	16	17	82	18	79	19	38	
	0	54	1	33	2	55	3	38	4	19	5	12	6	82	7	99	8	61	9	37	10	70	11	10	12	43	13	77	14	28	15	14	16	71	17	65	18	34	19	34	
	0	12	1	41	2	56	3	37	4	88	5	69	6	79	7	49	8	83	9	74	10	92	11	84	12	24	13	55	14	17	15	76	16	13	17	25	18	90	19	87	
	0	47	1	92	2	71	3	29	4	20	5	91	6	25	7	100	8	24	9	54	10	66	11	95	12	79	13	18	14	81	15	92	16	91	17	65	18	23	19	10	
	0	39	1	57	2	20	3	30	4	49	5	66	6	74	7	50	8	81	9	70	10	68	11	64	12	12	13	45	14	27	15	33	16	25	17	65	18	28	19	72	
	0	98	1	51	2	25	3	88	4	91	5	51	6	32	7	80	8	80	9	11	10	29	11	70	12	43	13	20	14	58	15	62	16	21	17	99	18	72	19	27	
	0	28	1	54	2	74	3	93	4	50	5	26	6	94	7	90	8	69	9	57	10	24	11	15	12	14	13	94	14	24	15	16	16	37	17	32	18	75	19	34	
	0	63	1	83	2	34	3	60	4	82	5	74	6	54	7	54	8	32	9	59	10	17	11	45	12	53	13	71	14	58	15	96	16	37	17	87	18	25	19	65	
	0	13	1	45	2	16	3	47	4	91	5	91	6	73	7	47	8	28	9	36	10	63	11	26	12	77	13	97	14	35	15	70	16	93	17	99	18	99	19	73	
	0	44	1	60	2	93	3	46	4	84	5	84	6	85	7	65	8	64	9	43	10	48	11	89	12	48	13	76	14	23	15	39	16	94	17	31	18	67	19	85	
	0	75	1	57	2	87	3	96	4	98	5	36	6	47	7	26	8	52	9	43	10	10	11	95	12	54	13	36	14	52	15	33	16	48	17	51	18	86	19	97	
	0	39	1	31	2	73	3	38	4	76	5	29	6	79	7	18	8	33	9	61	10	67	11	48	12	48	13	37	14	71	15	91	16	62	17	98	18	27	19	65	
	0	70	1	97	2	83	3	17	4	43	5	47	6	96	7	85	8	93	9	87	10	72	11	57	12	44	13	91	14	38	15	69	16	89	17	19	18	28	19	62	
	0	92	1	64	2	90	3	12	4	18	5	23	6	31	7	89	8	61	9	97	10	57	11	91	12	70	13	84	14	29	15	31	16	74	17	29	18	16	19	85	
	0	48	1	67	2	42	3	50	4	51	5	33	6	60	7	45	8	78	9	88	10	35	11	57	12	14	13	94	14	97	15	96	16	61	17	69	18	18	19	28	
	0	37	1	72	2	99	3	77	4	53	5	52	6	34	7	37	8	59	9	45	10	24	11	12	12	60	13	56	14	64	15	62	16	73	17	97	18	72	19	99	
	0	67	1	21	2	20	3	92	4	49	5	52	6	54	7	21	8	100	9	24	10	19	11	43	12	93	13	40	14	38	15	57	16	22	17	59	18	64	19	37	
	0	35	1	61	2	74	3	14	4	24	5	16	6	63	7	84	8	38	9	73	10	46	11	70	12	71	13	38	14	93	15	66	16	27	17	39	18	91	19	16	
	0	95	1	77	2	21	3	89	4	34	5	53	6	64	7	60	8	35	9	59	10	23	11	24	12	30	13	59	14	81	15	81	16	62	17	19	18	43	19	39	
	0	69	1	50	2	84	3	86	4	60	5	30	6	39	7	61	8	47	9	20	10	74	11	59	12	47	13	92	14	83	15	24	16	66	17	73	18	19	19	99	
	0	99	1	60	2	18	3	35	4	17	5	87	6	29	7	48	8	93	9	26	10	29	11	51	12	84	13	15	14	21	15	49	16	92	17	26	18	73	19	48	
	0	44	1	29	2	41	3	69	4	22	5	15	6	37	7	41	8	10	9	14	10	51	11	93	12	14	13	39	14	54	15	38	16	40	17	51	18	10	19	62	
	0	66	1	48	2	99	3	28	4	29	5	55	6	62	7	25	8	38	9	49	10	61	11	15	12	76	13	14	14	10	15	81	16	50	17	78	18	51	19	55	
	0	69	1	33	2	30	3	100	4	71	5	70	6	64	7	97	8	42	9	30	10	15	11	64	12	26	13	62	14	52	15	69	16	65	17	26	18	94	19	58	
	0	50	1	74	2	20	3	50	4	87	5	55	6	12	7	81	8	91	9	19	10	59	11	20	12	85	13	69	14	10	15	74	16	52	17	100	18	72	19	62	
	0	39	1	12	2	58	3	89	4	32	5	10	6	39	7	80	8	89	9	76	10	85	11	31	12	21	13	80	14	25	15	25	16	93	17	77	18	34	19	10	
	0	79	1	93	2	35	3	23	4	86	5	24	6	70	7	71	8	45	9	84	10	20	11	100	12	38	13	56	14	11	15	93	16	51	17	18	18	33	19	37	
	0	19	1	30	2	12	3	82	4	68	5	79	6	36	7	19	8	22	9	30	10	84	11	29	12	16	13	56	14	66	15	78	16	33	17	49	18	23	19	10	
	0	64	1	100	2	94	3	25	4	39	5	34	6	63	7	15	8	42	9	11	10	89	11	90	12	33	13	63	14	61	15	70	16	86	17	97	18	84	19	13	
	0	49	1	37	2	63	3	54	4	35	5	80	6	53	7	95	8	41	9	63	10	27	11	78	12	23	13	15	14	90	15	83	16	76	17	67	18	83	19	46	
	0	84	1	59	2	92	3	76	4	48	5	37	6	80	7	95	8	47	9	56	10	77	11	31	12	64	13	34	14	50	15	13	16	36	17	88	18	11	19	74	
	0	35	1	38	2	10	3	30	4	53	5	12	6	48	7	29	8	91	9	92	10	61	11	51	12	32	13	79	14	85	15	77	16	36	17	42	18	57	19	81	
	0	96	1	75	2	71	3	47	4	58	5	70	6	85	7	49	8	42	9	35	10	11	11	50	12	64	13	50	14	21	15	88	16	58	17	95	18	32	19	24	
	0	26	1	88	2	47	3	17	4	27	5	11	6	25	7	57	8	10	9	29	10	91	11	78	12	31	13	13	14	70	15	83	16	61	17	34	18	33	19	19	
	0	53	1	63	2	18	3	63	4	84	5	48	6	24	7	36	8	13	9	46	10	18	11	82	12	53	13	83	14	80	15	60	16	62	17	47	18	53	19	16	
	0	16	1	74	2	73	3	91	4	87	5	23	6	51	7	21	8	18	9	52	10	41	11	85	12	35	13	23	14	24	15	56	16	16	17	42	18	74	19	47	
	0	32	1	83	2	16	3	55	4	25	5	75	6	77	7	17	8	81	9	26	10	26	11	66	12	61	13	69	14	21	15	92	16	85	17	34	18	72	19	19	
	0	19	1	88	2	29	3	25	4	86	5	41	6	29	7	66	8	42	9	45	10	18	11	65	12	69	13	76	14	77	15	65	16	35	17	32	18	40	19	92	
	0	35	1	93	2	98	3	31	4	41	5	63	6	32	7	39	8	55	9	29	10	55	11	20	12	98	13	15	14	79	15	17	16	27	17	43	18	31	19	59	
	0	61	1	55	2	51	3	35	4	38	5	54	6	75	7	91	8	37	9	100	10	58	11	81	12	56	13	33	14	51	15	86	16	71	17	21	18	71	19	47	
	0	16	1	27	2	79	3	26	4	26	5	40	6	48	7	65	8	70	9	36	10	83	11	75	12	75	13	41	14	31	15	20	16	43	17	61	18	14	19	58	
	0	100	1	89	2	12	3	35	4	11	5	43	6	16	7	15	8	71	9	62	10	50	11	25	12	57	13	61	14	59	15	65	16	60	17	51	18	10	19	82	
	0	26	1	38	2	45	3	65	4	86	5	65	6	79	7	72	8	49	9	18	10	99	11	84	12	33	13	34	14	26	15	52	16	37	17	26	18	80	19	21	
	0	26	1	34	2	87	3	95	4	34	5	87	6	65	7	40	8	37	9	73	10	81	11	36	12	94	13	28	14	11	15	60	16	98	17	23	18	66	19	80	
	0	53	1	44	2	80	3	38	4	82	5	93	6	40	7	31	8	83	9	100	10	79	11	95	12	14	13	100	14	61	15	76	16	17	17	53	18	29	19	59	
	0	31	1	43	2	53	3	94	4	40	5	16	6	57	7	43	8	85	9	29	10	77	11	63	12	10	13	85	14	43	15	47	16	18	17	89	18	78	19	24	
	0	66	1	23	2	83	3	40	4	67	5	59	6	10	7	44	8	98	9	61	10	62	11	14	12	87	13	34	14	67	15	38	16	76	17	25	18	54	19	94	
	0	71	1	21	2	68	3	61	4	18	5	60	6	40	7	19	8	25	9	63	10	80	11	10	12	85	13	21	14	22	15	73	16	21	17	40	18	53	19	17	
	0	49	1	35	2	27	3	93	4	60	5	76	6	16	7	84	8	26	9	42	10	91	11	92	12	22	13	33	14	29	15	62	16	27	17	13	18	49	19	44	
	0	88	1	59	2	30	3	47	4	91	5	87	6	72	7	93	8	21	9	45	10	45	11	52	12	21	13	79	14	24	15	97	16	10	17	50	18	36	19	89	
	0	77	1	89	2	70	3	52	4	92	5	25	6	69	7	34	8	33	9	47	10	34	11	29	12	47	13	27	14	82	15	97	16	33	17	82	18	70	19	10	
	0	57	1	27	2	71	3	67	4	35	5	57	6	97	7	26	8	89	9	89	10	91	11	92	12	10	13	38	14	24	15	28	16	60	17	90	18	97	19	67	
	0	15	1	61	2	93	3	23	4	56	5	30	6	91	7	95	8	55	9	37	10	44	11	19	12	23	13	49	14	89	15	65	16	46	17	19	18	19	19	75	
	0	20	1	83	2	63	3	17	4	87	5	78	6	55	7	77	8	30	9	64	10	61	11	51	12	61	13	75	14	54	15	96	16	56	17	69	18	15	19	78	
	0	64	1	79	2	86	3	42	4	10	5	55	6	40	7	27	8	13	9	92	10	52	11	27	12	68	13	61	14	67	15	81	16	97	17	17	18	75	19	25	
	0	55	1	63	2	15	3	23	4	59	5	53	6	91	7	50	8	98	9	50	10	35	11	49	12	40	13	63	14	25	15	39	16	22	17	82	18	18	19	16	
	0	84	1	83	2	38	3	52	4	80	5	76	6	38	7	68	8	74	9	81	10	89	11	90	12	11	13	92	14	63	15	21	16	26	17	49	18	56	19	91	
	0	29	1	21	2	68	3	39	4	57	5	81	6	56	7	23	8	30	9	37	10	13	11	30	12	71	13	80	14	48	15	88	16	90	17	35	18	53	19	55	
	0	61	1	74	2	11	3	36	4	46	5	82	6	86	7	12	8	50	9	38	10	78	11	40	12	34	13	51	14	69	15	66	16	90	17	79	18	74	19	21	
	0	28	1	19	2	66	3	32	4	12	5	18	6	83	7	42	8	58	9	71	10	74	11	93	12	20	13	41	14	78	15	59	16	19	17	27	18	38	19	73	
	0	97	1	52	2	23	3	81	4	61	5	51	6	80	7	98	8	76	9	81	10	46	11	48	12	53	13	34	14	81	15	86	16	40	17	77	18	42	19	23	
	0	45	1	60	2	32	3	18	4	50	5	73	6	82	7	58	8	50	9	45	10	50	11	29	12	62	13	95	14	65	15	98	16	83	17	66	18	99	19	44	
	0	32	1	44	2	62	3	30	4	49	5	58	6	90	7	95	8	60	9	83	10	57	11	61	12	82	13	48	14	94	15	47	16	68	17	38	18	97	19	15	
	0	81	1	43	2	78	3	95	4	46	5	27	6	34	7	97	8	71	9	43	10	23	11	98	12	81	13	30	14	46	15	29	16	32	17	69	18	62	19	20	
	0	66	1	16	2	74	3	60	4	40	5	92	6	10	7	37	8	75	9	40	10	56	11	92	12	52	13	99	14	83	15	31	16	30	17	89	18	84	19	91	
	0	62	1	20	2	48	3	42	4	100	5	84	6	33	7	74	8	18	9	44	10	97	11	29	12	70	13	98	14	81	15	20	16	16	17	74	18	14	19	90	
	0	71	1	47	2	64	3	37	4	48	5	15	6	95	7	22	8	67	9	16	10	82	11	39	12	62	13	97	14	48	15	29	16	39	17	60	18	24	19	94	
	0	60	1	83	2	55	3	65	4	20	5	28	6	43	7	40	8	43	9	39	10	55	11	54	12	94	13	38	14	69	15	89	16	98	17	99	18	87	19	71	
	0	58	1	71	2	78	3	51	4	18	5	88	6	59	7	35	8	85	9	18	10	31	11	38	12	47	13	77	14	15	15	56	16	72	17	34	18	46	19	23	
	0	97	1	42	2	37	3	88	4	14	5	46	6	23	7	77	8	58	9	63	10	49	11	70	12	35	13	65	14	75	15	11	16	37	17	97	18	96	19	40	
	0	35	1	32	2	51	3	37	4	79	5	72	6	71	7	25	8	29	9	14	10	51	11	46	12	34	13	92	14	49	15	55	16	13	17	17	18	54	19	79	
	0	57	1	88	2	56	3	48	4	96	5	17	6	35	7	14	8	56	9	30	10	18	11	27	12	24	13	79	14	23	15	86	16	20	17	100	18	46	19	97	
	0	19	1	76	2	15	3	16	4	20	5	59	6	53	7	65	8	74	9	60	10	99	11	61	12	13	13	74	14	88	15	50	16	75	17	47	18	51	19	83	
	0	11	1	50	2	45	3	27	4	87	5	31	6	22	7	47	8	26	9	73	10	30	11	42	12	91	13	100	14	26	15	63	16	49	17	47	18	13	19	61	
	0	91	1	18	2	55	3	97	4	39	5	81	6	76	7	80	8	51	9	65	10	59	11	12	12	72	13	55	14	26	15	78	16	89	17	99	18	58	19	69	
	0	18	1	28	2	59	3	74	4	34	5	93	6	53	7	96	8	20	9	79	10	20	11	91	12	29	13	39	14	56	15	53	16	19	17	96	18	93	19	16	
	0	73	1	77	2	58	3	43	4	25	5	71	6	84	7	60	8	67	9	99	10	94	11	58	12	17	13	86	14	88	15	23	16	34	17	75	18	14	19	31	
	0	79	1	12	2	34	3	17	4	42	5	98	6	98	7	39	8	87	9	66	10	78	11	71	12	60	13	22	14	77	15	82	16	45	17	40	18	73	19	16	
	0	79	1	39	2	66	3	10	4	68	5	89	6	33	7	12	8	65	9	36	10	75	11	61	12	95	13	35	14	15	15	15	16	81	17	21	18	19	19	22	
	0	19	1	79	2	57	3	57	4	70	5	68	6	49	7	100	8	62	9	75	10	60	11	11	12	89	13	67	14	93	15	37	16	73	17	36	18	68	19	71	
	0	35	1	92	2	18	3	64	4	67	5	98	6	65	7	73	8	26	9	82	10	80	11	25	12	23	13	24	14	78	15	70	16	29	17	80	18	56	19	95	
	0	70	1	34	2	26	3	87	4	53	5	78	6	75	7	67	8	66	9	86	10	70	11	82	12	74	13	76	14	16	15	84	16	76	17	13	18	85	19	79	
	0	70	1	75	2	70	3	64	4	77	5	69	6	50	7	46	8	69	9	78	10	28	11	10	12	89	13	56	14	25	15	14	16	70	17	27	18	35	19	82	
	0	63	1	31	2	26	3	26	4	36	5	57	6	100	7	74	8	25	9	11	10	67	11	96	12	94	13	81	14	50	15	23	16	44	17	59	18	93	19	14	
	0	33	1	66	2	92	3	74	4	75	5	50	6	65	7	95	8	82	9	34	10	100	11	67	12	29	13	44	14	70	15	55	16	57	17	95	18	30	19	44	
	0	82	1	83	2	40	3	19	4	14	5	32	6	84	7	71	8	33	9	10	10	75	11	43	12	83	13	98	14	82	15	72	16	90	17	51	18	53	19	83	
	0	63	1	79	2	11	3	15	4	55	5	42	6	96	7	20	8	40	9	12	10	96	11	35	12	48	13	12	14	51	15	64	16	93	17	18	18	69	19	17	
	0	96	1	57	2	25	3	58	4	35	5	53	6	54	7	68	8	46	9	59	10	17	11	97	12	53	13	18	14	76	15	56	16	22	17	42	18	45	19	10	
	0	64	1	93	2	50	3	61	4	10	5	45	6	10	7	48	8	81	9	78	10	35	11	57	12	58	13	50	14	76	15	84	16	50	17	45	18	80	19	91	