500 20 1
20
	0	21	1	44	2	83	3	11	4	29	5	67	6	45	7	91	8	78	9	87	10	35	11	88	12	31	13	96	14	100	15	66	16	40	17	97	18	48	19	55	
	0	97	1	93	2	91	3	33	4	24	5	66	6	93	7	84	8	89	9	52	10	15	11	79	12	39	13	17	14	20	15	98	16	80	17	18	18	25	19	78	
	0	69	1	36	2	30	3	90	4	79	5	78	6	88	7	25	8	77	9	44	10	60	11	59	12	38	13	67	14	100	15	13	16	78	17	32	18	15	19	95	
	0	41	1	39	2	54	3	40	4	95	5	97	6	100	7	56	8	47	9	71	10	40	11	54	12	61	13	95	14	80	15	96	16	68	17	65	18	92	19	21	
	0	56	1	31	2	13	3	71	4	34	5	74	6	82	7	43	8	31	9	84	10	96	11	43	12	74	13	89	14	62	15	67	16	64	17	35	18	61	19	89	
	0	52	1	18	2	79	3	72	4	68	5	43	6	17	7	22	8	38	9	59	10	91	11	35	12	23	13	65	14	25	15	34	16	52	17	98	18	89	19	38	
	0	53	1	86	2	86	3	95	4	19	5	60	6	37	7	59	8	44	9	71	10	83	11	39	12	34	13	62	14	80	15	37	16	20	17	24	18	72	19	39	
	0	28	1	94	2	43	3	36	4	100	5	35	6	45	7	25	8	65	9	97	10	69	11	48	12	39	13	16	14	71	15	86	16	64	17	45	18	69	19	85	
	0	62	1	48	2	87	3	50	4	48	5	45	6	34	7	100	8	86	9	78	10	13	11	24	12	70	13	43	14	60	15	72	16	19	17	57	18	95	19	40	
	0	32	1	22	2	40	3	87	4	84	5	36	6	53	7	44	8	58	9	16	10	11	11	10	12	20	13	70	14	73	15	44	16	10	17	81	18	75	19	57	
	0	36	1	90	2	37	3	42	4	56	5	68	6	58	7	81	8	16	9	50	10	15	11	50	12	29	13	42	14	62	15	29	16	97	17	26	18	66	19	77	
	0	50	1	95	2	65	3	31	4	69	5	46	6	31	7	100	8	79	9	19	10	81	11	89	12	28	13	53	14	11	15	73	16	66	17	78	18	89	19	79	
	0	50	1	74	2	39	3	58	4	84	5	93	6	24	7	86	8	23	9	49	10	34	11	68	12	58	13	10	14	51	15	83	16	14	17	54	18	74	19	90	
	0	36	1	32	2	90	3	62	4	58	5	48	6	90	7	61	8	43	9	100	10	24	11	31	12	35	13	79	14	73	15	94	16	31	17	91	18	91	19	87	
	0	14	1	80	2	83	3	71	4	42	5	82	6	33	7	93	8	11	9	67	10	89	11	65	12	20	13	69	14	28	15	72	16	87	17	65	18	30	19	81	
	0	52	1	100	2	53	3	19	4	61	5	94	6	91	7	61	8	66	9	44	10	19	11	53	12	45	13	55	14	18	15	94	16	83	17	77	18	61	19	46	
	0	43	1	95	2	83	3	11	4	86	5	27	6	97	7	26	8	46	9	93	10	46	11	64	12	42	13	91	14	48	15	41	16	72	17	79	18	37	19	35	
	0	37	1	67	2	100	3	30	4	52	5	36	6	72	7	84	8	27	9	96	10	85	11	25	12	73	13	46	14	82	15	76	16	42	17	88	18	77	19	48	
	0	50	1	31	2	99	3	65	4	86	5	95	6	81	7	98	8	82	9	30	10	76	11	94	12	92	13	86	14	27	15	58	16	89	17	45	18	51	19	17	
	0	73	1	72	2	63	3	45	4	99	5	39	6	74	7	47	8	87	9	95	10	86	11	26	12	21	13	10	14	17	15	42	16	31	17	16	18	77	19	21	
	0	73	1	68	2	48	3	89	4	83	5	51	6	28	7	33	8	23	9	48	10	31	11	45	12	54	13	47	14	55	15	26	16	51	17	34	18	30	19	95	
	0	68	1	56	2	11	3	15	4	13	5	33	6	97	7	21	8	14	9	65	10	70	11	58	12	91	13	58	14	14	15	74	16	86	17	45	18	74	19	61	
	0	96	1	80	2	83	3	13	4	16	5	57	6	24	7	16	8	10	9	54	10	77	11	42	12	35	13	56	14	28	15	40	16	32	17	91	18	38	19	79	
	0	77	1	61	2	39	3	47	4	90	5	73	6	93	7	79	8	31	9	24	10	83	11	28	12	68	13	66	14	23	15	77	16	100	17	44	18	77	19	39	
	0	87	1	67	2	93	3	22	4	69	5	29	6	40	7	46	8	60	9	73	10	57	11	37	12	32	13	85	14	86	15	60	16	39	17	69	18	88	19	98	
	0	95	1	60	2	49	3	37	4	63	5	53	6	86	7	16	8	26	9	44	10	78	11	90	12	90	13	22	14	43	15	73	16	21	17	44	18	14	19	66	
	0	49	1	10	2	15	3	39	4	70	5	20	6	33	7	33	8	54	9	10	10	89	11	49	12	94	13	53	14	15	15	13	16	26	17	25	18	14	19	46	
	0	34	1	32	2	36	3	57	4	42	5	54	6	43	7	38	8	56	9	88	10	37	11	21	12	95	13	60	14	69	15	78	16	36	17	84	18	14	19	79	
	0	85	1	20	2	44	3	87	4	31	5	55	6	22	7	69	8	17	9	33	10	25	11	54	12	51	13	66	14	76	15	66	16	69	17	61	18	44	19	69	
	0	56	1	42	2	24	3	61	4	32	5	29	6	20	7	30	8	51	9	21	10	76	11	76	12	57	13	98	14	29	15	92	16	72	17	13	18	11	19	69	
	0	28	1	86	2	63	3	39	4	70	5	43	6	80	7	35	8	36	9	91	10	28	11	97	12	90	13	76	14	96	15	49	16	23	17	36	18	29	19	15	
	0	26	1	18	2	85	3	30	4	30	5	57	6	73	7	16	8	17	9	27	10	94	11	49	12	98	13	33	14	73	15	40	16	74	17	96	18	50	19	68	
	0	19	1	72	2	88	3	25	4	27	5	69	6	75	7	11	8	12	9	87	10	55	11	10	12	73	13	35	14	73	15	28	16	62	17	22	18	45	19	26	
	0	31	1	29	2	90	3	98	4	29	5	35	6	38	7	40	8	19	9	19	10	48	11	74	12	39	13	43	14	26	15	82	16	34	17	54	18	50	19	71	
	0	23	1	92	2	25	3	10	4	44	5	55	6	92	7	45	8	54	9	36	10	73	11	36	12	99	13	73	14	36	15	73	16	27	17	43	18	10	19	19	
	0	64	1	30	2	67	3	78	4	43	5	70	6	55	7	80	8	95	9	74	10	43	11	80	12	85	13	15	14	40	15	73	16	45	17	38	18	96	19	92	
	0	66	1	84	2	32	3	29	4	27	5	14	6	61	7	81	8	81	9	38	10	41	11	90	12	92	13	68	14	59	15	17	16	50	17	76	18	83	19	15	
	0	82	1	86	2	23	3	37	4	93	5	79	6	38	7	43	8	48	9	93	10	89	11	12	12	12	13	54	14	18	15	61	16	16	17	37	18	45	19	39	
	0	41	1	58	2	66	3	87	4	56	5	77	6	43	7	67	8	43	9	85	10	21	11	59	12	84	13	34	14	27	15	15	16	99	17	37	18	75	19	54	
	0	18	1	89	2	35	3	12	4	42	5	78	6	44	7	56	8	97	9	69	10	92	11	64	12	34	13	71	14	17	15	14	16	55	17	31	18	47	19	42	
	0	63	1	60	2	68	3	39	4	77	5	20	6	47	7	79	8	83	9	44	10	85	11	60	12	20	13	40	14	78	15	57	16	53	17	72	18	82	19	100	
	0	37	1	50	2	20	3	16	4	95	5	61	6	34	7	41	8	27	9	38	10	26	11	27	12	56	13	26	14	84	15	81	16	61	17	43	18	61	19	16	
	0	67	1	26	2	11	3	17	4	60	5	62	6	16	7	28	8	14	9	72	10	83	11	22	12	11	13	66	14	55	15	11	16	44	17	81	18	81	19	95	
	0	77	1	51	2	27	3	45	4	38	5	58	6	16	7	19	8	90	9	17	10	63	11	25	12	40	13	35	14	95	15	12	16	100	17	30	18	21	19	77	
	0	17	1	16	2	69	3	66	4	97	5	76	6	78	7	50	8	75	9	87	10	54	11	90	12	91	13	64	14	20	15	81	16	48	17	93	18	100	19	54	
	0	70	1	53	2	49	3	40	4	95	5	30	6	21	7	53	8	20	9	28	10	21	11	61	12	85	13	60	14	41	15	88	16	56	17	43	18	70	19	97	
	0	78	1	83	2	29	3	34	4	70	5	39	6	72	7	67	8	72	9	84	10	11	11	96	12	94	13	53	14	29	15	54	16	68	17	62	18	16	19	43	
	0	34	1	64	2	60	3	28	4	23	5	46	6	94	7	14	8	11	9	67	10	23	11	88	12	73	13	27	14	98	15	43	16	69	17	82	18	58	19	47	
	0	96	1	40	2	63	3	100	4	41	5	89	6	27	7	95	8	33	9	56	10	86	11	91	12	34	13	31	14	12	15	33	16	26	17	75	18	78	19	89	
	0	70	1	84	2	26	3	56	4	50	5	18	6	35	7	61	8	10	9	77	10	89	11	82	12	56	13	32	14	73	15	62	16	22	17	51	18	98	19	39	
	0	74	1	69	2	74	3	44	4	12	5	15	6	90	7	85	8	45	9	16	10	39	11	100	12	74	13	95	14	65	15	86	16	17	17	68	18	92	19	63	
	0	47	1	64	2	71	3	64	4	51	5	13	6	34	7	33	8	29	9	60	10	60	11	69	12	11	13	49	14	86	15	40	16	57	17	94	18	10	19	85	
	0	11	1	68	2	89	3	43	4	66	5	11	6	59	7	94	8	26	9	59	10	28	11	16	12	29	13	69	14	16	15	67	16	18	17	54	18	30	19	14	
	0	69	1	48	2	16	3	60	4	48	5	19	6	85	7	22	8	64	9	70	10	59	11	88	12	16	13	19	14	99	15	88	16	41	17	83	18	79	19	50	
	0	50	1	28	2	93	3	15	4	80	5	81	6	84	7	98	8	67	9	14	10	44	11	51	12	96	13	97	14	72	15	44	16	67	17	91	18	51	19	20	
	0	54	1	85	2	44	3	12	4	45	5	34	6	71	7	67	8	30	9	80	10	42	11	99	12	60	13	10	14	33	15	76	16	46	17	28	18	77	19	79	
	0	77	1	50	2	30	3	67	4	11	5	68	6	61	7	36	8	85	9	73	10	62	11	21	12	70	13	26	14	21	15	56	16	78	17	77	18	29	19	40	
	0	56	1	16	2	18	3	39	4	84	5	68	6	67	7	92	8	30	9	20	10	67	11	65	12	73	13	10	14	73	15	60	16	98	17	36	18	99	19	85	
	0	49	1	62	2	72	3	73	4	69	5	35	6	10	7	18	8	34	9	95	10	69	11	90	12	58	13	56	14	40	15	41	16	27	17	70	18	83	19	73	
	0	43	1	23	2	70	3	55	4	91	5	25	6	43	7	12	8	32	9	16	10	17	11	43	12	37	13	97	14	94	15	82	16	98	17	13	18	66	19	22	
	0	71	1	77	2	41	3	16	4	50	5	62	6	41	7	26	8	33	9	31	10	69	11	54	12	100	13	96	14	35	15	73	16	60	17	68	18	25	19	25	
	0	76	1	23	2	51	3	70	4	81	5	26	6	47	7	88	8	44	9	29	10	61	11	92	12	70	13	23	14	11	15	36	16	85	17	33	18	61	19	61	
	0	33	1	44	2	27	3	13	4	100	5	64	6	82	7	28	8	15	9	28	10	50	11	59	12	83	13	79	14	72	15	27	16	53	17	18	18	11	19	28	
	0	94	1	50	2	49	3	46	4	23	5	14	6	10	7	84	8	11	9	71	10	79	11	64	12	16	13	33	14	82	15	80	16	92	17	96	18	42	19	64	
	0	20	1	52	2	49	3	75	4	47	5	35	6	55	7	11	8	65	9	71	10	51	11	94	12	38	13	67	14	93	15	91	16	76	17	37	18	60	19	17	
	0	78	1	98	2	88	3	26	4	17	5	98	6	32	7	44	8	59	9	19	10	89	11	100	12	35	13	90	14	86	15	90	16	10	17	81	18	67	19	27	
	0	99	1	91	2	47	3	37	4	25	5	88	6	65	7	26	8	44	9	46	10	70	11	60	12	99	13	98	14	46	15	65	16	38	17	91	18	34	19	62	
	0	71	1	57	2	44	3	82	4	72	5	22	6	95	7	75	8	77	9	36	10	21	11	68	12	29	13	95	14	10	15	80	16	38	17	16	18	18	19	38	
	0	95	1	44	2	54	3	50	4	40	5	87	6	90	7	64	8	62	9	13	10	14	11	56	12	48	13	12	14	32	15	65	16	98	17	13	18	39	19	96	
	0	11	1	49	2	47	3	90	4	86	5	38	6	14	7	66	8	57	9	12	10	90	11	80	12	50	13	22	14	81	15	43	16	33	17	60	18	45	19	60	
	0	73	1	100	2	92	3	78	4	78	5	63	6	32	7	90	8	48	9	50	10	65	11	33	12	97	13	51	14	85	15	86	16	46	17	26	18	17	19	80	
	0	48	1	58	2	75	3	38	4	46	5	12	6	96	7	47	8	86	9	25	10	99	11	17	12	64	13	61	14	11	15	87	16	37	17	12	18	10	19	64	
	0	12	1	51	2	83	3	40	4	15	5	80	6	59	7	20	8	90	9	13	10	11	11	37	12	84	13	54	14	66	15	80	16	44	17	68	18	20	19	87	
	0	38	1	50	2	69	3	65	4	100	5	35	6	54	7	16	8	23	9	49	10	73	11	45	12	85	13	79	14	34	15	96	16	10	17	99	18	93	19	39	
	0	90	1	35	2	74	3	75	4	84	5	21	6	81	7	49	8	40	9	33	10	31	11	11	12	38	13	48	14	70	15	43	16	13	17	13	18	35	19	87	
	0	14	1	89	2	66	3	96	4	87	5	44	6	43	7	34	8	18	9	56	10	23	11	21	12	14	13	51	14	92	15	54	16	82	17	26	18	82	19	96	
	0	71	1	89	2	34	3	94	4	51	5	57	6	65	7	58	8	13	9	46	10	70	11	38	12	83	13	93	14	81	15	37	16	72	17	62	18	66	19	100	
	0	59	1	91	2	20	3	94	4	26	5	91	6	18	7	84	8	18	9	70	10	73	11	100	12	61	13	38	14	47	15	13	16	95	17	18	18	35	19	56	
	0	16	1	96	2	75	3	21	4	20	5	85	6	51	7	38	8	56	9	57	10	47	11	63	12	85	13	41	14	67	15	44	16	40	17	90	18	94	19	100	
	0	10	1	50	2	25	3	80	4	10	5	77	6	99	7	52	8	67	9	89	10	27	11	30	12	46	13	71	14	47	15	16	16	69	17	83	18	16	19	74	
	0	53	1	46	2	41	3	62	4	46	5	64	6	41	7	85	8	20	9	32	10	65	11	45	12	78	13	41	14	78	15	93	16	29	17	86	18	92	19	20	
	0	15	1	44	2	13	3	85	4	25	5	45	6	51	7	55	8	59	9	82	10	53	11	74	12	87	13	88	14	22	15	100	16	50	17	70	18	40	19	35	
	0	99	1	28	2	81	3	72	4	43	5	88	6	12	7	50	8	91	9	38	10	46	11	35	12	59	13	12	14	54	15	57	16	94	17	79	18	100	19	53	
	0	63	1	20	2	13	3	21	4	64	5	67	6	11	7	27	8	25	9	87	10	32	11	34	12	23	13	12	14	81	15	92	16	40	17	10	18	23	19	100	
	0	59	1	83	2	94	3	63	4	47	5	42	6	43	7	34	8	31	9	55	10	19	11	41	12	75	13	64	14	49	15	22	16	64	17	95	18	100	19	69	
	0	44	1	81	2	25	3	38	4	36	5	32	6	90	7	77	8	46	9	68	10	49	11	75	12	19	13	88	14	77	15	49	16	42	17	43	18	45	19	43	
	0	76	1	46	2	100	3	46	4	91	5	55	6	94	7	26	8	18	9	21	10	68	11	13	12	77	13	86	14	57	15	89	16	15	17	67	18	79	19	62	
	0	14	1	60	2	54	3	69	4	72	5	50	6	31	7	36	8	38	9	65	10	13	11	44	12	59	13	40	14	16	15	50	16	30	17	61	18	74	19	77	
	0	96	1	83	2	73	3	16	4	26	5	50	6	95	7	36	8	62	9	72	10	36	11	68	12	42	13	37	14	90	15	51	16	31	17	46	18	62	19	74	
	0	98	1	39	2	83	3	11	4	79	5	77	6	71	7	11	8	14	9	77	10	51	11	85	12	79	13	10	14	94	15	23	16	39	17	16	18	47	19	100	
	0	59	1	40	2	74	3	98	4	11	5	60	6	39	7	31	8	53	9	13	10	33	11	91	12	95	13	44	14	30	15	51	16	23	17	10	18	33	19	70	
	0	21	1	46	2	84	3	17	4	42	5	59	6	38	7	38	8	73	9	51	10	14	11	74	12	45	13	58	14	69	15	20	16	15	17	62	18	15	19	72	
	0	99	1	15	2	44	3	32	4	39	5	67	6	63	7	51	8	64	9	42	10	84	11	92	12	65	13	70	14	25	15	63	16	44	17	55	18	90	19	41	
	0	62	1	77	2	18	3	81	4	43	5	73	6	70	7	28	8	77	9	63	10	100	11	76	12	13	13	60	14	55	15	62	16	13	17	63	18	56	19	99	
	0	55	1	87	2	83	3	92	4	71	5	66	6	20	7	70	8	68	9	77	10	86	11	64	12	92	13	67	14	97	15	29	16	88	17	24	18	89	19	74	
	0	39	1	46	2	75	3	17	4	66	5	32	6	53	7	51	8	51	9	89	10	83	11	92	12	12	13	75	14	58	15	41	16	31	17	12	18	72	19	10	
	0	40	1	47	2	13	3	15	4	90	5	71	6	43	7	86	8	94	9	80	10	66	11	56	12	72	13	22	14	25	15	60	16	52	17	97	18	83	19	41	
	0	39	1	79	2	73	3	49	4	27	5	56	6	28	7	70	8	60	9	18	10	61	11	15	12	16	13	43	14	77	15	68	16	10	17	23	18	32	19	59	
	0	28	1	69	2	89	3	61	4	26	5	21	6	48	7	80	8	12	9	66	10	56	11	86	12	91	13	63	14	31	15	62	16	94	17	17	18	41	19	35	
	0	25	1	46	2	19	3	85	4	95	5	100	6	18	7	41	8	98	9	15	10	79	11	81	12	87	13	34	14	88	15	77	16	34	17	72	18	72	19	23	
	0	47	1	56	2	73	3	22	4	67	5	26	6	88	7	19	8	75	9	42	10	34	11	77	12	14	13	32	14	50	15	43	16	62	17	73	18	90	19	89	
	0	13	1	28	2	86	3	96	4	72	5	77	6	30	7	15	8	93	9	25	10	94	11	67	12	62	13	17	14	53	15	20	16	43	17	59	18	36	19	30	
	0	88	1	72	2	69	3	59	4	40	5	98	6	99	7	77	8	94	9	46	10	86	11	69	12	39	13	53	14	80	15	98	16	16	17	48	18	78	19	49	
	0	36	1	26	2	44	3	91	4	45	5	65	6	13	7	29	8	51	9	80	10	14	11	23	12	12	13	51	14	25	15	84	16	47	17	71	18	23	19	14	
	0	94	1	49	2	40	3	62	4	12	5	34	6	85	7	36	8	93	9	90	10	28	11	31	12	50	13	39	14	60	15	70	16	60	17	82	18	94	19	67	
	0	61	1	23	2	12	3	51	4	62	5	71	6	22	7	54	8	74	9	19	10	82	11	34	12	77	13	11	14	26	15	93	16	51	17	90	18	100	19	82	
	0	60	1	14	2	97	3	77	4	89	5	40	6	23	7	45	8	36	9	62	10	79	11	15	12	12	13	34	14	75	15	54	16	28	17	43	18	55	19	38	
	0	92	1	13	2	81	3	11	4	15	5	68	6	78	7	44	8	14	9	45	10	51	11	13	12	19	13	88	14	55	15	10	16	34	17	65	18	59	19	61	
	0	76	1	12	2	51	3	20	4	17	5	45	6	43	7	75	8	14	9	19	10	13	11	62	12	93	13	50	14	88	15	61	16	87	17	61	18	50	19	50	
	0	35	1	48	2	94	3	53	4	84	5	24	6	45	7	88	8	44	9	43	10	24	11	32	12	64	13	85	14	34	15	84	16	54	17	83	18	87	19	32	
	0	45	1	39	2	81	3	72	4	71	5	76	6	57	7	69	8	74	9	95	10	62	11	49	12	25	13	47	14	79	15	22	16	48	17	82	18	83	19	13	
	0	70	1	62	2	36	3	44	4	82	5	28	6	51	7	29	8	57	9	65	10	27	11	98	12	82	13	71	14	31	15	13	16	39	17	57	18	21	19	13	
	0	28	1	34	2	82	3	35	4	84	5	12	6	78	7	92	8	48	9	52	10	32	11	22	12	81	13	28	14	27	15	93	16	43	17	54	18	17	19	17	
	0	74	1	38	2	93	3	89	4	52	5	83	6	75	7	94	8	94	9	100	10	68	11	94	12	36	13	89	14	54	15	71	16	44	17	83	18	75	19	39	
	0	76	1	83	2	61	3	34	4	63	5	16	6	43	7	66	8	90	9	77	10	86	11	79	12	96	13	70	14	20	15	24	16	62	17	14	18	10	19	63	
	0	18	1	89	2	90	3	37	4	45	5	61	6	63	7	82	8	74	9	44	10	34	11	57	12	78	13	42	14	75	15	86	16	30	17	56	18	78	19	61	
	0	80	1	94	2	91	3	68	4	44	5	34	6	93	7	90	8	42	9	81	10	37	11	11	12	33	13	64	14	84	15	80	16	29	17	51	18	52	19	54	
	0	41	1	88	2	59	3	15	4	22	5	94	6	21	7	16	8	86	9	86	10	77	11	45	12	45	13	26	14	24	15	80	16	32	17	87	18	49	19	76	
	0	61	1	58	2	11	3	65	4	11	5	89	6	23	7	85	8	68	9	74	10	75	11	61	12	48	13	83	14	25	15	45	16	26	17	67	18	93	19	50	
	0	80	1	99	2	14	3	81	4	81	5	54	6	61	7	44	8	52	9	24	10	100	11	77	12	65	13	22	14	63	15	54	16	75	17	66	18	89	19	76	
	0	51	1	67	2	26	3	12	4	64	5	74	6	37	7	78	8	95	9	21	10	25	11	95	12	39	13	51	14	31	15	83	16	90	17	47	18	28	19	52	
	0	73	1	27	2	62	3	54	4	100	5	14	6	27	7	38	8	88	9	75	10	72	11	43	12	17	13	57	14	15	15	53	16	51	17	19	18	91	19	17	
	0	12	1	46	2	69	3	92	4	16	5	21	6	38	7	61	8	28	9	67	10	52	11	57	12	70	13	60	14	10	15	66	16	93	17	21	18	44	19	98	
	0	39	1	40	2	18	3	55	4	25	5	21	6	57	7	50	8	89	9	67	10	84	11	28	12	93	13	52	14	22	15	17	16	66	17	65	18	70	19	27	
	0	13	1	36	2	25	3	93	4	67	5	25	6	30	7	62	8	82	9	59	10	46	11	18	12	36	13	15	14	47	15	65	16	97	17	33	18	37	19	37	
	0	87	1	84	2	42	3	47	4	61	5	97	6	71	7	51	8	55	9	61	10	29	11	76	12	31	13	14	14	96	15	12	16	97	17	86	18	87	19	15	
	0	31	1	29	2	47	3	74	4	77	5	12	6	62	7	41	8	80	9	83	10	56	11	33	12	84	13	94	14	92	15	39	16	43	17	68	18	81	19	83	
	0	21	1	28	2	62	3	17	4	52	5	88	6	70	7	47	8	56	9	81	10	66	11	64	12	28	13	12	14	64	15	21	16	39	17	11	18	45	19	27	
	0	59	1	58	2	21	3	67	4	88	5	70	6	38	7	96	8	19	9	94	10	81	11	62	12	66	13	65	14	17	15	28	16	69	17	36	18	99	19	39	
	0	91	1	84	2	77	3	63	4	36	5	48	6	42	7	78	8	76	9	98	10	83	11	33	12	88	13	66	14	23	15	20	16	72	17	60	18	62	19	49	
	0	56	1	82	2	75	3	53	4	51	5	57	6	58	7	14	8	63	9	98	10	17	11	95	12	96	13	100	14	42	15	41	16	85	17	22	18	33	19	88	
	0	57	1	74	2	16	3	60	4	76	5	86	6	18	7	33	8	29	9	45	10	84	11	24	12	34	13	92	14	25	15	30	16	73	17	84	18	13	19	40	
	0	85	1	97	2	13	3	85	4	73	5	96	6	99	7	50	8	53	9	42	10	61	11	45	12	77	13	99	14	88	15	75	16	63	17	52	18	64	19	46	
	0	33	1	19	2	64	3	80	4	64	5	13	6	13	7	77	8	81	9	59	10	20	11	99	12	95	13	88	14	96	15	41	16	59	17	66	18	87	19	13	
	0	46	1	26	2	99	3	18	4	63	5	83	6	87	7	64	8	50	9	46	10	59	11	77	12	52	13	12	14	72	15	82	16	26	17	27	18	39	19	81	
	0	32	1	51	2	89	3	52	4	65	5	15	6	87	7	79	8	55	9	10	10	78	11	82	12	75	13	61	14	70	15	33	16	27	17	53	18	60	19	59	
	0	70	1	30	2	95	3	62	4	37	5	17	6	83	7	87	8	65	9	20	10	59	11	66	12	93	13	98	14	17	15	91	16	89	17	52	18	82	19	14	
	0	34	1	58	2	84	3	15	4	92	5	75	6	70	7	80	8	33	9	75	10	64	11	84	12	10	13	40	14	47	15	54	16	22	17	75	18	49	19	86	
	0	56	1	87	2	45	3	45	4	44	5	82	6	80	7	43	8	19	9	32	10	87	11	44	12	47	13	87	14	34	15	34	16	72	17	55	18	73	19	68	
	0	69	1	56	2	76	3	91	4	68	5	76	6	68	7	17	8	61	9	15	10	78	11	46	12	97	13	11	14	74	15	80	16	89	17	95	18	99	19	34	
	0	33	1	88	2	28	3	55	4	93	5	49	6	65	7	79	8	35	9	69	10	75	11	28	12	80	13	18	14	13	15	60	16	85	17	35	18	62	19	89	
	0	65	1	67	2	86	3	76	4	16	5	37	6	26	7	40	8	23	9	31	10	27	11	54	12	63	13	22	14	83	15	17	16	83	17	82	18	63	19	75	
	0	90	1	100	2	28	3	76	4	99	5	40	6	86	7	76	8	13	9	92	10	85	11	56	12	43	13	12	14	18	15	58	16	78	17	45	18	29	19	28	
	0	38	1	71	2	15	3	76	4	14	5	72	6	78	7	31	8	11	9	78	10	61	11	24	12	84	13	87	14	51	15	70	16	72	17	71	18	91	19	55	
	0	13	1	85	2	10	3	25	4	22	5	54	6	45	7	59	8	99	9	66	10	22	11	74	12	78	13	59	14	40	15	57	16	10	17	85	18	37	19	56	
	0	29	1	16	2	85	3	51	4	88	5	33	6	80	7	78	8	83	9	28	10	100	11	52	12	36	13	87	14	52	15	33	16	49	17	28	18	78	19	22	
	0	91	1	63	2	80	3	93	4	31	5	73	6	87	7	59	8	54	9	25	10	26	11	27	12	14	13	94	14	43	15	74	16	77	17	13	18	42	19	10	
	0	47	1	17	2	18	3	21	4	55	5	84	6	28	7	24	8	12	9	11	10	76	11	73	12	13	13	57	14	18	15	76	16	77	17	10	18	24	19	94	
	0	26	1	72	2	43	3	68	4	14	5	14	6	82	7	87	8	97	9	24	10	98	11	27	12	79	13	42	14	91	15	88	16	49	17	31	18	58	19	99	
	0	87	1	62	2	68	3	58	4	99	5	30	6	78	7	25	8	86	9	32	10	13	11	97	12	43	13	22	14	70	15	55	16	18	17	26	18	47	19	42	
	0	63	1	88	2	56	3	58	4	41	5	48	6	31	7	73	8	77	9	38	10	33	11	11	12	99	13	36	14	86	15	89	16	54	17	94	18	80	19	32	
	0	81	1	33	2	87	3	81	4	31	5	84	6	63	7	39	8	58	9	89	10	49	11	97	12	46	13	13	14	53	15	63	16	17	17	76	18	31	19	89	
	0	70	1	21	2	67	3	26	4	42	5	23	6	37	7	41	8	78	9	40	10	44	11	86	12	27	13	76	14	70	15	98	16	18	17	44	18	53	19	87	
	0	55	1	41	2	10	3	18	4	80	5	19	6	72	7	17	8	23	9	93	10	91	11	82	12	69	13	63	14	81	15	45	16	62	17	62	18	41	19	44	
	0	58	1	83	2	28	3	10	4	27	5	52	6	11	7	88	8	92	9	37	10	88	11	31	12	68	13	24	14	74	15	63	16	58	17	70	18	58	19	17	
	0	76	1	91	2	34	3	85	4	97	5	33	6	61	7	20	8	45	9	76	10	90	11	40	12	89	13	61	14	27	15	93	16	79	17	32	18	53	19	17	
	0	40	1	81	2	17	3	88	4	36	5	92	6	94	7	41	8	22	9	46	10	78	11	49	12	37	13	88	14	98	15	97	16	22	17	28	18	67	19	44	
	0	16	1	78	2	69	3	66	4	84	5	18	6	91	7	12	8	70	9	92	10	53	11	96	12	65	13	84	14	65	15	47	16	24	17	35	18	32	19	98	
	0	16	1	70	2	49	3	55	4	91	5	61	6	88	7	18	8	47	9	25	10	82	11	36	12	25	13	10	14	41	15	20	16	16	17	19	18	57	19	16	
	0	96	1	80	2	38	3	67	4	59	5	62	6	96	7	35	8	31	9	18	10	96	11	24	12	32	13	30	14	59	15	35	16	77	17	40	18	41	19	11	
	0	92	1	69	2	83	3	76	4	30	5	64	6	36	7	58	8	46	9	68	10	13	11	64	12	83	13	84	14	54	15	99	16	39	17	23	18	85	19	51	
	0	15	1	33	2	73	3	10	4	10	5	73	6	27	7	77	8	64	9	78	10	77	11	14	12	33	13	10	14	72	15	93	16	55	17	83	18	21	19	53	
	0	34	1	25	2	95	3	58	4	61	5	59	6	39	7	55	8	35	9	79	10	13	11	89	12	67	13	38	14	100	15	37	16	44	17	18	18	95	19	38	
	0	21	1	64	2	51	3	61	4	13	5	47	6	31	7	16	8	81	9	26	10	42	11	60	12	28	13	80	14	39	15	56	16	84	17	86	18	70	19	42	
	0	18	1	69	2	64	3	23	4	23	5	53	6	64	7	65	8	59	9	44	10	11	11	36	12	22	13	42	14	89	15	16	16	93	17	14	18	76	19	13	
	0	51	1	22	2	11	3	51	4	37	5	78	6	65	7	33	8	35	9	43	10	10	11	47	12	69	13	34	14	61	15	22	16	73	17	18	18	12	19	46	
	0	36	1	96	2	12	3	21	4	89	5	28	6	57	7	80	8	51	9	12	10	79	11	89	12	29	13	29	14	67	15	78	16	82	17	26	18	65	19	80	
	0	10	1	17	2	52	3	37	4	51	5	45	6	85	7	64	8	19	9	32	10	39	11	30	12	40	13	45	14	48	15	83	16	97	17	21	18	83	19	33	
	0	97	1	97	2	51	3	22	4	53	5	56	6	40	7	34	8	17	9	93	10	59	11	32	12	41	13	91	14	81	15	85	16	26	17	35	18	86	19	49	
	0	81	1	98	2	37	3	53	4	48	5	30	6	56	7	47	8	68	9	69	10	24	11	87	12	59	13	50	14	71	15	61	16	89	17	76	18	12	19	21	
	0	27	1	80	2	57	3	27	4	47	5	59	6	73	7	53	8	14	9	10	10	93	11	56	12	12	13	93	14	85	15	38	16	33	17	15	18	45	19	40	
	0	81	1	28	2	61	3	49	4	30	5	59	6	98	7	95	8	74	9	47	10	74	11	82	12	44	13	63	14	20	15	48	16	97	17	87	18	41	19	31	
	0	13	1	69	2	24	3	18	4	18	5	47	6	77	7	62	8	72	9	51	10	21	11	93	12	12	13	97	14	60	15	17	16	49	17	38	18	77	19	98	
	0	49	1	10	2	33	3	29	4	99	5	91	6	97	7	37	8	33	9	40	10	37	11	38	12	19	13	22	14	93	15	16	16	77	17	20	18	15	19	21	
	0	67	1	49	2	51	3	33	4	31	5	85	6	31	7	12	8	59	9	48	10	21	11	92	12	85	13	92	14	99	15	39	16	68	17	22	18	57	19	90	
	0	59	1	25	2	33	3	69	4	38	5	51	6	58	7	100	8	26	9	24	10	35	11	58	12	57	13	76	14	46	15	25	16	22	17	37	18	44	19	29	
	0	33	1	56	2	16	3	20	4	83	5	68	6	10	7	70	8	22	9	66	10	48	11	35	12	52	13	49	14	47	15	30	16	23	17	76	18	76	19	93	
	0	39	1	33	2	70	3	22	4	88	5	39	6	92	7	79	8	29	9	24	10	50	11	46	12	13	13	66	14	47	15	63	16	73	17	88	18	14	19	78	
	0	90	1	90	2	28	3	47	4	93	5	61	6	69	7	93	8	40	9	79	10	55	11	25	12	66	13	14	14	25	15	41	16	57	17	27	18	93	19	59	
	0	42	1	81	2	26	3	81	4	90	5	39	6	15	7	11	8	64	9	50	10	29	11	82	12	36	13	38	14	49	15	12	16	40	17	94	18	98	19	39	
	0	51	1	97	2	63	3	16	4	14	5	64	6	83	7	73	8	19	9	16	10	80	11	73	12	33	13	48	14	79	15	77	16	48	17	54	18	65	19	43	
	0	48	1	27	2	68	3	18	4	34	5	29	6	21	7	91	8	58	9	77	10	45	11	88	12	98	13	38	14	15	15	34	16	28	17	53	18	66	19	16	
	0	18	1	77	2	86	3	13	4	90	5	51	6	78	7	13	8	44	9	63	10	18	11	59	12	78	13	26	14	12	15	14	16	87	17	83	18	35	19	56	
	0	30	1	19	2	39	3	74	4	65	5	42	6	77	7	88	8	62	9	49	10	72	11	59	12	54	13	70	14	23	15	23	16	66	17	90	18	23	19	78	
	0	51	1	80	2	60	3	96	4	100	5	88	6	41	7	90	8	33	9	79	10	74	11	92	12	63	13	50	14	40	15	27	16	39	17	71	18	35	19	20	
	0	82	1	92	2	40	3	47	4	41	5	55	6	29	7	92	8	44	9	63	10	71	11	36	12	61	13	33	14	70	15	56	16	80	17	45	18	44	19	50	
	0	76	1	90	2	86	3	81	4	22	5	65	6	10	7	12	8	11	9	16	10	49	11	43	12	77	13	98	14	27	15	27	16	87	17	91	18	88	19	80	
	0	16	1	58	2	66	3	71	4	31	5	51	6	55	7	42	8	67	9	76	10	31	11	14	12	31	13	27	14	20	15	66	16	68	17	67	18	17	19	79	
	0	17	1	25	2	22	3	48	4	41	5	50	6	96	7	81	8	43	9	99	10	29	11	55	12	58	13	72	14	48	15	27	16	81	17	94	18	41	19	90	
	0	97	1	32	2	24	3	58	4	32	5	21	6	11	7	85	8	38	9	14	10	92	11	96	12	16	13	46	14	54	15	82	16	55	17	92	18	20	19	19	
	0	68	1	91	2	56	3	38	4	60	5	14	6	26	7	27	8	80	9	92	10	70	11	97	12	49	13	76	14	44	15	46	16	53	17	93	18	62	19	19	
	0	55	1	26	2	22	3	84	4	25	5	18	6	80	7	53	8	88	9	11	10	68	11	28	12	23	13	27	14	96	15	82	16	42	17	83	18	36	19	31	
	0	83	1	32	2	25	3	19	4	46	5	82	6	45	7	39	8	35	9	72	10	42	11	67	12	48	13	82	14	24	15	82	16	51	17	98	18	26	19	31	
	0	33	1	98	2	75	3	31	4	26	5	46	6	69	7	48	8	33	9	15	10	13	11	84	12	14	13	69	14	23	15	26	16	58	17	10	18	47	19	45	
	0	25	1	98	2	41	3	75	4	46	5	43	6	57	7	21	8	39	9	64	10	67	11	78	12	30	13	72	14	13	15	28	16	21	17	14	18	31	19	97	
	0	91	1	81	2	37	3	67	4	17	5	60	6	26	7	87	8	38	9	63	10	52	11	84	12	52	13	19	14	36	15	82	16	94	17	92	18	81	19	35	
	0	70	1	100	2	20	3	22	4	21	5	32	6	15	7	53	8	87	9	86	10	89	11	11	12	75	13	86	14	10	15	52	16	15	17	83	18	52	19	64	
	0	45	1	76	2	90	3	39	4	22	5	87	6	74	7	75	8	69	9	90	10	17	11	52	12	55	13	63	14	30	15	69	16	73	17	93	18	73	19	53	
	0	17	1	90	2	32	3	95	4	74	5	30	6	17	7	78	8	34	9	68	10	70	11	88	12	87	13	45	14	27	15	42	16	21	17	56	18	13	19	34	
	0	49	1	36	2	58	3	36	4	49	5	100	6	14	7	65	8	44	9	91	10	33	11	68	12	52	13	87	14	58	15	55	16	73	17	46	18	46	19	79	
	0	74	1	77	2	100	3	77	4	69	5	11	6	65	7	10	8	60	9	51	10	30	11	45	12	12	13	24	14	79	15	10	16	40	17	73	18	83	19	56	
	0	72	1	77	2	65	3	32	4	75	5	35	6	45	7	24	8	35	9	95	10	67	11	94	12	52	13	99	14	45	15	19	16	15	17	43	18	44	19	87	
	0	54	1	24	2	74	3	14	4	30	5	13	6	96	7	51	8	19	9	52	10	46	11	22	12	44	13	20	14	16	15	74	16	79	17	17	18	23	19	59	
	0	55	1	35	2	80	3	75	4	32	5	50	6	56	7	57	8	99	9	11	10	34	11	33	12	58	13	85	14	93	15	90	16	70	17	26	18	67	19	45	
	0	88	1	37	2	86	3	38	4	18	5	30	6	94	7	13	8	56	9	92	10	24	11	10	12	96	13	58	14	76	15	76	16	73	17	19	18	58	19	14	
	0	42	1	64	2	22	3	38	4	97	5	60	6	77	7	89	8	26	9	41	10	22	11	21	12	96	13	77	14	30	15	99	16	38	17	19	18	80	19	53	
	0	66	1	65	2	99	3	13	4	81	5	46	6	39	7	72	8	85	9	85	10	31	11	38	12	26	13	56	14	49	15	30	16	81	17	50	18	93	19	71	
	0	40	1	34	2	12	3	41	4	69	5	81	6	36	7	76	8	47	9	69	10	60	11	77	12	96	13	69	14	61	15	49	16	89	17	27	18	69	19	79	
	0	87	1	87	2	92	3	31	4	36	5	81	6	27	7	57	8	50	9	16	10	33	11	23	12	68	13	21	14	83	15	82	16	74	17	24	18	83	19	71	
	0	88	1	72	2	73	3	68	4	59	5	66	6	25	7	82	8	99	9	93	10	70	11	28	12	84	13	34	14	65	15	92	16	17	17	93	18	95	19	53	
	0	72	1	24	2	83	3	94	4	94	5	75	6	22	7	32	8	30	9	88	10	53	11	87	12	23	13	35	14	100	15	53	16	53	17	62	18	25	19	19	
	0	68	1	40	2	78	3	62	4	69	5	37	6	54	7	85	8	47	9	45	10	73	11	68	12	70	13	41	14	51	15	81	16	95	17	11	18	64	19	19	
	0	42	1	86	2	17	3	13	4	10	5	15	6	52	7	86	8	77	9	98	10	26	11	76	12	98	13	43	14	44	15	31	16	56	17	97	18	70	19	67	
	0	34	1	78	2	58	3	96	4	50	5	91	6	62	7	32	8	57	9	47	10	84	11	95	12	76	13	73	14	12	15	39	16	70	17	40	18	64	19	98	
	0	38	1	19	2	48	3	59	4	58	5	42	6	43	7	59	8	14	9	35	10	95	11	66	12	61	13	15	14	100	15	13	16	87	17	14	18	52	19	30	
	0	15	1	95	2	77	3	37	4	75	5	97	6	86	7	62	8	11	9	48	10	91	11	81	12	86	13	42	14	52	15	94	16	88	17	34	18	41	19	18	
	0	16	1	21	2	53	3	17	4	84	5	84	6	83	7	58	8	50	9	88	10	26	11	72	12	67	13	34	14	66	15	37	16	47	17	12	18	11	19	49	
	0	52	1	20	2	47	3	76	4	81	5	17	6	98	7	62	8	64	9	58	10	39	11	97	12	83	13	64	14	95	15	76	16	61	17	63	18	81	19	98	
	0	77	1	25	2	10	3	94	4	68	5	97	6	86	7	16	8	11	9	78	10	61	11	90	12	94	13	75	14	69	15	11	16	44	17	21	18	30	19	36	
	0	58	1	36	2	52	3	59	4	27	5	25	6	68	7	92	8	52	9	19	10	58	11	26	12	24	13	52	14	57	15	34	16	58	17	25	18	47	19	39	
	0	66	1	89	2	16	3	72	4	74	5	45	6	31	7	89	8	93	9	79	10	35	11	57	12	55	13	53	14	51	15	57	16	91	17	92	18	75	19	95	
	0	66	1	29	2	97	3	72	4	57	5	52	6	56	7	99	8	70	9	61	10	29	11	34	12	76	13	63	14	21	15	66	16	89	17	53	18	52	19	75	
	0	99	1	64	2	74	3	95	4	17	5	83	6	24	7	41	8	97	9	57	10	89	11	27	12	23	13	69	14	32	15	22	16	23	17	23	18	31	19	36	
	0	15	1	23	2	50	3	99	4	98	5	67	6	25	7	86	8	89	9	46	10	43	11	30	12	15	13	86	14	89	15	86	16	85	17	79	18	16	19	80	
	0	94	1	23	2	92	3	62	4	58	5	30	6	17	7	67	8	27	9	32	10	44	11	13	12	68	13	50	14	30	15	57	16	85	17	65	18	10	19	18	
	0	87	1	19	2	94	3	83	4	90	5	62	6	22	7	78	8	39	9	61	10	87	11	94	12	77	13	69	14	21	15	70	16	49	17	86	18	96	19	82	
	0	73	1	59	2	21	3	69	4	29	5	62	6	86	7	99	8	32	9	89	10	89	11	77	12	55	13	93	14	49	15	90	16	76	17	96	18	53	19	42	
	0	31	1	10	2	25	3	19	4	37	5	84	6	42	7	74	8	84	9	69	10	93	11	55	12	25	13	40	14	60	15	84	16	27	17	47	18	35	19	27	
	0	26	1	37	2	10	3	24	4	90	5	69	6	75	7	46	8	53	9	60	10	90	11	11	12	94	13	58	14	84	15	19	16	83	17	92	18	57	19	15	
	0	92	1	15	2	43	3	97	4	36	5	81	6	98	7	65	8	85	9	33	10	14	11	26	12	16	13	89	14	78	15	74	16	12	17	23	18	61	19	81	
	0	28	1	17	2	52	3	39	4	73	5	92	6	99	7	70	8	68	9	30	10	75	11	88	12	82	13	38	14	80	15	87	16	26	17	78	18	48	19	95	
	0	91	1	75	2	35	3	20	4	86	5	36	6	63	7	27	8	63	9	77	10	47	11	69	12	41	13	93	14	19	15	55	16	44	17	15	18	58	19	32	
	0	37	1	62	2	60	3	86	4	97	5	22	6	75	7	70	8	82	9	10	10	43	11	74	12	94	13	73	14	97	15	11	16	18	17	67	18	85	19	83	
	0	40	1	35	2	79	3	26	4	84	5	78	6	65	7	57	8	22	9	79	10	71	11	68	12	94	13	33	14	83	15	100	16	82	17	83	18	29	19	92	
	0	42	1	63	2	10	3	81	4	99	5	57	6	94	7	53	8	100	9	80	10	57	11	27	12	46	13	51	14	26	15	76	16	89	17	86	18	64	19	88	
	0	88	1	30	2	38	3	13	4	96	5	66	6	90	7	95	8	71	9	22	10	95	11	20	12	82	13	39	14	69	15	26	16	48	17	63	18	17	19	29	
	0	96	1	62	2	68	3	44	4	79	5	61	6	44	7	14	8	36	9	32	10	27	11	43	12	78	13	26	14	52	15	60	16	47	17	66	18	97	19	38	
	0	25	1	35	2	85	3	33	4	24	5	23	6	50	7	80	8	56	9	49	10	12	11	49	12	60	13	26	14	38	15	30	16	82	17	45	18	27	19	50	
	0	63	1	50	2	19	3	58	4	16	5	72	6	61	7	13	8	41	9	49	10	40	11	60	12	55	13	69	14	73	15	65	16	69	17	89	18	18	19	93	
	0	14	1	33	2	45	3	60	4	83	5	25	6	42	7	64	8	96	9	19	10	76	11	78	12	53	13	45	14	26	15	81	16	22	17	24	18	24	19	60	
	0	68	1	88	2	60	3	16	4	29	5	91	6	70	7	24	8	72	9	99	10	58	11	38	12	93	13	71	14	43	15	51	16	93	17	26	18	38	19	46	
	0	18	1	67	2	40	3	70	4	68	5	97	6	26	7	69	8	14	9	42	10	65	11	70	12	62	13	93	14	76	15	73	16	83	17	73	18	40	19	44	
	0	33	1	31	2	30	3	94	4	23	5	56	6	93	7	28	8	63	9	73	10	47	11	75	12	54	13	83	14	42	15	94	16	85	17	67	18	42	19	61	
	0	10	1	32	2	23	3	49	4	73	5	33	6	60	7	78	8	100	9	39	10	76	11	83	12	51	13	18	14	25	15	48	16	21	17	82	18	16	19	92	
	0	79	1	27	2	52	3	52	4	94	5	36	6	36	7	100	8	39	9	40	10	73	11	71	12	16	13	96	14	42	15	89	16	44	17	19	18	99	19	82	
	0	76	1	59	2	47	3	61	4	85	5	65	6	65	7	55	8	48	9	81	10	10	11	16	12	97	13	94	14	16	15	75	16	58	17	54	18	17	19	63	
	0	13	1	37	2	24	3	74	4	90	5	98	6	58	7	33	8	85	9	83	10	65	11	27	12	36	13	20	14	89	15	83	16	41	17	48	18	36	19	79	
	0	46	1	37	2	80	3	52	4	90	5	19	6	61	7	84	8	77	9	64	10	21	11	84	12	28	13	44	14	65	15	62	16	41	17	23	18	68	19	89	
	0	70	1	21	2	51	3	95	4	82	5	69	6	88	7	70	8	34	9	42	10	88	11	18	12	20	13	34	14	59	15	79	16	24	17	14	18	81	19	48	
	0	20	1	82	2	24	3	27	4	45	5	52	6	86	7	65	8	79	9	34	10	58	11	69	12	58	13	83	14	94	15	43	16	69	17	13	18	83	19	46	
	0	43	1	89	2	88	3	98	4	37	5	48	6	94	7	44	8	33	9	38	10	46	11	31	12	82	13	23	14	36	15	27	16	39	17	50	18	49	19	66	
	0	73	1	48	2	64	3	36	4	100	5	80	6	74	7	17	8	46	9	50	10	58	11	17	12	32	13	11	14	74	15	24	16	68	17	30	18	92	19	92	
	0	49	1	27	2	51	3	54	4	52	5	80	6	73	7	29	8	79	9	66	10	87	11	25	12	48	13	81	14	98	15	95	16	28	17	54	18	91	19	73	
	0	85	1	67	2	37	3	55	4	54	5	28	6	20	7	80	8	55	9	56	10	82	11	48	12	100	13	33	14	86	15	84	16	22	17	86	18	20	19	39	
	0	70	1	87	2	15	3	44	4	88	5	77	6	95	7	39	8	100	9	92	10	47	11	55	12	48	13	96	14	84	15	98	16	30	17	85	18	54	19	34	
	0	86	1	17	2	58	3	61	4	77	5	39	6	31	7	63	8	51	9	64	10	33	11	33	12	61	13	88	14	62	15	35	16	10	17	34	18	61	19	38	
	0	35	1	62	2	17	3	74	4	80	5	99	6	77	7	24	8	34	9	25	10	13	11	99	12	48	13	90	14	95	15	30	16	17	17	70	18	99	19	96	
	0	76	1	91	2	32	3	63	4	11	5	91	6	21	7	84	8	76	9	90	10	43	11	75	12	95	13	26	14	44	15	32	16	61	17	32	18	86	19	90	
	0	18	1	78	2	57	3	22	4	36	5	25	6	92	7	87	8	59	9	48	10	64	11	96	12	41	13	40	14	79	15	46	16	20	17	89	18	56	19	44	
	0	18	1	22	2	15	3	54	4	54	5	63	6	55	7	31	8	94	9	100	10	74	11	70	12	46	13	58	14	60	15	10	16	41	17	16	18	17	19	42	
	0	72	1	21	2	95	3	64	4	39	5	52	6	22	7	89	8	83	9	75	10	79	11	73	12	59	13	45	14	65	15	24	16	32	17	59	18	99	19	36	
	0	92	1	86	2	87	3	66	4	13	5	61	6	39	7	27	8	77	9	15	10	91	11	54	12	60	13	16	14	26	15	45	16	81	17	49	18	13	19	85	
	0	74	1	68	2	36	3	73	4	53	5	95	6	56	7	80	8	49	9	71	10	39	11	26	12	45	13	18	14	37	15	46	16	13	17	91	18	63	19	90	
	0	78	1	35	2	13	3	76	4	42	5	85	6	98	7	78	8	29	9	39	10	23	11	56	12	45	13	18	14	67	15	16	16	79	17	18	18	72	19	74	
	0	99	1	27	2	30	3	58	4	17	5	41	6	73	7	86	8	75	9	25	10	15	11	56	12	16	13	10	14	47	15	71	16	35	17	98	18	37	19	61	
	0	17	1	13	2	86	3	79	4	49	5	53	6	73	7	21	8	12	9	73	10	15	11	12	12	39	13	66	14	53	15	83	16	47	17	21	18	74	19	97	
	0	53	1	30	2	54	3	16	4	37	5	49	6	44	7	62	8	33	9	34	10	89	11	29	12	92	13	48	14	71	15	79	16	48	17	42	18	100	19	100	
	0	36	1	87	2	14	3	59	4	68	5	14	6	79	7	78	8	60	9	85	10	55	11	86	12	45	13	61	14	57	15	51	16	80	17	65	18	33	19	25	
	0	49	1	42	2	11	3	21	4	11	5	68	6	82	7	75	8	59	9	90	10	34	11	33	12	24	13	83	14	73	15	84	16	19	17	30	18	87	19	68	
	0	75	1	15	2	52	3	42	4	41	5	77	6	93	7	31	8	40	9	40	10	46	11	82	12	67	13	18	14	17	15	98	16	96	17	69	18	52	19	65	
	0	15	1	89	2	34	3	99	4	24	5	68	6	63	7	94	8	80	9	82	10	46	11	83	12	93	13	98	14	85	15	70	16	32	17	71	18	41	19	98	
	0	60	1	58	2	48	3	69	4	26	5	20	6	13	7	50	8	36	9	40	10	47	11	89	12	46	13	87	14	28	15	86	16	90	17	38	18	12	19	53	
	0	91	1	98	2	56	3	29	4	39	5	56	6	83	7	67	8	25	9	99	10	61	11	19	12	93	13	53	14	89	15	82	16	60	17	52	18	92	19	86	
	0	52	1	93	2	23	3	21	4	43	5	20	6	94	7	80	8	11	9	27	10	86	11	84	12	33	13	32	14	46	15	52	16	13	17	71	18	71	19	35	
	0	63	1	82	2	81	3	36	4	27	5	51	6	77	7	21	8	36	9	49	10	59	11	52	12	67	13	39	14	59	15	100	16	40	17	28	18	96	19	21	
	0	96	1	54	2	12	3	100	4	77	5	38	6	21	7	91	8	20	9	77	10	71	11	78	12	74	13	28	14	63	15	62	16	65	17	51	18	26	19	93	
	0	54	1	66	2	44	3	61	4	93	5	78	6	36	7	64	8	92	9	80	10	13	11	33	12	83	13	76	14	71	15	71	16	97	17	72	18	82	19	32	
	0	73	1	46	2	79	3	90	4	35	5	62	6	36	7	21	8	14	9	40	10	10	11	59	12	84	13	10	14	46	15	42	16	73	17	21	18	29	19	45	
	0	90	1	16	2	44	3	63	4	20	5	100	6	98	7	55	8	66	9	12	10	87	11	91	12	25	13	23	14	18	15	38	16	100	17	37	18	62	19	15	
	0	88	1	21	2	73	3	50	4	79	5	77	6	42	7	99	8	19	9	60	10	32	11	10	12	10	13	81	14	84	15	10	16	56	17	25	18	88	19	69	
	0	30	1	55	2	68	3	11	4	10	5	100	6	27	7	47	8	87	9	91	10	66	11	89	12	35	13	83	14	93	15	22	16	64	17	32	18	64	19	53	
	0	57	1	16	2	86	3	52	4	62	5	85	6	84	7	82	8	35	9	47	10	38	11	93	12	20	13	31	14	62	15	89	16	87	17	39	18	34	19	94	
	0	98	1	41	2	78	3	35	4	21	5	87	6	89	7	36	8	48	9	50	10	72	11	79	12	54	13	18	14	32	15	46	16	28	17	94	18	51	19	52	
	0	58	1	94	2	48	3	35	4	81	5	72	6	92	7	74	8	95	9	80	10	48	11	29	12	27	13	62	14	86	15	55	16	12	17	27	18	81	19	73	
	0	68	1	22	2	18	3	13	4	17	5	94	6	93	7	12	8	69	9	44	10	100	11	64	12	85	13	70	14	81	15	45	16	12	17	50	18	28	19	98	
	0	13	1	68	2	21	3	54	4	13	5	98	6	58	7	58	8	65	9	80	10	88	11	72	12	42	13	92	14	31	15	94	16	85	17	62	18	67	19	77	
	0	90	1	56	2	13	3	45	4	75	5	68	6	15	7	78	8	54	9	24	10	33	11	86	12	51	13	33	14	89	15	79	16	26	17	48	18	92	19	74	
	0	94	1	62	2	90	3	73	4	70	5	61	6	69	7	89	8	90	9	33	10	10	11	17	12	37	13	74	14	60	15	55	16	33	17	33	18	41	19	55	
	0	67	1	50	2	23	3	59	4	91	5	62	6	91	7	27	8	80	9	68	10	77	11	45	12	81	13	66	14	98	15	28	16	40	17	88	18	16	19	90	
	0	48	1	42	2	62	3	74	4	10	5	23	6	80	7	58	8	50	9	66	10	71	11	20	12	81	13	37	14	65	15	33	16	42	17	72	18	81	19	12	
	0	56	1	76	2	40	3	47	4	46	5	90	6	21	7	84	8	69	9	68	10	27	11	78	12	48	13	54	14	88	15	73	16	26	17	54	18	14	19	28	
	0	50	1	100	2	73	3	19	4	99	5	90	6	21	7	73	8	100	9	54	10	18	11	55	12	10	13	41	14	13	15	29	16	51	17	11	18	42	19	19	
	0	22	1	49	2	69	3	29	4	53	5	51	6	33	7	91	8	84	9	54	10	73	11	26	12	82	13	22	14	19	15	50	16	81	17	70	18	26	19	14	
	0	36	1	23	2	92	3	12	4	46	5	85	6	94	7	90	8	13	9	22	10	31	11	92	12	53	13	47	14	10	15	52	16	49	17	16	18	20	19	70	
	0	72	1	64	2	32	3	12	4	18	5	21	6	17	7	66	8	30	9	12	10	95	11	92	12	13	13	25	14	53	15	57	16	11	17	36	18	59	19	30	
	0	94	1	47	2	77	3	39	4	25	5	68	6	22	7	31	8	66	9	18	10	73	11	74	12	92	13	33	14	80	15	25	16	91	17	22	18	86	19	60	
	0	57	1	97	2	82	3	22	4	90	5	22	6	33	7	96	8	91	9	65	10	39	11	79	12	68	13	23	14	64	15	20	16	55	17	81	18	93	19	67	
	0	18	1	98	2	61	3	68	4	44	5	55	6	45	7	98	8	46	9	44	10	48	11	78	12	11	13	87	14	66	15	17	16	48	17	95	18	19	19	69	
	0	92	1	48	2	73	3	91	4	82	5	36	6	71	7	71	8	54	9	41	10	12	11	14	12	41	13	12	14	78	15	47	16	98	17	10	18	15	19	17	
	0	44	1	69	2	95	3	29	4	26	5	16	6	32	7	18	8	89	9	28	10	39	11	46	12	36	13	18	14	84	15	81	16	53	17	42	18	39	19	53	
	0	62	1	64	2	51	3	12	4	23	5	21	6	56	7	64	8	63	9	61	10	75	11	30	12	98	13	98	14	20	15	36	16	61	17	59	18	50	19	34	
	0	37	1	57	2	59	3	65	4	39	5	59	6	39	7	90	8	44	9	29	10	19	11	55	12	48	13	82	14	62	15	17	16	35	17	81	18	92	19	11	
	0	85	1	77	2	45	3	77	4	51	5	47	6	19	7	15	8	20	9	24	10	10	11	16	12	45	13	64	14	40	15	10	16	94	17	98	18	65	19	60	
	0	62	1	94	2	22	3	64	4	37	5	70	6	91	7	12	8	85	9	56	10	38	11	99	12	69	13	57	14	57	15	57	16	42	17	23	18	19	19	95	
	0	59	1	49	2	64	3	81	4	31	5	63	6	73	7	28	8	19	9	86	10	45	11	79	12	15	13	89	14	59	15	88	16	85	17	21	18	78	19	80	
	0	21	1	26	2	64	3	22	4	17	5	83	6	24	7	46	8	71	9	18	10	94	11	31	12	91	13	20	14	65	15	12	16	88	17	47	18	41	19	61	
	0	24	1	29	2	59	3	66	4	45	5	25	6	82	7	41	8	96	9	14	10	55	11	91	12	16	13	84	14	52	15	70	16	77	17	35	18	82	19	98	
	0	20	1	40	2	65	3	29	4	27	5	65	6	95	7	52	8	56	9	80	10	39	11	72	12	38	13	36	14	61	15	70	16	26	17	55	18	79	19	14	
	0	43	1	10	2	38	3	99	4	22	5	42	6	54	7	13	8	78	9	70	10	96	11	89	12	90	13	95	14	12	15	81	16	13	17	36	18	11	19	51	
	0	73	1	58	2	81	3	23	4	100	5	54	6	31	7	90	8	94	9	20	10	93	11	58	12	98	13	92	14	40	15	46	16	37	17	15	18	21	19	69	
	0	58	1	50	2	89	3	93	4	62	5	95	6	48	7	40	8	61	9	80	10	90	11	19	12	63	13	94	14	86	15	48	16	10	17	48	18	51	19	14	
	0	53	1	12	2	67	3	50	4	80	5	100	6	58	7	89	8	70	9	80	10	28	11	45	12	96	13	79	14	12	15	45	16	91	17	10	18	38	19	18	
	0	46	1	76	2	12	3	18	4	71	5	38	6	71	7	79	8	27	9	42	10	41	11	25	12	89	13	99	14	44	15	47	16	34	17	83	18	23	19	29	
	0	12	1	96	2	98	3	21	4	37	5	73	6	13	7	16	8	17	9	100	10	29	11	91	12	57	13	39	14	21	15	38	16	86	17	82	18	51	19	58	
	0	37	1	37	2	97	3	36	4	75	5	73	6	21	7	97	8	77	9	96	10	76	11	59	12	40	13	57	14	13	15	58	16	96	17	59	18	100	19	92	
	0	56	1	42	2	31	3	35	4	95	5	11	6	33	7	70	8	74	9	30	10	18	11	44	12	46	13	76	14	78	15	26	16	19	17	95	18	92	19	50	
	0	48	1	38	2	53	3	62	4	53	5	62	6	51	7	63	8	97	9	80	10	75	11	82	12	50	13	18	14	54	15	82	16	37	17	42	18	47	19	47	
	0	74	1	44	2	20	3	32	4	56	5	79	6	56	7	100	8	86	9	49	10	15	11	99	12	17	13	84	14	17	15	13	16	98	17	70	18	40	19	70	
	0	95	1	41	2	72	3	83	4	97	5	99	6	25	7	62	8	52	9	54	10	27	11	82	12	59	13	21	14	50	15	66	16	92	17	18	18	60	19	98	
	0	70	1	12	2	89	3	69	4	44	5	28	6	20	7	30	8	14	9	20	10	65	11	16	12	87	13	24	14	93	15	15	16	28	17	93	18	46	19	66	
	0	62	1	44	2	40	3	35	4	99	5	41	6	25	7	49	8	38	9	29	10	60	11	81	12	27	13	19	14	29	15	98	16	86	17	100	18	74	19	38	
	0	13	1	26	2	30	3	57	4	50	5	71	6	89	7	77	8	27	9	17	10	58	11	32	12	91	13	19	14	34	15	49	16	10	17	25	18	51	19	41	
	0	79	1	87	2	62	3	38	4	43	5	11	6	65	7	22	8	71	9	16	10	83	11	24	12	24	13	45	14	80	15	27	16	83	17	43	18	19	19	97	
	0	70	1	70	2	26	3	74	4	39	5	92	6	87	7	55	8	29	9	70	10	95	11	21	12	37	13	21	14	71	15	45	16	89	17	100	18	23	19	48	
	0	64	1	10	2	74	3	69	4	60	5	90	6	66	7	31	8	99	9	93	10	47	11	30	12	41	13	18	14	94	15	46	16	86	17	24	18	86	19	61	
	0	87	1	70	2	93	3	67	4	99	5	19	6	47	7	26	8	75	9	31	10	81	11	55	12	25	13	93	14	72	15	34	16	18	17	53	18	54	19	45	
	0	92	1	37	2	30	3	39	4	34	5	36	6	58	7	81	8	64	9	27	10	59	11	32	12	58	13	93	14	19	15	72	16	98	17	31	18	87	19	73	
	0	71	1	59	2	83	3	62	4	21	5	19	6	48	7	84	8	49	9	28	10	66	11	30	12	76	13	10	14	78	15	39	16	87	17	34	18	51	19	35	
	0	72	1	57	2	56	3	74	4	12	5	72	6	67	7	14	8	78	9	32	10	87	11	42	12	80	13	74	14	53	15	34	16	60	17	54	18	52	19	45	
	0	28	1	27	2	59	3	95	4	32	5	92	6	65	7	66	8	14	9	10	10	90	11	78	12	75	13	20	14	50	15	90	16	38	17	12	18	16	19	30	
	0	90	1	91	2	82	3	40	4	86	5	26	6	73	7	43	8	57	9	24	10	75	11	24	12	62	13	32	14	24	15	69	16	74	17	70	18	92	19	49	
	0	78	1	13	2	15	3	77	4	41	5	80	6	17	7	46	8	18	9	20	10	11	11	76	12	80	13	54	14	70	15	29	16	46	17	95	18	99	19	45	
	0	48	1	90	2	21	3	15	4	15	5	44	6	24	7	54	8	43	9	76	10	74	11	30	12	79	13	89	14	87	15	49	16	95	17	57	18	11	19	15	
	0	22	1	73	2	20	3	58	4	63	5	92	6	20	7	57	8	61	9	38	10	95	11	39	12	79	13	35	14	98	15	83	16	68	17	32	18	56	19	31	
	0	26	1	48	2	90	3	30	4	73	5	11	6	75	7	66	8	72	9	62	10	40	11	79	12	61	13	89	14	21	15	44	16	58	17	56	18	15	19	34	
	0	10	1	38	2	61	3	47	4	89	5	11	6	89	7	65	8	72	9	17	10	95	11	74	12	20	13	80	14	60	15	15	16	68	17	79	18	95	19	12	
	0	36	1	54	2	67	3	40	4	24	5	27	6	35	7	95	8	18	9	17	10	67	11	44	12	52	13	89	14	77	15	90	16	48	17	48	18	89	19	41	
	0	35	1	77	2	94	3	53	4	54	5	53	6	24	7	55	8	99	9	24	10	50	11	62	12	88	13	20	14	73	15	49	16	32	17	18	18	66	19	30	
	0	96	1	71	2	30	3	27	4	89	5	22	6	49	7	69	8	54	9	79	10	34	11	18	12	56	13	60	14	59	15	29	16	45	17	37	18	19	19	70	
	0	28	1	86	2	24	3	83	4	98	5	68	6	73	7	38	8	36	9	76	10	24	11	60	12	48	13	74	14	96	15	45	16	93	17	29	18	10	19	82	
	0	87	1	75	2	30	3	89	4	40	5	22	6	24	7	34	8	62	9	33	10	99	11	18	12	46	13	80	14	12	15	54	16	76	17	60	18	35	19	59	
	0	50	1	85	2	13	3	36	4	26	5	51	6	67	7	77	8	68	9	50	10	61	11	15	12	46	13	91	14	96	15	13	16	31	17	37	18	23	19	74	
	0	39	1	100	2	69	3	51	4	40	5	69	6	15	7	66	8	38	9	71	10	12	11	75	12	64	13	25	14	75	15	15	16	19	17	30	18	38	19	32	
	0	55	1	58	2	68	3	69	4	44	5	25	6	60	7	45	8	53	9	40	10	27	11	36	12	19	13	83	14	29	15	82	16	29	17	13	18	16	19	15	
	0	38	1	29	2	18	3	91	4	82	5	26	6	19	7	58	8	79	9	89	10	95	11	100	12	44	13	89	14	22	15	56	16	80	17	36	18	44	19	92	
	0	35	1	88	2	67	3	37	4	90	5	70	6	18	7	69	8	40	9	93	10	56	11	35	12	53	13	63	14	13	15	97	16	18	17	48	18	10	19	82	
	0	59	1	29	2	74	3	37	4	83	5	39	6	74	7	92	8	71	9	17	10	99	11	59	12	87	13	33	14	76	15	53	16	56	17	99	18	34	19	79	
	0	97	1	37	2	56	3	86	4	23	5	16	6	47	7	61	8	28	9	51	10	15	11	41	12	70	13	87	14	98	15	31	16	50	17	19	18	40	19	23	
	0	67	1	13	2	94	3	74	4	10	5	17	6	20	7	68	8	97	9	36	10	84	11	97	12	45	13	72	14	44	15	35	16	70	17	21	18	71	19	29	
	0	30	1	34	2	83	3	73	4	81	5	74	6	98	7	82	8	96	9	65	10	12	11	87	12	46	13	87	14	33	15	37	16	28	17	21	18	61	19	96	
	0	82	1	28	2	32	3	35	4	31	5	34	6	21	7	47	8	66	9	50	10	43	11	54	12	81	13	43	14	70	15	98	16	43	17	62	18	15	19	17	
	0	39	1	97	2	11	3	47	4	45	5	19	6	20	7	78	8	47	9	24	10	30	11	79	12	92	13	72	14	67	15	96	16	51	17	13	18	10	19	60	
	0	97	1	15	2	85	3	15	4	28	5	44	6	24	7	17	8	35	9	42	10	44	11	60	12	38	13	98	14	99	15	55	16	31	17	96	18	85	19	69	
	0	30	1	21	2	11	3	28	4	37	5	91	6	32	7	64	8	65	9	71	10	19	11	90	12	70	13	53	14	99	15	79	16	17	17	27	18	56	19	81	
	0	84	1	56	2	14	3	66	4	13	5	77	6	13	7	83	8	61	9	22	10	25	11	13	12	71	13	24	14	83	15	67	16	21	17	44	18	98	19	37	
	0	14	1	41	2	64	3	54	4	70	5	46	6	13	7	78	8	28	9	55	10	44	11	49	12	17	13	28	14	55	15	60	16	43	17	18	18	36	19	40	
	0	37	1	59	2	77	3	42	4	11	5	26	6	25	7	49	8	61	9	80	10	40	11	37	12	62	13	74	14	22	15	76	16	54	17	49	18	39	19	84	
	0	18	1	100	2	30	3	66	4	65	5	36	6	49	7	21	8	43	9	92	10	86	11	40	12	49	13	52	14	64	15	46	16	97	17	12	18	67	19	77	
	0	30	1	84	2	49	3	78	4	49	5	53	6	11	7	54	8	96	9	22	10	100	11	19	12	47	13	23	14	26	15	99	16	57	17	59	18	53	19	61	
	0	36	1	83	2	71	3	32	4	87	5	28	6	24	7	35	8	38	9	34	10	99	11	74	12	33	13	47	14	25	15	13	16	20	17	22	18	86	19	15	
	0	87	1	72	2	88	3	38	4	30	5	35	6	57	7	28	8	67	9	63	10	18	11	49	12	16	13	62	14	86	15	91	16	87	17	78	18	10	19	55	
	0	83	1	87	2	64	3	80	4	30	5	73	6	92	7	13	8	91	9	80	10	53	11	87	12	43	13	38	14	89	15	89	16	10	17	34	18	99	19	17	
	0	77	1	46	2	65	3	90	4	71	5	44	6	21	7	81	8	26	9	65	10	68	11	22	12	28	13	57	14	19	15	51	16	88	17	76	18	38	19	87	
	0	74	1	42	2	74	3	17	4	22	5	76	6	85	7	71	8	80	9	81	10	59	11	76	12	41	13	80	14	39	15	41	16	64	17	25	18	42	19	81	
	0	85	1	43	2	83	3	63	4	57	5	83	6	10	7	69	8	94	9	40	10	54	11	94	12	86	13	73	14	100	15	25	16	45	17	93	18	85	19	23	
	0	11	1	38	2	48	3	60	4	63	5	57	6	85	7	44	8	20	9	90	10	18	11	66	12	70	13	82	14	25	15	91	16	96	17	90	18	67	19	63	
	0	39	1	61	2	70	3	79	4	37	5	27	6	76	7	23	8	12	9	19	10	41	11	72	12	11	13	95	14	76	15	43	16	23	17	50	18	20	19	75	
	0	74	1	39	2	15	3	93	4	81	5	31	6	40	7	69	8	28	9	85	10	62	11	38	12	32	13	32	14	28	15	69	16	98	17	25	18	100	19	25	
	0	46	1	93	2	100	3	28	4	30	5	22	6	80	7	45	8	96	9	37	10	14	11	93	12	39	13	63	14	12	15	14	16	73	17	99	18	83	19	27	
	0	95	1	53	2	13	3	24	4	41	5	85	6	42	7	12	8	79	9	37	10	83	11	53	12	19	13	55	14	57	15	71	16	82	17	85	18	95	19	52	
	0	20	1	99	2	30	3	47	4	95	5	15	6	66	7	94	8	86	9	28	10	65	11	72	12	86	13	42	14	87	15	69	16	91	17	32	18	34	19	49	
	0	93	1	36	2	56	3	100	4	43	5	73	6	48	7	29	8	48	9	20	10	22	11	74	12	90	13	91	14	29	15	51	16	17	17	61	18	19	19	47	
	0	55	1	83	2	74	3	17	4	10	5	78	6	26	7	65	8	63	9	20	10	54	11	64	12	94	13	51	14	45	15	69	16	36	17	91	18	95	19	89	
	0	70	1	39	2	100	3	85	4	19	5	45	6	99	7	13	8	12	9	47	10	51	11	33	12	15	13	24	14	12	15	50	16	16	17	70	18	99	19	17	
	0	27	1	76	2	44	3	54	4	49	5	45	6	68	7	57	8	17	9	55	10	17	11	66	12	89	13	53	14	54	15	49	16	12	17	89	18	13	19	31	
	0	32	1	83	2	50	3	17	4	38	5	56	6	23	7	54	8	89	9	23	10	49	11	56	12	37	13	70	14	32	15	15	16	80	17	81	18	72	19	43	
	0	50	1	32	2	45	3	35	4	47	5	61	6	32	7	100	8	44	9	59	10	90	11	64	12	55	13	34	14	16	15	53	16	75	17	35	18	80	19	20	
	0	95	1	37	2	23	3	34	4	90	5	29	6	73	7	80	8	64	9	31	10	68	11	45	12	98	13	80	14	68	15	41	16	87	17	35	18	98	19	37	
	0	40	1	46	2	23	3	22	4	60	5	48	6	55	7	57	8	76	9	23	10	71	11	21	12	49	13	26	14	40	15	21	16	73	17	10	18	10	19	71	
	0	98	1	53	2	67	3	57	4	98	5	57	6	49	7	89	8	59	9	80	10	74	11	49	12	65	13	76	14	87	15	25	16	19	17	41	18	23	19	84	
	0	20	1	71	2	45	3	23	4	46	5	54	6	69	7	100	8	45	9	66	10	29	11	74	12	70	13	78	14	22	15	28	16	31	17	13	18	61	19	27	
	0	31	1	56	2	23	3	91	4	89	5	82	6	48	7	96	8	66	9	54	10	50	11	70	12	28	13	82	14	98	15	66	16	50	17	43	18	24	19	63	
	0	29	1	10	2	76	3	78	4	26	5	68	6	69	7	87	8	62	9	52	10	41	11	32	12	83	13	47	14	35	15	37	16	29	17	31	18	41	19	27	
	0	75	1	35	2	75	3	40	4	23	5	19	6	44	7	48	8	22	9	42	10	17	11	54	12	45	13	29	14	30	15	51	16	64	17	66	18	33	19	84	
	0	59	1	46	2	46	3	68	4	58	5	78	6	37	7	94	8	57	9	30	10	26	11	72	12	77	13	54	14	14	15	67	16	27	17	67	18	50	19	73	
	0	74	1	63	2	65	3	46	4	26	5	90	6	62	7	44	8	49	9	33	10	52	11	69	12	65	13	22	14	72	15	90	16	66	17	23	18	60	19	94	
	0	49	1	19	2	21	3	37	4	62	5	58	6	80	7	66	8	26	9	26	10	60	11	20	12	24	13	42	14	51	15	71	16	77	17	32	18	28	19	17	
	0	48	1	47	2	24	3	35	4	35	5	71	6	45	7	94	8	77	9	58	10	22	11	74	12	33	13	41	14	98	15	73	16	88	17	47	18	37	19	45	
	0	52	1	58	2	81	3	70	4	74	5	12	6	42	7	44	8	68	9	71	10	27	11	41	12	82	13	76	14	38	15	45	16	66	17	43	18	22	19	91	
	0	95	1	54	2	44	3	89	4	80	5	72	6	92	7	92	8	61	9	99	10	44	11	50	12	42	13	54	14	85	15	53	16	79	17	45	18	20	19	73	
	0	94	1	48	2	28	3	46	4	49	5	91	6	56	7	70	8	78	9	33	10	32	11	38	12	91	13	96	14	63	15	13	16	57	17	91	18	61	19	39	
	0	52	1	68	2	51	3	66	4	58	5	60	6	17	7	33	8	47	9	75	10	89	11	79	12	71	13	64	14	65	15	39	16	89	17	75	18	28	19	96	
	0	51	1	68	2	86	3	99	4	96	5	15	6	78	7	81	8	65	9	39	10	96	11	56	12	77	13	54	14	40	15	59	16	40	17	26	18	89	19	40	
	0	82	1	28	2	47	3	67	4	97	5	41	6	26	7	47	8	53	9	58	10	52	11	81	12	75	13	88	14	68	15	54	16	88	17	52	18	99	19	73	
	0	88	1	31	2	61	3	19	4	82	5	88	6	95	7	10	8	32	9	95	10	70	11	86	12	17	13	65	14	22	15	16	16	94	17	84	18	31	19	94	
	0	34	1	15	2	94	3	41	4	10	5	81	6	17	7	93	8	29	9	72	10	56	11	90	12	40	13	54	14	30	15	64	16	56	17	49	18	68	19	63	
	0	22	1	46	2	94	3	25	4	97	5	23	6	82	7	53	8	71	9	78	10	76	11	48	12	65	13	30	14	85	15	66	16	90	17	96	18	79	19	57	
	0	94	1	37	2	30	3	35	4	24	5	74	6	36	7	91	8	93	9	98	10	34	11	51	12	13	13	66	14	24	15	60	16	40	17	67	18	34	19	77	
	0	49	1	71	2	93	3	10	4	67	5	87	6	23	7	92	8	34	9	27	10	78	11	78	12	18	13	88	14	89	15	18	16	10	17	92	18	78	19	84	
	0	65	1	26	2	10	3	87	4	27	5	35	6	47	7	77	8	91	9	19	10	51	11	12	12	38	13	88	14	92	15	48	16	76	17	40	18	27	19	96	
	0	98	1	45	2	46	3	63	4	38	5	17	6	65	7	43	8	61	9	45	10	44	11	30	12	82	13	91	14	74	15	56	16	97	17	76	18	77	19	43	
	0	73	1	70	2	62	3	33	4	49	5	46	6	22	7	94	8	92	9	67	10	41	11	73	12	81	13	30	14	77	15	31	16	65	17	68	18	13	19	55	
	0	48	1	54	2	69	3	11	4	69	5	16	6	84	7	38	8	63	9	21	10	30	11	48	12	32	13	76	14	24	15	56	16	98	17	55	18	88	19	88	
	0	75	1	57	2	96	3	65	4	17	5	37	6	51	7	84	8	74	9	18	10	38	11	88	12	35	13	42	14	70	15	91	16	33	17	29	18	66	19	62	
	0	62	1	87	2	80	3	83	4	75	5	72	6	19	7	80	8	77	9	10	10	11	11	32	12	97	13	72	14	42	15	57	16	42	17	17	18	86	19	77	
	0	19	1	13	2	89	3	44	4	37	5	63	6	76	7	78	8	63	9	13	10	62	11	79	12	59	13	59	14	33	15	10	16	88	17	14	18	39	19	45	
	0	67	1	58	2	59	3	25	4	45	5	51	6	98	7	69	8	34	9	74	10	57	11	90	12	47	13	59	14	57	15	52	16	57	17	44	18	95	19	10	
	0	61	1	17	2	17	3	58	4	85	5	43	6	78	7	88	8	84	9	69	10	61	11	47	12	85	13	94	14	85	15	92	16	81	17	86	18	35	19	16	
	0	15	1	43	2	92	3	17	4	50	5	34	6	79	7	53	8	11	9	68	10	55	11	22	12	76	13	19	14	26	15	34	16	37	17	36	18	14	19	86	
	0	18	1	72	2	80	3	56	4	23	5	90	6	85	7	10	8	89	9	82	10	56	11	76	12	48	13	50	14	90	15	82	16	48	17	84	18	26	19	54	
	0	68	1	34	2	96	3	73	4	41	5	56	6	75	7	64	8	93	9	51	10	100	11	45	12	24	13	42	14	81	15	49	16	51	17	45	18	17	19	71	
	0	65	1	100	2	19	3	91	4	65	5	66	6	31	7	90	8	46	9	81	10	69	11	29	12	18	13	40	14	12	15	55	16	58	17	48	18	65	19	79	
	0	34	1	54	2	35	3	65	4	95	5	55	6	91	7	100	8	44	9	75	10	100	11	38	12	41	13	42	14	38	15	75	16	20	17	88	18	14	19	44	
	0	51	1	34	2	16	3	35	4	84	5	20	6	98	7	35	8	41	9	71	10	26	11	52	12	51	13	59	14	57	15	27	16	42	17	41	18	60	19	18	
	0	57	1	22	2	22	3	83	4	10	5	62	6	71	7	81	8	90	9	27	10	31	11	99	12	42	13	69	14	57	15	87	16	14	17	60	18	68	19	59	
	0	18	1	93	2	95	3	79	4	71	5	83	6	98	7	95	8	14	9	37	10	77	11	11	12	69	13	38	14	70	15	99	16	51	17	81	18	57	19	83	
	0	65	1	19	2	42	3	39	4	57	5	46	6	31	7	37	8	81	9	85	10	99	11	49	12	95	13	30	14	23	15	72	16	84	17	41	18	14	19	88	
	0	49	1	80	2	23	3	72	4	45	5	24	6	100	7	93	8	96	9	95	10	70	11	51	12	46	13	17	14	34	15	41	16	16	17	31	18	44	19	22	
	0	44	1	79	2	97	3	35	4	15	5	53	6	96	7	60	8	24	9	79	10	26	11	53	12	79	13	30	14	14	15	58	16	43	17	39	18	83	19	57	
	0	77	1	72	2	31	3	51	4	25	5	57	6	88	7	87	8	34	9	36	10	26	11	31	12	57	13	81	14	41	15	71	16	27	17	71	18	52	19	87	
	0	80	1	72	2	77	3	79	4	70	5	62	6	53	7	31	8	100	9	16	10	82	11	17	12	96	13	62	14	10	15	33	16	75	17	53	18	52	19	66	
	0	14	1	24	2	13	3	36	4	17	5	42	6	61	7	36	8	13	9	85	10	97	11	93	12	26	13	24	14	63	15	30	16	45	17	39	18	35	19	90	
	0	33	1	69	2	29	3	24	4	70	5	95	6	37	7	40	8	28	9	60	10	17	11	84	12	34	13	79	14	80	15	10	16	15	17	29	18	46	19	84	
	0	13	1	19	2	70	3	92	4	13	5	64	6	39	7	66	8	48	9	100	10	95	11	54	12	70	13	21	14	59	15	89	16	11	17	80	18	44	19	56	
	0	13	1	22	2	69	3	85	4	40	5	30	6	27	7	13	8	45	9	37	10	68	11	100	12	41	13	13	14	31	15	87	16	85	17	63	18	73	19	51	
	0	41	1	15	2	17	3	60	4	27	5	74	6	77	7	61	8	96	9	19	10	85	11	83	12	34	13	37	14	74	15	82	16	28	17	87	18	58	19	62	
	0	46	1	39	2	22	3	82	4	86	5	26	6	57	7	32	8	36	9	88	10	43	11	21	12	73	13	71	14	13	15	97	16	64	17	97	18	35	19	99	
	0	25	1	71	2	62	3	58	4	55	5	67	6	30	7	91	8	57	9	17	10	90	11	91	12	42	13	45	14	77	15	25	16	81	17	21	18	33	19	62	
	0	47	1	90	2	23	3	10	4	28	5	46	6	88	7	49	8	43	9	27	10	95	11	62	12	73	13	43	14	28	15	100	16	92	17	99	18	34	19	29	
	0	74	1	14	2	68	3	87	4	75	5	15	6	13	7	27	8	71	9	58	10	65	11	74	12	52	13	10	14	69	15	20	16	91	17	22	18	25	19	75	
	0	76	1	14	2	35	3	59	4	13	5	64	6	29	7	20	8	33	9	26	10	17	11	55	12	41	13	72	14	55	15	82	16	91	17	43	18	85	19	20	
	0	53	1	28	2	51	3	85	4	22	5	20	6	86	7	90	8	49	9	97	10	79	11	61	12	52	13	76	14	100	15	92	16	21	17	91	18	24	19	92	
	0	42	1	35	2	43	3	39	4	89	5	25	6	98	7	26	8	95	9	91	10	69	11	95	12	85	13	79	14	17	15	11	16	38	17	72	18	59	19	49	
	0	82	1	71	2	91	3	83	4	71	5	78	6	27	7	80	8	51	9	15	10	51	11	84	12	74	13	13	14	52	15	45	16	59	17	10	18	79	19	14	
	0	17	1	37	2	33	3	38	4	17	5	13	6	76	7	89	8	62	9	68	10	41	11	87	12	10	13	32	14	53	15	34	16	16	17	52	18	63	19	86	
	0	42	1	95	2	56	3	86	4	51	5	22	6	50	7	58	8	91	9	64	10	79	11	42	12	29	13	13	14	98	15	79	16	92	17	88	18	57	19	25	
	0	96	1	18	2	89	3	78	4	36	5	64	6	13	7	38	8	47	9	40	10	91	11	35	12	100	13	41	14	49	15	74	16	70	17	65	18	92	19	78	
	0	62	1	50	2	98	3	25	4	88	5	31	6	34	7	15	8	82	9	54	10	45	11	96	12	55	13	54	14	52	15	38	16	51	17	75	18	66	19	56	
	0	61	1	88	2	11	3	100	4	97	5	92	6	67	7	30	8	92	9	69	10	55	11	75	12	24	13	55	14	39	15	68	16	32	17	62	18	86	19	49	
	0	71	1	73	2	50	3	52	4	37	5	42	6	34	7	68	8	67	9	32	10	19	11	69	12	11	13	65	14	75	15	48	16	52	17	16	18	65	19	48	
	0	87	1	77	2	54	3	20	4	57	5	47	6	18	7	86	8	17	9	80	10	33	11	87	12	56	13	77	14	35	15	81	16	80	17	61	18	63	19	30	
	0	74	1	51	2	81	3	19	4	30	5	27	6	78	7	78	8	60	9	23	10	62	11	69	12	14	13	38	14	78	15	79	16	44	17	59	18	89	19	85	
	0	66	1	32	2	56	3	15	4	17	5	48	6	29	7	85	8	99	9	54	10	88	11	14	12	53	13	51	14	85	15	64	16	16	17	21	18	87	19	15	
	0	63	1	64	2	96	3	98	4	47	5	23	6	93	7	42	8	61	9	51	10	25	11	12	12	35	13	22	14	44	15	54	16	25	17	33	18	10	19	90	
	0	58	1	76	2	26	3	72	4	57	5	82	6	61	7	87	8	14	9	23	10	79	11	35	12	73	13	98	14	14	15	16	16	84	17	49	18	16	19	87	
	0	41	1	33	2	34	3	86	4	90	5	58	6	72	7	11	8	30	9	42	10	93	11	84	12	87	13	48	14	76	15	31	16	84	17	58	18	91	19	49	
	0	20	1	23	2	66	3	26	4	52	5	43	6	64	7	20	8	18	9	96	10	57	11	53	12	27	13	55	14	69	15	62	16	69	17	44	18	77	19	63	
	0	92	1	20	2	73	3	49	4	29	5	75	6	63	7	77	8	25	9	70	10	29	11	63	12	57	13	22	14	92	15	93	16	94	17	31	18	78	19	62	
	0	50	1	52	2	24	3	35	4	29	5	64	6	29	7	44	8	40	9	65	10	68	11	98	12	42	13	97	14	54	15	58	16	61	17	78	18	79	19	44	
	0	56	1	84	2	28	3	16	4	97	5	67	6	83	7	68	8	86	9	25	10	70	11	15	12	52	13	35	14	24	15	25	16	38	17	93	18	93	19	39	
	0	56	1	23	2	70	3	78	4	65	5	90	6	78	7	84	8	77	9	88	10	31	11	15	12	63	13	57	14	20	15	99	16	59	17	44	18	15	19	88	
	0	32	1	74	2	41	3	10	4	90	5	24	6	45	7	27	8	55	9	51	10	14	11	91	12	63	13	44	14	17	15	22	16	32	17	63	18	42	19	90	
	0	84	1	84	2	19	3	65	4	64	5	42	6	77	7	40	8	67	9	44	10	88	11	19	12	39	13	60	14	72	15	72	16	45	17	91	18	99	19	69	
	0	84	1	18	2	39	3	21	4	93	5	51	6	27	7	47	8	77	9	28	10	68	11	35	12	94	13	62	14	44	15	29	16	98	17	46	18	20	19	67	
	0	75	1	49	2	68	3	85	4	63	5	68	6	51	7	84	8	84	9	78	10	48	11	60	12	57	13	72	14	34	15	98	16	75	17	71	18	12	19	98	
	0	38	1	79	2	15	3	34	4	70	5	20	6	27	7	58	8	49	9	54	10	30	11	93	12	25	13	40	14	32	15	21	16	87	17	35	18	58	19	14	
	0	19	1	48	2	98	3	96	4	46	5	40	6	83	7	89	8	91	9	35	10	91	11	36	12	79	13	100	14	89	15	15	16	41	17	62	18	20	19	96	
	0	47	1	91	2	96	3	86	4	45	5	34	6	71	7	75	8	29	9	21	10	58	11	74	12	67	13	83	14	71	15	34	16	88	17	18	18	49	19	91	
	0	18	1	99	2	81	3	57	4	10	5	90	6	22	7	17	8	63	9	43	10	74	11	95	12	20	13	42	14	22	15	52	16	35	17	45	18	85	19	25	
	0	49	1	95	2	48	3	68	4	89	5	23	6	89	7	31	8	98	9	60	10	86	11	34	12	79	13	51	14	82	15	22	16	85	17	60	18	38	19	31	
	0	30	1	26	2	20	3	71	4	26	5	83	6	31	7	78	8	43	9	14	10	37	11	19	12	36	13	24	14	42	15	53	16	68	17	79	18	45	19	86	
	0	72	1	33	2	39	3	66	4	46	5	99	6	32	7	47	8	15	9	20	10	35	11	88	12	20	13	78	14	71	15	83	16	100	17	18	18	57	19	97	
	0	16	1	82	2	17	3	93	4	95	5	98	6	55	7	79	8	58	9	22	10	100	11	100	12	11	13	36	14	39	15	52	16	30	17	100	18	97	19	37	
	0	13	1	11	2	73	3	94	4	84	5	77	6	22	7	33	8	58	9	23	10	48	11	51	12	95	13	59	14	72	15	64	16	28	17	98	18	100	19	99	
	0	30	1	31	2	55	3	96	4	98	5	58	6	82	7	67	8	11	9	20	10	17	11	76	12	29	13	13	14	25	15	40	16	18	17	92	18	57	19	44	
	0	21	1	50	2	33	3	35	4	93	5	87	6	60	7	58	8	78	9	60	10	53	11	25	12	28	13	20	14	47	15	17	16	90	17	53	18	52	19	29	
	0	28	1	30	2	88	3	78	4	57	5	48	6	63	7	30	8	26	9	24	10	80	11	48	12	43	13	91	14	89	15	82	16	50	17	77	18	95	19	53	
	0	11	1	98	2	50	3	20	4	40	5	34	6	22	7	15	8	72	9	62	10	69	11	23	12	93	13	37	14	47	15	93	16	93	17	68	18	15	19	57	
	0	89	1	17	2	52	3	84	4	16	5	20	6	41	7	81	8	98	9	88	10	69	11	44	12	86	13	93	14	70	15	53	16	45	17	74	18	24	19	64	
	0	90	1	46	2	24	3	64	4	14	5	33	6	54	7	64	8	96	9	46	10	30	11	39	12	17	13	34	14	57	15	51	16	11	17	96	18	19	19	67	
	0	65	1	27	2	59	3	45	4	31	5	61	6	84	7	88	8	74	9	93	10	30	11	68	12	72	13	37	14	29	15	25	16	40	17	60	18	43	19	89	
	0	81	1	71	2	40	3	30	4	22	5	98	6	56	7	81	8	40	9	99	10	56	11	34	12	96	13	72	14	57	15	92	16	72	17	77	18	64	19	39	
	0	25	1	96	2	32	3	82	4	85	5	21	6	23	7	65	8	13	9	51	10	84	11	19	12	75	13	63	14	77	15	57	16	34	17	87	18	14	19	55	
	0	33	1	74	2	44	3	38	4	48	5	48	6	100	7	60	8	38	9	98	10	80	11	41	12	57	13	88	14	14	15	97	16	33	17	87	18	29	19	92	
	0	27	1	25	2	57	3	49	4	83	5	21	6	26	7	81	8	13	9	33	10	94	11	46	12	83	13	70	14	11	15	38	16	49	17	100	18	81	19	91	
	0	88	1	26	2	76	3	88	4	10	5	59	6	98	7	55	8	69	9	25	10	57	11	32	12	92	13	18	14	12	15	11	16	40	17	45	18	98	19	53	
	0	68	1	16	2	41	3	73	4	35	5	82	6	15	7	99	8	78	9	48	10	16	11	32	12	94	13	80	14	56	15	99	16	91	17	30	18	100	19	23	
	0	54	1	90	2	18	3	43	4	68	5	24	6	49	7	79	8	33	9	35	10	17	11	22	12	87	13	53	14	74	15	19	16	69	17	41	18	35	19	39	
	0	51	1	79	2	74	3	15	4	58	5	23	6	24	7	90	8	11	9	10	10	89	11	38	12	71	13	68	14	100	15	100	16	16	17	84	18	52	19	51	
	0	97	1	55	2	23	3	53	4	87	5	30	6	34	7	36	8	14	9	39	10	35	11	88	12	79	13	29	14	52	15	94	16	17	17	88	18	61	19	73	
	0	62	1	72	2	100	3	88	4	92	5	14	6	31	7	92	8	46	9	44	10	65	11	19	12	68	13	93	14	46	15	36	16	10	17	15	18	27	19	25	
	0	96	1	72	2	33	3	23	4	52	5	79	6	10	7	76	8	34	9	30	10	44	11	95	12	71	13	61	14	36	15	74	16	16	17	25	18	88	19	83	
	0	47	1	27	2	38	3	37	4	52	5	30	6	24	7	32	8	81	9	71	10	66	11	45	12	82	13	69	14	100	15	99	16	41	17	72	18	36	19	43	
	0	79	1	67	2	19	3	91	4	65	5	54	6	25	7	92	8	76	9	40	10	59	11	50	12	47	13	25	14	46	15	16	16	19	17	83	18	17	19	30	
	0	75	1	26	2	83	3	48	4	53	5	58	6	23	7	89	8	31	9	65	10	80	11	67	12	83	13	55	14	10	15	99	16	87	17	94	18	69	19	98	
	0	34	1	100	2	30	3	12	4	31	5	69	6	24	7	48	8	89	9	96	10	10	11	54	12	50	13	20	14	62	15	28	16	87	17	68	18	44	19	27	
	0	77	1	12	2	63	3	37	4	80	5	49	6	95	7	86	8	81	9	42	10	63	11	83	12	86	13	73	14	98	15	81	16	68	17	46	18	50	19	55	
	0	33	1	91	2	46	3	89	4	33	5	82	6	61	7	31	8	95	9	95	10	92	11	91	12	70	13	77	14	94	15	85	16	85	17	56	18	23	19	66	
	0	21	1	65	2	39	3	42	4	19	5	63	6	29	7	82	8	59	9	92	10	33	11	58	12	91	13	58	14	43	15	78	16	94	17	80	18	35	19	35	
	0	36	1	71	2	62	3	26	4	11	5	67	6	65	7	71	8	100	9	91	10	71	11	87	12	29	13	99	14	60	15	70	16	22	17	86	18	64	19	18	
	0	18	1	41	2	28	3	16	4	75	5	86	6	65	7	39	8	92	9	86	10	97	11	65	12	93	13	81	14	23	15	85	16	34	17	56	18	17	19	63	
	0	12	1	49	2	87	3	10	4	81	5	10	6	84	7	61	8	44	9	84	10	55	11	99	12	69	13	32	14	88	15	25	16	54	17	45	18	54	19	40	
	0	100	1	62	2	24	3	53	4	79	5	44	6	21	7	99	8	42	9	54	10	27	11	40	12	74	13	34	14	33	15	70	16	16	17	96	18	23	19	15	
	0	96	1	48	2	15	3	76	4	12	5	48	6	99	7	31	8	66	9	72	10	91	11	23	12	92	13	27	14	23	15	11	16	37	17	31	18	87	19	55	
	0	49	1	80	2	36	3	17	4	45	5	18	6	26	7	13	8	45	9	47	10	20	11	41	12	63	13	53	14	16	15	33	16	12	17	14	18	26	19	79	
	0	58	1	41	2	73	3	85	4	10	5	55	6	10	7	17	8	74	9	13	10	93	11	56	12	58	13	42	14	36	15	50	16	76	17	70	18	90	19	37	
	0	28	1	73	2	63	3	51	4	63	5	94	6	92	7	13	8	95	9	63	10	43	11	22	12	11	13	25	14	98	15	73	16	92	17	18	18	71	19	81	
	0	60	1	95	2	25	3	39	4	65	5	100	6	80	7	16	8	16	9	33	10	96	11	41	12	21	13	48	14	96	15	60	16	73	17	80	18	47	19	34	
	0	85	1	23	2	78	3	47	4	31	5	77	6	10	7	19	8	95	9	42	10	86	11	34	12	58	13	18	14	16	15	24	16	27	17	50	18	95	19	87	
	0	52	1	85	2	41	3	53	4	73	5	49	6	100	7	22	8	81	9	71	10	26	11	16	12	37	13	52	14	86	15	14	16	42	17	85	18	95	19	85	