500 30 1
30
	0	23	1	81	2	92	3	48	4	12	5	73	6	55	7	51	8	56	9	95	10	83	11	17	12	59	13	78	14	84	15	91	16	95	17	52	18	27	19	30	20	28	21	90	22	11	23	76	24	75	25	78	26	33	27	88	28	48	29	46	
	0	98	1	92	2	44	3	87	4	64	5	40	6	39	7	29	8	21	9	37	10	18	11	19	12	96	13	63	14	28	15	34	16	37	17	99	18	73	19	79	20	17	21	96	22	52	23	82	24	48	25	50	26	24	27	60	28	61	29	81	
	0	36	1	77	2	22	3	24	4	17	5	47	6	64	7	42	8	97	9	59	10	49	11	63	12	79	13	48	14	49	15	12	16	12	17	88	18	15	19	86	20	44	21	63	22	16	23	73	24	59	25	85	26	81	27	42	28	25	29	33	
	0	31	1	17	2	59	3	54	4	73	5	56	6	54	7	52	8	88	9	75	10	15	11	64	12	10	13	92	14	97	15	46	16	90	17	18	18	62	19	72	20	69	21	70	22	56	23	76	24	34	25	14	26	16	27	37	28	13	29	35	
	0	56	1	25	2	97	3	84	4	52	5	88	6	71	7	97	8	83	9	62	10	17	11	24	12	27	13	58	14	82	15	58	16	61	17	99	18	60	19	44	20	17	21	59	22	59	23	74	24	57	25	18	26	27	27	18	28	41	29	96	
	0	90	1	10	2	51	3	21	4	99	5	58	6	90	7	85	8	31	9	11	10	58	11	16	12	50	13	57	14	78	15	23	16	70	17	37	18	92	19	58	20	66	21	19	22	69	23	50	24	63	25	100	26	78	27	78	28	34	29	96	
	0	81	1	17	2	77	3	99	4	11	5	45	6	58	7	38	8	77	9	41	10	51	11	83	12	63	13	55	14	56	15	20	16	52	17	81	18	97	19	81	20	100	21	47	22	47	23	10	24	18	25	77	26	63	27	25	28	36	29	50	
	0	69	1	36	2	86	3	53	4	99	5	11	6	27	7	58	8	80	9	48	10	75	11	27	12	21	13	82	14	84	15	13	16	69	17	86	18	55	19	67	20	70	21	55	22	86	23	47	24	97	25	25	26	87	27	82	28	23	29	88	
	0	81	1	26	2	78	3	80	4	14	5	26	6	29	7	51	8	47	9	46	10	71	11	19	12	69	13	49	14	43	15	62	16	35	17	94	18	17	19	63	20	92	21	80	22	58	23	18	24	19	25	80	26	27	27	36	28	93	29	24	
	0	88	1	39	2	14	3	42	4	35	5	72	6	89	7	41	8	46	9	34	10	60	11	40	12	30	13	75	14	76	15	97	16	60	17	61	18	98	19	62	20	86	21	33	22	56	23	87	24	74	25	71	26	39	27	60	28	76	29	68	
	0	51	1	24	2	50	3	83	4	97	5	99	6	83	7	93	8	22	9	92	10	91	11	38	12	62	13	38	14	96	15	66	16	11	17	22	18	38	19	17	20	19	21	22	22	66	23	55	24	25	25	13	26	58	27	89	28	54	29	78	
	0	64	1	60	2	54	3	59	4	93	5	55	6	17	7	71	8	69	9	25	10	69	11	24	12	15	13	49	14	67	15	98	16	63	17	92	18	74	19	82	20	60	21	41	22	39	23	35	24	69	25	31	26	52	27	49	28	11	29	28	
	0	45	1	59	2	54	3	76	4	39	5	76	6	78	7	68	8	58	9	10	10	22	11	25	12	78	13	34	14	69	15	27	16	81	17	25	18	59	19	19	20	12	21	67	22	63	23	92	24	37	25	52	26	10	27	32	28	56	29	80	
	0	82	1	16	2	23	3	26	4	82	5	97	6	72	7	28	8	76	9	21	10	88	11	16	12	88	13	53	14	37	15	65	16	74	17	61	18	50	19	45	20	85	21	73	22	65	23	25	24	21	25	43	26	39	27	69	28	93	29	65	
	0	21	1	79	2	88	3	94	4	41	5	94	6	96	7	78	8	26	9	66	10	97	11	50	12	45	13	77	14	12	15	57	16	36	17	98	18	52	19	76	20	42	21	41	22	99	23	92	24	48	25	61	26	60	27	24	28	98	29	100	
	0	31	1	66	2	45	3	39	4	57	5	61	6	33	7	48	8	76	9	18	10	79	11	52	12	87	13	54	14	80	15	39	16	42	17	36	18	88	19	80	20	27	21	53	22	10	23	83	24	49	25	27	26	56	27	79	28	95	29	21	
	0	10	1	32	2	29	3	21	4	23	5	52	6	80	7	11	8	88	9	81	10	57	11	31	12	30	13	68	14	32	15	22	16	75	17	46	18	63	19	20	20	37	21	49	22	44	23	72	24	30	25	27	26	89	27	97	28	93	29	70	
	0	26	1	70	2	63	3	89	4	21	5	17	6	37	7	14	8	30	9	14	10	71	11	70	12	92	13	80	14	28	15	14	16	91	17	33	18	91	19	10	20	96	21	54	22	45	23	27	24	40	25	93	26	44	27	25	28	27	29	33	
	0	61	1	16	2	39	3	66	4	74	5	100	6	13	7	47	8	87	9	29	10	97	11	43	12	42	13	48	14	84	15	78	16	93	17	54	18	68	19	96	20	82	21	37	22	69	23	11	24	19	25	30	26	88	27	34	28	14	29	96	
	0	74	1	26	2	11	3	34	4	94	5	61	6	38	7	14	8	59	9	22	10	88	11	18	12	48	13	61	14	61	15	22	16	29	17	84	18	29	19	84	20	50	21	97	22	33	23	48	24	61	25	35	26	68	27	13	28	62	29	23	
	0	36	1	31	2	41	3	22	4	54	5	20	6	55	7	67	8	16	9	35	10	51	11	68	12	73	13	21	14	18	15	81	16	20	17	38	18	59	19	91	20	52	21	67	22	53	23	75	24	63	25	87	26	99	27	82	28	50	29	65	
	0	91	1	93	2	72	3	39	4	36	5	29	6	82	7	31	8	15	9	69	10	61	11	14	12	93	13	92	14	75	15	24	16	13	17	87	18	37	19	60	20	16	21	14	22	35	23	35	24	44	25	47	26	72	27	66	28	44	29	70	
	0	56	1	12	2	37	3	29	4	70	5	36	6	70	7	27	8	62	9	20	10	19	11	79	12	10	13	46	14	47	15	22	16	64	17	33	18	42	19	87	20	12	21	80	22	36	23	83	24	62	25	31	26	61	27	29	28	81	29	13	
	0	96	1	34	2	20	3	72	4	28	5	80	6	89	7	18	8	70	9	11	10	100	11	32	12	65	13	17	14	12	15	54	16	68	17	88	18	79	19	81	20	27	21	66	22	75	23	67	24	73	25	100	26	75	27	27	28	69	29	86	
	0	46	1	79	2	67	3	65	4	23	5	96	6	80	7	38	8	24	9	24	10	11	11	99	12	57	13	44	14	32	15	62	16	48	17	16	18	68	19	48	20	32	21	37	22	42	23	29	24	57	25	47	26	18	27	84	28	10	29	38	
	0	22	1	41	2	39	3	77	4	93	5	24	6	34	7	100	8	16	9	79	10	94	11	39	12	33	13	12	14	70	15	57	16	22	17	94	18	66	19	96	20	32	21	66	22	57	23	46	24	78	25	30	26	96	27	44	28	40	29	54	
	0	84	1	68	2	27	3	18	4	93	5	75	6	72	7	63	8	91	9	71	10	48	11	36	12	99	13	46	14	28	15	76	16	93	17	82	18	10	19	91	20	19	21	69	22	39	23	17	24	59	25	27	26	16	27	95	28	93	29	46	
	0	27	1	77	2	22	3	98	4	53	5	86	6	46	7	36	8	15	9	69	10	74	11	66	12	33	13	18	14	23	15	41	16	17	17	70	18	30	19	18	20	72	21	91	22	56	23	36	24	58	25	31	26	68	27	26	28	98	29	22	
	0	45	1	25	2	89	3	57	4	69	5	69	6	58	7	69	8	23	9	57	10	18	11	91	12	61	13	44	14	83	15	72	16	19	17	32	18	90	19	53	20	97	21	85	22	94	23	91	24	37	25	77	26	47	27	75	28	14	29	76	
	0	13	1	95	2	82	3	22	4	47	5	25	6	61	7	32	8	45	9	89	10	77	11	37	12	54	13	92	14	44	15	88	16	90	17	23	18	30	19	15	20	43	21	48	22	80	23	82	24	45	25	75	26	77	27	56	28	29	29	71	
	0	35	1	55	2	79	3	85	4	78	5	19	6	27	7	25	8	88	9	32	10	33	11	33	12	85	13	26	14	87	15	70	16	89	17	45	18	32	19	49	20	64	21	34	22	46	23	30	24	93	25	64	26	15	27	71	28	80	29	32	
	0	18	1	91	2	71	3	12	4	34	5	29	6	31	7	46	8	34	9	54	10	57	11	69	12	75	13	19	14	50	15	56	16	38	17	83	18	89	19	63	20	57	21	48	22	20	23	27	24	93	25	69	26	50	27	45	28	39	29	97	
	0	94	1	80	2	43	3	63	4	10	5	92	6	83	7	36	8	32	9	10	10	100	11	18	12	88	13	22	14	16	15	92	16	75	17	42	18	70	19	20	20	42	21	30	22	72	23	21	24	45	25	86	26	88	27	49	28	67	29	71	
	0	77	1	50	2	28	3	78	4	100	5	10	6	14	7	15	8	70	9	76	10	55	11	15	12	68	13	16	14	18	15	75	16	78	17	66	18	75	19	37	20	40	21	83	22	18	23	56	24	20	25	68	26	10	27	54	28	60	29	78	
	0	86	1	24	2	14	3	80	4	46	5	93	6	44	7	56	8	89	9	57	10	27	11	99	12	34	13	35	14	36	15	29	16	72	17	84	18	59	19	79	20	19	21	28	22	79	23	12	24	77	25	86	26	45	27	29	28	52	29	74	
	0	15	1	54	2	23	3	52	4	72	5	15	6	60	7	87	8	12	9	22	10	93	11	13	12	67	13	12	14	10	15	79	16	41	17	79	18	30	19	30	20	43	21	80	22	97	23	73	24	22	25	24	26	81	27	98	28	64	29	79	
	0	67	1	38	2	69	3	51	4	68	5	71	6	72	7	41	8	50	9	63	10	51	11	94	12	35	13	92	14	24	15	41	16	15	17	96	18	25	19	52	20	70	21	32	22	63	23	67	24	94	25	41	26	89	27	35	28	99	29	13	
	0	22	1	65	2	35	3	54	4	68	5	13	6	61	7	27	8	100	9	10	10	87	11	46	12	66	13	29	14	14	15	82	16	34	17	45	18	72	19	94	20	10	21	48	22	32	23	18	24	28	25	20	26	53	27	92	28	89	29	90	
	0	24	1	73	2	38	3	56	4	59	5	55	6	52	7	40	8	27	9	67	10	33	11	23	12	50	13	38	14	95	15	81	16	59	17	21	18	32	19	45	20	79	21	18	22	96	23	67	24	30	25	28	26	25	27	64	28	79	29	87	
	0	34	1	92	2	73	3	43	4	65	5	96	6	57	7	30	8	47	9	79	10	12	11	58	12	12	13	55	14	100	15	65	16	52	17	80	18	29	19	78	20	11	21	71	22	66	23	79	24	83	25	51	26	91	27	15	28	19	29	95	
	0	67	1	91	2	80	3	37	4	95	5	44	6	73	7	46	8	44	9	89	10	41	11	96	12	82	13	66	14	29	15	21	16	75	17	11	18	71	19	50	20	100	21	93	22	65	23	15	24	40	25	25	26	33	27	59	28	28	29	68	
	0	42	1	22	2	50	3	51	4	35	5	51	6	38	7	67	8	92	9	78	10	99	11	97	12	14	13	87	14	27	15	84	16	39	17	24	18	10	19	39	20	25	21	64	22	37	23	74	24	80	25	74	26	26	27	60	28	55	29	39	
	0	10	1	36	2	94	3	31	4	69	5	46	6	74	7	17	8	100	9	66	10	32	11	21	12	64	13	29	14	59	15	89	16	96	17	14	18	13	19	52	20	58	21	90	22	83	23	89	24	39	25	19	26	77	27	87	28	92	29	18	
	0	70	1	46	2	10	3	83	4	21	5	23	6	63	7	74	8	89	9	41	10	10	11	95	12	43	13	38	14	51	15	78	16	45	17	89	18	37	19	57	20	14	21	64	22	24	23	50	24	40	25	47	26	80	27	43	28	31	29	58	
	0	15	1	76	2	40	3	74	4	51	5	22	6	25	7	11	8	75	9	97	10	30	11	91	12	61	13	71	14	36	15	79	16	84	17	67	18	82	19	99	20	30	21	36	22	42	23	29	24	100	25	45	26	36	27	93	28	94	29	30	
	0	83	1	25	2	84	3	40	4	90	5	23	6	46	7	86	8	71	9	93	10	33	11	32	12	69	13	100	14	24	15	31	16	17	17	81	18	41	19	64	20	38	21	91	22	19	23	53	24	96	25	87	26	98	27	42	28	60	29	79	
	0	51	1	67	2	36	3	33	4	49	5	39	6	17	7	79	8	51	9	35	10	66	11	77	12	82	13	53	14	31	15	21	16	80	17	18	18	70	19	91	20	93	21	71	22	82	23	22	24	61	25	90	26	25	27	79	28	66	29	26	
	0	98	1	28	2	44	3	50	4	46	5	53	6	85	7	17	8	37	9	14	10	22	11	65	12	44	13	65	14	49	15	65	16	19	17	45	18	99	19	21	20	58	21	84	22	58	23	57	24	47	25	38	26	72	27	28	28	73	29	97	
	0	86	1	96	2	38	3	56	4	38	5	60	6	21	7	58	8	28	9	36	10	31	11	97	12	18	13	29	14	90	15	20	16	91	17	60	18	40	19	17	20	61	21	42	22	23	23	97	24	83	25	46	26	12	27	40	28	30	29	90	
	0	74	1	47	2	75	3	70	4	81	5	22	6	36	7	35	8	62	9	80	10	93	11	59	12	31	13	94	14	21	15	28	16	98	17	83	18	40	19	38	20	37	21	27	22	16	23	37	24	65	25	70	26	43	27	46	28	85	29	86	
	0	12	1	42	2	45	3	62	4	85	5	50	6	23	7	94	8	21	9	67	10	68	11	32	12	31	13	90	14	68	15	13	16	55	17	80	18	63	19	32	20	63	21	76	22	14	23	22	24	17	25	28	26	50	27	10	28	89	29	62	
	0	49	1	44	2	85	3	21	4	41	5	21	6	86	7	80	8	79	9	84	10	11	11	69	12	61	13	100	14	98	15	96	16	86	17	56	18	52	19	74	20	84	21	70	22	32	23	90	24	32	25	25	26	41	27	45	28	34	29	81	
	0	74	1	79	2	28	3	52	4	82	5	72	6	43	7	50	8	53	9	70	10	86	11	56	12	83	13	10	14	36	15	29	16	84	17	90	18	77	19	25	20	87	21	32	22	77	23	21	24	94	25	38	26	76	27	38	28	74	29	95	
	0	60	1	44	2	15	3	64	4	69	5	15	6	44	7	59	8	94	9	47	10	14	11	71	12	54	13	47	14	18	15	90	16	49	17	50	18	85	19	21	20	52	21	96	22	27	23	78	24	26	25	78	26	74	27	69	28	77	29	43	
	0	36	1	20	2	33	3	31	4	13	5	55	6	49	7	75	8	26	9	63	10	83	11	34	12	41	13	42	14	68	15	79	16	36	17	33	18	13	19	75	20	74	21	14	22	18	23	82	24	71	25	60	26	36	27	57	28	94	29	95	
	0	29	1	71	2	46	3	44	4	12	5	60	6	98	7	55	8	90	9	44	10	29	11	20	12	14	13	21	14	40	15	80	16	86	17	78	18	65	19	10	20	23	21	34	22	79	23	16	24	23	25	84	26	61	27	79	28	80	29	37	
	0	100	1	92	2	96	3	38	4	27	5	40	6	82	7	57	8	25	9	82	10	62	11	72	12	78	13	20	14	15	15	22	16	12	17	46	18	98	19	42	20	49	21	35	22	11	23	65	24	21	25	50	26	40	27	90	28	42	29	10	
	0	61	1	19	2	76	3	92	4	43	5	30	6	80	7	60	8	89	9	61	10	69	11	72	12	77	13	25	14	59	15	21	16	67	17	75	18	37	19	28	20	97	21	25	22	93	23	77	24	74	25	65	26	60	27	10	28	24	29	64	
	0	74	1	55	2	63	3	77	4	75	5	94	6	66	7	87	8	19	9	80	10	49	11	98	12	100	13	91	14	44	15	54	16	32	17	58	18	76	19	34	20	27	21	61	22	27	23	63	24	28	25	51	26	14	27	93	28	15	29	51	
	0	43	1	72	2	93	3	89	4	17	5	89	6	12	7	45	8	68	9	84	10	59	11	41	12	49	13	74	14	88	15	15	16	31	17	36	18	70	19	19	20	57	21	20	22	40	23	91	24	85	25	71	26	79	27	18	28	39	29	56	
	0	73	1	76	2	67	3	74	4	70	5	95	6	19	7	54	8	19	9	40	10	93	11	66	12	79	13	66	14	75	15	85	16	13	17	76	18	40	19	92	20	93	21	26	22	54	23	58	24	100	25	37	26	61	27	49	28	46	29	79	
	0	28	1	24	2	29	3	22	4	54	5	17	6	66	7	84	8	62	9	27	10	88	11	76	12	42	13	18	14	58	15	95	16	14	17	86	18	17	19	17	20	80	21	74	22	30	23	49	24	76	25	66	26	30	27	95	28	66	29	48	
	0	70	1	58	2	14	3	33	4	46	5	27	6	39	7	42	8	32	9	58	10	28	11	95	12	75	13	24	14	57	15	86	16	87	17	80	18	83	19	93	20	28	21	34	22	82	23	60	24	79	25	53	26	20	27	53	28	19	29	76	
	0	73	1	56	2	29	3	13	4	58	5	43	6	44	7	39	8	29	9	82	10	91	11	90	12	52	13	53	14	13	15	76	16	92	17	24	18	26	19	79	20	36	21	67	22	88	23	97	24	65	25	21	26	22	27	54	28	11	29	25	
	0	56	1	100	2	75	3	44	4	21	5	49	6	52	7	96	8	11	9	65	10	62	11	51	12	88	13	78	14	94	15	60	16	73	17	32	18	68	19	70	20	47	21	38	22	53	23	38	24	79	25	23	26	85	27	89	28	69	29	97	
	0	26	1	29	2	73	3	42	4	55	5	27	6	50	7	69	8	86	9	56	10	93	11	98	12	94	13	96	14	44	15	61	16	61	17	98	18	42	19	11	20	83	21	83	22	37	23	68	24	61	25	97	26	72	27	15	28	58	29	38	
	0	40	1	65	2	79	3	91	4	71	5	57	6	82	7	43	8	79	9	15	10	25	11	56	12	12	13	88	14	46	15	20	16	65	17	57	18	51	19	29	20	75	21	44	22	23	23	52	24	88	25	50	26	81	27	48	28	31	29	79	
	0	14	1	60	2	49	3	59	4	24	5	54	6	99	7	99	8	84	9	97	10	20	11	30	12	34	13	34	14	42	15	18	16	67	17	37	18	83	19	100	20	53	21	56	22	23	23	90	24	55	25	91	26	14	27	61	28	65	29	50	
	0	12	1	21	2	11	3	76	4	46	5	43	6	65	7	52	8	90	9	21	10	21	11	43	12	77	13	38	14	49	15	83	16	77	17	39	18	93	19	21	20	15	21	65	22	79	23	57	24	21	25	32	26	36	27	55	28	83	29	52	
	0	24	1	100	2	50	3	66	4	27	5	49	6	77	7	54	8	50	9	51	10	66	11	17	12	39	13	78	14	87	15	64	16	44	17	89	18	34	19	99	20	50	21	33	22	20	23	21	24	45	25	29	26	30	27	93	28	47	29	83	
	0	23	1	64	2	38	3	95	4	99	5	87	6	51	7	97	8	100	9	36	10	78	11	25	12	37	13	87	14	39	15	17	16	36	17	32	18	77	19	22	20	59	21	65	22	20	23	96	24	83	25	80	26	21	27	38	28	87	29	86	
	0	80	1	86	2	12	3	34	4	47	5	38	6	21	7	68	8	13	9	50	10	26	11	94	12	23	13	74	14	82	15	15	16	57	17	85	18	94	19	33	20	100	21	47	22	58	23	57	24	72	25	92	26	62	27	17	28	61	29	57	
	0	87	1	43	2	29	3	85	4	33	5	64	6	19	7	44	8	21	9	42	10	78	11	52	12	45	13	63	14	11	15	99	16	49	17	69	18	86	19	59	20	64	21	72	22	57	23	69	24	42	25	16	26	86	27	33	28	78	29	15	
	0	68	1	88	2	28	3	51	4	19	5	30	6	49	7	58	8	76	9	32	10	52	11	96	12	77	13	42	14	55	15	26	16	12	17	20	18	25	19	87	20	87	21	29	22	45	23	69	24	48	25	69	26	29	27	33	28	16	29	36	
	0	77	1	77	2	87	3	83	4	18	5	83	6	57	7	14	8	49	9	60	10	93	11	95	12	92	13	20	14	92	15	21	16	29	17	47	18	29	19	90	20	79	21	62	22	60	23	78	24	63	25	92	26	37	27	78	28	23	29	84	
	0	33	1	49	2	47	3	47	4	13	5	48	6	52	7	24	8	31	9	33	10	47	11	96	12	39	13	46	14	31	15	26	16	40	17	19	18	31	19	74	20	62	21	41	22	100	23	79	24	10	25	33	26	30	27	12	28	84	29	41	
	0	58	1	100	2	21	3	54	4	80	5	16	6	74	7	39	8	11	9	38	10	79	11	13	12	41	13	63	14	88	15	88	16	32	17	70	18	50	19	33	20	22	21	14	22	99	23	16	24	19	25	77	26	21	27	11	28	82	29	88	
	0	28	1	78	2	36	3	43	4	33	5	68	6	65	7	40	8	43	9	48	10	51	11	62	12	27	13	56	14	28	15	77	16	100	17	71	18	10	19	40	20	30	21	79	22	62	23	82	24	34	25	85	26	46	27	76	28	81	29	66	
	0	93	1	17	2	50	3	78	4	50	5	69	6	64	7	92	8	15	9	81	10	19	11	55	12	57	13	60	14	73	15	18	16	96	17	67	18	36	19	87	20	72	21	14	22	61	23	33	24	82	25	86	26	48	27	81	28	67	29	64	
	0	25	1	72	2	28	3	28	4	87	5	17	6	84	7	93	8	38	9	84	10	40	11	97	12	12	13	88	14	98	15	94	16	44	17	89	18	58	19	25	20	13	21	15	22	78	23	59	24	34	25	46	26	24	27	100	28	92	29	95	
	0	85	1	15	2	69	3	19	4	43	5	25	6	100	7	91	8	83	9	69	10	84	11	60	12	98	13	97	14	79	15	100	16	75	17	87	18	29	19	22	20	60	21	60	22	21	23	24	24	26	25	91	26	14	27	100	28	68	29	64	
	0	64	1	81	2	17	3	86	4	35	5	27	6	43	7	11	8	80	9	44	10	64	11	93	12	96	13	47	14	44	15	81	16	96	17	26	18	86	19	82	20	98	21	24	22	68	23	76	24	75	25	94	26	50	27	13	28	50	29	99	
	0	77	1	69	2	85	3	55	4	75	5	29	6	76	7	54	8	40	9	25	10	93	11	45	12	52	13	21	14	89	15	67	16	70	17	82	18	55	19	91	20	65	21	50	22	98	23	23	24	42	25	21	26	56	27	81	28	88	29	53	
	0	15	1	89	2	99	3	40	4	75	5	93	6	90	7	96	8	32	9	66	10	85	11	61	12	50	13	44	14	42	15	87	16	73	17	38	18	66	19	38	20	27	21	31	22	19	23	60	24	51	25	22	26	67	27	63	28	19	29	40	
	0	21	1	55	2	72	3	15	4	27	5	22	6	72	7	71	8	43	9	100	10	14	11	42	12	85	13	99	14	31	15	22	16	15	17	47	18	78	19	48	20	81	21	43	22	79	23	29	24	42	25	60	26	48	27	71	28	16	29	98	
	0	25	1	47	2	91	3	57	4	87	5	35	6	57	7	60	8	22	9	51	10	34	11	100	12	32	13	60	14	43	15	52	16	58	17	61	18	80	19	92	20	34	21	16	22	42	23	32	24	11	25	99	26	78	27	50	28	45	29	67	
	0	29	1	35	2	61	3	46	4	39	5	10	6	31	7	46	8	46	9	82	10	25	11	91	12	70	13	55	14	67	15	43	16	74	17	26	18	12	19	91	20	89	21	77	22	92	23	72	24	23	25	15	26	20	27	19	28	92	29	69	
	0	32	1	88	2	92	3	37	4	80	5	36	6	16	7	60	8	43	9	71	10	90	11	59	12	69	13	43	14	93	15	36	16	46	17	73	18	25	19	23	20	30	21	38	22	37	23	84	24	62	25	94	26	97	27	62	28	54	29	65	
	0	47	1	80	2	79	3	69	4	25	5	85	6	45	7	39	8	58	9	77	10	30	11	49	12	27	13	58	14	26	15	96	16	66	17	79	18	67	19	66	20	42	21	57	22	31	23	37	24	37	25	91	26	51	27	64	28	80	29	26	
	0	12	1	43	2	56	3	22	4	85	5	46	6	60	7	29	8	85	9	52	10	49	11	50	12	94	13	20	14	69	15	41	16	93	17	99	18	59	19	38	20	39	21	44	22	19	23	82	24	70	25	89	26	52	27	55	28	35	29	77	
	0	14	1	11	2	80	3	74	4	61	5	82	6	58	7	48	8	40	9	60	10	96	11	11	12	55	13	74	14	75	15	38	16	99	17	66	18	57	19	96	20	32	21	64	22	23	23	97	24	56	25	61	26	80	27	87	28	49	29	35	
	0	51	1	25	2	14	3	61	4	37	5	98	6	71	7	40	8	23	9	68	10	49	11	84	12	36	13	66	14	80	15	31	16	71	17	40	18	68	19	26	20	37	21	43	22	87	23	13	24	16	25	59	26	99	27	27	28	54	29	25	
	0	95	1	23	2	69	3	55	4	37	5	34	6	99	7	50	8	58	9	38	10	68	11	82	12	84	13	35	14	11	15	54	16	25	17	94	18	36	19	14	20	18	21	84	22	66	23	77	24	97	25	10	26	52	27	57	28	24	29	87	
	0	98	1	76	2	42	3	59	4	29	5	34	6	31	7	53	8	38	9	56	10	45	11	94	12	14	13	20	14	95	15	53	16	47	17	97	18	23	19	41	20	23	21	17	22	40	23	50	24	69	25	66	26	68	27	56	28	87	29	56	
	0	91	1	16	2	27	3	56	4	40	5	96	6	49	7	45	8	31	9	22	10	77	11	78	12	85	13	26	14	13	15	60	16	35	17	34	18	83	19	76	20	75	21	71	22	36	23	76	24	41	25	51	26	96	27	77	28	63	29	11	
	0	40	1	55	2	43	3	27	4	95	5	50	6	39	7	83	8	86	9	83	10	84	11	34	12	81	13	98	14	77	15	79	16	62	17	33	18	71	19	53	20	66	21	77	22	31	23	26	24	75	25	51	26	43	27	33	28	27	29	69	
	0	30	1	100	2	40	3	37	4	98	5	66	6	45	7	94	8	29	9	97	10	11	11	78	12	83	13	47	14	10	15	39	16	66	17	30	18	73	19	61	20	32	21	73	22	34	23	28	24	58	25	27	26	21	27	94	28	59	29	69	
	0	85	1	18	2	13	3	73	4	22	5	44	6	73	7	10	8	84	9	90	10	55	11	90	12	19	13	48	14	83	15	29	16	37	17	40	18	19	19	84	20	60	21	91	22	23	23	90	24	50	25	73	26	28	27	62	28	62	29	21	
	0	84	1	13	2	95	3	39	4	11	5	42	6	41	7	34	8	66	9	16	10	34	11	38	12	76	13	69	14	97	15	91	16	89	17	69	18	87	19	16	20	45	21	54	22	24	23	25	24	31	25	20	26	40	27	35	28	84	29	58	
	0	18	1	51	2	92	3	40	4	39	5	27	6	10	7	51	8	85	9	14	10	99	11	17	12	23	13	25	14	13	15	70	16	82	17	73	18	86	19	31	20	81	21	80	22	27	23	96	24	47	25	70	26	74	27	29	28	24	29	67	
	0	95	1	17	2	73	3	30	4	44	5	16	6	64	7	70	8	24	9	74	10	53	11	91	12	30	13	66	14	75	15	87	16	26	17	19	18	58	19	59	20	49	21	53	22	69	23	36	24	53	25	43	26	84	27	49	28	69	29	45	
	0	41	1	59	2	50	3	87	4	93	5	62	6	48	7	56	8	44	9	20	10	64	11	90	12	16	13	69	14	64	15	83	16	71	17	62	18	77	19	30	20	99	21	56	22	62	23	93	24	93	25	52	26	97	27	92	28	51	29	26	
	0	77	1	56	2	60	3	98	4	66	5	100	6	74	7	11	8	40	9	97	10	32	11	31	12	74	13	60	14	49	15	30	16	90	17	12	18	57	19	64	20	59	21	35	22	73	23	18	24	17	25	94	26	79	27	47	28	51	29	50	
	0	20	1	86	2	100	3	75	4	49	5	42	6	30	7	61	8	63	9	21	10	67	11	84	12	64	13	34	14	71	15	35	16	13	17	73	18	43	19	86	20	12	21	66	22	66	23	94	24	49	25	29	26	74	27	51	28	94	29	100	
	0	84	1	64	2	69	3	38	4	54	5	59	6	37	7	32	8	52	9	55	10	47	11	17	12	90	13	79	14	53	15	100	16	97	17	93	18	49	19	87	20	76	21	15	22	79	23	69	24	36	25	52	26	93	27	34	28	89	29	88	
	0	59	1	66	2	79	3	36	4	86	5	65	6	43	7	66	8	48	9	59	10	40	11	19	12	64	13	89	14	52	15	90	16	72	17	73	18	63	19	21	20	32	21	24	22	17	23	69	24	40	25	99	26	36	27	98	28	23	29	68	
	0	69	1	60	2	90	3	32	4	57	5	47	6	76	7	23	8	64	9	27	10	66	11	59	12	61	13	59	14	54	15	41	16	64	17	94	18	71	19	19	20	84	21	92	22	42	23	92	24	65	25	86	26	20	27	32	28	16	29	16	
	0	19	1	28	2	58	3	80	4	27	5	96	6	82	7	41	8	95	9	95	10	23	11	51	12	91	13	59	14	85	15	96	16	60	17	86	18	79	19	45	20	41	21	52	22	52	23	52	24	12	25	14	26	80	27	86	28	37	29	30	
	0	24	1	90	2	75	3	85	4	15	5	64	6	99	7	34	8	81	9	44	10	72	11	37	12	83	13	20	14	40	15	35	16	43	17	44	18	41	19	95	20	46	21	58	22	82	23	63	24	56	25	13	26	86	27	42	28	28	29	73	
	0	29	1	22	2	66	3	99	4	90	5	62	6	79	7	39	8	89	9	61	10	17	11	20	12	53	13	49	14	85	15	61	16	65	17	50	18	96	19	56	20	87	21	30	22	78	23	19	24	62	25	51	26	10	27	81	28	40	29	56	
	0	18	1	71	2	92	3	64	4	48	5	74	6	94	7	88	8	82	9	21	10	28	11	74	12	87	13	80	14	30	15	47	16	61	17	72	18	15	19	95	20	45	21	18	22	39	23	52	24	84	25	35	26	75	27	45	28	60	29	94	
	0	53	1	67	2	11	3	72	4	24	5	20	6	38	7	17	8	35	9	52	10	27	11	87	12	84	13	26	14	21	15	91	16	76	17	96	18	35	19	31	20	18	21	67	22	46	23	72	24	63	25	11	26	87	27	67	28	54	29	47	
	0	34	1	67	2	17	3	31	4	52	5	12	6	39	7	95	8	32	9	79	10	32	11	60	12	42	13	91	14	45	15	77	16	22	17	29	18	54	19	21	20	34	21	20	22	97	23	85	24	48	25	45	26	86	27	31	28	22	29	14	
	0	65	1	19	2	22	3	24	4	30	5	17	6	59	7	94	8	45	9	35	10	27	11	49	12	47	13	77	14	10	15	26	16	45	17	88	18	69	19	15	20	12	21	14	22	73	23	43	24	36	25	75	26	97	27	15	28	60	29	27	
	0	25	1	49	2	75	3	90	4	27	5	26	6	99	7	10	8	69	9	29	10	46	11	39	12	23	13	50	14	19	15	97	16	23	17	79	18	34	19	26	20	82	21	59	22	71	23	70	24	96	25	54	26	45	27	49	28	22	29	39	
	0	74	1	48	2	33	3	69	4	20	5	46	6	41	7	100	8	28	9	90	10	22	11	45	12	23	13	51	14	66	15	60	16	62	17	29	18	38	19	53	20	49	21	17	22	54	23	95	24	65	25	15	26	92	27	19	28	19	29	97	
	0	24	1	88	2	32	3	49	4	73	5	30	6	43	7	25	8	31	9	45	10	40	11	22	12	92	13	89	14	82	15	34	16	68	17	82	18	35	19	45	20	82	21	11	22	73	23	50	24	83	25	82	26	14	27	66	28	50	29	13	
	0	64	1	33	2	22	3	40	4	58	5	44	6	39	7	30	8	30	9	11	10	73	11	43	12	28	13	67	14	46	15	63	16	85	17	13	18	65	19	16	20	43	21	78	22	97	23	74	24	54	25	36	26	12	27	76	28	39	29	69	
	0	88	1	88	2	78	3	42	4	34	5	93	6	97	7	35	8	55	9	11	10	87	11	72	12	15	13	12	14	65	15	14	16	17	17	19	18	48	19	90	20	37	21	83	22	75	23	44	24	79	25	89	26	50	27	12	28	69	29	50	
	0	26	1	36	2	25	3	12	4	90	5	25	6	97	7	34	8	84	9	90	10	66	11	90	12	83	13	70	14	34	15	11	16	78	17	15	18	85	19	29	20	74	21	86	22	25	23	19	24	67	25	18	26	43	27	11	28	12	29	13	
	0	76	1	23	2	27	3	86	4	68	5	29	6	30	7	84	8	21	9	63	10	19	11	90	12	72	13	95	14	97	15	42	16	87	17	44	18	10	19	58	20	20	21	48	22	17	23	79	24	59	25	76	26	80	27	63	28	94	29	42	
	0	10	1	95	2	58	3	85	4	25	5	70	6	56	7	39	8	97	9	14	10	25	11	56	12	25	13	28	14	81	15	66	16	38	17	78	18	17	19	100	20	59	21	11	22	54	23	80	24	33	25	66	26	58	27	55	28	33	29	21	
	0	85	1	56	2	94	3	13	4	50	5	63	6	84	7	96	8	68	9	67	10	49	11	87	12	35	13	37	14	97	15	32	16	33	17	21	18	12	19	23	20	30	21	96	22	99	23	41	24	78	25	25	26	58	27	72	28	98	29	88	
	0	39	1	80	2	70	3	80	4	56	5	49	6	53	7	39	8	23	9	84	10	12	11	50	12	25	13	92	14	70	15	60	16	98	17	97	18	43	19	17	20	51	21	30	22	22	23	77	24	44	25	69	26	95	27	37	28	40	29	56	
	0	11	1	41	2	47	3	95	4	53	5	52	6	91	7	30	8	29	9	92	10	100	11	69	12	47	13	34	14	73	15	40	16	70	17	13	18	23	19	97	20	28	21	48	22	90	23	63	24	79	25	49	26	66	27	81	28	11	29	69	
	0	20	1	43	2	34	3	56	4	62	5	88	6	63	7	28	8	46	9	34	10	20	11	82	12	76	13	83	14	56	15	58	16	89	17	98	18	86	19	63	20	86	21	98	22	59	23	83	24	83	25	74	26	44	27	13	28	95	29	16	
	0	65	1	32	2	24	3	41	4	58	5	31	6	58	7	100	8	66	9	56	10	60	11	50	12	13	13	69	14	75	15	79	16	52	17	80	18	40	19	91	20	24	21	23	22	33	23	36	24	63	25	31	26	94	27	31	28	99	29	80	
	0	74	1	68	2	10	3	98	4	91	5	68	6	10	7	45	8	28	9	55	10	94	11	86	12	67	13	48	14	54	15	99	16	39	17	63	18	45	19	45	20	54	21	61	22	17	23	58	24	84	25	83	26	23	27	61	28	23	29	52	
	0	61	1	66	2	47	3	35	4	51	5	100	6	17	7	72	8	99	9	53	10	76	11	78	12	55	13	33	14	46	15	55	16	51	17	46	18	67	19	23	20	41	21	33	22	30	23	49	24	23	25	28	26	83	27	64	28	98	29	14	
	0	62	1	36	2	40	3	83	4	82	5	29	6	50	7	35	8	77	9	42	10	37	11	45	12	33	13	49	14	56	15	56	16	54	17	48	18	34	19	45	20	68	21	95	22	100	23	21	24	19	25	14	26	80	27	50	28	24	29	34	
	0	95	1	65	2	11	3	73	4	36	5	31	6	73	7	73	8	100	9	62	10	10	11	100	12	84	13	80	14	43	15	36	16	54	17	27	18	85	19	19	20	81	21	85	22	73	23	17	24	22	25	55	26	79	27	63	28	16	29	86	
	0	30	1	42	2	73	3	47	4	12	5	98	6	36	7	28	8	83	9	73	10	28	11	61	12	68	13	32	14	51	15	52	16	74	17	18	18	37	19	81	20	69	21	81	22	78	23	95	24	70	25	24	26	86	27	31	28	45	29	99	
	0	85	1	62	2	43	3	94	4	93	5	55	6	75	7	24	8	85	9	95	10	49	11	81	12	54	13	54	14	17	15	97	16	95	17	11	18	82	19	48	20	17	21	86	22	54	23	26	24	27	25	96	26	67	27	67	28	49	29	53	
	0	17	1	62	2	28	3	57	4	28	5	68	6	16	7	28	8	49	9	80	10	13	11	90	12	38	13	18	14	93	15	78	16	30	17	57	18	99	19	82	20	41	21	93	22	68	23	54	24	21	25	98	26	19	27	86	28	94	29	34	
	0	25	1	51	2	10	3	33	4	97	5	64	6	94	7	14	8	15	9	88	10	81	11	23	12	34	13	68	14	89	15	92	16	53	17	96	18	13	19	46	20	29	21	87	22	17	23	85	24	74	25	22	26	57	27	68	28	49	29	77	
	0	50	1	75	2	78	3	54	4	19	5	92	6	94	7	72	8	54	9	19	10	81	11	70	12	20	13	63	14	57	15	79	16	76	17	77	18	85	19	81	20	27	21	63	22	52	23	91	24	83	25	49	26	59	27	90	28	29	29	84	
	0	91	1	71	2	20	3	100	4	96	5	86	6	62	7	32	8	77	9	56	10	10	11	10	12	23	13	68	14	18	15	35	16	97	17	73	18	96	19	66	20	32	21	27	22	92	23	48	24	31	25	74	26	79	27	57	28	24	29	90	
	0	43	1	66	2	51	3	49	4	38	5	64	6	66	7	76	8	51	9	21	10	100	11	67	12	38	13	75	14	13	15	98	16	70	17	33	18	42	19	39	20	17	21	53	22	21	23	69	24	42	25	32	26	97	27	70	28	73	29	19	
	0	44	1	68	2	94	3	40	4	47	5	65	6	91	7	50	8	36	9	63	10	16	11	93	12	51	13	58	14	75	15	62	16	68	17	29	18	62	19	89	20	14	21	30	22	40	23	16	24	52	25	47	26	60	27	21	28	93	29	41	
	0	58	1	99	2	17	3	14	4	34	5	14	6	27	7	88	8	37	9	99	10	14	11	42	12	16	13	39	14	60	15	45	16	64	17	12	18	13	19	81	20	57	21	84	22	30	23	50	24	65	25	93	26	35	27	78	28	79	29	49	
	0	93	1	35	2	10	3	14	4	87	5	46	6	72	7	16	8	94	9	58	10	29	11	51	12	80	13	62	14	51	15	31	16	73	17	10	18	20	19	35	20	97	21	82	22	41	23	75	24	62	25	55	26	78	27	60	28	63	29	41	
	0	86	1	27	2	45	3	63	4	57	5	61	6	98	7	18	8	32	9	49	10	87	11	69	12	74	13	36	14	63	15	75	16	23	17	90	18	34	19	10	20	10	21	15	22	70	23	75	24	53	25	73	26	87	27	16	28	43	29	90	
	0	30	1	69	2	11	3	19	4	52	5	71	6	60	7	50	8	86	9	22	10	28	11	81	12	55	13	67	14	63	15	77	16	99	17	90	18	65	19	65	20	86	21	38	22	39	23	85	24	71	25	23	26	29	27	59	28	57	29	66	
	0	99	1	81	2	57	3	100	4	32	5	89	6	73	7	14	8	64	9	29	10	90	11	60	12	68	13	68	14	94	15	85	16	18	17	33	18	31	19	81	20	34	21	89	22	32	23	45	24	62	25	31	26	97	27	41	28	43	29	55	
	0	59	1	45	2	49	3	79	4	31	5	38	6	18	7	81	8	56	9	43	10	99	11	23	12	56	13	58	14	36	15	92	16	20	17	29	18	40	19	19	20	52	21	72	22	10	23	42	24	61	25	64	26	16	27	18	28	39	29	40	
	0	91	1	12	2	81	3	66	4	46	5	68	6	63	7	64	8	100	9	42	10	24	11	91	12	82	13	33	14	64	15	41	16	69	17	46	18	86	19	62	20	36	21	84	22	46	23	30	24	35	25	99	26	71	27	39	28	72	29	81	
	0	80	1	30	2	77	3	74	4	49	5	40	6	32	7	73	8	71	9	60	10	82	11	47	12	46	13	66	14	63	15	38	16	60	17	45	18	51	19	42	20	34	21	20	22	63	23	77	24	66	25	64	26	58	27	74	28	15	29	48	
	0	23	1	12	2	65	3	76	4	23	5	89	6	43	7	47	8	60	9	52	10	36	11	77	12	38	13	81	14	29	15	49	16	76	17	88	18	83	19	79	20	94	21	44	22	91	23	37	24	24	25	54	26	57	27	59	28	53	29	62	
	0	28	1	23	2	83	3	42	4	64	5	11	6	64	7	92	8	92	9	14	10	38	11	28	12	51	13	66	14	39	15	70	16	13	17	77	18	32	19	13	20	11	21	87	22	82	23	30	24	18	25	73	26	22	27	37	28	83	29	55	
	0	99	1	94	2	49	3	46	4	95	5	71	6	45	7	35	8	61	9	82	10	86	11	62	12	80	13	95	14	76	15	10	16	70	17	23	18	47	19	96	20	73	21	58	22	98	23	94	24	99	25	88	26	75	27	16	28	93	29	21	
	0	24	1	56	2	48	3	57	4	97	5	71	6	37	7	93	8	65	9	41	10	96	11	89	12	82	13	63	14	65	15	50	16	21	17	89	18	34	19	74	20	26	21	49	22	13	23	46	24	94	25	85	26	92	27	26	28	75	29	21	
	0	49	1	78	2	44	3	84	4	66	5	44	6	23	7	17	8	86	9	18	10	47	11	84	12	69	13	79	14	97	15	67	16	69	17	50	18	21	19	39	20	24	21	65	22	32	23	31	24	46	25	15	26	99	27	36	28	44	29	31	
	0	83	1	32	2	39	3	29	4	16	5	20	6	66	7	56	8	63	9	64	10	63	11	38	12	14	13	33	14	93	15	33	16	16	17	66	18	69	19	83	20	72	21	57	22	62	23	10	24	15	25	17	26	21	27	46	28	75	29	15	
	0	88	1	100	2	35	3	53	4	37	5	34	6	84	7	30	8	91	9	88	10	14	11	64	12	43	13	81	14	56	15	99	16	77	17	20	18	80	19	40	20	60	21	18	22	16	23	47	24	12	25	15	26	27	27	36	28	62	29	61	
	0	81	1	41	2	43	3	81	4	13	5	60	6	13	7	57	8	31	9	20	10	43	11	31	12	93	13	94	14	78	15	12	16	24	17	81	18	56	19	95	20	77	21	99	22	78	23	48	24	75	25	28	26	94	27	78	28	28	29	72	
	0	82	1	42	2	49	3	100	4	31	5	33	6	42	7	76	8	31	9	33	10	70	11	98	12	88	13	51	14	49	15	22	16	94	17	59	18	52	19	16	20	92	21	14	22	85	23	11	24	61	25	61	26	65	27	27	28	78	29	29	
	0	65	1	59	2	95	3	35	4	91	5	69	6	26	7	20	8	31	9	52	10	44	11	31	12	48	13	99	14	48	15	49	16	100	17	35	18	65	19	84	20	35	21	88	22	19	23	35	24	12	25	78	26	10	27	52	28	55	29	26	
	0	69	1	84	2	40	3	88	4	27	5	19	6	50	7	83	8	23	9	12	10	23	11	39	12	11	13	75	14	36	15	96	16	41	17	87	18	78	19	96	20	19	21	62	22	60	23	88	24	32	25	48	26	98	27	14	28	26	29	29	
	0	44	1	17	2	33	3	64	4	97	5	73	6	11	7	72	8	55	9	51	10	84	11	47	12	22	13	22	14	100	15	48	16	69	17	87	18	76	19	53	20	45	21	97	22	54	23	52	24	39	25	88	26	17	27	94	28	11	29	19	
	0	31	1	78	2	51	3	86	4	35	5	88	6	40	7	25	8	85	9	74	10	70	11	64	12	49	13	28	14	21	15	37	16	75	17	79	18	62	19	37	20	41	21	84	22	50	23	95	24	26	25	71	26	33	27	95	28	89	29	29	
	0	55	1	80	2	54	3	51	4	96	5	44	6	56	7	81	8	61	9	32	10	76	11	72	12	62	13	66	14	97	15	83	16	26	17	53	18	30	19	11	20	45	21	42	22	81	23	99	24	77	25	65	26	39	27	47	28	88	29	59	
	0	62	1	98	2	52	3	14	4	36	5	62	6	45	7	12	8	95	9	23	10	96	11	36	12	16	13	19	14	51	15	16	16	64	17	92	18	77	19	58	20	100	21	75	22	26	23	46	24	34	25	73	26	54	27	53	28	65	29	31	
	0	57	1	68	2	92	3	26	4	54	5	60	6	40	7	75	8	94	9	31	10	87	11	67	12	20	13	59	14	18	15	25	16	77	17	75	18	22	19	16	20	89	21	51	22	44	23	19	24	46	25	98	26	28	27	39	28	44	29	30	
	0	44	1	33	2	22	3	94	4	35	5	54	6	44	7	27	8	16	9	81	10	82	11	63	12	47	13	66	14	60	15	32	16	94	17	28	18	62	19	84	20	48	21	60	22	66	23	63	24	83	25	52	26	52	27	40	28	12	29	59	
	0	79	1	12	2	55	3	52	4	79	5	87	6	92	7	63	8	63	9	100	10	55	11	80	12	76	13	93	14	13	15	55	16	23	17	42	18	46	19	89	20	62	21	34	22	92	23	76	24	69	25	29	26	62	27	95	28	73	29	91	
	0	70	1	70	2	94	3	11	4	48	5	90	6	25	7	60	8	85	9	39	10	79	11	25	12	42	13	40	14	64	15	64	16	19	17	44	18	57	19	94	20	16	21	65	22	32	23	24	24	33	25	40	26	56	27	13	28	14	29	38	
	0	42	1	27	2	77	3	89	4	38	5	61	6	29	7	46	8	34	9	73	10	68	11	30	12	69	13	87	14	91	15	25	16	69	17	74	18	22	19	76	20	13	21	18	22	40	23	36	24	62	25	97	26	52	27	34	28	91	29	50	
	0	85	1	87	2	34	3	85	4	61	5	99	6	54	7	61	8	20	9	89	10	91	11	99	12	80	13	30	14	89	15	58	16	78	17	67	18	27	19	17	20	14	21	15	22	34	23	91	24	30	25	22	26	22	27	14	28	55	29	78	
	0	65	1	84	2	53	3	85	4	91	5	68	6	82	7	65	8	77	9	37	10	55	11	42	12	49	13	82	14	27	15	66	16	53	17	100	18	14	19	13	20	20	21	48	22	86	23	58	24	45	25	92	26	55	27	29	28	95	29	41	
	0	51	1	91	2	79	3	72	4	19	5	61	6	57	7	71	8	46	9	18	10	92	11	45	12	25	13	75	14	35	15	87	16	12	17	90	18	46	19	90	20	37	21	44	22	51	23	71	24	34	25	49	26	39	27	87	28	82	29	60	
	0	89	1	18	2	51	3	15	4	81	5	53	6	95	7	28	8	46	9	97	10	48	11	68	12	86	13	13	14	64	15	13	16	73	17	71	18	63	19	76	20	34	21	64	22	11	23	91	24	62	25	18	26	48	27	53	28	22	29	74	
	0	65	1	43	2	65	3	45	4	98	5	72	6	35	7	96	8	21	9	88	10	78	11	99	12	68	13	71	14	66	15	81	16	64	17	95	18	94	19	30	20	73	21	91	22	18	23	30	24	89	25	55	26	19	27	52	28	58	29	84	
	0	93	1	69	2	57	3	23	4	90	5	92	6	51	7	15	8	13	9	45	10	41	11	39	12	62	13	52	14	32	15	92	16	18	17	28	18	20	19	22	20	58	21	57	22	91	23	53	24	77	25	10	26	40	27	17	28	78	29	35	
	0	48	1	79	2	28	3	14	4	55	5	63	6	24	7	88	8	34	9	30	10	31	11	56	12	56	13	37	14	50	15	52	16	89	17	30	18	57	19	97	20	93	21	26	22	72	23	95	24	90	25	50	26	34	27	11	28	46	29	83	
	0	62	1	77	2	20	3	33	4	75	5	38	6	26	7	75	8	74	9	11	10	12	11	32	12	11	13	22	14	82	15	58	16	76	17	66	18	60	19	84	20	21	21	33	22	45	23	91	24	97	25	19	26	31	27	22	28	53	29	83	
	0	91	1	16	2	14	3	21	4	71	5	71	6	23	7	53	8	17	9	11	10	82	11	61	12	96	13	88	14	13	15	34	16	40	17	52	18	70	19	50	20	86	21	10	22	66	23	52	24	44	25	86	26	62	27	88	28	31	29	71	
	0	71	1	68	2	24	3	84	4	21	5	78	6	35	7	48	8	18	9	31	10	43	11	54	12	52	13	100	14	95	15	22	16	24	17	98	18	36	19	97	20	81	21	14	22	78	23	92	24	82	25	53	26	87	27	64	28	94	29	80	
	0	16	1	43	2	90	3	51	4	95	5	89	6	11	7	47	8	87	9	41	10	34	11	38	12	99	13	61	14	58	15	34	16	73	17	54	18	86	19	47	20	75	21	99	22	86	23	31	24	95	25	69	26	48	27	34	28	86	29	55	
	0	52	1	27	2	27	3	53	4	73	5	39	6	97	7	10	8	26	9	59	10	61	11	11	12	48	13	87	14	54	15	67	16	17	17	62	18	47	19	30	20	56	21	44	22	95	23	26	24	29	25	17	26	80	27	73	28	74	29	13	
	0	77	1	53	2	60	3	24	4	19	5	38	6	17	7	24	8	30	9	80	10	89	11	98	12	87	13	15	14	63	15	43	16	70	17	81	18	62	19	64	20	10	21	47	22	41	23	33	24	89	25	63	26	17	27	35	28	70	29	73	
	0	76	1	41	2	54	3	100	4	41	5	21	6	50	7	79	8	77	9	21	10	52	11	32	12	98	13	46	14	25	15	70	16	27	17	43	18	51	19	67	20	50	21	22	22	40	23	95	24	99	25	45	26	21	27	87	28	20	29	91	
	0	83	1	87	2	99	3	71	4	43	5	75	6	54	7	85	8	29	9	73	10	23	11	16	12	28	13	84	14	39	15	76	16	31	17	10	18	53	19	23	20	55	21	52	22	78	23	36	24	41	25	70	26	67	27	70	28	72	29	22	
	0	13	1	11	2	86	3	100	4	19	5	81	6	48	7	60	8	34	9	92	10	39	11	100	12	61	13	79	14	96	15	23	16	57	17	87	18	40	19	45	20	67	21	59	22	96	23	21	24	80	25	93	26	59	27	100	28	31	29	46	
	0	53	1	29	2	73	3	22	4	60	5	82	6	57	7	93	8	87	9	45	10	77	11	16	12	57	13	16	14	77	15	88	16	100	17	76	18	96	19	35	20	87	21	12	22	69	23	33	24	67	25	83	26	40	27	43	28	91	29	34	
	0	14	1	79	2	93	3	40	4	75	5	98	6	82	7	78	8	21	9	19	10	50	11	31	12	56	13	85	14	58	15	91	16	79	17	72	18	11	19	37	20	50	21	22	22	81	23	81	24	90	25	90	26	67	27	61	28	13	29	80	
	0	39	1	17	2	74	3	37	4	20	5	23	6	32	7	59	8	22	9	56	10	83	11	100	12	22	13	81	14	25	15	73	16	78	17	81	18	11	19	25	20	92	21	56	22	93	23	93	24	31	25	14	26	64	27	26	28	24	29	32	
	0	19	1	55	2	22	3	92	4	37	5	14	6	31	7	14	8	73	9	88	10	34	11	60	12	63	13	32	14	47	15	55	16	15	17	90	18	28	19	76	20	56	21	83	22	25	23	30	24	28	25	94	26	86	27	43	28	64	29	78	
	0	59	1	41	2	12	3	37	4	81	5	44	6	22	7	91	8	95	9	52	10	12	11	97	12	11	13	68	14	75	15	14	16	53	17	55	18	57	19	36	20	88	21	23	22	56	23	41	24	21	25	92	26	37	27	20	28	43	29	81	
	0	13	1	57	2	49	3	29	4	99	5	52	6	74	7	78	8	74	9	83	10	84	11	95	12	22	13	30	14	15	15	45	16	73	17	100	18	16	19	22	20	87	21	45	22	98	23	19	24	14	25	35	26	82	27	90	28	27	29	95	
	0	65	1	77	2	79	3	69	4	59	5	82	6	74	7	19	8	76	9	30	10	16	11	24	12	38	13	95	14	17	15	24	16	65	17	33	18	69	19	31	20	14	21	62	22	16	23	59	24	95	25	32	26	68	27	42	28	35	29	33	
	0	33	1	23	2	52	3	50	4	81	5	75	6	33	7	69	8	41	9	17	10	92	11	68	12	79	13	19	14	55	15	66	16	24	17	13	18	54	19	44	20	36	21	92	22	37	23	47	24	57	25	29	26	77	27	37	28	55	29	95	
	0	97	1	84	2	98	3	16	4	21	5	59	6	99	7	10	8	52	9	44	10	20	11	32	12	33	13	83	14	78	15	78	16	90	17	86	18	42	19	80	20	57	21	87	22	62	23	93	24	82	25	45	26	25	27	60	28	81	29	55	
	0	87	1	82	2	15	3	67	4	50	5	31	6	89	7	21	8	48	9	79	10	77	11	85	12	61	13	34	14	44	15	100	16	52	17	60	18	19	19	18	20	48	21	63	22	21	23	79	24	82	25	81	26	92	27	11	28	10	29	27	
	0	86	1	68	2	11	3	96	4	27	5	26	6	93	7	83	8	34	9	45	10	69	11	64	12	49	13	28	14	55	15	23	16	93	17	77	18	56	19	47	20	32	21	55	22	80	23	54	24	27	25	91	26	54	27	31	28	80	29	85	
	0	60	1	71	2	48	3	74	4	27	5	62	6	77	7	37	8	59	9	81	10	35	11	84	12	63	13	86	14	91	15	61	16	99	17	37	18	13	19	76	20	88	21	84	22	53	23	42	24	15	25	67	26	36	27	73	28	55	29	18	
	0	19	1	59	2	62	3	50	4	32	5	20	6	77	7	78	8	75	9	87	10	89	11	28	12	99	13	55	14	54	15	33	16	38	17	75	18	54	19	81	20	22	21	11	22	76	23	21	24	78	25	41	26	95	27	64	28	40	29	73	
	0	43	1	83	2	14	3	51	4	84	5	99	6	83	7	55	8	59	9	29	10	48	11	72	12	23	13	78	14	94	15	22	16	43	17	76	18	46	19	43	20	64	21	86	22	60	23	81	24	59	25	24	26	76	27	36	28	49	29	26	
	0	63	1	22	2	14	3	82	4	13	5	43	6	55	7	30	8	56	9	43	10	49	11	33	12	27	13	87	14	35	15	63	16	22	17	34	18	86	19	55	20	79	21	38	22	52	23	71	24	54	25	56	26	40	27	69	28	37	29	57	
	0	34	1	21	2	30	3	42	4	90	5	47	6	55	7	35	8	48	9	22	10	59	11	23	12	47	13	39	14	87	15	15	16	78	17	39	18	82	19	80	20	54	21	20	22	84	23	80	24	23	25	12	26	84	27	47	28	85	29	78	
	0	20	1	13	2	11	3	96	4	32	5	95	6	82	7	86	8	45	9	78	10	47	11	48	12	71	13	20	14	60	15	49	16	64	17	60	18	70	19	54	20	32	21	57	22	56	23	29	24	56	25	54	26	41	27	99	28	44	29	11	
	0	53	1	44	2	69	3	19	4	60	5	53	6	46	7	73	8	41	9	58	10	56	11	93	12	32	13	60	14	95	15	31	16	40	17	20	18	29	19	61	20	45	21	76	22	29	23	59	24	43	25	97	26	40	27	57	28	69	29	27	
	0	97	1	47	2	54	3	58	4	70	5	99	6	42	7	25	8	41	9	84	10	85	11	35	12	76	13	38	14	33	15	50	16	29	17	84	18	40	19	65	20	68	21	26	22	39	23	80	24	42	25	16	26	24	27	62	28	11	29	88	
	0	26	1	50	2	61	3	52	4	39	5	57	6	23	7	95	8	33	9	69	10	41	11	12	12	16	13	48	14	50	15	93	16	91	17	33	18	50	19	87	20	81	21	44	22	65	23	39	24	75	25	96	26	64	27	64	28	36	29	88	
	0	83	1	13	2	48	3	58	4	29	5	89	6	63	7	76	8	90	9	44	10	54	11	52	12	74	13	66	14	45	15	49	16	55	17	79	18	64	19	88	20	24	21	60	22	84	23	85	24	52	25	77	26	93	27	21	28	94	29	94	
	0	14	1	85	2	96	3	94	4	48	5	31	6	17	7	13	8	13	9	76	10	60	11	49	12	41	13	68	14	47	15	90	16	42	17	90	18	24	19	85	20	28	21	14	22	61	23	90	24	100	25	12	26	45	27	53	28	40	29	94	
	0	64	1	55	2	19	3	77	4	16	5	41	6	19	7	51	8	92	9	74	10	11	11	91	12	22	13	36	14	32	15	55	16	75	17	93	18	63	19	45	20	66	21	33	22	29	23	25	24	36	25	13	26	30	27	24	28	66	29	98	
	0	30	1	15	2	33	3	28	4	18	5	16	6	26	7	42	8	19	9	97	10	77	11	18	12	68	13	96	14	24	15	11	16	95	17	34	18	50	19	77	20	68	21	71	22	18	23	47	24	25	25	56	26	10	27	98	28	80	29	65	
	0	21	1	99	2	98	3	83	4	83	5	75	6	89	7	70	8	91	9	60	10	63	11	76	12	88	13	41	14	60	15	19	16	85	17	16	18	55	19	18	20	32	21	96	22	97	23	87	24	97	25	79	26	37	27	78	28	42	29	94	
	0	87	1	64	2	24	3	49	4	67	5	75	6	25	7	74	8	59	9	80	10	26	11	97	12	23	13	97	14	75	15	31	16	40	17	25	18	26	19	90	20	96	21	39	22	97	23	10	24	25	25	96	26	68	27	99	28	29	29	71	
	0	58	1	52	2	28	3	81	4	27	5	12	6	74	7	51	8	59	9	88	10	21	11	75	12	88	13	59	14	77	15	68	16	65	17	93	18	95	19	15	20	14	21	47	22	65	23	18	24	37	25	86	26	86	27	30	28	21	29	41	
	0	67	1	54	2	27	3	87	4	45	5	90	6	36	7	78	8	86	9	43	10	98	11	27	12	78	13	34	14	54	15	84	16	85	17	95	18	27	19	86	20	33	21	21	22	86	23	95	24	68	25	40	26	76	27	17	28	11	29	10	
	0	53	1	43	2	10	3	72	4	42	5	32	6	16	7	15	8	14	9	13	10	36	11	96	12	14	13	53	14	62	15	15	16	82	17	79	18	64	19	42	20	21	21	90	22	26	23	33	24	23	25	63	26	63	27	93	28	69	29	38	
	0	17	1	90	2	39	3	40	4	46	5	74	6	99	7	73	8	54	9	52	10	94	11	41	12	46	13	19	14	54	15	75	16	22	17	78	18	30	19	75	20	29	21	50	22	96	23	90	24	90	25	97	26	25	27	15	28	55	29	22	
	0	49	1	14	2	32	3	83	4	20	5	93	6	78	7	31	8	19	9	74	10	68	11	66	12	66	13	86	14	26	15	18	16	13	17	98	18	37	19	71	20	31	21	76	22	71	23	40	24	93	25	53	26	26	27	94	28	45	29	54	
	0	63	1	56	2	97	3	35	4	17	5	25	6	55	7	53	8	19	9	32	10	40	11	30	12	98	13	71	14	55	15	86	16	38	17	86	18	70	19	22	20	50	21	34	22	51	23	15	24	96	25	82	26	100	27	82	28	70	29	19	
	0	28	1	38	2	23	3	28	4	18	5	25	6	54	7	83	8	76	9	60	10	69	11	34	12	97	13	24	14	15	15	62	16	98	17	82	18	32	19	95	20	41	21	69	22	23	23	11	24	78	25	30	26	79	27	73	28	36	29	90	
	0	24	1	39	2	51	3	70	4	30	5	65	6	61	7	69	8	81	9	34	10	96	11	64	12	56	13	49	14	12	15	50	16	77	17	40	18	97	19	35	20	22	21	38	22	42	23	96	24	46	25	64	26	84	27	23	28	77	29	48	
	0	70	1	20	2	46	3	21	4	57	5	73	6	42	7	91	8	22	9	60	10	61	11	11	12	75	13	97	14	26	15	95	16	89	17	20	18	82	19	33	20	10	21	66	22	36	23	62	24	97	25	11	26	78	27	25	28	47	29	30	
	0	79	1	41	2	81	3	97	4	18	5	81	6	31	7	11	8	56	9	31	10	36	11	43	12	14	13	58	14	51	15	76	16	24	17	46	18	65	19	52	20	12	21	87	22	80	23	46	24	84	25	82	26	23	27	20	28	18	29	64	
	0	24	1	79	2	37	3	57	4	69	5	16	6	74	7	79	8	18	9	96	10	71	11	31	12	66	13	40	14	57	15	90	16	20	17	46	18	89	19	85	20	83	21	52	22	95	23	99	24	50	25	100	26	47	27	85	28	12	29	53	
	0	41	1	68	2	55	3	68	4	15	5	18	6	29	7	71	8	76	9	52	10	81	11	94	12	58	13	10	14	88	15	100	16	96	17	19	18	33	19	42	20	56	21	89	22	47	23	85	24	15	25	78	26	74	27	45	28	56	29	26	
	0	54	1	84	2	21	3	59	4	51	5	30	6	34	7	35	8	57	9	28	10	76	11	93	12	81	13	35	14	40	15	97	16	14	17	47	18	15	19	56	20	53	21	17	22	77	23	44	24	90	25	28	26	74	27	48	28	52	29	43	
	0	51	1	73	2	43	3	40	4	67	5	32	6	60	7	93	8	96	9	84	10	87	11	100	12	35	13	25	14	47	15	57	16	52	17	23	18	24	19	63	20	27	21	19	22	57	23	34	24	23	25	94	26	47	27	16	28	63	29	49	
	0	10	1	13	2	40	3	26	4	17	5	94	6	54	7	79	8	79	9	33	10	91	11	86	12	28	13	96	14	55	15	17	16	85	17	42	18	48	19	23	20	72	21	23	22	28	23	43	24	73	25	94	26	73	27	13	28	17	29	22	
	0	76	1	57	2	27	3	100	4	53	5	80	6	93	7	85	8	33	9	56	10	21	11	37	12	62	13	50	14	54	15	100	16	22	17	60	18	80	19	44	20	36	21	58	22	98	23	10	24	26	25	45	26	22	27	84	28	95	29	81	
	0	83	1	58	2	29	3	67	4	32	5	67	6	34	7	40	8	82	9	56	10	31	11	21	12	55	13	17	14	53	15	68	16	76	17	27	18	92	19	59	20	37	21	54	22	63	23	55	24	52	25	82	26	80	27	72	28	49	29	23	
	0	38	1	61	2	39	3	90	4	43	5	19	6	37	7	32	8	93	9	26	10	10	11	100	12	32	13	40	14	79	15	58	16	87	17	99	18	96	19	31	20	36	21	11	22	87	23	81	24	69	25	21	26	86	27	37	28	38	29	99	
	0	39	1	43	2	33	3	88	4	45	5	61	6	92	7	70	8	47	9	56	10	11	11	94	12	66	13	82	14	84	15	58	16	84	17	47	18	91	19	85	20	22	21	45	22	85	23	66	24	14	25	96	26	44	27	46	28	89	29	74	
	0	17	1	46	2	34	3	58	4	40	5	52	6	53	7	57	8	97	9	96	10	76	11	65	12	72	13	68	14	77	15	99	16	58	17	35	18	16	19	61	20	68	21	32	22	75	23	99	24	37	25	16	26	58	27	24	28	19	29	98	
	0	21	1	20	2	93	3	94	4	95	5	63	6	23	7	63	8	81	9	23	10	60	11	78	12	36	13	99	14	46	15	67	16	33	17	77	18	88	19	35	20	42	21	41	22	28	23	42	24	88	25	98	26	80	27	13	28	31	29	69	
	0	17	1	65	2	66	3	33	4	49	5	55	6	82	7	78	8	61	9	69	10	17	11	32	12	86	13	15	14	31	15	12	16	20	17	10	18	88	19	72	20	56	21	21	22	94	23	48	24	72	25	23	26	62	27	17	28	53	29	91	
	0	53	1	74	2	81	3	24	4	38	5	60	6	36	7	76	8	62	9	98	10	91	11	11	12	93	13	79	14	27	15	32	16	99	17	93	18	43	19	96	20	28	21	59	22	51	23	80	24	29	25	54	26	82	27	89	28	76	29	10	
	0	17	1	86	2	53	3	22	4	17	5	86	6	93	7	44	8	92	9	32	10	88	11	76	12	13	13	23	14	94	15	19	16	81	17	33	18	49	19	28	20	22	21	25	22	58	23	75	24	16	25	15	26	95	27	66	28	100	29	24	
	0	92	1	37	2	36	3	65	4	68	5	87	6	59	7	71	8	26	9	37	10	17	11	82	12	60	13	42	14	53	15	57	16	42	17	84	18	54	19	29	20	87	21	94	22	61	23	67	24	52	25	71	26	26	27	69	28	43	29	70	
	0	26	1	57	2	87	3	15	4	37	5	45	6	25	7	27	8	68	9	61	10	73	11	22	12	45	13	81	14	27	15	14	16	82	17	10	18	13	19	30	20	89	21	59	22	98	23	56	24	53	25	52	26	33	27	95	28	12	29	38	
	0	55	1	16	2	74	3	36	4	15	5	34	6	17	7	41	8	83	9	21	10	33	11	67	12	27	13	44	14	72	15	100	16	20	17	90	18	12	19	74	20	75	21	60	22	67	23	20	24	17	25	61	26	63	27	59	28	47	29	58	
	0	37	1	70	2	16	3	76	4	62	5	36	6	77	7	47	8	89	9	58	10	64	11	93	12	42	13	89	14	67	15	62	16	68	17	79	18	57	19	12	20	64	21	81	22	40	23	63	24	62	25	42	26	53	27	56	28	100	29	42	
	0	22	1	94	2	36	3	70	4	23	5	30	6	79	7	49	8	35	9	92	10	27	11	44	12	98	13	56	14	21	15	39	16	84	17	62	18	94	19	51	20	60	21	54	22	10	23	49	24	89	25	38	26	77	27	24	28	10	29	35	
	0	81	1	96	2	22	3	38	4	93	5	35	6	16	7	57	8	66	9	29	10	18	11	95	12	12	13	46	14	94	15	70	16	68	17	64	18	29	19	15	20	50	21	20	22	17	23	48	24	82	25	76	26	63	27	28	28	69	29	76	
	0	60	1	64	2	60	3	18	4	42	5	28	6	24	7	82	8	78	9	36	10	56	11	70	12	87	13	76	14	74	15	23	16	55	17	71	18	52	19	51	20	65	21	94	22	89	23	58	24	55	25	56	26	24	27	81	28	48	29	17	
	0	51	1	88	2	73	3	64	4	79	5	44	6	61	7	46	8	67	9	70	10	16	11	32	12	35	13	76	14	43	15	58	16	60	17	49	18	31	19	78	20	56	21	32	22	63	23	36	24	42	25	18	26	18	27	63	28	94	29	96	
	0	91	1	38	2	31	3	60	4	18	5	33	6	51	7	74	8	36	9	15	10	27	11	37	12	57	13	17	14	85	15	53	16	39	17	60	18	42	19	51	20	92	21	57	22	19	23	79	24	63	25	63	26	75	27	47	28	54	29	95	
	0	61	1	11	2	92	3	61	4	85	5	72	6	98	7	28	8	68	9	22	10	15	11	61	12	100	13	14	14	13	15	89	16	46	17	26	18	94	19	10	20	97	21	80	22	28	23	26	24	17	25	32	26	40	27	71	28	59	29	54	
	0	96	1	54	2	18	3	75	4	80	5	21	6	82	7	54	8	43	9	20	10	84	11	94	12	75	13	84	14	14	15	71	16	97	17	92	18	67	19	99	20	53	21	31	22	57	23	12	24	18	25	11	26	31	27	56	28	66	29	50	
	0	14	1	19	2	85	3	19	4	92	5	46	6	54	7	45	8	12	9	53	10	26	11	54	12	34	13	91	14	18	15	83	16	19	17	18	18	61	19	52	20	62	21	21	22	20	23	82	24	30	25	26	26	64	27	81	28	37	29	66	
	0	50	1	29	2	70	3	98	4	76	5	48	6	70	7	73	8	44	9	95	10	89	11	53	12	46	13	10	14	91	15	97	16	63	17	99	18	29	19	73	20	57	21	57	22	99	23	69	24	23	25	43	26	16	27	77	28	94	29	83	
	0	100	1	26	2	58	3	19	4	67	5	97	6	86	7	81	8	69	9	58	10	69	11	33	12	39	13	35	14	16	15	53	16	89	17	91	18	24	19	71	20	25	21	32	22	35	23	65	24	63	25	75	26	48	27	52	28	29	29	87	
	0	23	1	90	2	83	3	69	4	79	5	53	6	30	7	69	8	60	9	12	10	93	11	46	12	10	13	16	14	11	15	29	16	29	17	71	18	45	19	13	20	26	21	80	22	96	23	54	24	70	25	96	26	59	27	83	28	30	29	15	
	0	30	1	23	2	94	3	93	4	41	5	27	6	65	7	100	8	60	9	64	10	45	11	51	12	62	13	84	14	72	15	89	16	36	17	46	18	82	19	11	20	30	21	89	22	71	23	100	24	77	25	62	26	21	27	76	28	58	29	57	
	0	41	1	12	2	17	3	37	4	34	5	94	6	73	7	87	8	18	9	74	10	34	11	14	12	10	13	93	14	36	15	92	16	34	17	10	18	84	19	22	20	31	21	71	22	68	23	39	24	96	25	12	26	39	27	44	28	31	29	92	
	0	91	1	54	2	100	3	61	4	18	5	100	6	56	7	92	8	100	9	56	10	41	11	49	12	25	13	87	14	36	15	87	16	13	17	52	18	27	19	24	20	39	21	61	22	99	23	41	24	38	25	39	26	33	27	20	28	28	29	11	
	0	33	1	43	2	30	3	80	4	13	5	61	6	71	7	53	8	86	9	83	10	14	11	11	12	91	13	13	14	92	15	27	16	59	17	36	18	20	19	26	20	94	21	42	22	90	23	24	24	88	25	35	26	33	27	62	28	47	29	11	
	0	72	1	73	2	32	3	22	4	94	5	25	6	15	7	80	8	70	9	10	10	47	11	13	12	77	13	28	14	36	15	66	16	74	17	35	18	69	19	38	20	17	21	25	22	89	23	59	24	71	25	16	26	11	27	57	28	46	29	91	
	0	92	1	73	2	38	3	41	4	83	5	63	6	99	7	72	8	65	9	85	10	100	11	17	12	15	13	52	14	34	15	52	16	41	17	93	18	75	19	56	20	31	21	99	22	77	23	20	24	74	25	19	26	80	27	66	28	53	29	34	
	0	27	1	72	2	47	3	100	4	20	5	41	6	34	7	58	8	95	9	49	10	78	11	32	12	30	13	23	14	50	15	44	16	21	17	25	18	73	19	89	20	16	21	62	22	54	23	38	24	39	25	20	26	64	27	13	28	58	29	64	
	0	97	1	44	2	69	3	31	4	26	5	56	6	82	7	71	8	73	9	29	10	95	11	33	12	60	13	86	14	18	15	34	16	89	17	51	18	87	19	40	20	19	21	85	22	77	23	46	24	88	25	61	26	45	27	62	28	49	29	56	
	0	80	1	54	2	41	3	50	4	13	5	39	6	82	7	64	8	35	9	67	10	99	11	58	12	63	13	94	14	79	15	59	16	71	17	19	18	48	19	31	20	33	21	86	22	83	23	16	24	70	25	77	26	73	27	12	28	44	29	77	
	0	32	1	47	2	57	3	96	4	27	5	12	6	91	7	68	8	16	9	74	10	83	11	25	12	94	13	86	14	37	15	51	16	74	17	74	18	33	19	67	20	27	21	73	22	73	23	59	24	17	25	26	26	25	27	50	28	64	29	43	
	0	25	1	55	2	62	3	10	4	12	5	29	6	10	7	99	8	36	9	60	10	98	11	51	12	61	13	44	14	16	15	10	16	54	17	56	18	17	19	17	20	30	21	29	22	59	23	93	24	25	25	77	26	74	27	78	28	62	29	16	
	0	95	1	81	2	92	3	58	4	91	5	30	6	56	7	75	8	48	9	67	10	15	11	84	12	71	13	52	14	25	15	64	16	49	17	52	18	49	19	54	20	28	21	21	22	24	23	25	24	80	25	36	26	92	27	51	28	91	29	40	
	0	17	1	49	2	98	3	99	4	66	5	89	6	72	7	12	8	49	9	84	10	73	11	57	12	91	13	21	14	99	15	88	16	50	17	56	18	12	19	76	20	70	21	99	22	70	23	76	24	48	25	53	26	57	27	24	28	100	29	15	
	0	50	1	22	2	96	3	60	4	65	5	81	6	84	7	87	8	58	9	30	10	80	11	90	12	28	13	25	14	21	15	43	16	83	17	12	18	97	19	82	20	38	21	95	22	61	23	41	24	73	25	46	26	82	27	66	28	23	29	83	
	0	29	1	35	2	59	3	34	4	48	5	17	6	13	7	52	8	70	9	54	10	30	11	26	12	39	13	72	14	66	15	35	16	26	17	16	18	40	19	22	20	32	21	43	22	28	23	59	24	91	25	51	26	76	27	52	28	56	29	98	
	0	11	1	94	2	21	3	36	4	59	5	90	6	89	7	65	8	77	9	42	10	95	11	44	12	25	13	95	14	95	15	52	16	49	17	65	18	71	19	25	20	94	21	11	22	16	23	19	24	46	25	93	26	58	27	96	28	83	29	75	
	0	22	1	92	2	30	3	26	4	75	5	84	6	81	7	65	8	82	9	53	10	17	11	75	12	86	13	70	14	38	15	50	16	100	17	18	18	86	19	17	20	97	21	32	22	46	23	23	24	70	25	66	26	70	27	60	28	40	29	34	
	0	93	1	81	2	10	3	80	4	82	5	94	6	23	7	59	8	57	9	11	10	87	11	44	12	40	13	88	14	90	15	93	16	32	17	27	18	50	19	41	20	83	21	56	22	12	23	16	24	90	25	81	26	88	27	72	28	40	29	32	
	0	37	1	98	2	93	3	90	4	73	5	77	6	16	7	19	8	96	9	26	10	34	11	67	12	63	13	95	14	68	15	80	16	54	17	93	18	10	19	44	20	40	21	79	22	72	23	69	24	21	25	49	26	87	27	12	28	89	29	40	
	0	62	1	62	2	54	3	78	4	69	5	36	6	23	7	88	8	68	9	25	10	54	11	48	12	50	13	82	14	80	15	38	16	53	17	48	18	59	19	91	20	14	21	74	22	95	23	16	24	84	25	48	26	84	27	59	28	18	29	30	
	0	14	1	23	2	70	3	96	4	92	5	38	6	14	7	82	8	96	9	33	10	71	11	12	12	42	13	72	14	68	15	84	16	86	17	46	18	96	19	91	20	65	21	73	22	69	23	82	24	32	25	16	26	96	27	87	28	18	29	46	
	0	78	1	23	2	15	3	40	4	76	5	52	6	37	7	39	8	68	9	30	10	43	11	40	12	34	13	22	14	16	15	91	16	23	17	90	18	93	19	68	20	16	21	90	22	79	23	32	24	48	25	61	26	90	27	25	28	73	29	81	
	0	25	1	85	2	88	3	46	4	33	5	90	6	51	7	94	8	39	9	30	10	62	11	85	12	64	13	30	14	46	15	86	16	70	17	68	18	45	19	91	20	76	21	33	22	15	23	78	24	85	25	14	26	81	27	60	28	43	29	51	
	0	97	1	94	2	29	3	70	4	67	5	59	6	71	7	62	8	86	9	30	10	97	11	26	12	57	13	72	14	28	15	51	16	76	17	87	18	14	19	85	20	39	21	26	22	45	23	30	24	45	25	21	26	37	27	52	28	53	29	98	
	0	51	1	63	2	37	3	15	4	25	5	58	6	46	7	74	8	43	9	67	10	14	11	53	12	15	13	86	14	12	15	94	16	33	17	65	18	64	19	47	20	32	21	91	22	47	23	25	24	31	25	77	26	94	27	83	28	46	29	47	
	0	78	1	69	2	23	3	28	4	75	5	28	6	66	7	20	8	41	9	12	10	14	11	50	12	98	13	14	14	44	15	79	16	69	17	23	18	58	19	55	20	55	21	24	22	22	23	10	24	43	25	58	26	87	27	52	28	74	29	50	
	0	24	1	26	2	99	3	23	4	31	5	82	6	42	7	73	8	44	9	55	10	15	11	22	12	66	13	58	14	79	15	56	16	10	17	13	18	52	19	65	20	13	21	74	22	14	23	54	24	79	25	97	26	99	27	63	28	82	29	21	
	0	38	1	65	2	38	3	43	4	86	5	100	6	61	7	75	8	84	9	53	10	91	11	65	12	66	13	34	14	25	15	61	16	81	17	76	18	52	19	69	20	52	21	58	22	42	23	62	24	61	25	14	26	18	27	56	28	31	29	41	
	0	66	1	44	2	65	3	47	4	92	5	71	6	64	7	98	8	64	9	38	10	32	11	48	12	58	13	28	14	88	15	27	16	66	17	56	18	60	19	72	20	89	21	37	22	80	23	92	24	94	25	10	26	69	27	13	28	37	29	57	
	0	48	1	50	2	71	3	30	4	77	5	75	6	76	7	98	8	87	9	93	10	31	11	79	12	95	13	82	14	59	15	94	16	85	17	47	18	46	19	69	20	79	21	29	22	18	23	41	24	24	25	83	26	55	27	75	28	46	29	20	
	0	71	1	51	2	99	3	50	4	41	5	21	6	68	7	60	8	31	9	78	10	26	11	86	12	77	13	67	14	45	15	13	16	87	17	31	18	12	19	48	20	61	21	20	22	70	23	100	24	40	25	85	26	46	27	67	28	15	29	61	
	0	36	1	97	2	69	3	42	4	97	5	19	6	87	7	29	8	51	9	11	10	51	11	98	12	82	13	54	14	49	15	76	16	50	17	37	18	39	19	74	20	44	21	91	22	38	23	29	24	46	25	34	26	51	27	44	28	97	29	11	
	0	63	1	46	2	60	3	22	4	20	5	39	6	74	7	87	8	81	9	42	10	26	11	89	12	52	13	49	14	35	15	28	16	20	17	39	18	36	19	46	20	80	21	44	22	66	23	68	24	63	25	47	26	22	27	47	28	64	29	91	
	0	40	1	92	2	88	3	50	4	21	5	26	6	41	7	80	8	74	9	28	10	80	11	71	12	77	13	100	14	63	15	69	16	31	17	24	18	22	19	21	20	96	21	82	22	73	23	85	24	53	25	56	26	58	27	52	28	10	29	48	
	0	100	1	70	2	56	3	21	4	75	5	28	6	74	7	46	8	93	9	75	10	26	11	15	12	97	13	78	14	44	15	17	16	25	17	14	18	98	19	12	20	26	21	70	22	47	23	12	24	63	25	36	26	76	27	81	28	65	29	67	
	0	80	1	54	2	50	3	34	4	69	5	14	6	95	7	98	8	38	9	16	10	72	11	55	12	84	13	17	14	93	15	25	16	95	17	39	18	61	19	79	20	97	21	17	22	55	23	72	24	52	25	67	26	50	27	13	28	60	29	97	
	0	91	1	98	2	72	3	34	4	29	5	90	6	81	7	26	8	49	9	41	10	63	11	68	12	31	13	33	14	54	15	40	16	54	17	59	18	90	19	100	20	21	21	31	22	49	23	25	24	60	25	81	26	98	27	17	28	67	29	100	
	0	32	1	10	2	29	3	12	4	26	5	83	6	87	7	19	8	94	9	34	10	58	11	81	12	62	13	96	14	85	15	75	16	58	17	52	18	47	19	36	20	91	21	16	22	74	23	12	24	18	25	42	26	65	27	69	28	67	29	43	
	0	91	1	78	2	23	3	86	4	61	5	69	6	52	7	49	8	54	9	58	10	15	11	34	12	73	13	51	14	58	15	86	16	65	17	24	18	62	19	75	20	82	21	31	22	41	23	85	24	21	25	99	26	20	27	69	28	74	29	31	
	0	87	1	15	2	36	3	51	4	63	5	50	6	26	7	12	8	24	9	85	10	60	11	88	12	46	13	97	14	82	15	43	16	53	17	96	18	41	19	41	20	37	21	70	22	19	23	45	24	89	25	80	26	42	27	66	28	67	29	81	
	0	39	1	42	2	98	3	45	4	10	5	34	6	13	7	47	8	36	9	76	10	86	11	59	12	66	13	27	14	72	15	37	16	37	17	92	18	70	19	89	20	60	21	58	22	82	23	46	24	23	25	11	26	84	27	80	28	26	29	36	
	0	42	1	61	2	73	3	11	4	95	5	99	6	69	7	32	8	54	9	26	10	94	11	42	12	91	13	29	14	16	15	83	16	35	17	28	18	29	19	70	20	12	21	18	22	30	23	92	24	55	25	35	26	94	27	77	28	87	29	76	
	0	33	1	78	2	91	3	32	4	14	5	81	6	87	7	88	8	38	9	19	10	100	11	26	12	28	13	10	14	94	15	48	16	40	17	21	18	97	19	24	20	24	21	25	22	65	23	29	24	39	25	65	26	79	27	86	28	97	29	94	
	0	96	1	40	2	50	3	94	4	18	5	31	6	46	7	89	8	60	9	17	10	81	11	45	12	69	13	82	14	35	15	37	16	88	17	12	18	29	19	60	20	32	21	91	22	71	23	16	24	38	25	38	26	50	27	94	28	100	29	76	
	0	67	1	93	2	48	3	28	4	36	5	13	6	99	7	40	8	70	9	16	10	79	11	31	12	33	13	90	14	13	15	22	16	84	17	22	18	20	19	35	20	77	21	47	22	61	23	78	24	34	25	51	26	58	27	66	28	56	29	52	
	0	39	1	47	2	81	3	68	4	36	5	64	6	56	7	25	8	82	9	82	10	33	11	64	12	83	13	41	14	80	15	52	16	75	17	76	18	83	19	44	20	38	21	58	22	51	23	10	24	70	25	78	26	48	27	91	28	81	29	50	
	0	63	1	42	2	32	3	52	4	13	5	72	6	38	7	60	8	74	9	82	10	85	11	69	12	56	13	97	14	14	15	92	16	88	17	29	18	38	19	43	20	61	21	27	22	64	23	36	24	19	25	85	26	65	27	51	28	15	29	52	
	0	77	1	67	2	19	3	22	4	84	5	87	6	86	7	36	8	25	9	93	10	83	11	91	12	31	13	96	14	35	15	29	16	100	17	71	18	27	19	68	20	92	21	27	22	44	23	84	24	31	25	21	26	45	27	24	28	43	29	27	
	0	91	1	11	2	60	3	74	4	51	5	24	6	98	7	81	8	19	9	53	10	12	11	30	12	77	13	91	14	48	15	78	16	17	17	63	18	91	19	65	20	67	21	93	22	49	23	54	24	97	25	67	26	30	27	39	28	46	29	76	
	0	76	1	85	2	66	3	14	4	71	5	94	6	68	7	70	8	91	9	27	10	23	11	62	12	60	13	51	14	16	15	62	16	76	17	20	18	56	19	13	20	37	21	22	22	18	23	32	24	22	25	13	26	69	27	45	28	79	29	78	
	0	99	1	84	2	75	3	96	4	32	5	37	6	87	7	47	8	96	9	22	10	33	11	24	12	89	13	65	14	71	15	58	16	13	17	27	18	83	19	15	20	82	21	71	22	18	23	46	24	25	25	88	26	82	27	23	28	37	29	47	
	0	80	1	93	2	14	3	63	4	30	5	13	6	49	7	88	8	26	9	32	10	24	11	22	12	87	13	39	14	98	15	33	16	44	17	98	18	27	19	57	20	30	21	63	22	98	23	56	24	61	25	32	26	48	27	16	28	63	29	18	
	0	52	1	81	2	88	3	31	4	91	5	90	6	82	7	78	8	79	9	77	10	96	11	95	12	34	13	28	14	25	15	20	16	46	17	66	18	86	19	39	20	47	21	68	22	93	23	49	24	27	25	44	26	43	27	42	28	41	29	30	
	0	37	1	17	2	50	3	46	4	95	5	79	6	76	7	66	8	34	9	86	10	15	11	41	12	25	13	42	14	27	15	40	16	100	17	27	18	62	19	62	20	36	21	66	22	59	23	95	24	32	25	43	26	29	27	93	28	96	29	92	
	0	50	1	36	2	69	3	69	4	99	5	36	6	30	7	77	8	15	9	93	10	90	11	76	12	26	13	37	14	61	15	98	16	67	17	65	18	13	19	58	20	34	21	26	22	48	23	76	24	93	25	50	26	36	27	38	28	78	29	28	
	0	14	1	85	2	21	3	80	4	58	5	98	6	51	7	27	8	85	9	80	10	61	11	78	12	40	13	68	14	22	15	37	16	50	17	84	18	51	19	46	20	71	21	92	22	35	23	70	24	41	25	95	26	30	27	70	28	49	29	24	
	0	99	1	15	2	53	3	97	4	14	5	11	6	17	7	82	8	96	9	42	10	13	11	99	12	56	13	62	14	45	15	21	16	65	17	73	18	54	19	76	20	64	21	69	22	17	23	79	24	59	25	64	26	40	27	16	28	13	29	36	
	0	16	1	79	2	46	3	77	4	37	5	66	6	47	7	12	8	45	9	87	10	20	11	50	12	39	13	15	14	94	15	30	16	94	17	16	18	11	19	76	20	69	21	51	22	84	23	62	24	21	25	84	26	87	27	88	28	81	29	32	
	0	85	1	63	2	70	3	96	4	28	5	60	6	35	7	68	8	41	9	42	10	45	11	66	12	81	13	16	14	45	15	35	16	51	17	52	18	63	19	54	20	27	21	31	22	48	23	96	24	90	25	41	26	45	27	64	28	66	29	21	
	0	65	1	76	2	15	3	59	4	96	5	10	6	36	7	53	8	16	9	84	10	68	11	69	12	61	13	25	14	92	15	44	16	87	17	61	18	89	19	29	20	91	21	18	22	31	23	93	24	98	25	31	26	23	27	46	28	80	29	92	
	0	28	1	45	2	53	3	64	4	100	5	47	6	12	7	40	8	63	9	47	10	71	11	72	12	11	13	33	14	90	15	40	16	55	17	18	18	96	19	60	20	64	21	90	22	91	23	75	24	20	25	69	26	82	27	24	28	60	29	45	
	0	53	1	45	2	38	3	31	4	54	5	25	6	100	7	31	8	35	9	31	10	95	11	71	12	11	13	85	14	56	15	74	16	71	17	56	18	28	19	14	20	26	21	100	22	33	23	41	24	51	25	20	26	35	27	25	28	44	29	46	
	0	31	1	22	2	33	3	64	4	86	5	29	6	81	7	88	8	90	9	83	10	16	11	61	12	78	13	17	14	63	15	45	16	28	17	90	18	30	19	71	20	39	21	52	22	15	23	43	24	56	25	98	26	73	27	48	28	100	29	88	
	0	33	1	48	2	45	3	64	4	63	5	89	6	79	7	34	8	82	9	91	10	28	11	77	12	61	13	80	14	36	15	82	16	59	17	15	18	69	19	81	20	50	21	85	22	48	23	35	24	30	25	73	26	16	27	86	28	66	29	24	
	0	22	1	12	2	91	3	37	4	13	5	51	6	81	7	47	8	20	9	47	10	87	11	94	12	46	13	51	14	37	15	73	16	90	17	75	18	85	19	18	20	27	21	17	22	90	23	39	24	18	25	22	26	21	27	78	28	50	29	92	
	0	18	1	76	2	92	3	18	4	100	5	72	6	61	7	75	8	56	9	21	10	10	11	73	12	16	13	59	14	88	15	49	16	86	17	96	18	89	19	62	20	76	21	42	22	88	23	32	24	72	25	81	26	62	27	38	28	86	29	67	
	0	66	1	52	2	56	3	69	4	21	5	92	6	33	7	11	8	96	9	81	10	67	11	19	12	49	13	72	14	34	15	97	16	12	17	78	18	33	19	17	20	95	21	79	22	68	23	93	24	30	25	61	26	54	27	73	28	29	29	58	
	0	26	1	64	2	50	3	30	4	90	5	71	6	75	7	18	8	56	9	65	10	89	11	12	12	27	13	99	14	85	15	76	16	20	17	24	18	69	19	21	20	11	21	74	22	33	23	90	24	24	25	94	26	90	27	46	28	53	29	42	
	0	100	1	62	2	74	3	93	4	67	5	14	6	17	7	64	8	47	9	76	10	73	11	84	12	84	13	18	14	31	15	48	16	65	17	39	18	10	19	72	20	74	21	91	22	25	23	26	24	33	25	27	26	94	27	74	28	27	29	48	
	0	20	1	64	2	40	3	27	4	85	5	81	6	12	7	91	8	59	9	14	10	36	11	11	12	35	13	49	14	62	15	27	16	33	17	69	18	85	19	90	20	27	21	34	22	80	23	63	24	32	25	86	26	37	27	76	28	94	29	11	
	0	92	1	43	2	62	3	48	4	87	5	86	6	41	7	81	8	35	9	92	10	44	11	43	12	74	13	62	14	64	15	10	16	98	17	77	18	45	19	20	20	97	21	74	22	94	23	55	24	97	25	73	26	95	27	48	28	69	29	71	
	0	68	1	58	2	49	3	97	4	39	5	21	6	80	7	33	8	70	9	86	10	81	11	77	12	95	13	54	14	64	15	62	16	10	17	90	18	70	19	96	20	40	21	100	22	21	23	19	24	90	25	40	26	54	27	52	28	75	29	33	
	0	63	1	12	2	73	3	33	4	78	5	74	6	92	7	52	8	70	9	78	10	82	11	60	12	48	13	29	14	53	15	62	16	73	17	23	18	13	19	100	20	13	21	74	22	68	23	10	24	26	25	85	26	95	27	37	28	94	29	84	
	0	36	1	54	2	16	3	29	4	22	5	38	6	55	7	32	8	30	9	49	10	38	11	58	12	19	13	27	14	46	15	96	16	49	17	14	18	16	19	57	20	24	21	64	22	48	23	97	24	31	25	57	26	63	27	82	28	81	29	42	
	0	12	1	59	2	22	3	22	4	20	5	50	6	89	7	29	8	42	9	21	10	55	11	38	12	45	13	29	14	96	15	18	16	53	17	66	18	19	19	15	20	47	21	92	22	83	23	68	24	18	25	49	26	62	27	39	28	89	29	21	
	0	75	1	54	2	74	3	11	4	30	5	45	6	70	7	49	8	33	9	45	10	67	11	38	12	60	13	56	14	61	15	56	16	25	17	54	18	37	19	37	20	53	21	97	22	29	23	75	24	99	25	68	26	32	27	36	28	31	29	75	
	0	100	1	32	2	31	3	92	4	71	5	41	6	84	7	75	8	13	9	95	10	68	11	76	12	51	13	15	14	48	15	71	16	64	17	34	18	99	19	58	20	85	21	69	22	35	23	97	24	79	25	92	26	37	27	38	28	85	29	90	
	0	89	1	32	2	68	3	30	4	62	5	55	6	98	7	38	8	33	9	11	10	92	11	65	12	45	13	31	14	34	15	29	16	87	17	87	18	84	19	28	20	80	21	83	22	30	23	58	24	62	25	19	26	16	27	28	28	89	29	55	
	0	83	1	11	2	20	3	43	4	44	5	46	6	98	7	38	8	45	9	91	10	66	11	23	12	55	13	71	14	15	15	33	16	53	17	59	18	54	19	13	20	70	21	93	22	91	23	65	24	44	25	66	26	82	27	14	28	86	29	44	
	0	98	1	64	2	98	3	57	4	99	5	95	6	85	7	23	8	58	9	91	10	27	11	42	12	29	13	48	14	94	15	14	16	13	17	11	18	24	19	31	20	31	21	44	22	77	23	76	24	62	25	33	26	80	27	65	28	14	29	38	
	0	40	1	37	2	21	3	18	4	50	5	11	6	22	7	39	8	54	9	21	10	74	11	36	12	75	13	84	14	49	15	55	16	46	17	89	18	53	19	78	20	32	21	22	22	87	23	89	24	39	25	26	26	58	27	15	28	99	29	28	
	0	64	1	74	2	94	3	88	4	74	5	98	6	94	7	88	8	84	9	27	10	73	11	91	12	45	13	61	14	53	15	71	16	44	17	81	18	66	19	82	20	28	21	78	22	33	23	63	24	18	25	44	26	18	27	61	28	12	29	52	
	0	84	1	54	2	53	3	58	4	37	5	59	6	84	7	68	8	67	9	45	10	48	11	100	12	86	13	76	14	92	15	44	16	40	17	98	18	97	19	29	20	66	21	62	22	85	23	28	24	22	25	64	26	45	27	84	28	67	29	63	
	0	64	1	91	2	85	3	98	4	59	5	73	6	95	7	40	8	88	9	80	10	95	11	19	12	40	13	62	14	39	15	29	16	63	17	65	18	82	19	53	20	97	21	46	22	47	23	83	24	49	25	92	26	15	27	87	28	78	29	89	
	0	38	1	81	2	41	3	37	4	63	5	48	6	19	7	60	8	89	9	26	10	63	11	63	12	64	13	71	14	100	15	47	16	33	17	57	18	90	19	72	20	95	21	22	22	33	23	44	24	44	25	54	26	44	27	86	28	28	29	26	
	0	16	1	67	2	15	3	18	4	97	5	88	6	35	7	89	8	18	9	78	10	30	11	44	12	71	13	21	14	82	15	52	16	76	17	44	18	89	19	85	20	24	21	80	22	73	23	40	24	57	25	28	26	34	27	28	28	39	29	42	
	0	50	1	71	2	70	3	42	4	66	5	99	6	23	7	86	8	66	9	32	10	34	11	24	12	84	13	76	14	21	15	59	16	81	17	92	18	18	19	61	20	12	21	63	22	29	23	48	24	63	25	32	26	92	27	68	28	33	29	44	
	0	29	1	32	2	20	3	81	4	81	5	49	6	89	7	40	8	59	9	31	10	42	11	57	12	24	13	96	14	67	15	89	16	27	17	75	18	78	19	69	20	96	21	85	22	100	23	38	24	33	25	81	26	79	27	46	28	45	29	42	
	0	47	1	12	2	32	3	68	4	16	5	90	6	43	7	11	8	82	9	90	10	100	11	26	12	34	13	100	14	33	15	75	16	89	17	28	18	81	19	43	20	38	21	15	22	13	23	83	24	60	25	92	26	64	27	94	28	74	29	10	
	0	83	1	14	2	31	3	62	4	78	5	26	6	50	7	23	8	27	9	27	10	43	11	29	12	63	13	28	14	95	15	42	16	54	17	65	18	44	19	86	20	68	21	39	22	68	23	57	24	60	25	26	26	94	27	34	28	50	29	46	
	0	19	1	96	2	26	3	62	4	78	5	48	6	76	7	28	8	23	9	86	10	100	11	78	12	69	13	19	14	27	15	46	16	49	17	49	18	30	19	85	20	77	21	80	22	59	23	80	24	94	25	78	26	41	27	18	28	69	29	10	
	0	61	1	41	2	12	3	90	4	67	5	86	6	20	7	68	8	93	9	66	10	75	11	39	12	73	13	48	14	10	15	68	16	12	17	73	18	57	19	43	20	69	21	68	22	58	23	62	24	82	25	76	26	61	27	87	28	73	29	10	
	0	16	1	32	2	72	3	64	4	55	5	46	6	87	7	45	8	61	9	17	10	80	11	99	12	78	13	73	14	38	15	38	16	55	17	90	18	18	19	25	20	73	21	68	22	29	23	69	24	85	25	73	26	12	27	92	28	67	29	77	
	0	86	1	16	2	63	3	25	4	62	5	55	6	82	7	40	8	62	9	57	10	86	11	79	12	96	13	72	14	74	15	21	16	63	17	100	18	80	19	52	20	64	21	77	22	70	23	89	24	19	25	34	26	92	27	91	28	19	29	61	
	0	57	1	90	2	10	3	25	4	10	5	87	6	62	7	13	8	79	9	20	10	26	11	92	12	50	13	33	14	50	15	40	16	30	17	32	18	41	19	85	20	89	21	61	22	92	23	28	24	62	25	66	26	91	27	28	28	25	29	86	
	0	13	1	85	2	32	3	28	4	51	5	12	6	45	7	99	8	20	9	22	10	100	11	98	12	13	13	31	14	89	15	47	16	95	17	46	18	55	19	43	20	92	21	78	22	10	23	15	24	84	25	78	26	35	27	86	28	48	29	37	
	0	61	1	93	2	17	3	71	4	92	5	28	6	57	7	16	8	15	9	22	10	11	11	92	12	30	13	69	14	95	15	87	16	99	17	41	18	39	19	57	20	18	21	52	22	20	23	68	24	42	25	99	26	15	27	50	28	28	29	40	
	0	57	1	99	2	37	3	59	4	58	5	15	6	47	7	90	8	72	9	72	10	95	11	17	12	49	13	29	14	21	15	52	16	59	17	62	18	31	19	38	20	83	21	90	22	68	23	40	24	91	25	45	26	17	27	99	28	52	29	81	
	0	51	1	80	2	77	3	99	4	48	5	84	6	84	7	57	8	61	9	62	10	22	11	14	12	42	13	87	14	92	15	99	16	21	17	97	18	85	19	26	20	38	21	53	22	25	23	60	24	69	25	52	26	22	27	40	28	100	29	17	
	0	92	1	47	2	85	3	20	4	64	5	85	6	67	7	71	8	21	9	76	10	30	11	32	12	85	13	65	14	96	15	60	16	58	17	38	18	75	19	59	20	35	21	39	22	13	23	18	24	47	25	100	26	71	27	62	28	38	29	11	
	0	86	1	89	2	97	3	60	4	97	5	12	6	89	7	54	8	15	9	15	10	49	11	48	12	69	13	42	14	73	15	46	16	46	17	93	18	81	19	80	20	89	21	60	22	40	23	51	24	87	25	16	26	22	27	39	28	33	29	98	
	0	19	1	88	2	84	3	45	4	10	5	45	6	48	7	95	8	89	9	47	10	86	11	74	12	89	13	43	14	55	15	87	16	85	17	40	18	30	19	46	20	17	21	30	22	25	23	74	24	19	25	29	26	100	27	97	28	57	29	36	
	0	13	1	53	2	34	3	32	4	13	5	62	6	21	7	94	8	77	9	55	10	30	11	24	12	32	13	95	14	86	15	66	16	56	17	47	18	68	19	64	20	48	21	96	22	27	23	19	24	22	25	33	26	11	27	59	28	60	29	29	
	0	90	1	48	2	12	3	93	4	89	5	69	6	77	7	40	8	74	9	99	10	68	11	69	12	97	13	41	14	97	15	78	16	15	17	35	18	100	19	72	20	78	21	76	22	91	23	16	24	83	25	81	26	98	27	73	28	32	29	51	
	0	12	1	57	2	67	3	57	4	70	5	39	6	45	7	42	8	96	9	47	10	12	11	58	12	85	13	70	14	31	15	54	16	66	17	71	18	28	19	53	20	80	21	27	22	31	23	90	24	20	25	86	26	98	27	43	28	57	29	81	
	0	86	1	52	2	24	3	72	4	71	5	22	6	44	7	13	8	26	9	36	10	99	11	85	12	42	13	62	14	45	15	56	16	83	17	89	18	14	19	73	20	96	21	39	22	90	23	82	24	91	25	21	26	29	27	80	28	44	29	16	
	0	91	1	12	2	42	3	19	4	21	5	92	6	62	7	38	8	99	9	100	10	77	11	13	12	28	13	19	14	15	15	35	16	15	17	65	18	96	19	43	20	38	21	10	22	94	23	85	24	20	25	64	26	23	27	82	28	33	29	67	
	0	47	1	33	2	86	3	67	4	77	5	86	6	55	7	65	8	72	9	78	10	85	11	100	12	49	13	92	14	68	15	89	16	77	17	40	18	87	19	32	20	12	21	29	22	78	23	59	24	33	25	43	26	94	27	74	28	52	29	27	
	0	45	1	76	2	53	3	88	4	30	5	86	6	59	7	56	8	50	9	53	10	30	11	75	12	70	13	18	14	60	15	30	16	55	17	61	18	72	19	73	20	89	21	35	22	84	23	72	24	42	25	33	26	47	27	51	28	20	29	77	
	0	96	1	78	2	77	3	23	4	82	5	44	6	90	7	87	8	38	9	65	10	57	11	14	12	87	13	35	14	72	15	50	16	35	17	92	18	39	19	88	20	87	21	32	22	42	23	12	24	88	25	21	26	44	27	52	28	12	29	18	
	0	52	1	11	2	56	3	15	4	12	5	83	6	41	7	77	8	94	9	94	10	90	11	10	12	64	13	93	14	22	15	15	16	86	17	64	18	77	19	46	20	82	21	48	22	85	23	40	24	65	25	39	26	41	27	11	28	12	29	82	
	0	97	1	43	2	70	3	56	4	26	5	63	6	87	7	79	8	67	9	79	10	78	11	73	12	66	13	24	14	14	15	73	16	44	17	85	18	40	19	90	20	13	21	39	22	55	23	30	24	43	25	78	26	93	27	35	28	64	29	49	
	0	51	1	66	2	38	3	92	4	66	5	16	6	94	7	98	8	81	9	51	10	12	11	56	12	43	13	70	14	44	15	81	16	58	17	44	18	66	19	42	20	66	21	70	22	68	23	54	24	91	25	86	26	76	27	31	28	41	29	81	
	0	24	1	57	2	14	3	66	4	88	5	21	6	98	7	84	8	99	9	48	10	92	11	99	12	59	13	89	14	97	15	19	16	28	17	64	18	72	19	64	20	76	21	52	22	95	23	83	24	90	25	49	26	53	27	75	28	98	29	58	
	0	60	1	29	2	15	3	67	4	56	5	94	6	81	7	76	8	32	9	48	10	37	11	28	12	71	13	64	14	42	15	95	16	23	17	77	18	27	19	12	20	56	21	52	22	68	23	29	24	82	25	58	26	26	27	35	28	98	29	33	
	0	64	1	65	2	36	3	63	4	11	5	42	6	39	7	91	8	41	9	54	10	46	11	72	12	86	13	87	14	59	15	86	16	98	17	71	18	12	19	47	20	84	21	78	22	22	23	22	24	95	25	32	26	61	27	28	28	92	29	63	
	0	73	1	76	2	74	3	49	4	11	5	71	6	91	7	20	8	28	9	59	10	11	11	96	12	29	13	35	14	59	15	99	16	57	17	97	18	76	19	86	20	79	21	62	22	88	23	24	24	87	25	77	26	67	27	69	28	46	29	73	
	0	35	1	30	2	44	3	69	4	60	5	81	6	41	7	69	8	75	9	85	10	35	11	29	12	66	13	12	14	32	15	27	16	39	17	58	18	90	19	33	20	63	21	21	22	95	23	60	24	54	25	76	26	25	27	85	28	74	29	12	
	0	57	1	37	2	64	3	94	4	73	5	69	6	62	7	78	8	23	9	75	10	30	11	20	12	23	13	47	14	36	15	17	16	52	17	14	18	40	19	53	20	90	21	64	22	63	23	32	24	70	25	61	26	91	27	33	28	50	29	27	
	0	33	1	49	2	29	3	90	4	27	5	74	6	20	7	78	8	15	9	32	10	28	11	28	12	52	13	98	14	99	15	20	16	54	17	81	18	31	19	12	20	58	21	72	22	95	23	92	24	52	25	92	26	84	27	32	28	24	29	11	
	0	49	1	34	2	54	3	24	4	94	5	94	6	13	7	98	8	12	9	75	10	13	11	27	12	35	13	54	14	97	15	83	16	58	17	42	18	43	19	22	20	64	21	67	22	30	23	50	24	85	25	91	26	53	27	72	28	57	29	67	
	0	44	1	62	2	97	3	79	4	38	5	44	6	97	7	40	8	97	9	11	10	62	11	54	12	91	13	86	14	82	15	81	16	13	17	61	18	30	19	62	20	87	21	56	22	48	23	82	24	21	25	100	26	66	27	10	28	46	29	56	
	0	12	1	44	2	74	3	26	4	96	5	80	6	49	7	28	8	14	9	92	10	13	11	95	12	69	13	30	14	18	15	25	16	26	17	43	18	79	19	41	20	91	21	99	22	50	23	18	24	82	25	20	26	20	27	20	28	44	29	91	
	0	48	1	15	2	39	3	54	4	81	5	17	6	73	7	47	8	68	9	50	10	34	11	52	12	51	13	18	14	71	15	31	16	19	17	20	18	16	19	51	20	49	21	44	22	28	23	68	24	21	25	24	26	80	27	28	28	73	29	27	
	0	22	1	65	2	12	3	84	4	13	5	47	6	13	7	47	8	100	9	13	10	77	11	77	12	74	13	10	14	35	15	35	16	63	17	58	18	51	19	30	20	74	21	34	22	73	23	33	24	46	25	90	26	30	27	36	28	24	29	42	
	0	41	1	43	2	78	3	37	4	76	5	89	6	59	7	97	8	50	9	55	10	34	11	55	12	39	13	71	14	89	15	30	16	60	17	23	18	18	19	38	20	72	21	32	22	45	23	82	24	28	25	60	26	87	27	32	28	98	29	29	
	0	60	1	57	2	34	3	49	4	48	5	65	6	99	7	66	8	42	9	68	10	100	11	98	12	93	13	73	14	84	15	24	16	77	17	26	18	22	19	80	20	27	21	61	22	23	23	40	24	29	25	47	26	36	27	12	28	40	29	96	
	0	99	1	87	2	19	3	44	4	50	5	16	6	23	7	78	8	50	9	98	10	42	11	95	12	81	13	33	14	95	15	80	16	32	17	13	18	50	19	39	20	37	21	26	22	71	23	73	24	30	25	13	26	43	27	18	28	98	29	56	
	0	99	1	92	2	85	3	58	4	13	5	85	6	59	7	82	8	31	9	95	10	21	11	27	12	22	13	66	14	99	15	30	16	39	17	88	18	84	19	28	20	55	21	27	22	90	23	83	24	15	25	16	26	66	27	61	28	96	29	56	
	0	31	1	41	2	55	3	11	4	51	5	56	6	81	7	32	8	53	9	44	10	68	11	56	12	30	13	53	14	52	15	62	16	87	17	42	18	17	19	67	20	47	21	34	22	10	23	88	24	37	25	35	26	69	27	91	28	17	29	28	
	0	80	1	19	2	30	3	13	4	47	5	70	6	59	7	19	8	62	9	99	10	99	11	12	12	25	13	75	14	52	15	57	16	64	17	100	18	76	19	58	20	61	21	100	22	93	23	84	24	63	25	29	26	16	27	93	28	38	29	53	
	0	26	1	48	2	47	3	57	4	10	5	100	6	94	7	95	8	92	9	83	10	11	11	96	12	77	13	59	14	93	15	33	16	76	17	66	18	35	19	95	20	90	21	43	22	93	23	28	24	68	25	23	26	59	27	11	28	13	29	11	
	0	39	1	89	2	59	3	30	4	20	5	96	6	81	7	56	8	39	9	72	10	44	11	33	12	86	13	13	14	93	15	13	16	61	17	55	18	45	19	69	20	54	21	90	22	18	23	34	24	31	25	60	26	49	27	67	28	93	29	98	
	0	45	1	53	2	40	3	68	4	88	5	27	6	22	7	85	8	14	9	11	10	17	11	28	12	71	13	26	14	44	15	11	16	88	17	99	18	47	19	88	20	60	21	31	22	29	23	95	24	65	25	74	26	76	27	60	28	26	29	95	
	0	95	1	11	2	30	3	33	4	36	5	74	6	72	7	21	8	95	9	73	10	73	11	31	12	56	13	88	14	84	15	18	16	96	17	100	18	16	19	98	20	88	21	60	22	96	23	59	24	37	25	53	26	14	27	82	28	30	29	19	
	0	19	1	38	2	36	3	75	4	62	5	42	6	94	7	60	8	37	9	62	10	63	11	25	12	30	13	36	14	85	15	60	16	56	17	67	18	72	19	34	20	50	21	75	22	10	23	69	24	26	25	100	26	39	27	14	28	25	29	54	
	0	54	1	10	2	30	3	55	4	50	5	76	6	73	7	72	8	75	9	62	10	84	11	18	12	30	13	35	14	43	15	86	16	36	17	25	18	83	19	25	20	29	21	59	22	32	23	87	24	10	25	83	26	82	27	23	28	78	29	62	
	0	30	1	74	2	45	3	98	4	42	5	91	6	66	7	83	8	80	9	60	10	84	11	34	12	40	13	100	14	41	15	19	16	85	17	48	18	35	19	27	20	90	21	84	22	55	23	21	24	43	25	61	26	66	27	23	28	97	29	50	
	0	61	1	42	2	86	3	31	4	99	5	87	6	39	7	82	8	91	9	37	10	21	11	69	12	74	13	69	14	37	15	35	16	96	17	90	18	79	19	53	20	44	21	42	22	67	23	54	24	98	25	47	26	24	27	73	28	89	29	10	
	0	56	1	80	2	73	3	43	4	46	5	99	6	44	7	26	8	37	9	15	10	73	11	22	12	55	13	37	14	70	15	15	16	29	17	89	18	94	19	50	20	86	21	45	22	98	23	96	24	62	25	91	26	25	27	93	28	27	29	38	
	0	10	1	45	2	81	3	26	4	41	5	100	6	52	7	96	8	20	9	51	10	25	11	82	12	35	13	56	14	70	15	30	16	78	17	38	18	69	19	43	20	74	21	28	22	36	23	70	24	39	25	75	26	60	27	66	28	35	29	60	
	0	93	1	58	2	10	3	98	4	74	5	65	6	27	7	92	8	38	9	20	10	68	11	98	12	67	13	81	14	49	15	77	16	97	17	30	18	17	19	31	20	33	21	70	22	12	23	79	24	71	25	94	26	57	27	85	28	38	29	78	
	0	69	1	63	2	84	3	76	4	75	5	79	6	100	7	77	8	62	9	47	10	91	11	32	12	22	13	100	14	88	15	15	16	76	17	48	18	72	19	29	20	32	21	89	22	51	23	14	24	74	25	95	26	29	27	19	28	20	29	66	
	0	60	1	86	2	25	3	74	4	50	5	57	6	77	7	91	8	84	9	15	10	30	11	57	12	88	13	74	14	17	15	24	16	81	17	96	18	54	19	50	20	90	21	24	22	42	23	30	24	42	25	13	26	79	27	29	28	92	29	72	
	0	23	1	13	2	47	3	10	4	27	5	81	6	35	7	21	8	53	9	33	10	88	11	71	12	49	13	48	14	58	15	37	16	56	17	67	18	16	19	33	20	98	21	36	22	57	23	29	24	36	25	71	26	25	27	72	28	82	29	37	
	0	75	1	77	2	52	3	17	4	27	5	95	6	54	7	29	8	34	9	56	10	87	11	66	12	37	13	59	14	20	15	65	16	30	17	31	18	29	19	32	20	59	21	44	22	59	23	57	24	58	25	25	26	95	27	53	28	23	29	77	
	0	27	1	91	2	24	3	78	4	13	5	85	6	27	7	38	8	91	9	37	10	34	11	46	12	58	13	26	14	55	15	81	16	70	17	20	18	89	19	45	20	93	21	13	22	77	23	40	24	37	25	19	26	42	27	42	28	15	29	40	
	0	77	1	95	2	62	3	52	4	65	5	17	6	25	7	65	8	22	9	65	10	89	11	30	12	82	13	74	14	77	15	54	16	97	17	18	18	23	19	81	20	28	21	82	22	72	23	38	24	87	25	85	26	27	27	46	28	34	29	14	
	0	38	1	92	2	85	3	11	4	22	5	95	6	92	7	70	8	18	9	69	10	16	11	45	12	37	13	39	14	52	15	42	16	77	17	34	18	83	19	30	20	15	21	78	22	37	23	85	24	21	25	83	26	26	27	78	28	68	29	45	
	0	34	1	35	2	57	3	60	4	77	5	15	6	23	7	61	8	100	9	29	10	89	11	57	12	95	13	69	14	63	15	82	16	30	17	53	18	28	19	22	20	27	21	56	22	85	23	37	24	42	25	84	26	39	27	15	28	19	29	43	
	0	37	1	51	2	68	3	99	4	76	5	63	6	28	7	30	8	76	9	34	10	32	11	65	12	55	13	71	14	31	15	93	16	85	17	54	18	40	19	10	20	78	21	28	22	89	23	36	24	70	25	91	26	78	27	34	28	53	29	75	
	0	15	1	71	2	33	3	37	4	22	5	98	6	34	7	51	8	50	9	33	10	73	11	84	12	82	13	75	14	15	15	88	16	25	17	27	18	77	19	31	20	91	21	72	22	37	23	28	24	15	25	84	26	88	27	44	28	36	29	95	
	0	67	1	39	2	60	3	22	4	77	5	34	6	33	7	81	8	100	9	78	10	32	11	50	12	64	13	89	14	54	15	28	16	57	17	66	18	22	19	49	20	71	21	68	22	24	23	26	24	68	25	96	26	65	27	13	28	35	29	74	
	0	71	1	21	2	48	3	27	4	82	5	77	6	43	7	67	8	53	9	15	10	80	11	35	12	73	13	36	14	27	15	31	16	15	17	38	18	13	19	43	20	96	21	25	22	41	23	53	24	42	25	35	26	15	27	86	28	67	29	78	
	0	22	1	35	2	73	3	28	4	70	5	37	6	31	7	43	8	89	9	47	10	79	11	35	12	23	13	65	14	26	15	66	16	12	17	95	18	16	19	24	20	40	21	86	22	27	23	19	24	40	25	19	26	76	27	64	28	98	29	22	
	0	33	1	53	2	56	3	11	4	38	5	95	6	57	7	39	8	53	9	82	10	55	11	13	12	12	13	70	14	96	15	31	16	66	17	94	18	81	19	51	20	10	21	82	22	96	23	95	24	85	25	40	26	83	27	58	28	42	29	56	
	0	33	1	91	2	55	3	74	4	76	5	39	6	58	7	53	8	64	9	59	10	83	11	60	12	34	13	16	14	47	15	96	16	16	17	84	18	42	19	60	20	76	21	86	22	81	23	62	24	46	25	85	26	63	27	61	28	68	29	28	
	0	39	1	18	2	39	3	10	4	61	5	30	6	51	7	96	8	61	9	45	10	74	11	66	12	18	13	89	14	22	15	29	16	66	17	21	18	31	19	54	20	89	21	13	22	74	23	98	24	31	25	23	26	91	27	61	28	39	29	44	
	0	79	1	77	2	84	3	97	4	59	5	44	6	19	7	34	8	48	9	20	10	79	11	31	12	85	13	67	14	97	15	25	16	96	17	96	18	98	19	40	20	22	21	46	22	21	23	85	24	17	25	88	26	25	27	51	28	40	29	97	
	0	56	1	42	2	60	3	82	4	10	5	30	6	39	7	10	8	95	9	75	10	35	11	64	12	12	13	15	14	25	15	50	16	85	17	74	18	60	19	95	20	61	21	88	22	36	23	21	24	12	25	79	26	54	27	27	28	13	29	55	
	0	64	1	81	2	58	3	65	4	45	5	26	6	99	7	37	8	43	9	21	10	56	11	79	12	65	13	46	14	86	15	97	16	76	17	75	18	61	19	11	20	31	21	41	22	80	23	41	24	91	25	93	26	70	27	19	28	61	29	12	
	0	97	1	78	2	66	3	23	4	28	5	74	6	54	7	22	8	81	9	83	10	63	11	16	12	43	13	93	14	69	15	14	16	57	17	66	18	88	19	28	20	42	21	47	22	48	23	80	24	25	25	99	26	62	27	67	28	89	29	17	
	0	82	1	32	2	21	3	47	4	34	5	23	6	69	7	18	8	47	9	79	10	51	11	12	12	34	13	38	14	47	15	66	16	57	17	51	18	76	19	14	20	88	21	38	22	17	23	41	24	86	25	25	26	19	27	86	28	62	29	92	
	0	16	1	94	2	58	3	31	4	33	5	64	6	98	7	34	8	77	9	81	10	86	11	92	12	47	13	68	14	34	15	55	16	48	17	59	18	77	19	77	20	83	21	32	22	81	23	82	24	27	25	84	26	91	27	50	28	28	29	76	
	0	42	1	24	2	81	3	18	4	60	5	58	6	36	7	64	8	44	9	99	10	26	11	54	12	17	13	79	14	45	15	55	16	97	17	90	18	32	19	47	20	66	21	97	22	39	23	33	24	54	25	17	26	66	27	26	28	48	29	60	
	0	25	1	48	2	79	3	55	4	50	5	38	6	75	7	82	8	70	9	79	10	37	11	57	12	25	13	35	14	82	15	92	16	61	17	71	18	38	19	97	20	20	21	11	22	46	23	20	24	53	25	22	26	58	27	38	28	98	29	21	
	0	61	1	46	2	94	3	59	4	84	5	54	6	89	7	38	8	67	9	24	10	79	11	76	12	60	13	25	14	42	15	25	16	31	17	30	18	58	19	82	20	50	21	22	22	51	23	98	24	77	25	99	26	77	27	76	28	69	29	79	
	0	80	1	57	2	31	3	92	4	47	5	88	6	58	7	13	8	49	9	15	10	43	11	74	12	77	13	92	14	50	15	76	16	79	17	76	18	24	19	88	20	31	21	72	22	93	23	14	24	82	25	41	26	16	27	42	28	57	29	84	
	0	72	1	25	2	68	3	38	4	43	5	51	6	94	7	25	8	89	9	82	10	12	11	100	12	63	13	90	14	80	15	81	16	97	17	30	18	75	19	94	20	90	21	43	22	87	23	69	24	98	25	34	26	23	27	19	28	78	29	73	
	0	50	1	40	2	99	3	88	4	87	5	73	6	92	7	52	8	23	9	54	10	28	11	22	12	94	13	34	14	81	15	87	16	66	17	69	18	65	19	86	20	91	21	37	22	32	23	66	24	25	25	60	26	91	27	79	28	74	29	89	
	0	69	1	57	2	37	3	57	4	17	5	79	6	15	7	36	8	57	9	60	10	59	11	55	12	13	13	44	14	12	15	29	16	54	17	10	18	70	19	12	20	26	21	75	22	84	23	66	24	72	25	37	26	15	27	99	28	99	29	68	
	0	86	1	44	2	28	3	88	4	31	5	83	6	87	7	65	8	26	9	81	10	47	11	53	12	98	13	30	14	35	15	64	16	65	17	90	18	96	19	28	20	47	21	74	22	43	23	19	24	80	25	28	26	67	27	27	28	24	29	99	
	0	64	1	35	2	80	3	45	4	92	5	80	6	53	7	36	8	85	9	35	10	19	11	48	12	55	13	14	14	88	15	20	16	26	17	33	18	71	19	81	20	14	21	45	22	75	23	83	24	45	25	52	26	12	27	84	28	86	29	40	
	0	11	1	98	2	15	3	83	4	82	5	100	6	42	7	16	8	34	9	98	10	77	11	55	12	33	13	10	14	81	15	43	16	55	17	89	18	12	19	83	20	100	21	98	22	15	23	16	24	91	25	60	26	32	27	16	28	49	29	48	
	0	60	1	18	2	60	3	25	4	100	5	82	6	71	7	79	8	10	9	64	10	14	11	79	12	98	13	64	14	92	15	26	16	69	17	76	18	67	19	52	20	48	21	27	22	59	23	91	24	82	25	35	26	10	27	31	28	17	29	93	
	0	29	1	47	2	55	3	12	4	72	5	67	6	20	7	95	8	92	9	65	10	50	11	73	12	28	13	46	14	19	15	65	16	54	17	100	18	61	19	56	20	38	21	77	22	34	23	94	24	85	25	98	26	59	27	72	28	64	29	65	
	0	64	1	34	2	43	3	47	4	94	5	19	6	93	7	60	8	18	9	84	10	39	11	85	12	69	13	39	14	63	15	46	16	83	17	90	18	23	19	73	20	20	21	55	22	59	23	39	24	65	25	83	26	34	27	26	28	11	29	15	
	0	30	1	63	2	42	3	63	4	69	5	34	6	78	7	55	8	71	9	50	10	70	11	92	12	55	13	41	14	31	15	90	16	15	17	57	18	20	19	33	20	93	21	81	22	83	23	52	24	61	25	27	26	99	27	28	28	38	29	82	
	0	43	1	90	2	12	3	96	4	92	5	93	6	23	7	53	8	87	9	86	10	64	11	58	12	22	13	81	14	47	15	71	16	80	17	56	18	97	19	64	20	94	21	42	22	61	23	50	24	17	25	83	26	90	27	79	28	57	29	76	
	0	45	1	42	2	14	3	35	4	38	5	55	6	78	7	93	8	25	9	24	10	92	11	74	12	87	13	66	14	17	15	10	16	78	17	42	18	24	19	40	20	69	21	62	22	22	23	37	24	34	25	40	26	12	27	98	28	47	29	73	
	0	19	1	14	2	40	3	16	4	37	5	61	6	51	7	35	8	97	9	19	10	71	11	53	12	46	13	34	14	16	15	14	16	56	17	86	18	69	19	67	20	16	21	57	22	70	23	10	24	98	25	20	26	53	27	82	28	34	29	90	
	0	33	1	14	2	69	3	30	4	43	5	14	6	76	7	82	8	31	9	46	10	13	11	72	12	57	13	49	14	61	15	80	16	85	17	64	18	31	19	24	20	43	21	12	22	69	23	35	24	98	25	86	26	45	27	49	28	72	29	30	
	0	55	1	46	2	78	3	25	4	51	5	69	6	47	7	91	8	26	9	46	10	100	11	75	12	83	13	77	14	32	15	71	16	54	17	26	18	33	19	79	20	84	21	53	22	43	23	29	24	86	25	79	26	55	27	91	28	94	29	92	
	0	33	1	47	2	34	3	34	4	46	5	52	6	57	7	94	8	49	9	18	10	12	11	90	12	28	13	66	14	23	15	37	16	75	17	91	18	75	19	96	20	71	21	50	22	100	23	60	24	71	25	21	26	79	27	34	28	23	29	71	
	0	86	1	97	2	42	3	87	4	61	5	51	6	22	7	91	8	71	9	58	10	68	11	26	12	49	13	18	14	73	15	84	16	70	17	76	18	33	19	63	20	34	21	12	22	74	23	67	24	95	25	89	26	52	27	93	28	69	29	69	
	0	96	1	11	2	20	3	15	4	84	5	78	6	88	7	36	8	41	9	54	10	75	11	20	12	65	13	76	14	62	15	47	16	10	17	49	18	47	19	60	20	17	21	41	22	25	23	75	24	32	25	85	26	79	27	54	28	88	29	90	
	0	90	1	21	2	93	3	32	4	100	5	15	6	58	7	51	8	61	9	80	10	50	11	95	12	60	13	94	14	54	15	73	16	84	17	60	18	49	19	74	20	31	21	47	22	33	23	95	24	38	25	44	26	33	27	93	28	96	29	33	
	0	92	1	45	2	65	3	74	4	41	5	56	6	72	7	86	8	33	9	92	10	60	11	26	12	27	13	34	14	76	15	35	16	83	17	97	18	20	19	41	20	55	21	57	22	73	23	10	24	100	25	28	26	25	27	45	28	53	29	96	
	0	57	1	77	2	77	3	15	4	80	5	83	6	88	7	53	8	57	9	49	10	32	11	47	12	67	13	35	14	69	15	30	16	62	17	82	18	38	19	23	20	96	21	22	22	41	23	66	24	29	25	58	26	89	27	26	28	30	29	43	
	0	58	1	29	2	94	3	33	4	44	5	37	6	44	7	10	8	10	9	98	10	53	11	81	12	35	13	67	14	59	15	81	16	94	17	65	18	94	19	67	20	20	21	66	22	51	23	44	24	53	25	35	26	35	27	11	28	60	29	23	
	0	88	1	24	2	78	3	44	4	65	5	96	6	52	7	88	8	46	9	67	10	25	11	51	12	36	13	86	14	31	15	98	16	81	17	13	18	26	19	27	20	19	21	33	22	65	23	56	24	85	25	74	26	51	27	19	28	77	29	52	
	0	85	1	26	2	42	3	89	4	86	5	75	6	97	7	33	8	17	9	90	10	94	11	82	12	15	13	57	14	98	15	92	16	85	17	91	18	24	19	27	20	57	21	75	22	13	23	93	24	36	25	13	26	42	27	56	28	55	29	88	
	0	69	1	87	2	27	3	62	4	89	5	96	6	21	7	71	8	21	9	86	10	67	11	81	12	64	13	36	14	49	15	38	16	59	17	35	18	58	19	48	20	50	21	69	22	14	23	29	24	47	25	81	26	66	27	23	28	55	29	45	
	0	59	1	11	2	69	3	74	4	40	5	83	6	22	7	79	8	84	9	12	10	99	11	66	12	35	13	88	14	36	15	67	16	89	17	98	18	35	19	96	20	18	21	62	22	96	23	100	24	12	25	64	26	14	27	94	28	17	29	51	
	0	79	1	13	2	58	3	56	4	78	5	100	6	81	7	44	8	89	9	100	10	44	11	10	12	45	13	92	14	88	15	81	16	11	17	57	18	14	19	94	20	14	21	46	22	95	23	57	24	93	25	20	26	91	27	41	28	46	29	39	
	0	40	1	60	2	19	3	85	4	57	5	39	6	23	7	59	8	62	9	41	10	72	11	12	12	31	13	89	14	29	15	91	16	50	17	37	18	76	19	57	20	85	21	40	22	66	23	37	24	72	25	40	26	61	27	76	28	10	29	47	
	0	99	1	63	2	84	3	84	4	33	5	63	6	79	7	56	8	53	9	62	10	46	11	77	12	23	13	98	14	94	15	28	16	81	17	79	18	87	19	68	20	71	21	54	22	19	23	33	24	17	25	48	26	35	27	12	28	50	29	68	
	0	23	1	47	2	70	3	74	4	59	5	57	6	14	7	61	8	12	9	58	10	11	11	87	12	72	13	43	14	15	15	38	16	93	17	83	18	63	19	45	20	50	21	49	22	89	23	96	24	44	25	45	26	60	27	75	28	29	29	48	
	0	11	1	20	2	54	3	21	4	91	5	86	6	85	7	40	8	40	9	45	10	63	11	48	12	41	13	100	14	25	15	62	16	65	17	94	18	86	19	49	20	83	21	17	22	47	23	50	24	16	25	87	26	99	27	46	28	41	29	66	
	0	83	1	75	2	38	3	11	4	15	5	69	6	64	7	26	8	61	9	91	10	73	11	60	12	60	13	65	14	83	15	73	16	52	17	33	18	73	19	82	20	50	21	50	22	22	23	54	24	43	25	66	26	59	27	17	28	98	29	47	
	0	30	1	100	2	50	3	46	4	13	5	81	6	75	7	41	8	83	9	68	10	46	11	55	12	45	13	38	14	84	15	98	16	98	17	27	18	13	19	11	20	13	21	15	22	97	23	89	24	81	25	20	26	45	27	62	28	85	29	60	
	0	86	1	83	2	16	3	36	4	56	5	76	6	66	7	97	8	76	9	83	10	22	11	52	12	26	13	80	14	18	15	82	16	21	17	38	18	34	19	30	20	15	21	98	22	45	23	97	24	27	25	35	26	91	27	54	28	34	29	50	
	0	63	1	76	2	12	3	51	4	86	5	35	6	10	7	60	8	100	9	42	10	35	11	22	12	90	13	15	14	11	15	44	16	86	17	95	18	12	19	61	20	46	21	48	22	62	23	23	24	88	25	41	26	55	27	46	28	99	29	34	
	0	37	1	10	2	28	3	77	4	39	5	33	6	28	7	33	8	87	9	89	10	44	11	27	12	30	13	43	14	89	15	44	16	38	17	41	18	43	19	30	20	18	21	97	22	91	23	75	24	30	25	87	26	94	27	47	28	91	29	99	
	0	85	1	65	2	38	3	45	4	35	5	90	6	72	7	31	8	29	9	80	10	95	11	99	12	84	13	93	14	98	15	51	16	95	17	29	18	48	19	12	20	73	21	51	22	32	23	31	24	73	25	47	26	87	27	50	28	32	29	69	
	0	27	1	97	2	16	3	40	4	53	5	21	6	54	7	33	8	66	9	19	10	26	11	15	12	79	13	77	14	67	15	67	16	95	17	95	18	84	19	48	20	27	21	36	22	52	23	47	24	76	25	62	26	89	27	68	28	70	29	95	
	0	69	1	74	2	71	3	59	4	47	5	28	6	95	7	36	8	73	9	56	10	23	11	47	12	28	13	18	14	48	15	98	16	25	17	30	18	66	19	43	20	26	21	75	22	48	23	57	24	22	25	79	26	30	27	73	28	80	29	14	
	0	37	1	64	2	10	3	87	4	32	5	87	6	37	7	28	8	29	9	18	10	92	11	52	12	10	13	85	14	35	15	76	16	90	17	15	18	96	19	81	20	78	21	53	22	27	23	32	24	96	25	12	26	42	27	38	28	60	29	14	
	0	72	1	26	2	82	3	87	4	11	5	37	6	84	7	88	8	100	9	27	10	78	11	13	12	82	13	48	14	74	15	14	16	55	17	29	18	82	19	12	20	18	21	13	22	79	23	77	24	54	25	88	26	10	27	20	28	94	29	87	
	0	28	1	48	2	72	3	11	4	95	5	24	6	95	7	29	8	26	9	31	10	87	11	78	12	49	13	52	14	84	15	64	16	83	17	99	18	31	19	99	20	75	21	34	22	18	23	91	24	41	25	75	26	10	27	12	28	61	29	23	
	0	30	1	77	2	63	3	49	4	61	5	62	6	31	7	22	8	69	9	95	10	36	11	63	12	48	13	59	14	12	15	20	16	81	17	80	18	100	19	64	20	62	21	29	22	66	23	37	24	53	25	66	26	58	27	93	28	93	29	61	
	0	67	1	36	2	29	3	71	4	19	5	95	6	96	7	96	8	19	9	61	10	74	11	88	12	68	13	88	14	65	15	35	16	38	17	45	18	37	19	97	20	53	21	45	22	76	23	80	24	13	25	61	26	83	27	79	28	51	29	89	
	0	32	1	78	2	86	3	80	4	60	5	97	6	10	7	63	8	46	9	98	10	61	11	23	12	16	13	43	14	93	15	85	16	98	17	94	18	81	19	53	20	18	21	30	22	55	23	11	24	25	25	35	26	88	27	56	28	45	29	28	
	0	57	1	65	2	89	3	18	4	71	5	90	6	78	7	58	8	62	9	84	10	92	11	52	12	81	13	36	14	52	15	86	16	84	17	69	18	19	19	19	20	89	21	56	22	37	23	39	24	66	25	48	26	18	27	70	28	33	29	39	
	0	28	1	86	2	36	3	10	4	38	5	58	6	39	7	76	8	90	9	18	10	69	11	26	12	75	13	86	14	66	15	73	16	67	17	18	18	36	19	70	20	19	21	14	22	56	23	94	24	39	25	59	26	73	27	32	28	97	29	44	
	0	45	1	15	2	86	3	81	4	19	5	79	6	57	7	31	8	46	9	85	10	30	11	70	12	91	13	72	14	30	15	59	16	32	17	37	18	96	19	50	20	87	21	66	22	47	23	69	24	73	25	75	26	76	27	70	28	83	29	89	
	0	34	1	37	2	92	3	37	4	51	5	42	6	30	7	86	8	55	9	84	10	41	11	60	12	73	13	65	14	87	15	34	16	53	17	97	18	94	19	93	20	30	21	52	22	55	23	98	24	61	25	36	26	36	27	77	28	87	29	87	
	0	75	1	74	2	21	3	92	4	29	5	96	6	16	7	68	8	49	9	31	10	72	11	30	12	76	13	77	14	98	15	51	16	90	17	57	18	36	19	17	20	33	21	23	22	23	23	13	24	48	25	56	26	13	27	83	28	80	29	56	
	0	18	1	46	2	53	3	63	4	90	5	45	6	88	7	11	8	86	9	67	10	45	11	43	12	43	13	22	14	33	15	29	16	96	17	63	18	63	19	37	20	38	21	73	22	67	23	96	24	14	25	49	26	44	27	84	28	62	29	57	
	0	84	1	73	2	55	3	97	4	95	5	47	6	76	7	93	8	97	9	37	10	24	11	91	12	68	13	93	14	18	15	23	16	37	17	64	18	100	19	63	20	80	21	99	22	30	23	59	24	88	25	36	26	26	27	87	28	54	29	92	
	0	50	1	18	2	45	3	52	4	51	5	18	6	14	7	47	8	86	9	41	10	26	11	73	12	97	13	84	14	87	15	14	16	71	17	14	18	45	19	23	20	53	21	44	22	62	23	55	24	32	25	20	26	21	27	12	28	67	29	40	
	0	13	1	66	2	65	3	77	4	47	5	31	6	11	7	18	8	44	9	40	10	63	11	50	12	67	13	98	14	45	15	17	16	42	17	21	18	46	19	20	20	38	21	28	22	68	23	37	24	99	25	19	26	85	27	52	28	69	29	58	
	0	73	1	93	2	73	3	66	4	93	5	53	6	31	7	54	8	82	9	61	10	38	11	15	12	21	13	60	14	46	15	37	16	89	17	50	18	15	19	49	20	53	21	26	22	44	23	44	24	21	25	74	26	87	27	94	28	19	29	76	
	0	13	1	51	2	27	3	48	4	52	5	48	6	97	7	60	8	27	9	28	10	37	11	57	12	93	13	18	14	39	15	47	16	70	17	50	18	87	19	50	20	26	21	46	22	45	23	41	24	74	25	98	26	13	27	37	28	51	29	67	
	0	47	1	100	2	49	3	70	4	35	5	42	6	86	7	19	8	43	9	20	10	98	11	65	12	39	13	68	14	72	15	71	16	92	17	57	18	72	19	92	20	30	21	13	22	45	23	55	24	44	25	41	26	99	27	26	28	23	29	53	
	0	13	1	43	2	11	3	61	4	93	5	69	6	82	7	35	8	47	9	76	10	62	11	12	12	23	13	67	14	59	15	27	16	55	17	64	18	76	19	58	20	54	21	15	22	65	23	83	24	77	25	82	26	85	27	51	28	97	29	39	
	0	55	1	36	2	100	3	67	4	15	5	86	6	70	7	19	8	92	9	12	10	83	11	69	12	67	13	28	14	19	15	75	16	33	17	37	18	90	19	57	20	63	21	12	22	28	23	28	24	54	25	70	26	86	27	45	28	55	29	78	
	0	61	1	18	2	29	3	57	4	53	5	90	6	27	7	25	8	45	9	28	10	52	11	20	12	27	13	20	14	90	15	98	16	98	17	16	18	79	19	49	20	11	21	47	22	30	23	12	24	35	25	55	26	50	27	37	28	30	29	90	
	0	62	1	72	2	35	3	56	4	53	5	21	6	87	7	10	8	69	9	63	10	62	11	37	12	55	13	15	14	74	15	89	16	86	17	50	18	99	19	49	20	69	21	83	22	67	23	85	24	17	25	41	26	100	27	13	28	64	29	79	
	0	36	1	30	2	67	3	53	4	62	5	23	6	91	7	43	8	66	9	26	10	93	11	23	12	75	13	82	14	28	15	29	16	20	17	81	18	11	19	58	20	42	21	66	22	65	23	61	24	93	25	19	26	27	27	51	28	43	29	14	
	0	43	1	48	2	78	3	64	4	61	5	82	6	75	7	60	8	51	9	41	10	29	11	19	12	74	13	38	14	16	15	93	16	33	17	72	18	21	19	88	20	51	21	86	22	66	23	59	24	74	25	21	26	19	27	91	28	76	29	100	
	0	49	1	64	2	51	3	79	4	93	5	42	6	74	7	53	8	75	9	39	10	62	11	87	12	81	13	93	14	65	15	60	16	50	17	76	18	84	19	62	20	64	21	82	22	55	23	78	24	44	25	28	26	71	27	49	28	96	29	22	
	0	41	1	62	2	93	3	62	4	61	5	85	6	11	7	63	8	100	9	35	10	19	11	80	12	13	13	43	14	50	15	74	16	25	17	44	18	12	19	69	20	73	21	67	22	78	23	98	24	11	25	60	26	80	27	14	28	34	29	72	
	0	53	1	92	2	31	3	75	4	66	5	13	6	16	7	56	8	36	9	34	10	53	11	97	12	31	13	37	14	48	15	99	16	92	17	79	18	60	19	50	20	52	21	32	22	27	23	51	24	18	25	61	26	74	27	37	28	83	29	67	
	0	23	1	72	2	77	3	54	4	72	5	82	6	86	7	96	8	88	9	87	10	77	11	100	12	70	13	42	14	32	15	46	16	52	17	38	18	70	19	22	20	61	21	100	22	90	23	78	24	91	25	11	26	95	27	45	28	26	29	56	
	0	68	1	67	2	37	3	69	4	39	5	62	6	25	7	14	8	21	9	24	10	83	11	43	12	64	13	59	14	88	15	16	16	15	17	81	18	48	19	17	20	10	21	60	22	48	23	30	24	63	25	90	26	36	27	52	28	89	29	71	
	0	25	1	37	2	40	3	86	4	81	5	40	6	17	7	49	8	84	9	29	10	81	11	88	12	85	13	72	14	53	15	71	16	78	17	60	18	97	19	84	20	49	21	95	22	42	23	79	24	28	25	33	26	61	27	42	28	14	29	57	
	0	10	1	94	2	42	3	57	4	18	5	81	6	82	7	91	8	15	9	72	10	58	11	100	12	34	13	76	14	64	15	33	16	24	17	85	18	37	19	56	20	27	21	66	22	13	23	20	24	30	25	89	26	57	27	19	28	87	29	16	
	0	34	1	91	2	91	3	58	4	51	5	99	6	26	7	86	8	65	9	29	10	51	11	75	12	38	13	93	14	59	15	82	16	14	17	22	18	52	19	94	20	21	21	100	22	59	23	32	24	63	25	58	26	26	27	97	28	41	29	71	
	0	30	1	35	2	44	3	39	4	60	5	73	6	44	7	57	8	12	9	47	10	60	11	53	12	23	13	49	14	81	15	80	16	28	17	55	18	34	19	59	20	75	21	42	22	33	23	14	24	51	25	99	26	63	27	42	28	95	29	24	
	0	66	1	35	2	13	3	73	4	27	5	50	6	16	7	58	8	25	9	81	10	89	11	83	12	64	13	53	14	24	15	46	16	89	17	23	18	91	19	19	20	22	21	52	22	63	23	93	24	52	25	66	26	95	27	24	28	38	29	98	
	0	55	1	41	2	13	3	69	4	75	5	38	6	12	7	82	8	10	9	68	10	75	11	55	12	38	13	90	14	19	15	53	16	77	17	16	18	58	19	38	20	69	21	66	22	53	23	79	24	43	25	44	26	33	27	96	28	76	29	60	
	0	77	1	84	2	98	3	92	4	51	5	95	6	54	7	36	8	89	9	12	10	12	11	52	12	46	13	74	14	36	15	83	16	43	17	83	18	77	19	19	20	84	21	55	22	22	23	19	24	41	25	45	26	75	27	61	28	25	29	65	
	0	37	1	46	2	49	3	52	4	57	5	90	6	27	7	58	8	39	9	28	10	88	11	19	12	32	13	15	14	31	15	45	16	16	17	94	18	53	19	23	20	29	21	92	22	26	23	18	24	19	25	37	26	44	27	43	28	88	29	26	
	0	50	1	96	2	95	3	16	4	46	5	44	6	26	7	19	8	22	9	24	10	71	11	36	12	33	13	92	14	34	15	96	16	94	17	98	18	82	19	39	20	12	21	75	22	83	23	30	24	76	25	77	26	76	27	67	28	18	29	35	
	0	27	1	57	2	50	3	57	4	87	5	74	6	86	7	99	8	54	9	78	10	19	11	10	12	49	13	92	14	85	15	34	16	73	17	72	18	70	19	72	20	88	21	91	22	30	23	38	24	27	25	88	26	65	27	17	28	54	29	44	
	0	43	1	64	2	70	3	31	4	79	5	23	6	34	7	26	8	38	9	79	10	58	11	29	12	36	13	45	14	25	15	84	16	45	17	37	18	29	19	56	20	87	21	62	22	38	23	22	24	70	25	76	26	85	27	46	28	52	29	27	
	0	81	1	72	2	85	3	73	4	33	5	70	6	17	7	79	8	57	9	23	10	37	11	14	12	22	13	41	14	72	15	46	16	58	17	79	18	15	19	11	20	80	21	19	22	89	23	31	24	75	25	70	26	95	27	78	28	30	29	47	
	0	38	1	92	2	27	3	35	4	19	5	74	6	42	7	55	8	85	9	93	10	67	11	53	12	53	13	98	14	14	15	98	16	79	17	13	18	52	19	83	20	68	21	32	22	61	23	95	24	35	25	60	26	13	27	91	28	93	29	80	
	0	31	1	91	2	53	3	62	4	31	5	12	6	72	7	75	8	10	9	64	10	88	11	37	12	11	13	77	14	31	15	54	16	42	17	92	18	32	19	70	20	75	21	91	22	66	23	77	24	78	25	35	26	89	27	96	28	31	29	80	
	0	79	1	96	2	82	3	49	4	91	5	88	6	20	7	16	8	98	9	39	10	43	11	54	12	79	13	88	14	98	15	53	16	17	17	91	18	79	19	93	20	75	21	15	22	16	23	11	24	88	25	41	26	23	27	35	28	10	29	24	
	0	43	1	77	2	63	3	67	4	29	5	59	6	55	7	95	8	37	9	57	10	85	11	60	12	25	13	54	14	34	15	27	16	10	17	45	18	77	19	75	20	11	21	97	22	44	23	19	24	56	25	59	26	48	27	73	28	35	29	60	