500 30 1
30
	0	55	1	20	2	74	3	92	4	61	5	71	6	49	7	97	8	41	9	22	10	31	11	84	12	66	13	73	14	85	15	35	16	46	17	28	18	98	19	44	20	97	21	27	22	36	23	38	24	66	25	43	26	23	27	78	28	21	29	54	
	0	39	1	16	2	47	3	48	4	93	5	37	6	72	7	49	8	55	9	83	10	50	11	81	12	55	13	39	14	79	15	10	16	46	17	57	18	83	19	47	20	25	21	66	22	25	23	68	24	81	25	75	26	13	27	30	28	25	29	54	
	0	88	1	11	2	74	3	86	4	26	5	56	6	70	7	75	8	57	9	76	10	12	11	81	12	12	13	22	14	95	15	22	16	89	17	79	18	55	19	51	20	84	21	47	22	98	23	68	24	45	25	14	26	38	27	96	28	69	29	42	
	0	43	1	42	2	74	3	67	4	38	5	31	6	11	7	76	8	81	9	48	10	94	11	82	12	67	13	26	14	61	15	60	16	89	17	52	18	30	19	32	20	31	21	75	22	54	23	96	24	46	25	43	26	76	27	69	28	35	29	81	
	0	83	1	75	2	98	3	46	4	26	5	35	6	94	7	44	8	79	9	99	10	39	11	99	12	89	13	92	14	23	15	96	16	33	17	28	18	58	19	78	20	65	21	23	22	52	23	63	24	83	25	49	26	45	27	80	28	32	29	90	
	0	74	1	81	2	65	3	24	4	14	5	75	6	66	7	45	8	60	9	90	10	86	11	37	12	19	13	13	14	32	15	75	16	10	17	98	18	30	19	32	20	22	21	71	22	99	23	42	24	59	25	15	26	26	27	86	28	47	29	91	
	0	23	1	19	2	29	3	41	4	84	5	58	6	38	7	22	8	23	9	63	10	65	11	96	12	98	13	20	14	45	15	71	16	37	17	51	18	44	19	67	20	94	21	12	22	78	23	62	24	35	25	35	26	11	27	61	28	85	29	62	
	0	62	1	14	2	63	3	42	4	15	5	96	6	66	7	97	8	16	9	11	10	92	11	55	12	70	13	55	14	15	15	89	16	76	17	95	18	51	19	93	20	45	21	32	22	57	23	91	24	63	25	59	26	77	27	90	28	40	29	15	
	0	84	1	55	2	92	3	95	4	89	5	72	6	63	7	15	8	39	9	68	10	41	11	35	12	16	13	63	14	75	15	42	16	38	17	85	18	45	19	33	20	51	21	82	22	24	23	13	24	72	25	65	26	69	27	50	28	66	29	41	
	0	64	1	20	2	30	3	66	4	28	5	33	6	74	7	68	8	64	9	54	10	78	11	67	12	49	13	60	14	31	15	95	16	35	17	58	18	59	19	28	20	78	21	66	22	19	23	56	24	56	25	51	26	14	27	93	28	22	29	72	
	0	13	1	22	2	55	3	53	4	36	5	60	6	10	7	36	8	84	9	76	10	41	11	94	12	55	13	82	14	51	15	10	16	24	17	16	18	65	19	40	20	69	21	22	22	73	23	24	24	57	25	64	26	75	27	34	28	41	29	38	
	0	15	1	75	2	50	3	25	4	56	5	64	6	84	7	90	8	36	9	18	10	48	11	63	12	44	13	68	14	65	15	12	16	100	17	61	18	99	19	60	20	19	21	57	22	71	23	15	24	23	25	31	26	83	27	53	28	65	29	52	
	0	29	1	11	2	12	3	96	4	68	5	99	6	15	7	24	8	48	9	93	10	70	11	76	12	93	13	54	14	54	15	24	16	39	17	85	18	100	19	74	20	81	21	100	22	69	23	99	24	19	25	97	26	94	27	52	28	35	29	27	
	0	73	1	76	2	55	3	55	4	47	5	48	6	93	7	79	8	39	9	87	10	86	11	90	12	97	13	72	14	37	15	55	16	69	17	67	18	56	19	36	20	36	21	19	22	72	23	10	24	29	25	12	26	43	27	38	28	56	29	75	
	0	13	1	94	2	79	3	43	4	42	5	31	6	35	7	19	8	58	9	31	10	18	11	26	12	14	13	77	14	11	15	88	16	45	17	55	18	92	19	43	20	13	21	21	22	55	23	54	24	51	25	64	26	90	27	60	28	30	29	94	
	0	13	1	16	2	21	3	88	4	58	5	45	6	76	7	86	8	23	9	26	10	25	11	58	12	94	13	64	14	49	15	89	16	56	17	20	18	83	19	93	20	63	21	15	22	99	23	52	24	47	25	31	26	81	27	24	28	22	29	52	
	0	37	1	15	2	41	3	93	4	28	5	12	6	94	7	30	8	40	9	26	10	45	11	75	12	47	13	44	14	94	15	75	16	74	17	91	18	28	19	47	20	11	21	65	22	23	23	53	24	15	25	88	26	43	27	66	28	89	29	45	
	0	95	1	99	2	93	3	97	4	79	5	58	6	17	7	19	8	59	9	83	10	37	11	31	12	34	13	34	14	61	15	71	16	21	17	76	18	49	19	34	20	64	21	15	22	30	23	83	24	39	25	49	26	62	27	19	28	41	29	42	
	0	85	1	36	2	89	3	96	4	35	5	64	6	90	7	23	8	40	9	45	10	94	11	100	12	98	13	15	14	52	15	30	16	46	17	46	18	61	19	47	20	86	21	42	22	55	23	69	24	41	25	50	26	84	27	71	28	24	29	53	
	0	16	1	25	2	75	3	91	4	22	5	40	6	66	7	97	8	57	9	51	10	73	11	81	12	88	13	91	14	44	15	84	16	78	17	96	18	81	19	96	20	69	21	63	22	47	23	70	24	100	25	58	26	42	27	80	28	66	29	83	
	0	41	1	61	2	75	3	71	4	20	5	65	6	38	7	46	8	63	9	71	10	60	11	18	12	68	13	51	14	51	15	24	16	43	17	52	18	54	19	33	20	46	21	87	22	74	23	75	24	42	25	10	26	56	27	60	28	42	29	90	
	0	83	1	44	2	37	3	55	4	11	5	95	6	69	7	61	8	10	9	39	10	46	11	30	12	36	13	15	14	77	15	97	16	86	17	16	18	77	19	85	20	93	21	72	22	64	23	41	24	25	25	65	26	79	27	22	28	38	29	57	
	0	19	1	97	2	26	3	99	4	19	5	97	6	18	7	54	8	91	9	94	10	42	11	58	12	27	13	96	14	13	15	79	16	78	17	67	18	92	19	62	20	10	21	66	22	79	23	47	24	26	25	81	26	22	27	13	28	74	29	34	
	0	51	1	39	2	16	3	34	4	78	5	91	6	57	7	92	8	13	9	84	10	100	11	51	12	69	13	49	14	46	15	56	16	28	17	56	18	50	19	91	20	29	21	93	22	13	23	53	24	70	25	88	26	65	27	56	28	27	29	15	
	0	69	1	76	2	85	3	28	4	87	5	66	6	26	7	76	8	29	9	75	10	21	11	39	12	70	13	40	14	81	15	68	16	52	17	55	18	46	19	64	20	90	21	77	22	55	23	79	24	21	25	49	26	84	27	69	28	81	29	56	
	0	14	1	18	2	63	3	92	4	22	5	17	6	52	7	81	8	70	9	21	10	69	11	26	12	96	13	83	14	61	15	44	16	38	17	70	18	81	19	25	20	94	21	40	22	51	23	97	24	15	25	15	26	46	27	91	28	22	29	79	
	0	62	1	11	2	28	3	10	4	42	5	61	6	78	7	13	8	99	9	85	10	97	11	35	12	100	13	47	14	30	15	94	16	27	17	92	18	58	19	33	20	32	21	14	22	43	23	15	24	35	25	87	26	68	27	15	28	51	29	65	
	0	79	1	15	2	90	3	83	4	36	5	14	6	59	7	92	8	25	9	30	10	45	11	59	12	29	13	87	14	90	15	70	16	97	17	16	18	80	19	23	20	90	21	85	22	63	23	85	24	10	25	89	26	96	27	52	28	32	29	69	
	0	30	1	42	2	38	3	11	4	14	5	43	6	20	7	23	8	59	9	77	10	90	11	58	12	22	13	84	14	29	15	77	16	20	17	35	18	66	19	55	20	87	21	90	22	30	23	73	24	12	25	23	26	50	27	70	28	12	29	91	
	0	17	1	15	2	25	3	50	4	76	5	34	6	96	7	27	8	13	9	54	10	69	11	76	12	19	13	91	14	82	15	17	16	86	17	12	18	85	19	34	20	55	21	87	22	91	23	27	24	62	25	46	26	72	27	50	28	19	29	64	
	0	85	1	93	2	20	3	67	4	30	5	54	6	98	7	97	8	42	9	53	10	53	11	87	12	91	13	94	14	50	15	83	16	50	17	41	18	25	19	66	20	79	21	92	22	70	23	64	24	71	25	99	26	62	27	25	28	49	29	70	
	0	60	1	16	2	61	3	40	4	50	5	30	6	24	7	66	8	76	9	74	10	72	11	90	12	19	13	56	14	80	15	63	16	74	17	81	18	39	19	19	20	49	21	75	22	40	23	39	24	41	25	86	26	68	27	51	28	39	29	34	
	0	44	1	76	2	30	3	87	4	98	5	100	6	97	7	33	8	85	9	65	10	18	11	91	12	45	13	22	14	97	15	40	16	40	17	50	18	65	19	53	20	17	21	42	22	18	23	34	24	24	25	17	26	50	27	66	28	38	29	97	
	0	44	1	66	2	45	3	42	4	15	5	60	6	51	7	15	8	69	9	28	10	18	11	58	12	39	13	65	14	52	15	54	16	40	17	11	18	52	19	57	20	10	21	23	22	90	23	41	24	33	25	50	26	36	27	100	28	94	29	100	
	0	28	1	10	2	42	3	36	4	85	5	73	6	20	7	71	8	80	9	25	10	71	11	17	12	49	13	32	14	63	15	27	16	15	17	59	18	19	19	45	20	55	21	19	22	85	23	95	24	47	25	88	26	41	27	40	28	100	29	41	
	0	42	1	19	2	99	3	10	4	31	5	65	6	76	7	60	8	48	9	94	10	98	11	50	12	76	13	83	14	45	15	76	16	67	17	14	18	74	19	34	20	99	21	99	22	90	23	66	24	85	25	30	26	71	27	65	28	78	29	56	
	0	96	1	69	2	10	3	45	4	12	5	27	6	52	7	82	8	44	9	42	10	38	11	32	12	61	13	22	14	77	15	27	16	89	17	93	18	13	19	68	20	45	21	39	22	27	23	50	24	72	25	64	26	17	27	69	28	66	29	35	
	0	69	1	91	2	31	3	59	4	86	5	50	6	77	7	94	8	73	9	25	10	21	11	56	12	29	13	46	14	10	15	68	16	82	17	27	18	45	19	41	20	60	21	60	22	12	23	67	24	15	25	63	26	72	27	41	28	26	29	32	
	0	76	1	14	2	45	3	49	4	24	5	77	6	12	7	78	8	50	9	20	10	95	11	80	12	35	13	44	14	37	15	11	16	27	17	35	18	72	19	18	20	56	21	13	22	33	23	70	24	52	25	23	26	41	27	100	28	30	29	69	
	0	34	1	51	2	77	3	29	4	82	5	24	6	52	7	76	8	71	9	53	10	58	11	81	12	28	13	30	14	95	15	79	16	34	17	65	18	33	19	28	20	92	21	17	22	79	23	74	24	63	25	79	26	50	27	11	28	61	29	58	
	0	100	1	76	2	39	3	57	4	64	5	98	6	57	7	54	8	70	9	92	10	22	11	99	12	58	13	40	14	37	15	72	16	18	17	88	18	53	19	67	20	19	21	55	22	38	23	64	24	37	25	24	26	97	27	22	28	30	29	88	
	0	47	1	79	2	37	3	16	4	81	5	73	6	49	7	17	8	64	9	29	10	100	11	23	12	60	13	22	14	27	15	92	16	23	17	21	18	12	19	40	20	57	21	49	22	60	23	89	24	79	25	45	26	56	27	27	28	61	29	46	
	0	88	1	50	2	76	3	15	4	82	5	25	6	44	7	94	8	44	9	50	10	97	11	41	12	84	13	21	14	44	15	29	16	26	17	13	18	54	19	14	20	96	21	79	22	38	23	98	24	57	25	21	26	19	27	16	28	98	29	92	
	0	83	1	57	2	22	3	81	4	57	5	69	6	36	7	86	8	84	9	27	10	56	11	14	12	38	13	40	14	38	15	34	16	36	17	40	18	22	19	59	20	80	21	10	22	95	23	54	24	58	25	36	26	73	27	91	28	74	29	66	
	0	93	1	24	2	48	3	44	4	50	5	81	6	65	7	26	8	29	9	88	10	94	11	21	12	96	13	77	14	96	15	15	16	24	17	94	18	35	19	33	20	39	21	47	22	65	23	85	24	28	25	36	26	21	27	25	28	63	29	51	
	0	69	1	27	2	17	3	89	4	47	5	46	6	33	7	96	8	69	9	99	10	28	11	90	12	13	13	78	14	26	15	17	16	95	17	32	18	21	19	19	20	97	21	36	22	73	23	92	24	72	25	84	26	86	27	24	28	67	29	68	
	0	47	1	91	2	66	3	98	4	24	5	76	6	85	7	20	8	35	9	99	10	80	11	99	12	98	13	80	14	76	15	37	16	33	17	15	18	14	19	27	20	88	21	52	22	39	23	58	24	74	25	97	26	57	27	78	28	85	29	34	
	0	35	1	25	2	100	3	44	4	62	5	19	6	45	7	77	8	86	9	91	10	29	11	57	12	23	13	76	14	26	15	100	16	23	17	62	18	36	19	86	20	18	21	79	22	48	23	72	24	96	25	23	26	22	27	39	28	67	29	95	
	0	26	1	84	2	87	3	67	4	84	5	89	6	74	7	23	8	59	9	45	10	80	11	58	12	77	13	85	14	45	15	65	16	49	17	79	18	84	19	61	20	70	21	92	22	59	23	58	24	59	25	66	26	81	27	44	28	59	29	57	
	0	75	1	30	2	81	3	52	4	16	5	33	6	90	7	96	8	96	9	34	10	89	11	32	12	38	13	52	14	45	15	70	16	91	17	39	18	28	19	41	20	16	21	38	22	87	23	84	24	62	25	94	26	33	27	92	28	27	29	80	
	0	11	1	11	2	98	3	58	4	71	5	11	6	52	7	13	8	84	9	51	10	37	11	75	12	78	13	19	14	27	15	64	16	49	17	31	18	14	19	62	20	40	21	49	22	61	23	35	24	25	25	87	26	34	27	39	28	73	29	42	
	0	29	1	78	2	50	3	94	4	69	5	59	6	71	7	80	8	88	9	67	10	22	11	67	12	46	13	74	14	85	15	57	16	53	17	19	18	99	19	59	20	13	21	93	22	55	23	21	24	15	25	58	26	11	27	56	28	87	29	43	
	0	27	1	74	2	20	3	18	4	63	5	76	6	92	7	88	8	76	9	61	10	100	11	14	12	87	13	93	14	15	15	26	16	16	17	23	18	48	19	78	20	47	21	27	22	39	23	55	24	71	25	24	26	25	27	71	28	79	29	87	
	0	39	1	71	2	61	3	54	4	30	5	27	6	63	7	91	8	49	9	59	10	49	11	75	12	81	13	43	14	30	15	52	16	85	17	27	18	92	19	19	20	80	21	27	22	72	23	17	24	46	25	20	26	97	27	39	28	42	29	71	
	0	38	1	16	2	28	3	74	4	30	5	26	6	30	7	64	8	29	9	68	10	18	11	80	12	23	13	42	14	68	15	71	16	81	17	81	18	61	19	35	20	70	21	83	22	37	23	16	24	54	25	90	26	95	27	80	28	30	29	85	
	0	18	1	83	2	13	3	23	4	45	5	50	6	34	7	69	8	83	9	13	10	37	11	63	12	93	13	27	14	90	15	16	16	51	17	63	18	79	19	86	20	47	21	22	22	98	23	74	24	39	25	61	26	51	27	27	28	33	29	80	
	0	49	1	73	2	61	3	16	4	50	5	81	6	96	7	49	8	15	9	57	10	60	11	75	12	68	13	100	14	23	15	52	16	99	17	50	18	24	19	72	20	47	21	17	22	44	23	22	24	78	25	51	26	80	27	44	28	57	29	39	
	0	44	1	73	2	53	3	46	4	88	5	90	6	32	7	65	8	45	9	85	10	77	11	17	12	26	13	18	14	98	15	16	16	73	17	17	18	92	19	93	20	61	21	58	22	13	23	65	24	25	25	43	26	29	27	51	28	91	29	41	
	0	90	1	57	2	81	3	59	4	16	5	81	6	52	7	60	8	73	9	29	10	43	11	67	12	73	13	82	14	14	15	93	16	10	17	68	18	58	19	54	20	60	21	23	22	51	23	16	24	84	25	39	26	58	27	52	28	39	29	98	
	0	48	1	44	2	84	3	51	4	95	5	54	6	90	7	20	8	60	9	78	10	94	11	42	12	45	13	19	14	33	15	52	16	77	17	77	18	16	19	89	20	36	21	32	22	21	23	60	24	31	25	55	26	93	27	55	28	94	29	45	
	0	95	1	34	2	74	3	83	4	91	5	58	6	29	7	69	8	33	9	88	10	90	11	44	12	87	13	81	14	93	15	40	16	43	17	96	18	63	19	58	20	56	21	37	22	46	23	30	24	53	25	89	26	58	27	92	28	40	29	49	
	0	37	1	69	2	91	3	95	4	50	5	63	6	57	7	68	8	93	9	76	10	32	11	44	12	77	13	87	14	76	15	47	16	85	17	36	18	64	19	55	20	72	21	19	22	85	23	78	24	44	25	93	26	45	27	86	28	98	29	77	
	0	33	1	40	2	42	3	25	4	96	5	100	6	85	7	82	8	26	9	78	10	65	11	41	12	19	13	66	14	58	15	41	16	27	17	31	18	53	19	95	20	71	21	77	22	21	23	57	24	60	25	62	26	99	27	97	28	53	29	39	
	0	59	1	92	2	54	3	98	4	25	5	10	6	70	7	92	8	87	9	63	10	58	11	10	12	73	13	89	14	38	15	32	16	70	17	72	18	22	19	30	20	47	21	87	22	85	23	63	24	15	25	50	26	40	27	34	28	25	29	96	
	0	36	1	99	2	20	3	76	4	18	5	83	6	69	7	17	8	10	9	98	10	35	11	54	12	86	13	42	14	79	15	54	16	75	17	44	18	52	19	84	20	83	21	53	22	77	23	18	24	10	25	13	26	20	27	53	28	63	29	64	
	0	57	1	56	2	81	3	77	4	22	5	96	6	82	7	33	8	97	9	79	10	63	11	39	12	37	13	96	14	26	15	57	16	15	17	98	18	14	19	47	20	89	21	33	22	98	23	71	24	51	25	11	26	93	27	56	28	87	29	52	
	0	56	1	42	2	21	3	83	4	80	5	83	6	16	7	99	8	24	9	58	10	86	11	93	12	46	13	99	14	61	15	30	16	13	17	95	18	67	19	26	20	39	21	79	22	63	23	24	24	95	25	60	26	71	27	43	28	62	29	49	
	0	43	1	49	2	30	3	52	4	61	5	79	6	33	7	56	8	37	9	29	10	49	11	67	12	12	13	53	14	47	15	39	16	19	17	70	18	71	19	29	20	99	21	91	22	76	23	85	24	69	25	10	26	49	27	80	28	11	29	27	
	0	70	1	66	2	39	3	81	4	20	5	43	6	97	7	17	8	69	9	35	10	87	11	62	12	97	13	22	14	46	15	30	16	50	17	94	18	91	19	69	20	67	21	61	22	78	23	89	24	48	25	58	26	46	27	85	28	68	29	64	
	0	49	1	37	2	93	3	87	4	10	5	81	6	18	7	30	8	80	9	45	10	65	11	69	12	87	13	76	14	94	15	36	16	96	17	15	18	37	19	93	20	52	21	29	22	48	23	94	24	83	25	62	26	94	27	77	28	35	29	94	
	0	53	1	31	2	37	3	100	4	69	5	49	6	70	7	22	8	62	9	65	10	39	11	62	12	77	13	83	14	12	15	75	16	50	17	29	18	49	19	25	20	94	21	93	22	78	23	18	24	55	25	16	26	80	27	46	28	91	29	77	
	0	68	1	91	2	91	3	40	4	77	5	58	6	52	7	13	8	10	9	100	10	61	11	64	12	20	13	55	14	91	15	95	16	86	17	88	18	37	19	50	20	42	21	15	22	59	23	90	24	28	25	19	26	45	27	51	28	62	29	17	
	0	16	1	69	2	14	3	91	4	26	5	41	6	69	7	23	8	44	9	34	10	61	11	39	12	61	13	90	14	20	15	64	16	84	17	20	18	44	19	22	20	59	21	21	22	45	23	80	24	80	25	11	26	53	27	87	28	28	29	82	
	0	42	1	53	2	29	3	78	4	16	5	37	6	15	7	72	8	19	9	38	10	57	11	55	12	92	13	28	14	44	15	35	16	85	17	73	18	28	19	33	20	50	21	76	22	58	23	71	24	45	25	77	26	65	27	37	28	57	29	14	
	0	64	1	44	2	73	3	84	4	79	5	11	6	68	7	28	8	85	9	57	10	76	11	63	12	26	13	28	14	84	15	44	16	90	17	95	18	47	19	14	20	28	21	99	22	40	23	94	24	74	25	72	26	10	27	20	28	42	29	14	
	0	39	1	79	2	42	3	42	4	64	5	79	6	28	7	16	8	34	9	68	10	41	11	80	12	88	13	30	14	23	15	73	16	41	17	72	18	86	19	39	20	88	21	79	22	89	23	72	24	18	25	81	26	39	27	62	28	47	29	55	
	0	21	1	15	2	67	3	62	4	18	5	23	6	64	7	87	8	31	9	24	10	37	11	30	12	22	13	58	14	23	15	95	16	55	17	47	18	77	19	43	20	61	21	12	22	57	23	68	24	99	25	20	26	36	27	55	28	64	29	99	
	0	85	1	81	2	51	3	32	4	17	5	50	6	33	7	97	8	20	9	21	10	32	11	28	12	39	13	90	14	84	15	52	16	19	17	77	18	12	19	68	20	20	21	88	22	58	23	28	24	79	25	51	26	52	27	20	28	76	29	44	
	0	55	1	25	2	20	3	72	4	14	5	65	6	26	7	39	8	59	9	23	10	66	11	68	12	77	13	10	14	33	15	32	16	53	17	23	18	45	19	70	20	79	21	76	22	76	23	12	24	14	25	91	26	83	27	42	28	79	29	39	
	0	47	1	37	2	75	3	82	4	73	5	34	6	19	7	37	8	92	9	89	10	26	11	47	12	71	13	44	14	55	15	66	16	88	17	58	18	32	19	14	20	16	21	65	22	32	23	53	24	88	25	59	26	51	27	69	28	10	29	53	
	0	90	1	29	2	80	3	84	4	54	5	78	6	63	7	64	8	14	9	34	10	26	11	24	12	82	13	24	14	68	15	70	16	77	17	78	18	12	19	63	20	45	21	70	22	36	23	83	24	50	25	82	26	96	27	27	28	60	29	39	
	0	64	1	15	2	60	3	87	4	12	5	88	6	98	7	78	8	61	9	56	10	99	11	64	12	30	13	96	14	99	15	55	16	80	17	100	18	39	19	98	20	38	21	45	22	36	23	50	24	58	25	46	26	16	27	13	28	42	29	33	
	0	42	1	83	2	81	3	25	4	66	5	83	6	71	7	99	8	62	9	94	10	74	11	38	12	61	13	73	14	49	15	76	16	36	17	51	18	33	19	30	20	100	21	17	22	74	23	49	24	74	25	18	26	55	27	58	28	98	29	37	
	0	79	1	45	2	44	3	39	4	63	5	94	6	49	7	59	8	70	9	43	10	11	11	52	12	74	13	17	14	84	15	20	16	32	17	48	18	31	19	29	20	86	21	31	22	23	23	73	24	64	25	29	26	35	27	35	28	89	29	57	
	0	32	1	85	2	76	3	91	4	72	5	29	6	48	7	66	8	49	9	15	10	65	11	23	12	37	13	42	14	94	15	47	16	14	17	39	18	82	19	80	20	60	21	47	22	53	23	80	24	48	25	18	26	10	27	76	28	98	29	91	
	0	52	1	18	2	12	3	99	4	66	5	98	6	63	7	26	8	62	9	61	10	35	11	85	12	88	13	55	14	61	15	52	16	47	17	80	18	90	19	24	20	63	21	16	22	20	23	40	24	73	25	92	26	72	27	90	28	21	29	50	
	0	61	1	20	2	44	3	90	4	47	5	58	6	48	7	98	8	19	9	84	10	35	11	63	12	88	13	29	14	23	15	53	16	51	17	57	18	75	19	40	20	81	21	38	22	12	23	72	24	89	25	71	26	31	27	89	28	93	29	19	
	0	67	1	65	2	66	3	20	4	63	5	75	6	36	7	61	8	50	9	60	10	82	11	43	12	13	13	68	14	68	15	82	16	70	17	15	18	77	19	21	20	73	21	65	22	33	23	43	24	32	25	46	26	52	27	60	28	27	29	27	
	0	22	1	38	2	39	3	71	4	41	5	83	6	15	7	50	8	79	9	95	10	22	11	70	12	85	13	37	14	57	15	44	16	98	17	73	18	26	19	79	20	96	21	95	22	34	23	26	24	62	25	58	26	40	27	92	28	97	29	70	
	0	61	1	25	2	91	3	99	4	47	5	98	6	25	7	35	8	89	9	66	10	39	11	60	12	24	13	21	14	25	15	74	16	36	17	50	18	53	19	15	20	68	21	70	22	21	23	79	24	93	25	94	26	69	27	80	28	44	29	92	
	0	27	1	70	2	31	3	21	4	40	5	91	6	26	7	40	8	18	9	56	10	11	11	55	12	78	13	52	14	96	15	35	16	68	17	21	18	12	19	12	20	31	21	69	22	42	23	42	24	51	25	54	26	53	27	75	28	56	29	93	
	0	88	1	71	2	34	3	36	4	14	5	30	6	83	7	38	8	62	9	61	10	34	11	23	12	10	13	34	14	66	15	44	16	90	17	62	18	36	19	11	20	98	21	94	22	42	23	80	24	26	25	62	26	72	27	56	28	93	29	57	
	0	60	1	53	2	24	3	86	4	50	5	50	6	75	7	55	8	96	9	72	10	74	11	71	12	23	13	36	14	74	15	13	16	49	17	23	18	84	19	99	20	87	21	85	22	71	23	37	24	38	25	87	26	36	27	71	28	54	29	32	
	0	93	1	84	2	91	3	85	4	47	5	75	6	78	7	37	8	46	9	53	10	83	11	86	12	47	13	75	14	96	15	19	16	23	17	30	18	21	19	89	20	25	21	46	22	13	23	89	24	10	25	40	26	39	27	95	28	67	29	46	
	0	84	1	85	2	12	3	98	4	62	5	44	6	64	7	66	8	49	9	100	10	68	11	15	12	33	13	65	14	70	15	89	16	46	17	86	18	91	19	100	20	89	21	88	22	90	23	82	24	51	25	77	26	85	27	42	28	54	29	18	
	0	35	1	31	2	31	3	61	4	55	5	87	6	79	7	90	8	100	9	83	10	97	11	58	12	95	13	76	14	40	15	16	16	46	17	88	18	68	19	54	20	14	21	58	22	50	23	88	24	97	25	33	26	30	27	26	28	15	29	18	
	0	77	1	26	2	66	3	33	4	100	5	67	6	70	7	26	8	55	9	32	10	100	11	87	12	26	13	100	14	20	15	75	16	80	17	60	18	72	19	10	20	82	21	62	22	12	23	86	24	44	25	71	26	78	27	87	28	86	29	96	
	0	87	1	50	2	22	3	46	4	50	5	46	6	64	7	83	8	45	9	62	10	92	11	65	12	69	13	29	14	64	15	60	16	46	17	100	18	20	19	51	20	83	21	49	22	54	23	45	24	60	25	18	26	50	27	64	28	51	29	41	
	0	73	1	96	2	68	3	45	4	91	5	39	6	74	7	10	8	77	9	92	10	67	11	38	12	33	13	34	14	100	15	16	16	85	17	54	18	26	19	48	20	40	21	84	22	78	23	100	24	91	25	36	26	79	27	91	28	51	29	86	
	0	56	1	37	2	83	3	44	4	90	5	90	6	27	7	22	8	73	9	61	10	41	11	17	12	23	13	82	14	53	15	11	16	54	17	44	18	43	19	43	20	17	21	33	22	29	23	90	24	92	25	32	26	87	27	61	28	33	29	35	
	0	92	1	48	2	11	3	42	4	76	5	86	6	92	7	80	8	25	9	86	10	47	11	30	12	27	13	25	14	32	15	68	16	43	17	85	18	25	19	34	20	70	21	79	22	100	23	18	24	50	25	34	26	56	27	20	28	94	29	89	
	0	96	1	58	2	71	3	40	4	34	5	24	6	57	7	30	8	22	9	71	10	30	11	70	12	12	13	98	14	61	15	75	16	22	17	15	18	52	19	54	20	69	21	84	22	66	23	13	24	84	25	93	26	78	27	45	28	87	29	58	
	0	61	1	91	2	51	3	55	4	94	5	51	6	15	7	74	8	27	9	51	10	84	11	39	12	17	13	10	14	65	15	32	16	78	17	75	18	55	19	89	20	29	21	82	22	79	23	36	24	41	25	61	26	52	27	98	28	66	29	77	
	0	29	1	32	2	66	3	42	4	87	5	35	6	97	7	80	8	29	9	84	10	36	11	92	12	90	13	97	14	23	15	31	16	24	17	30	18	48	19	56	20	81	21	78	22	39	23	73	24	10	25	77	26	94	27	15	28	49	29	100	
	0	71	1	22	2	31	3	23	4	36	5	62	6	96	7	87	8	29	9	91	10	26	11	93	12	88	13	30	14	11	15	59	16	62	17	45	18	13	19	25	20	91	21	34	22	55	23	10	24	88	25	62	26	39	27	55	28	66	29	85	
	0	20	1	89	2	15	3	52	4	21	5	47	6	38	7	38	8	82	9	58	10	81	11	10	12	13	13	99	14	87	15	31	16	55	17	37	18	43	19	36	20	41	21	46	22	85	23	89	24	15	25	48	26	67	27	60	28	67	29	12	
	0	63	1	29	2	40	3	64	4	38	5	25	6	87	7	99	8	38	9	76	10	89	11	46	12	26	13	36	14	33	15	15	16	91	17	27	18	43	19	91	20	11	21	89	22	75	23	67	24	46	25	16	26	58	27	93	28	26	29	36	
	0	16	1	53	2	72	3	41	4	39	5	51	6	93	7	96	8	84	9	28	10	28	11	75	12	18	13	74	14	38	15	20	16	76	17	31	18	46	19	17	20	96	21	72	22	70	23	68	24	15	25	65	26	78	27	95	28	89	29	38	
	0	48	1	91	2	49	3	24	4	75	5	80	6	55	7	63	8	76	9	63	10	39	11	88	12	27	13	87	14	97	15	39	16	42	17	38	18	17	19	48	20	45	21	66	22	72	23	59	24	72	25	94	26	69	27	90	28	16	29	26	
	0	33	1	51	2	18	3	76	4	75	5	42	6	21	7	50	8	84	9	19	10	70	11	96	12	28	13	29	14	11	15	61	16	84	17	52	18	54	19	94	20	53	21	20	22	24	23	100	24	92	25	56	26	64	27	59	28	83	29	72	
	0	26	1	37	2	67	3	42	4	91	5	16	6	89	7	34	8	16	9	42	10	15	11	85	12	20	13	93	14	45	15	64	16	65	17	23	18	60	19	37	20	63	21	32	22	27	23	42	24	14	25	100	26	57	27	59	28	78	29	58	
	0	96	1	88	2	78	3	64	4	62	5	72	6	27	7	54	8	81	9	33	10	33	11	79	12	82	13	61	14	44	15	31	16	100	17	39	18	33	19	61	20	10	21	79	22	75	23	42	24	25	25	42	26	75	27	25	28	77	29	33	
	0	53	1	35	2	85	3	85	4	33	5	80	6	75	7	87	8	66	9	57	10	93	11	66	12	85	13	48	14	51	15	41	16	68	17	32	18	33	19	51	20	81	21	53	22	76	23	46	24	60	25	12	26	82	27	93	28	40	29	44	
	0	74	1	47	2	51	3	30	4	57	5	11	6	15	7	99	8	25	9	25	10	94	11	41	12	53	13	92	14	94	15	11	16	26	17	38	18	39	19	49	20	43	21	34	22	59	23	88	24	39	25	64	26	54	27	63	28	82	29	55	
	0	43	1	70	2	42	3	63	4	73	5	28	6	82	7	93	8	71	9	83	10	81	11	23	12	57	13	96	14	54	15	21	16	89	17	92	18	24	19	42	20	67	21	34	22	24	23	14	24	82	25	59	26	24	27	71	28	67	29	92	
	0	18	1	66	2	59	3	26	4	78	5	23	6	41	7	50	8	13	9	12	10	89	11	86	12	34	13	84	14	50	15	21	16	26	17	78	18	41	19	13	20	64	21	33	22	17	23	95	24	10	25	100	26	77	27	49	28	46	29	45	
	0	86	1	71	2	68	3	24	4	34	5	78	6	57	7	21	8	80	9	13	10	40	11	43	12	12	13	99	14	22	15	13	16	20	17	37	18	88	19	76	20	91	21	62	22	100	23	18	24	10	25	17	26	45	27	43	28	91	29	30	
	0	47	1	11	2	95	3	40	4	36	5	44	6	26	7	38	8	21	9	84	10	63	11	71	12	66	13	80	14	39	15	47	16	19	17	54	18	81	19	79	20	45	21	94	22	48	23	18	24	40	25	70	26	83	27	28	28	64	29	78	
	0	67	1	58	2	60	3	37	4	95	5	68	6	82	7	12	8	36	9	87	10	76	11	66	12	11	13	73	14	89	15	90	16	53	17	58	18	71	19	92	20	98	21	72	22	33	23	48	24	88	25	22	26	19	27	37	28	10	29	67	
	0	80	1	19	2	39	3	29	4	73	5	14	6	75	7	99	8	35	9	75	10	94	11	17	12	60	13	86	14	75	15	65	16	95	17	18	18	69	19	40	20	61	21	71	22	23	23	92	24	13	25	29	26	88	27	29	28	51	29	74	
	0	38	1	10	2	28	3	79	4	74	5	24	6	55	7	67	8	76	9	34	10	51	11	64	12	55	13	35	14	30	15	19	16	70	17	14	18	95	19	25	20	74	21	73	22	13	23	29	24	76	25	16	26	77	27	75	28	38	29	92	
	0	96	1	100	2	26	3	56	4	87	5	51	6	93	7	12	8	14	9	13	10	48	11	12	12	88	13	86	14	81	15	33	16	78	17	79	18	47	19	16	20	31	21	40	22	31	23	86	24	77	25	47	26	62	27	54	28	19	29	22	
	0	86	1	26	2	100	3	22	4	65	5	83	6	34	7	41	8	47	9	49	10	52	11	88	12	89	13	100	14	19	15	86	16	36	17	96	18	10	19	35	20	82	21	40	22	22	23	71	24	63	25	62	26	81	27	48	28	26	29	69	
	0	89	1	11	2	38	3	34	4	67	5	88	6	93	7	41	8	81	9	54	10	69	11	28	12	58	13	61	14	52	15	81	16	46	17	94	18	73	19	54	20	56	21	51	22	75	23	88	24	14	25	41	26	81	27	92	28	19	29	36	
	0	82	1	21	2	69	3	31	4	43	5	98	6	29	7	90	8	35	9	75	10	86	11	81	12	57	13	95	14	18	15	67	16	64	17	46	18	40	19	72	20	11	21	54	22	45	23	27	24	14	25	48	26	18	27	28	28	53	29	82	
	0	18	1	20	2	30	3	88	4	42	5	72	6	42	7	81	8	23	9	70	10	10	11	90	12	87	13	15	14	23	15	58	16	48	17	86	18	42	19	14	20	94	21	96	22	65	23	35	24	33	25	69	26	14	27	38	28	65	29	22	
	0	13	1	57	2	91	3	85	4	21	5	75	6	83	7	31	8	67	9	36	10	20	11	68	12	54	13	79	14	59	15	53	16	98	17	24	18	11	19	42	20	91	21	33	22	78	23	77	24	22	25	91	26	30	27	76	28	63	29	29	
	0	77	1	85	2	27	3	100	4	31	5	46	6	12	7	92	8	96	9	85	10	77	11	96	12	31	13	30	14	49	15	74	16	54	17	57	18	52	19	86	20	68	21	58	22	43	23	24	24	15	25	47	26	41	27	83	28	87	29	96	
	0	46	1	40	2	49	3	64	4	36	5	45	6	34	7	88	8	69	9	53	10	99	11	85	12	78	13	31	14	98	15	12	16	75	17	42	18	34	19	72	20	41	21	50	22	66	23	36	24	33	25	23	26	87	27	20	28	45	29	86	
	0	64	1	28	2	93	3	38	4	43	5	79	6	82	7	88	8	73	9	83	10	57	11	65	12	65	13	14	14	99	15	70	16	94	17	36	18	13	19	45	20	87	21	51	22	25	23	90	24	84	25	65	26	100	27	26	28	86	29	17	
	0	49	1	36	2	18	3	52	4	85	5	30	6	98	7	15	8	26	9	37	10	43	11	75	12	14	13	30	14	30	15	96	16	99	17	63	18	57	19	81	20	34	21	69	22	48	23	74	24	77	25	10	26	86	27	34	28	11	29	38	
	0	33	1	86	2	36	3	69	4	44	5	98	6	98	7	95	8	67	9	91	10	35	11	94	12	71	13	58	14	10	15	11	16	99	17	10	18	94	19	82	20	55	21	27	22	69	23	56	24	79	25	60	26	64	27	63	28	21	29	45	
	0	70	1	61	2	44	3	15	4	51	5	36	6	23	7	90	8	53	9	83	10	47	11	34	12	38	13	53	14	77	15	43	16	29	17	24	18	98	19	51	20	56	21	59	22	64	23	32	24	66	25	56	26	24	27	81	28	28	29	15	
	0	55	1	34	2	60	3	30	4	51	5	77	6	39	7	83	8	99	9	31	10	63	11	44	12	52	13	93	14	12	15	32	16	67	17	15	18	46	19	85	20	42	21	100	22	82	23	86	24	36	25	11	26	48	27	95	28	28	29	68	
	0	67	1	57	2	22	3	94	4	62	5	83	6	96	7	25	8	44	9	83	10	66	11	31	12	88	13	59	14	40	15	92	16	78	17	71	18	59	19	37	20	31	21	68	22	27	23	36	24	48	25	40	26	92	27	42	28	39	29	81	
	0	40	1	14	2	16	3	77	4	15	5	43	6	43	7	23	8	99	9	83	10	25	11	93	12	46	13	12	14	79	15	75	16	29	17	17	18	63	19	37	20	16	21	53	22	36	23	52	24	71	25	46	26	16	27	42	28	28	29	67	
	0	51	1	39	2	73	3	86	4	69	5	45	6	65	7	45	8	67	9	93	10	19	11	21	12	41	13	44	14	15	15	86	16	65	17	43	18	84	19	47	20	92	21	87	22	85	23	55	24	17	25	47	26	56	27	36	28	28	29	69	
	0	87	1	89	2	51	3	97	4	24	5	77	6	90	7	17	8	32	9	55	10	92	11	62	12	88	13	79	14	28	15	24	16	91	17	37	18	62	19	63	20	13	21	56	22	54	23	29	24	31	25	14	26	22	27	59	28	47	29	93	
	0	10	1	55	2	63	3	34	4	45	5	54	6	42	7	69	8	47	9	47	10	65	11	92	12	27	13	75	14	78	15	71	16	29	17	98	18	70	19	78	20	19	21	22	22	17	23	49	24	27	25	97	26	88	27	94	28	73	29	95	
	0	20	1	28	2	44	3	22	4	68	5	96	6	74	7	58	8	42	9	81	10	56	11	70	12	21	13	56	14	12	15	97	16	29	17	74	18	29	19	98	20	79	21	48	22	42	23	30	24	22	25	39	26	22	27	93	28	81	29	28	
	0	28	1	96	2	88	3	94	4	100	5	45	6	14	7	90	8	33	9	99	10	98	11	21	12	21	13	74	14	31	15	65	16	26	17	61	18	59	19	88	20	62	21	80	22	83	23	89	24	33	25	91	26	46	27	43	28	43	29	15	
	0	77	1	42	2	83	3	96	4	67	5	48	6	93	7	59	8	71	9	75	10	14	11	27	12	33	13	46	14	56	15	91	16	46	17	62	18	18	19	79	20	54	21	11	22	33	23	41	24	89	25	77	26	90	27	41	28	91	29	50	
	0	63	1	57	2	21	3	59	4	29	5	94	6	41	7	32	8	82	9	91	10	88	11	54	12	35	13	15	14	18	15	60	16	45	17	27	18	72	19	36	20	88	21	87	22	100	23	60	24	80	25	59	26	98	27	53	28	73	29	93	
	0	53	1	12	2	18	3	35	4	78	5	18	6	51	7	26	8	11	9	41	10	24	11	37	12	87	13	34	14	76	15	66	16	51	17	92	18	57	19	96	20	44	21	94	22	39	23	72	24	20	25	50	26	97	27	70	28	39	29	44	
	0	57	1	55	2	41	3	96	4	51	5	74	6	53	7	72	8	36	9	74	10	26	11	63	12	68	13	80	14	46	15	56	16	45	17	35	18	90	19	42	20	82	21	52	22	58	23	32	24	12	25	59	26	29	27	80	28	77	29	58	
	0	59	1	22	2	44	3	44	4	31	5	45	6	83	7	83	8	22	9	47	10	80	11	19	12	82	13	78	14	25	15	46	16	40	17	96	18	20	19	33	20	13	21	50	22	26	23	97	24	30	25	85	26	82	27	40	28	70	29	81	
	0	41	1	14	2	94	3	23	4	51	5	25	6	87	7	54	8	84	9	15	10	50	11	49	12	61	13	51	14	24	15	23	16	19	17	58	18	96	19	38	20	49	21	59	22	39	23	38	24	98	25	82	26	82	27	52	28	24	29	100	
	0	27	1	30	2	59	3	91	4	59	5	19	6	96	7	60	8	80	9	54	10	59	11	79	12	77	13	93	14	28	15	77	16	71	17	50	18	74	19	12	20	77	21	69	22	71	23	62	24	74	25	40	26	78	27	88	28	23	29	66	
	0	54	1	69	2	46	3	49	4	54	5	24	6	42	7	60	8	58	9	34	10	89	11	71	12	94	13	39	14	49	15	23	16	61	17	10	18	69	19	16	20	39	21	99	22	25	23	45	24	20	25	52	26	14	27	35	28	73	29	91	
	0	63	1	64	2	90	3	31	4	56	5	36	6	49	7	42	8	85	9	28	10	50	11	82	12	24	13	56	14	77	15	88	16	51	17	72	18	73	19	72	20	50	21	81	22	57	23	81	24	97	25	36	26	45	27	74	28	38	29	48	
	0	66	1	87	2	12	3	40	4	11	5	89	6	90	7	73	8	77	9	83	10	36	11	91	12	85	13	29	14	21	15	43	16	88	17	12	18	89	19	51	20	68	21	60	22	68	23	36	24	100	25	94	26	29	27	50	28	73	29	18	
	0	76	1	66	2	97	3	66	4	17	5	62	6	97	7	68	8	96	9	63	10	94	11	78	12	25	13	22	14	71	15	25	16	75	17	58	18	40	19	25	20	81	21	95	22	24	23	13	24	37	25	48	26	44	27	11	28	74	29	52	
	0	36	1	71	2	71	3	100	4	100	5	78	6	35	7	14	8	21	9	73	10	56	11	62	12	94	13	47	14	74	15	60	16	26	17	30	18	34	19	14	20	23	21	73	22	39	23	92	24	49	25	65	26	61	27	33	28	68	29	100	
	0	41	1	52	2	90	3	41	4	70	5	38	6	53	7	90	8	14	9	80	10	41	11	22	12	30	13	97	14	87	15	55	16	44	17	96	18	40	19	28	20	80	21	62	22	33	23	78	24	45	25	15	26	15	27	93	28	16	29	20	
	0	19	1	36	2	85	3	55	4	68	5	88	6	34	7	83	8	88	9	61	10	94	11	12	12	79	13	40	14	44	15	37	16	89	17	10	18	19	19	40	20	86	21	75	22	78	23	96	24	37	25	56	26	34	27	78	28	35	29	53	
	0	11	1	40	2	44	3	20	4	53	5	54	6	28	7	88	8	61	9	78	10	65	11	43	12	51	13	32	14	13	15	76	16	95	17	96	18	78	19	71	20	99	21	99	22	49	23	100	24	77	25	65	26	17	27	50	28	80	29	30	
	0	25	1	32	2	43	3	22	4	55	5	52	6	54	7	83	8	46	9	100	10	53	11	16	12	67	13	10	14	14	15	79	16	71	17	67	18	35	19	27	20	55	21	91	22	37	23	74	24	54	25	56	26	84	27	41	28	38	29	71	
	0	89	1	96	2	55	3	17	4	84	5	100	6	51	7	42	8	39	9	61	10	11	11	60	12	89	13	23	14	43	15	28	16	87	17	50	18	27	19	35	20	69	21	93	22	91	23	69	24	24	25	65	26	89	27	15	28	70	29	17	
	0	44	1	11	2	53	3	31	4	79	5	33	6	46	7	85	8	30	9	34	10	89	11	82	12	52	13	73	14	99	15	12	16	23	17	30	18	55	19	48	20	76	21	55	22	77	23	23	24	54	25	68	26	79	27	32	28	88	29	96	
	0	49	1	23	2	79	3	37	4	52	5	12	6	44	7	19	8	62	9	61	10	16	11	54	12	52	13	67	14	77	15	21	16	36	17	10	18	88	19	43	20	23	21	40	22	96	23	73	24	87	25	83	26	95	27	82	28	72	29	76	
	0	64	1	93	2	43	3	56	4	32	5	37	6	71	7	21	8	41	9	41	10	63	11	22	12	59	13	14	14	67	15	13	16	30	17	96	18	98	19	84	20	93	21	56	22	72	23	64	24	71	25	26	26	54	27	99	28	100	29	10	
	0	90	1	26	2	63	3	47	4	63	5	24	6	62	7	80	8	28	9	57	10	53	11	75	12	43	13	12	14	52	15	93	16	27	17	49	18	26	19	36	20	75	21	14	22	25	23	16	24	16	25	65	26	100	27	80	28	80	29	59	
	0	64	1	13	2	59	3	66	4	60	5	53	6	32	7	85	8	10	9	26	10	76	11	69	12	85	13	99	14	49	15	46	16	96	17	88	18	87	19	20	20	78	21	61	22	44	23	40	24	75	25	25	26	96	27	65	28	96	29	72	
	0	62	1	68	2	69	3	44	4	12	5	36	6	38	7	68	8	39	9	93	10	97	11	53	12	90	13	69	14	25	15	90	16	53	17	40	18	35	19	38	20	86	21	65	22	21	23	18	24	24	25	60	26	73	27	85	28	87	29	74	
	0	75	1	62	2	76	3	37	4	18	5	13	6	97	7	89	8	30	9	20	10	30	11	18	12	67	13	88	14	48	15	85	16	78	17	86	18	76	19	83	20	18	21	20	22	15	23	80	24	66	25	78	26	45	27	47	28	28	29	11	
	0	90	1	30	2	90	3	14	4	24	5	41	6	50	7	54	8	72	9	61	10	73	11	88	12	24	13	16	14	100	15	66	16	58	17	45	18	85	19	25	20	16	21	59	22	65	23	90	24	39	25	98	26	17	27	25	28	78	29	13	
	0	81	1	81	2	57	3	21	4	15	5	55	6	52	7	51	8	70	9	74	10	44	11	65	12	94	13	59	14	59	15	79	16	39	17	42	18	12	19	71	20	17	21	13	22	69	23	37	24	98	25	45	26	31	27	58	28	26	29	88	
	0	68	1	100	2	100	3	66	4	65	5	26	6	89	7	68	8	92	9	31	10	73	11	54	12	91	13	51	14	51	15	25	16	32	17	58	18	81	19	25	20	82	21	14	22	35	23	53	24	43	25	39	26	10	27	16	28	30	29	69	
	0	81	1	74	2	73	3	15	4	20	5	67	6	64	7	59	8	76	9	96	10	40	11	53	12	56	13	33	14	22	15	89	16	93	17	46	18	72	19	70	20	86	21	48	22	70	23	54	24	14	25	13	26	54	27	38	28	13	29	92	
	0	79	1	47	2	59	3	55	4	96	5	28	6	56	7	55	8	21	9	88	10	89	11	83	12	56	13	60	14	23	15	45	16	48	17	99	18	94	19	58	20	43	21	19	22	23	23	54	24	38	25	34	26	51	27	64	28	88	29	17	
	0	61	1	97	2	64	3	75	4	71	5	93	6	52	7	65	8	48	9	53	10	47	11	31	12	67	13	60	14	23	15	84	16	12	17	83	18	58	19	59	20	51	21	10	22	50	23	47	24	62	25	30	26	47	27	54	28	26	29	52	
	0	33	1	48	2	94	3	94	4	57	5	94	6	71	7	40	8	90	9	29	10	55	11	13	12	13	13	40	14	49	15	87	16	26	17	78	18	82	19	87	20	14	21	53	22	39	23	38	24	58	25	83	26	76	27	28	28	89	29	31	
	0	100	1	93	2	27	3	60	4	84	5	15	6	60	7	10	8	73	9	31	10	13	11	98	12	88	13	53	14	92	15	74	16	22	17	41	18	57	19	56	20	17	21	93	22	74	23	52	24	38	25	35	26	55	27	87	28	43	29	88	
	0	31	1	97	2	83	3	63	4	16	5	19	6	55	7	20	8	39	9	16	10	95	11	37	12	55	13	62	14	34	15	64	16	49	17	33	18	94	19	100	20	84	21	50	22	50	23	37	24	22	25	31	26	48	27	40	28	30	29	23	
	0	72	1	22	2	97	3	17	4	98	5	78	6	84	7	46	8	97	9	81	10	63	11	30	12	33	13	92	14	22	15	36	16	78	17	77	18	18	19	96	20	82	21	28	22	26	23	96	24	35	25	96	26	51	27	86	28	38	29	43	
	0	53	1	40	2	97	3	11	4	63	5	15	6	17	7	33	8	40	9	25	10	12	11	78	12	60	13	84	14	72	15	97	16	92	17	54	18	91	19	94	20	44	21	52	22	19	23	99	24	35	25	97	26	56	27	99	28	64	29	39	
	0	83	1	95	2	14	3	23	4	11	5	17	6	34	7	95	8	41	9	10	10	31	11	53	12	83	13	44	14	66	15	74	16	77	17	86	18	48	19	55	20	69	21	93	22	73	23	15	24	79	25	64	26	41	27	62	28	40	29	67	
	0	35	1	15	2	39	3	71	4	25	5	81	6	66	7	27	8	78	9	64	10	57	11	19	12	99	13	79	14	29	15	72	16	14	17	72	18	48	19	98	20	90	21	78	22	70	23	80	24	63	25	99	26	96	27	65	28	46	29	13	
	0	50	1	35	2	59	3	97	4	76	5	74	6	43	7	98	8	34	9	29	10	59	11	27	12	38	13	50	14	95	15	47	16	78	17	35	18	69	19	82	20	42	21	63	22	30	23	24	24	71	25	99	26	61	27	96	28	41	29	95	
	0	51	1	43	2	96	3	63	4	80	5	98	6	94	7	63	8	90	9	63	10	92	11	62	12	69	13	76	14	60	15	15	16	24	17	90	18	23	19	86	20	34	21	11	22	11	23	55	24	34	25	58	26	19	27	30	28	89	29	72	
	0	44	1	51	2	98	3	70	4	10	5	99	6	23	7	99	8	32	9	16	10	99	11	10	12	65	13	42	14	64	15	77	16	79	17	97	18	94	19	22	20	98	21	41	22	59	23	39	24	80	25	86	26	63	27	39	28	40	29	22	
	0	28	1	67	2	80	3	78	4	65	5	50	6	42	7	25	8	17	9	13	10	87	11	46	12	100	13	53	14	51	15	47	16	69	17	93	18	77	19	21	20	39	21	26	22	75	23	49	24	15	25	69	26	54	27	52	28	28	29	88	
	0	72	1	23	2	98	3	67	4	69	5	49	6	53	7	47	8	31	9	20	10	44	11	43	12	62	13	19	14	92	15	59	16	26	17	25	18	19	19	70	20	57	21	86	22	81	23	77	24	24	25	54	26	35	27	67	28	10	29	32	
	0	79	1	50	2	16	3	71	4	30	5	76	6	86	7	99	8	75	9	86	10	77	11	87	12	80	13	39	14	83	15	97	16	62	17	18	18	61	19	68	20	49	21	89	22	11	23	12	24	57	25	54	26	91	27	61	28	61	29	49	
	0	42	1	16	2	90	3	69	4	15	5	38	6	95	7	27	8	89	9	33	10	93	11	54	12	26	13	24	14	31	15	62	16	97	17	29	18	73	19	35	20	58	21	49	22	100	23	14	24	96	25	91	26	70	27	21	28	61	29	34	
	0	94	1	13	2	49	3	79	4	58	5	28	6	46	7	79	8	53	9	45	10	96	11	35	12	74	13	81	14	59	15	67	16	52	17	93	18	47	19	34	20	71	21	38	22	23	23	36	24	77	25	28	26	88	27	97	28	41	29	19	
	0	94	1	28	2	31	3	90	4	88	5	69	6	48	7	79	8	66	9	88	10	48	11	57	12	92	13	90	14	95	15	73	16	84	17	73	18	91	19	99	20	67	21	71	22	64	23	85	24	89	25	42	26	28	27	35	28	73	29	82	
	0	36	1	39	2	88	3	79	4	61	5	95	6	97	7	70	8	48	9	46	10	67	11	17	12	77	13	85	14	35	15	45	16	86	17	12	18	18	19	35	20	98	21	85	22	50	23	84	24	12	25	28	26	46	27	43	28	25	29	54	
	0	47	1	86	2	48	3	55	4	12	5	11	6	34	7	100	8	91	9	44	10	86	11	15	12	25	13	99	14	59	15	26	16	73	17	19	18	17	19	45	20	33	21	48	22	16	23	57	24	36	25	10	26	39	27	33	28	18	29	81	
	0	34	1	48	2	41	3	79	4	11	5	57	6	91	7	69	8	60	9	74	10	17	11	80	12	51	13	28	14	47	15	68	16	95	17	35	18	57	19	53	20	17	21	25	22	49	23	88	24	31	25	36	26	27	27	24	28	63	29	99	
	0	10	1	72	2	60	3	29	4	53	5	47	6	88	7	16	8	50	9	54	10	40	11	84	12	37	13	61	14	10	15	23	16	32	17	17	18	95	19	34	20	98	21	37	22	65	23	25	24	75	25	82	26	40	27	46	28	20	29	46	
	0	91	1	65	2	38	3	78	4	49	5	65	6	75	7	57	8	25	9	30	10	62	11	91	12	43	13	41	14	65	15	47	16	38	17	18	18	76	19	93	20	46	21	66	22	61	23	39	24	42	25	20	26	92	27	90	28	59	29	48	
	0	40	1	49	2	10	3	67	4	23	5	64	6	70	7	78	8	14	9	44	10	71	11	75	12	12	13	86	14	14	15	100	16	66	17	54	18	100	19	68	20	60	21	52	22	72	23	64	24	51	25	16	26	94	27	16	28	38	29	86	
	0	89	1	34	2	55	3	99	4	62	5	76	6	12	7	72	8	81	9	56	10	29	11	45	12	43	13	46	14	13	15	82	16	57	17	72	18	47	19	81	20	12	21	45	22	23	23	11	24	90	25	37	26	37	27	34	28	76	29	38	
	0	31	1	16	2	80	3	62	4	45	5	56	6	36	7	20	8	87	9	88	10	46	11	97	12	62	13	68	14	40	15	41	16	46	17	85	18	36	19	53	20	89	21	89	22	18	23	75	24	14	25	42	26	31	27	91	28	96	29	73	
	0	31	1	69	2	91	3	14	4	23	5	30	6	14	7	60	8	77	9	27	10	28	11	80	12	19	13	66	14	59	15	89	16	61	17	22	18	81	19	47	20	64	21	24	22	67	23	59	24	45	25	76	26	72	27	90	28	11	29	45	
	0	47	1	78	2	32	3	53	4	98	5	72	6	60	7	71	8	73	9	71	10	72	11	96	12	48	13	95	14	66	15	22	16	77	17	90	18	68	19	89	20	87	21	64	22	36	23	85	24	64	25	31	26	87	27	52	28	93	29	44	
	0	19	1	72	2	46	3	24	4	72	5	30	6	92	7	17	8	24	9	32	10	99	11	62	12	26	13	57	14	29	15	90	16	15	17	11	18	52	19	48	20	93	21	71	22	54	23	97	24	42	25	14	26	42	27	36	28	23	29	86	
	0	63	1	24	2	45	3	43	4	54	5	24	6	99	7	23	8	98	9	25	10	61	11	22	12	10	13	55	14	34	15	19	16	19	17	80	18	76	19	32	20	71	21	92	22	86	23	73	24	26	25	80	26	75	27	74	28	52	29	30	
	0	80	1	85	2	88	3	54	4	32	5	29	6	17	7	10	8	95	9	65	10	61	11	82	12	12	13	44	14	47	15	10	16	49	17	27	18	57	19	71	20	27	21	82	22	27	23	48	24	68	25	61	26	21	27	89	28	42	29	80	
	0	35	1	73	2	38	3	47	4	72	5	20	6	34	7	67	8	93	9	99	10	74	11	92	12	36	13	41	14	61	15	15	16	38	17	97	18	100	19	67	20	68	21	22	22	34	23	98	24	28	25	99	26	82	27	47	28	73	29	45	
	0	88	1	42	2	64	3	12	4	20	5	26	6	53	7	61	8	32	9	79	10	24	11	91	12	79	13	96	14	46	15	64	16	17	17	64	18	29	19	38	20	58	21	57	22	96	23	60	24	61	25	68	26	81	27	99	28	36	29	52	
	0	50	1	26	2	76	3	37	4	22	5	11	6	33	7	72	8	34	9	60	10	68	11	15	12	41	13	91	14	99	15	14	16	57	17	82	18	71	19	14	20	77	21	46	22	53	23	41	24	50	25	39	26	88	27	77	28	11	29	65	
	0	54	1	54	2	100	3	55	4	39	5	71	6	30	7	58	8	50	9	45	10	83	11	33	12	86	13	95	14	82	15	81	16	99	17	40	18	23	19	86	20	86	21	92	22	37	23	55	24	79	25	29	26	72	27	40	28	33	29	32	
	0	56	1	49	2	12	3	76	4	26	5	96	6	70	7	49	8	67	9	26	10	27	11	15	12	58	13	57	14	26	15	79	16	43	17	91	18	88	19	52	20	51	21	39	22	53	23	22	24	45	25	55	26	12	27	54	28	47	29	67	
	0	100	1	62	2	97	3	31	4	29	5	63	6	27	7	12	8	46	9	65	10	26	11	42	12	78	13	73	14	93	15	52	16	96	17	73	18	83	19	23	20	58	21	87	22	25	23	82	24	95	25	95	26	59	27	46	28	67	29	19	
	0	50	1	53	2	80	3	26	4	18	5	100	6	83	7	16	8	66	9	34	10	24	11	95	12	96	13	45	14	86	15	79	16	85	17	71	18	14	19	27	20	38	21	24	22	62	23	16	24	91	25	73	26	58	27	70	28	38	29	25	
	0	96	1	20	2	12	3	94	4	69	5	50	6	56	7	85	8	14	9	54	10	15	11	64	12	90	13	29	14	47	15	31	16	36	17	16	18	21	19	13	20	22	21	33	22	12	23	19	24	87	25	29	26	49	27	13	28	82	29	72	
	0	36	1	44	2	57	3	70	4	22	5	33	6	43	7	58	8	98	9	87	10	10	11	78	12	64	13	60	14	42	15	14	16	14	17	53	18	34	19	82	20	54	21	31	22	54	23	76	24	78	25	87	26	92	27	94	28	12	29	76	
	0	35	1	38	2	51	3	12	4	79	5	19	6	54	7	66	8	100	9	47	10	64	11	27	12	16	13	74	14	78	15	11	16	34	17	12	18	64	19	95	20	46	21	64	22	46	23	35	24	96	25	55	26	37	27	53	28	77	29	14	
	0	19	1	87	2	19	3	73	4	36	5	21	6	27	7	83	8	100	9	70	10	60	11	22	12	75	13	31	14	86	15	37	16	68	17	83	18	26	19	62	20	65	21	15	22	96	23	51	24	30	25	98	26	80	27	96	28	69	29	72	
	0	75	1	65	2	19	3	78	4	64	5	36	6	50	7	58	8	53	9	99	10	53	11	76	12	89	13	37	14	78	15	81	16	81	17	77	18	26	19	91	20	55	21	59	22	56	23	29	24	15	25	59	26	82	27	30	28	33	29	41	
	0	81	1	32	2	65	3	66	4	23	5	75	6	21	7	44	8	86	9	51	10	90	11	14	12	55	13	23	14	63	15	20	16	24	17	52	18	40	19	60	20	56	21	15	22	28	23	38	24	71	25	95	26	96	27	11	28	58	29	60	
	0	75	1	18	2	81	3	68	4	93	5	66	6	93	7	68	8	44	9	19	10	47	11	68	12	41	13	54	14	62	15	27	16	29	17	82	18	31	19	75	20	67	21	97	22	94	23	29	24	14	25	66	26	29	27	42	28	81	29	47	
	0	36	1	15	2	33	3	69	4	62	5	25	6	27	7	48	8	51	9	90	10	39	11	47	12	67	13	15	14	62	15	20	16	26	17	78	18	29	19	100	20	67	21	54	22	68	23	42	24	59	25	20	26	45	27	55	28	14	29	82	
	0	40	1	41	2	17	3	36	4	50	5	29	6	90	7	97	8	89	9	84	10	86	11	95	12	90	13	82	14	97	15	48	16	45	17	88	18	83	19	81	20	35	21	16	22	74	23	58	24	34	25	44	26	90	27	79	28	27	29	70	
	0	52	1	89	2	73	3	94	4	22	5	42	6	45	7	21	8	39	9	67	10	25	11	32	12	78	13	51	14	43	15	59	16	83	17	75	18	26	19	60	20	58	21	95	22	38	23	60	24	17	25	82	26	91	27	15	28	73	29	36	
	0	68	1	20	2	90	3	34	4	41	5	32	6	15	7	98	8	19	9	100	10	16	11	90	12	80	13	50	14	57	15	79	16	56	17	46	18	46	19	98	20	86	21	22	22	52	23	59	24	88	25	74	26	29	27	69	28	87	29	68	
	0	48	1	77	2	49	3	24	4	10	5	62	6	75	7	11	8	79	9	44	10	28	11	34	12	46	13	66	14	57	15	52	16	61	17	24	18	87	19	63	20	15	21	65	22	17	23	45	24	29	25	40	26	54	27	49	28	81	29	43	
	0	12	1	91	2	44	3	88	4	86	5	11	6	23	7	78	8	62	9	87	10	69	11	34	12	16	13	76	14	38	15	89	16	87	17	93	18	54	19	19	20	37	21	22	22	72	23	24	24	98	25	89	26	83	27	48	28	58	29	63	
	0	99	1	71	2	98	3	37	4	46	5	67	6	60	7	90	8	40	9	89	10	24	11	68	12	37	13	62	14	40	15	30	16	80	17	33	18	72	19	55	20	95	21	55	22	26	23	30	24	34	25	83	26	64	27	75	28	75	29	60	
	0	83	1	89	2	24	3	44	4	56	5	67	6	56	7	38	8	53	9	77	10	77	11	83	12	23	13	79	14	93	15	78	16	25	17	37	18	82	19	30	20	51	21	44	22	94	23	26	24	68	25	93	26	72	27	48	28	19	29	49	
	0	82	1	43	2	76	3	89	4	21	5	95	6	50	7	69	8	83	9	11	10	28	11	86	12	11	13	67	14	79	15	76	16	95	17	11	18	45	19	66	20	70	21	91	22	29	23	19	24	13	25	94	26	64	27	19	28	68	29	53	
	0	74	1	12	2	56	3	87	4	63	5	85	6	64	7	89	8	91	9	50	10	84	11	88	12	54	13	62	14	14	15	100	16	22	17	14	18	62	19	57	20	62	21	31	22	15	23	31	24	88	25	38	26	40	27	30	28	80	29	16	
	0	17	1	16	2	18	3	79	4	85	5	73	6	10	7	91	8	73	9	52	10	75	11	100	12	87	13	91	14	93	15	76	16	65	17	25	18	13	19	70	20	19	21	63	22	16	23	90	24	80	25	46	26	81	27	98	28	38	29	16	
	0	98	1	91	2	32	3	75	4	96	5	36	6	89	7	37	8	75	9	31	10	24	11	66	12	18	13	64	14	53	15	86	16	69	17	29	18	75	19	33	20	32	21	84	22	56	23	40	24	96	25	62	26	67	27	40	28	57	29	34	
	0	14	1	26	2	19	3	59	4	19	5	53	6	79	7	40	8	15	9	53	10	37	11	23	12	21	13	35	14	86	15	36	16	22	17	79	18	20	19	94	20	14	21	59	22	46	23	58	24	88	25	38	26	48	27	51	28	65	29	100	
	0	84	1	83	2	55	3	75	4	25	5	35	6	36	7	100	8	67	9	79	10	33	11	39	12	46	13	64	14	19	15	68	16	58	17	70	18	15	19	35	20	81	21	77	22	99	23	62	24	99	25	60	26	35	27	27	28	35	29	86	
	0	57	1	35	2	29	3	81	4	83	5	77	6	96	7	40	8	94	9	27	10	10	11	22	12	77	13	24	14	78	15	52	16	95	17	69	18	55	19	25	20	10	21	93	22	49	23	76	24	69	25	40	26	26	27	40	28	100	29	70	
	0	78	1	22	2	82	3	59	4	60	5	32	6	13	7	54	8	88	9	41	10	75	11	56	12	18	13	13	14	11	15	21	16	79	17	77	18	69	19	96	20	98	21	98	22	35	23	66	24	53	25	83	26	56	27	40	28	59	29	78	
	0	66	1	92	2	47	3	61	4	40	5	70	6	76	7	72	8	63	9	10	10	94	11	78	12	78	13	62	14	55	15	100	16	76	17	95	18	74	19	11	20	78	21	34	22	16	23	19	24	16	25	61	26	66	27	28	28	71	29	98	
	0	53	1	91	2	89	3	24	4	31	5	65	6	23	7	24	8	81	9	75	10	99	11	12	12	14	13	92	14	66	15	79	16	79	17	54	18	83	19	41	20	56	21	59	22	20	23	33	24	44	25	45	26	30	27	63	28	94	29	19	
	0	26	1	31	2	62	3	78	4	40	5	29	6	69	7	70	8	70	9	79	10	37	11	68	12	10	13	26	14	72	15	99	16	10	17	47	18	10	19	40	20	71	21	67	22	96	23	89	24	51	25	12	26	32	27	86	28	67	29	33	
	0	12	1	40	2	24	3	68	4	55	5	29	6	62	7	49	8	81	9	58	10	65	11	70	12	66	13	83	14	37	15	54	16	44	17	36	18	58	19	63	20	43	21	85	22	12	23	17	24	88	25	78	26	33	27	56	28	67	29	81	
	0	35	1	66	2	29	3	48	4	74	5	20	6	59	7	60	8	39	9	31	10	53	11	63	12	56	13	39	14	13	15	99	16	72	17	93	18	39	19	71	20	30	21	15	22	58	23	47	24	51	25	39	26	64	27	62	28	34	29	35	
	0	93	1	23	2	37	3	37	4	98	5	44	6	99	7	22	8	69	9	13	10	83	11	49	12	80	13	55	14	72	15	58	16	18	17	29	18	37	19	70	20	39	21	16	22	53	23	46	24	48	25	91	26	99	27	20	28	11	29	67	
	0	24	1	25	2	53	3	52	4	59	5	64	6	84	7	16	8	90	9	70	10	96	11	86	12	47	13	54	14	69	15	59	16	20	17	84	18	35	19	26	20	24	21	77	22	49	23	76	24	21	25	39	26	67	27	90	28	51	29	28	
	0	80	1	99	2	36	3	37	4	20	5	40	6	37	7	33	8	53	9	90	10	69	11	82	12	64	13	23	14	83	15	53	16	63	17	35	18	18	19	92	20	73	21	83	22	66	23	27	24	48	25	73	26	50	27	80	28	100	29	51	
	0	80	1	15	2	35	3	86	4	39	5	65	6	24	7	38	8	21	9	30	10	46	11	60	12	36	13	54	14	29	15	25	16	49	17	68	18	100	19	15	20	63	21	81	22	14	23	40	24	25	25	91	26	31	27	71	28	94	29	27	
	0	51	1	15	2	87	3	15	4	35	5	90	6	50	7	91	8	82	9	32	10	51	11	92	12	25	13	100	14	65	15	38	16	76	17	28	18	92	19	39	20	55	21	16	22	30	23	60	24	50	25	54	26	63	27	78	28	96	29	91	
	0	21	1	26	2	74	3	76	4	21	5	62	6	27	7	70	8	42	9	20	10	15	11	99	12	72	13	31	14	99	15	42	16	90	17	35	18	33	19	33	20	50	21	13	22	80	23	13	24	98	25	17	26	79	27	59	28	66	29	71	
	0	92	1	54	2	30	3	39	4	13	5	74	6	72	7	15	8	19	9	87	10	90	11	43	12	70	13	23	14	40	15	47	16	27	17	94	18	40	19	97	20	10	21	38	22	98	23	39	24	13	25	10	26	79	27	34	28	16	29	100	
	0	34	1	81	2	37	3	90	4	30	5	87	6	94	7	72	8	72	9	19	10	22	11	57	12	66	13	67	14	68	15	91	16	22	17	14	18	20	19	96	20	20	21	32	22	82	23	92	24	99	25	41	26	17	27	48	28	96	29	39	
	0	45	1	40	2	64	3	76	4	67	5	91	6	76	7	40	8	45	9	60	10	65	11	89	12	68	13	70	14	17	15	20	16	75	17	45	18	56	19	26	20	16	21	45	22	61	23	38	24	62	25	49	26	66	27	82	28	65	29	96	
	0	83	1	16	2	71	3	100	4	20	5	41	6	75	7	66	8	97	9	26	10	40	11	67	12	31	13	33	14	28	15	55	16	29	17	21	18	83	19	24	20	79	21	57	22	90	23	26	24	21	25	29	26	50	27	95	28	67	29	11	
	0	30	1	84	2	53	3	27	4	65	5	41	6	69	7	75	8	85	9	74	10	87	11	21	12	17	13	41	14	46	15	86	16	88	17	93	18	20	19	67	20	55	21	63	22	23	23	79	24	48	25	98	26	57	27	75	28	41	29	11	
	0	12	1	69	2	22	3	71	4	48	5	39	6	97	7	48	8	80	9	29	10	42	11	93	12	70	13	45	14	30	15	89	16	21	17	84	18	92	19	48	20	95	21	96	22	14	23	83	24	47	25	36	26	61	27	31	28	39	29	30	
	0	43	1	36	2	33	3	99	4	43	5	60	6	62	7	63	8	23	9	23	10	68	11	95	12	15	13	45	14	44	15	24	16	52	17	20	18	73	19	39	20	16	21	90	22	52	23	78	24	97	25	83	26	44	27	80	28	19	29	67	
	0	63	1	99	2	71	3	53	4	62	5	77	6	30	7	63	8	83	9	69	10	100	11	18	12	64	13	45	14	96	15	66	16	43	17	77	18	37	19	62	20	52	21	86	22	52	23	25	24	98	25	36	26	12	27	75	28	35	29	46	
	0	29	1	95	2	12	3	34	4	85	5	100	6	81	7	43	8	67	9	87	10	26	11	33	12	24	13	22	14	100	15	69	16	48	17	21	18	26	19	85	20	40	21	56	22	43	23	12	24	94	25	37	26	82	27	20	28	50	29	66	
	0	16	1	40	2	60	3	12	4	47	5	93	6	11	7	80	8	28	9	71	10	18	11	62	12	11	13	38	14	44	15	74	16	41	17	51	18	100	19	42	20	20	21	93	22	20	23	88	24	80	25	79	26	94	27	63	28	53	29	82	
	0	25	1	53	2	86	3	62	4	59	5	84	6	86	7	22	8	23	9	40	10	57	11	49	12	45	13	84	14	93	15	86	16	37	17	67	18	100	19	28	20	75	21	88	22	90	23	10	24	47	25	92	26	22	27	32	28	61	29	72	
	0	51	1	79	2	68	3	10	4	26	5	83	6	61	7	71	8	23	9	92	10	79	11	81	12	78	13	42	14	28	15	84	16	99	17	52	18	85	19	22	20	11	21	19	22	31	23	36	24	83	25	25	26	64	27	36	28	86	29	80	
	0	38	1	28	2	86	3	23	4	56	5	47	6	19	7	93	8	50	9	49	10	20	11	84	12	43	13	89	14	19	15	74	16	59	17	70	18	70	19	80	20	86	21	12	22	82	23	36	24	78	25	92	26	22	27	28	28	84	29	26	
	0	91	1	10	2	87	3	27	4	77	5	92	6	49	7	20	8	73	9	33	10	29	11	25	12	86	13	99	14	79	15	24	16	80	17	74	18	75	19	28	20	38	21	84	22	57	23	47	24	66	25	91	26	12	27	79	28	55	29	42	
	0	43	1	45	2	79	3	69	4	62	5	32	6	81	7	25	8	52	9	79	10	17	11	92	12	98	13	86	14	33	15	38	16	89	17	23	18	70	19	81	20	33	21	33	22	61	23	52	24	78	25	68	26	45	27	95	28	48	29	13	
	0	52	1	95	2	80	3	68	4	25	5	56	6	69	7	56	8	56	9	61	10	26	11	12	12	41	13	84	14	44	15	36	16	40	17	17	18	34	19	10	20	48	21	83	22	11	23	26	24	57	25	81	26	26	27	51	28	96	29	88	
	0	19	1	69	2	52	3	85	4	58	5	63	6	17	7	31	8	42	9	97	10	15	11	77	12	21	13	28	14	51	15	46	16	40	17	97	18	92	19	89	20	11	21	53	22	57	23	28	24	25	25	62	26	94	27	19	28	27	29	60	
	0	52	1	37	2	32	3	48	4	33	5	49	6	23	7	24	8	45	9	97	10	63	11	42	12	43	13	52	14	15	15	89	16	49	17	68	18	82	19	34	20	10	21	65	22	39	23	12	24	23	25	65	26	72	27	88	28	46	29	88	
	0	67	1	41	2	86	3	34	4	66	5	13	6	30	7	96	8	96	9	57	10	53	11	79	12	23	13	82	14	37	15	95	16	93	17	43	18	89	19	72	20	84	21	57	22	91	23	24	24	46	25	25	26	10	27	44	28	29	29	43	
	0	75	1	37	2	90	3	19	4	23	5	57	6	16	7	82	8	72	9	33	10	22	11	52	12	12	13	14	14	75	15	17	16	81	17	15	18	15	19	16	20	88	21	65	22	65	23	47	24	41	25	30	26	17	27	79	28	75	29	96	
	0	72	1	50	2	28	3	88	4	89	5	66	6	81	7	16	8	48	9	83	10	93	11	32	12	38	13	54	14	14	15	44	16	81	17	14	18	100	19	38	20	66	21	60	22	50	23	51	24	88	25	31	26	62	27	44	28	100	29	44	
	0	54	1	76	2	37	3	97	4	46	5	44	6	17	7	55	8	75	9	82	10	100	11	38	12	39	13	61	14	34	15	53	16	21	17	58	18	79	19	55	20	55	21	63	22	12	23	55	24	36	25	21	26	81	27	19	28	42	29	70	
	0	68	1	62	2	79	3	41	4	71	5	61	6	55	7	83	8	22	9	62	10	27	11	76	12	64	13	47	14	30	15	56	16	70	17	77	18	92	19	35	20	41	21	86	22	66	23	56	24	44	25	52	26	53	27	54	28	14	29	76	
	0	34	1	74	2	60	3	15	4	91	5	94	6	56	7	80	8	89	9	12	10	51	11	99	12	57	13	30	14	49	15	52	16	40	17	100	18	24	19	94	20	32	21	29	22	57	23	58	24	28	25	12	26	20	27	21	28	41	29	82	
	0	23	1	89	2	38	3	16	4	12	5	44	6	35	7	23	8	17	9	47	10	21	11	87	12	83	13	73	14	50	15	31	16	50	17	81	18	85	19	45	20	86	21	95	22	20	23	16	24	73	25	62	26	25	27	47	28	93	29	83	
	0	67	1	98	2	39	3	49	4	86	5	57	6	26	7	71	8	99	9	36	10	29	11	86	12	67	13	45	14	40	15	77	16	16	17	19	18	54	19	40	20	50	21	30	22	89	23	85	24	83	25	10	26	35	27	100	28	53	29	24	
	0	62	1	83	2	30	3	15	4	89	5	96	6	83	7	17	8	14	9	25	10	77	11	82	12	90	13	47	14	88	15	88	16	25	17	90	18	85	19	82	20	93	21	99	22	49	23	62	24	16	25	59	26	66	27	59	28	89	29	31	
	0	22	1	57	2	89	3	85	4	47	5	53	6	34	7	15	8	57	9	65	10	20	11	36	12	49	13	27	14	24	15	12	16	48	17	64	18	60	19	27	20	76	21	53	22	100	23	15	24	85	25	63	26	41	27	59	28	41	29	83	
	0	38	1	95	2	93	3	57	4	56	5	87	6	58	7	10	8	33	9	82	10	12	11	14	12	34	13	85	14	37	15	55	16	68	17	48	18	18	19	34	20	19	21	56	22	97	23	41	24	95	25	64	26	43	27	43	28	59	29	89	
	0	90	1	36	2	45	3	78	4	97	5	42	6	83	7	19	8	71	9	77	10	50	11	28	12	80	13	66	14	78	15	64	16	82	17	43	18	43	19	67	20	58	21	89	22	77	23	95	24	57	25	62	26	94	27	11	28	43	29	36	
	0	51	1	48	2	60	3	17	4	79	5	88	6	44	7	44	8	55	9	37	10	60	11	38	12	89	13	76	14	51	15	74	16	26	17	26	18	58	19	60	20	97	21	19	22	13	23	78	24	54	25	28	26	80	27	78	28	16	29	99	
	0	14	1	16	2	13	3	37	4	57	5	31	6	36	7	82	8	77	9	43	10	60	11	98	12	29	13	27	14	58	15	86	16	24	17	60	18	73	19	51	20	54	21	55	22	86	23	58	24	31	25	68	26	88	27	64	28	89	29	29	
	0	75	1	95	2	61	3	62	4	95	5	53	6	72	7	87	8	39	9	87	10	81	11	85	12	39	13	66	14	71	15	21	16	71	17	87	18	22	19	100	20	73	21	89	22	81	23	25	24	23	25	89	26	32	27	39	28	82	29	30	
	0	16	1	31	2	98	3	69	4	57	5	57	6	31	7	44	8	66	9	25	10	76	11	30	12	55	13	27	14	57	15	62	16	99	17	81	18	61	19	74	20	42	21	100	22	25	23	84	24	63	25	95	26	62	27	69	28	71	29	10	
	0	52	1	89	2	79	3	98	4	93	5	86	6	88	7	66	8	58	9	11	10	87	11	73	12	57	13	33	14	95	15	46	16	39	17	85	18	72	19	19	20	69	21	37	22	48	23	88	24	15	25	36	26	68	27	54	28	90	29	74	
	0	60	1	10	2	100	3	17	4	61	5	34	6	41	7	67	8	29	9	81	10	33	11	20	12	33	13	19	14	24	15	84	16	15	17	35	18	78	19	86	20	45	21	91	22	82	23	52	24	91	25	34	26	73	27	31	28	47	29	65	
	0	66	1	88	2	84	3	61	4	15	5	53	6	75	7	18	8	46	9	45	10	57	11	22	12	15	13	80	14	91	15	78	16	78	17	18	18	65	19	40	20	53	21	39	22	77	23	84	24	98	25	17	26	54	27	67	28	80	29	48	
	0	92	1	68	2	59	3	30	4	38	5	98	6	11	7	68	8	61	9	49	10	21	11	31	12	44	13	58	14	16	15	30	16	43	17	79	18	64	19	83	20	66	21	17	22	82	23	28	24	99	25	28	26	31	27	23	28	70	29	56	
	0	30	1	84	2	99	3	75	4	37	5	18	6	61	7	76	8	17	9	84	10	21	11	73	12	67	13	99	14	35	15	53	16	12	17	46	18	73	19	81	20	50	21	70	22	80	23	67	24	80	25	22	26	19	27	56	28	48	29	51	
	0	75	1	66	2	85	3	87	4	47	5	79	6	76	7	82	8	62	9	36	10	49	11	89	12	41	13	95	14	21	15	12	16	74	17	36	18	19	19	33	20	76	21	52	22	22	23	89	24	21	25	81	26	98	27	72	28	50	29	89	
	0	32	1	18	2	87	3	12	4	96	5	36	6	15	7	47	8	34	9	60	10	33	11	18	12	11	13	42	14	16	15	70	16	69	17	26	18	79	19	56	20	81	21	45	22	69	23	46	24	65	25	50	26	32	27	67	28	65	29	12	
	0	92	1	79	2	65	3	28	4	98	5	16	6	61	7	33	8	57	9	53	10	41	11	74	12	90	13	86	14	64	15	85	16	89	17	37	18	18	19	20	20	58	21	90	22	63	23	85	24	78	25	10	26	73	27	30	28	18	29	94	
	0	82	1	36	2	49	3	78	4	52	5	15	6	47	7	66	8	15	9	11	10	43	11	15	12	43	13	24	14	16	15	10	16	46	17	19	18	25	19	94	20	94	21	89	22	26	23	77	24	37	25	81	26	53	27	73	28	56	29	47	
	0	54	1	28	2	63	3	50	4	58	5	60	6	36	7	29	8	76	9	88	10	94	11	26	12	100	13	31	14	99	15	99	16	60	17	34	18	59	19	70	20	36	21	95	22	89	23	15	24	94	25	66	26	70	27	82	28	74	29	95	
	0	61	1	90	2	56	3	70	4	77	5	68	6	66	7	36	8	86	9	33	10	78	11	100	12	58	13	57	14	93	15	89	16	81	17	11	18	32	19	36	20	15	21	89	22	39	23	46	24	66	25	34	26	17	27	97	28	59	29	52	
	0	29	1	84	2	54	3	12	4	70	5	99	6	30	7	52	8	48	9	88	10	91	11	25	12	75	13	18	14	56	15	100	16	84	17	38	18	75	19	51	20	92	21	55	22	57	23	24	24	81	25	86	26	26	27	66	28	65	29	47	
	0	79	1	61	2	93	3	43	4	80	5	71	6	98	7	76	8	19	9	32	10	29	11	12	12	62	13	57	14	61	15	53	16	43	17	94	18	36	19	10	20	70	21	64	22	94	23	55	24	51	25	42	26	68	27	13	28	29	29	92	
	0	98	1	34	2	63	3	73	4	24	5	47	6	41	7	85	8	20	9	18	10	73	11	42	12	53	13	41	14	60	15	85	16	54	17	99	18	35	19	44	20	40	21	49	22	64	23	70	24	21	25	39	26	61	27	86	28	22	29	44	
	0	66	1	46	2	72	3	46	4	39	5	50	6	100	7	29	8	37	9	59	10	17	11	27	12	81	13	66	14	28	15	57	16	13	17	23	18	55	19	71	20	11	21	69	22	37	23	47	24	56	25	54	26	61	27	39	28	79	29	64	
	0	88	1	31	2	90	3	26	4	38	5	11	6	21	7	60	8	81	9	55	10	89	11	10	12	27	13	51	14	49	15	82	16	91	17	61	18	75	19	36	20	74	21	90	22	37	23	45	24	29	25	53	26	80	27	88	28	94	29	45	
	0	57	1	43	2	54	3	56	4	82	5	15	6	55	7	56	8	26	9	62	10	21	11	47	12	32	13	41	14	36	15	11	16	58	17	89	18	18	19	52	20	18	21	70	22	28	23	51	24	10	25	32	26	44	27	71	28	19	29	71	
	0	65	1	78	2	23	3	28	4	13	5	82	6	29	7	11	8	50	9	90	10	65	11	26	12	69	13	89	14	20	15	10	16	47	17	13	18	92	19	13	20	33	21	54	22	50	23	35	24	93	25	33	26	26	27	29	28	55	29	42	
	0	10	1	100	2	61	3	27	4	22	5	25	6	82	7	19	8	87	9	32	10	76	11	91	12	29	13	31	14	77	15	91	16	34	17	45	18	79	19	86	20	72	21	21	22	48	23	69	24	33	25	64	26	51	27	81	28	50	29	21	
	0	74	1	42	2	30	3	80	4	80	5	78	6	24	7	18	8	10	9	67	10	63	11	58	12	96	13	45	14	20	15	33	16	75	17	88	18	11	19	27	20	82	21	66	22	100	23	20	24	20	25	24	26	83	27	28	28	20	29	32	
	0	70	1	24	2	81	3	21	4	96	5	60	6	97	7	52	8	75	9	61	10	73	11	30	12	84	13	100	14	70	15	58	16	51	17	48	18	58	19	43	20	28	21	98	22	43	23	65	24	59	25	47	26	53	27	24	28	77	29	83	
	0	88	1	82	2	16	3	38	4	59	5	53	6	92	7	89	8	95	9	79	10	52	11	14	12	62	13	62	14	53	15	82	16	81	17	12	18	44	19	86	20	11	21	48	22	29	23	51	24	34	25	61	26	87	27	58	28	39	29	13	
	0	47	1	86	2	40	3	82	4	50	5	20	6	52	7	90	8	79	9	43	10	32	11	94	12	86	13	86	14	53	15	75	16	72	17	68	18	26	19	73	20	48	21	74	22	37	23	90	24	100	25	47	26	99	27	46	28	56	29	95	
	0	73	1	54	2	52	3	49	4	77	5	85	6	60	7	39	8	28	9	51	10	23	11	28	12	13	13	94	14	81	15	59	16	25	17	91	18	44	19	81	20	85	21	53	22	20	23	17	24	17	25	43	26	21	27	75	28	78	29	42	
	0	95	1	72	2	26	3	71	4	20	5	99	6	30	7	10	8	46	9	12	10	26	11	77	12	89	13	54	14	62	15	78	16	30	17	75	18	48	19	54	20	70	21	47	22	25	23	64	24	55	25	74	26	91	27	80	28	49	29	29	
	0	13	1	29	2	34	3	42	4	66	5	29	6	36	7	31	8	93	9	21	10	48	11	21	12	57	13	87	14	77	15	71	16	14	17	99	18	37	19	79	20	63	21	39	22	37	23	32	24	34	25	33	26	84	27	95	28	92	29	64	
	0	34	1	46	2	36	3	42	4	13	5	38	6	32	7	80	8	35	9	65	10	90	11	98	12	90	13	32	14	93	15	75	16	92	17	49	18	96	19	98	20	92	21	19	22	17	23	94	24	59	25	84	26	85	27	16	28	100	29	65	
	0	22	1	78	2	95	3	22	4	73	5	51	6	81	7	55	8	52	9	81	10	69	11	98	12	90	13	38	14	48	15	65	16	59	17	78	18	94	19	94	20	67	21	48	22	17	23	100	24	52	25	32	26	14	27	25	28	85	29	31	
	0	77	1	71	2	82	3	31	4	86	5	14	6	42	7	89	8	61	9	80	10	94	11	23	12	75	13	78	14	57	15	61	16	96	17	59	18	83	19	28	20	38	21	73	22	42	23	42	24	22	25	89	26	59	27	52	28	50	29	37	
	0	43	1	18	2	53	3	25	4	30	5	15	6	52	7	58	8	57	9	16	10	40	11	38	12	77	13	78	14	40	15	36	16	93	17	25	18	64	19	45	20	15	21	36	22	86	23	19	24	80	25	41	26	68	27	37	28	15	29	76	
	0	49	1	22	2	20	3	43	4	27	5	27	6	43	7	74	8	42	9	61	10	76	11	72	12	17	13	67	14	16	15	20	16	21	17	33	18	12	19	50	20	35	21	59	22	96	23	88	24	51	25	45	26	54	27	13	28	96	29	55	
	0	79	1	97	2	36	3	97	4	96	5	85	6	84	7	38	8	28	9	78	10	60	11	100	12	40	13	71	14	38	15	44	16	95	17	65	18	25	19	63	20	19	21	70	22	72	23	64	24	11	25	38	26	36	27	24	28	99	29	31	
	0	29	1	30	2	68	3	22	4	47	5	90	6	57	7	18	8	70	9	34	10	29	11	50	12	95	13	34	14	37	15	93	16	56	17	15	18	11	19	23	20	92	21	21	22	56	23	97	24	91	25	82	26	50	27	16	28	71	29	89	
	0	43	1	15	2	47	3	27	4	43	5	74	6	69	7	21	8	78	9	15	10	16	11	35	12	72	13	92	14	21	15	44	16	23	17	85	18	53	19	70	20	14	21	39	22	96	23	62	24	45	25	64	26	43	27	61	28	37	29	42	
	0	20	1	11	2	43	3	79	4	85	5	24	6	100	7	35	8	10	9	95	10	83	11	67	12	97	13	84	14	94	15	30	16	10	17	85	18	70	19	40	20	57	21	86	22	72	23	42	24	32	25	79	26	46	27	71	28	66	29	78	
	0	75	1	94	2	40	3	23	4	99	5	63	6	34	7	78	8	73	9	98	10	95	11	78	12	33	13	81	14	37	15	15	16	41	17	84	18	51	19	19	20	27	21	36	22	33	23	80	24	37	25	40	26	49	27	17	28	40	29	22	
	0	93	1	24	2	77	3	70	4	15	5	45	6	80	7	18	8	73	9	25	10	15	11	75	12	45	13	59	14	27	15	66	16	30	17	58	18	37	19	26	20	37	21	16	22	48	23	53	24	37	25	60	26	25	27	50	28	21	29	50	
	0	50	1	27	2	56	3	61	4	77	5	41	6	23	7	37	8	65	9	20	10	51	11	30	12	68	13	66	14	39	15	50	16	17	17	40	18	35	19	72	20	46	21	89	22	50	23	58	24	57	25	75	26	60	27	64	28	68	29	37	
	0	89	1	88	2	63	3	25	4	26	5	92	6	57	7	13	8	68	9	94	10	95	11	91	12	60	13	68	14	47	15	65	16	14	17	96	18	33	19	95	20	71	21	25	22	86	23	29	24	70	25	40	26	46	27	17	28	65	29	65	
	0	86	1	70	2	30	3	47	4	92	5	63	6	23	7	91	8	42	9	63	10	74	11	70	12	42	13	79	14	79	15	40	16	51	17	11	18	48	19	70	20	51	21	73	22	25	23	27	24	29	25	93	26	20	27	96	28	22	29	50	
	0	91	1	70	2	46	3	69	4	50	5	25	6	97	7	93	8	90	9	17	10	90	11	80	12	21	13	13	14	79	15	45	16	100	17	43	18	72	19	79	20	81	21	12	22	47	23	13	24	13	25	67	26	67	27	79	28	44	29	69	
	0	94	1	56	2	12	3	99	4	74	5	76	6	18	7	53	8	94	9	87	10	11	11	13	12	85	13	14	14	26	15	97	16	94	17	11	18	59	19	77	20	16	21	25	22	39	23	82	24	43	25	29	26	31	27	20	28	11	29	45	
	0	81	1	49	2	18	3	21	4	98	5	74	6	24	7	86	8	63	9	31	10	70	11	81	12	61	13	39	14	19	15	44	16	51	17	55	18	22	19	93	20	16	21	66	22	53	23	39	24	28	25	17	26	44	27	16	28	60	29	70	
	0	45	1	17	2	67	3	100	4	63	5	49	6	78	7	22	8	48	9	87	10	74	11	14	12	96	13	38	14	21	15	52	16	75	17	40	18	34	19	19	20	61	21	34	22	34	23	46	24	26	25	88	26	64	27	27	28	72	29	39	
	0	42	1	29	2	34	3	56	4	47	5	59	6	74	7	29	8	89	9	91	10	28	11	79	12	76	13	73	14	86	15	60	16	60	17	78	18	83	19	31	20	25	21	60	22	73	23	12	24	24	25	65	26	30	27	58	28	24	29	42	
	0	82	1	75	2	12	3	27	4	69	5	17	6	97	7	74	8	74	9	29	10	93	11	69	12	58	13	35	14	94	15	97	16	30	17	77	18	83	19	29	20	90	21	33	22	86	23	74	24	87	25	77	26	30	27	23	28	73	29	41	
	0	31	1	51	2	10	3	62	4	49	5	93	6	51	7	73	8	95	9	57	10	62	11	30	12	19	13	93	14	72	15	92	16	11	17	51	18	51	19	84	20	99	21	46	22	56	23	66	24	100	25	53	26	65	27	39	28	14	29	54	
	0	40	1	96	2	49	3	42	4	75	5	65	6	47	7	72	8	19	9	44	10	65	11	91	12	86	13	69	14	38	15	50	16	94	17	60	18	87	19	71	20	59	21	33	22	53	23	21	24	13	25	55	26	45	27	79	28	92	29	70	
	0	90	1	58	2	20	3	24	4	92	5	57	6	95	7	80	8	88	9	33	10	95	11	20	12	38	13	30	14	92	15	60	16	26	17	15	18	93	19	58	20	51	21	77	22	63	23	76	24	38	25	22	26	86	27	15	28	40	29	59	
	0	79	1	39	2	52	3	25	4	71	5	36	6	82	7	86	8	96	9	52	10	84	11	35	12	10	13	25	14	33	15	59	16	97	17	56	18	28	19	72	20	35	21	18	22	52	23	97	24	79	25	62	26	64	27	43	28	36	29	51	
	0	39	1	11	2	67	3	54	4	41	5	23	6	35	7	93	8	45	9	11	10	11	11	77	12	79	13	66	14	92	15	79	16	35	17	85	18	65	19	40	20	93	21	33	22	93	23	88	24	20	25	52	26	67	27	79	28	64	29	32	
	0	90	1	32	2	53	3	90	4	54	5	62	6	41	7	22	8	81	9	42	10	63	11	35	12	72	13	10	14	70	15	94	16	92	17	29	18	23	19	10	20	87	21	55	22	54	23	98	24	23	25	35	26	38	27	46	28	76	29	46	
	0	86	1	94	2	47	3	48	4	10	5	11	6	16	7	12	8	85	9	91	10	49	11	68	12	63	13	73	14	48	15	77	16	44	17	51	18	84	19	32	20	45	21	75	22	22	23	63	24	32	25	33	26	79	27	78	28	55	29	92	
	0	67	1	38	2	25	3	68	4	49	5	37	6	47	7	23	8	14	9	60	10	81	11	87	12	45	13	80	14	60	15	88	16	36	17	29	18	67	19	35	20	98	21	65	22	68	23	49	24	69	25	42	26	73	27	17	28	54	29	72	
	0	94	1	47	2	17	3	20	4	24	5	17	6	84	7	78	8	33	9	21	10	64	11	93	12	57	13	30	14	71	15	51	16	68	17	53	18	19	19	100	20	33	21	36	22	61	23	75	24	68	25	51	26	52	27	92	28	40	29	59	
	0	65	1	68	2	58	3	10	4	31	5	98	6	96	7	41	8	98	9	61	10	79	11	38	12	87	13	99	14	33	15	10	16	77	17	63	18	16	19	79	20	36	21	55	22	82	23	31	24	19	25	32	26	14	27	94	28	48	29	56	
	0	12	1	16	2	80	3	80	4	39	5	98	6	54	7	79	8	75	9	24	10	45	11	90	12	62	13	17	14	46	15	73	16	52	17	62	18	60	19	61	20	12	21	62	22	22	23	64	24	18	25	89	26	62	27	37	28	99	29	77	
	0	13	1	71	2	71	3	66	4	78	5	34	6	14	7	63	8	73	9	69	10	48	11	27	12	80	13	10	14	72	15	99	16	31	17	26	18	32	19	14	20	75	21	59	22	88	23	26	24	80	25	57	26	61	27	38	28	16	29	39	
	0	22	1	40	2	13	3	50	4	86	5	59	6	12	7	98	8	94	9	13	10	69	11	63	12	31	13	91	14	60	15	89	16	87	17	60	18	58	19	93	20	71	21	13	22	45	23	19	24	81	25	50	26	42	27	87	28	29	29	46	
	0	33	1	80	2	90	3	95	4	16	5	82	6	44	7	85	8	31	9	42	10	76	11	52	12	96	13	95	14	38	15	10	16	73	17	54	18	57	19	38	20	81	21	86	22	77	23	95	24	97	25	62	26	80	27	92	28	24	29	10	
	0	99	1	64	2	73	3	52	4	30	5	68	6	25	7	36	8	23	9	84	10	60	11	98	12	12	13	38	14	63	15	58	16	61	17	61	18	45	19	87	20	78	21	58	22	24	23	95	24	92	25	37	26	41	27	30	28	73	29	62	
	0	84	1	78	2	59	3	36	4	45	5	55	6	18	7	19	8	24	9	74	10	55	11	38	12	16	13	85	14	14	15	48	16	17	17	18	18	30	19	13	20	55	21	31	22	21	23	13	24	11	25	42	26	11	27	25	28	53	29	62	
	0	98	1	18	2	90	3	51	4	45	5	22	6	34	7	42	8	80	9	72	10	20	11	33	12	18	13	21	14	94	15	56	16	94	17	77	18	14	19	89	20	10	21	23	22	60	23	39	24	61	25	15	26	30	27	64	28	73	29	15	
	0	94	1	45	2	88	3	65	4	37	5	83	6	41	7	91	8	57	9	98	10	79	11	30	12	74	13	40	14	32	15	64	16	50	17	21	18	21	19	71	20	23	21	96	22	25	23	63	24	78	25	73	26	57	27	89	28	13	29	88	
	0	65	1	67	2	25	3	45	4	28	5	92	6	66	7	62	8	33	9	30	10	86	11	80	12	12	13	70	14	23	15	27	16	36	17	33	18	37	19	52	20	62	21	88	22	71	23	98	24	96	25	85	26	27	27	55	28	96	29	52	
	0	48	1	14	2	66	3	13	4	89	5	28	6	72	7	100	8	22	9	16	10	79	11	87	12	33	13	90	14	72	15	19	16	86	17	67	18	86	19	63	20	47	21	66	22	24	23	85	24	38	25	31	26	29	27	84	28	18	29	15	
	0	87	1	70	2	50	3	52	4	97	5	91	6	52	7	52	8	20	9	26	10	77	11	22	12	98	13	34	14	57	15	90	16	16	17	92	18	33	19	49	20	44	21	35	22	40	23	48	24	99	25	74	26	84	27	74	28	19	29	67	
	0	38	1	14	2	33	3	10	4	50	5	55	6	15	7	14	8	82	9	46	10	66	11	42	12	61	13	41	14	10	15	28	16	52	17	98	18	72	19	43	20	92	21	69	22	65	23	70	24	26	25	28	26	27	27	37	28	97	29	70	
	0	10	1	98	2	25	3	60	4	60	5	14	6	95	7	59	8	41	9	51	10	94	11	28	12	100	13	99	14	45	15	41	16	79	17	82	18	94	19	84	20	81	21	41	22	80	23	33	24	97	25	15	26	84	27	51	28	36	29	21	
	0	74	1	88	2	48	3	82	4	42	5	28	6	50	7	31	8	76	9	85	10	74	11	49	12	99	13	59	14	56	15	78	16	68	17	28	18	28	19	21	20	28	21	21	22	66	23	84	24	71	25	22	26	33	27	47	28	79	29	93	
	0	87	1	67	2	45	3	14	4	24	5	63	6	87	7	22	8	70	9	22	10	39	11	60	12	66	13	48	14	51	15	14	16	47	17	85	18	85	19	56	20	36	21	29	22	76	23	83	24	83	25	59	26	91	27	24	28	75	29	73	
	0	55	1	60	2	84	3	25	4	11	5	51	6	49	7	100	8	100	9	61	10	21	11	90	12	73	13	45	14	50	15	92	16	16	17	42	18	39	19	15	20	23	21	76	22	50	23	93	24	73	25	29	26	83	27	38	28	47	29	23	
	0	13	1	82	2	53	3	45	4	28	5	52	6	96	7	93	8	19	9	98	10	15	11	39	12	45	13	15	14	11	15	10	16	62	17	75	18	58	19	39	20	13	21	65	22	30	23	83	24	43	25	90	26	83	27	95	28	22	29	53	
	0	14	1	71	2	95	3	42	4	32	5	77	6	58	7	14	8	88	9	31	10	73	11	58	12	65	13	39	14	69	15	10	16	97	17	74	18	30	19	58	20	14	21	22	22	83	23	25	24	97	25	37	26	49	27	44	28	85	29	55	
	0	80	1	71	2	23	3	57	4	64	5	23	6	62	7	34	8	97	9	19	10	91	11	100	12	60	13	71	14	69	15	56	16	26	17	94	18	94	19	18	20	88	21	36	22	59	23	75	24	63	25	65	26	95	27	83	28	72	29	52	
	0	75	1	39	2	89	3	50	4	29	5	97	6	61	7	42	8	53	9	29	10	66	11	39	12	63	13	95	14	98	15	51	16	80	17	43	18	27	19	88	20	14	21	84	22	24	23	90	24	42	25	37	26	81	27	52	28	35	29	80	
	0	44	1	45	2	69	3	85	4	80	5	11	6	45	7	100	8	98	9	94	10	10	11	19	12	74	13	64	14	82	15	88	16	31	17	26	18	46	19	74	20	85	21	26	22	17	23	35	24	83	25	75	26	61	27	24	28	80	29	40	
	0	79	1	16	2	73	3	29	4	40	5	27	6	90	7	63	8	87	9	68	10	58	11	43	12	19	13	40	14	34	15	74	16	26	17	33	18	34	19	94	20	42	21	82	22	39	23	51	24	62	25	66	26	73	27	19	28	80	29	24	
	0	37	1	54	2	20	3	16	4	52	5	23	6	74	7	36	8	44	9	81	10	25	11	27	12	29	13	98	14	59	15	84	16	25	17	27	18	89	19	70	20	33	21	60	22	57	23	11	24	59	25	21	26	86	27	27	28	52	29	85	
	0	59	1	58	2	73	3	45	4	77	5	92	6	44	7	50	8	11	9	97	10	13	11	89	12	29	13	61	14	96	15	24	16	86	17	88	18	37	19	21	20	75	21	26	22	12	23	80	24	87	25	78	26	67	27	37	28	46	29	25	
	0	93	1	30	2	93	3	25	4	23	5	100	6	22	7	37	8	85	9	84	10	33	11	17	12	82	13	82	14	46	15	11	16	82	17	71	18	33	19	50	20	37	21	59	22	21	23	15	24	80	25	15	26	10	27	62	28	33	29	47	
	0	94	1	15	2	21	3	23	4	41	5	99	6	76	7	11	8	34	9	84	10	77	11	92	12	23	13	43	14	63	15	19	16	27	17	96	18	60	19	91	20	84	21	50	22	76	23	35	24	46	25	19	26	91	27	99	28	16	29	43	
	0	10	1	28	2	77	3	37	4	17	5	47	6	21	7	82	8	100	9	30	10	24	11	88	12	22	13	39	14	93	15	100	16	73	17	56	18	89	19	45	20	45	21	36	22	96	23	84	24	95	25	30	26	83	27	36	28	88	29	63	
	0	11	1	50	2	40	3	94	4	86	5	96	6	10	7	84	8	20	9	17	10	49	11	55	12	11	13	70	14	34	15	48	16	65	17	57	18	15	19	50	20	23	21	76	22	25	23	45	24	13	25	83	26	49	27	43	28	50	29	51	
	0	83	1	60	2	59	3	80	4	91	5	41	6	26	7	46	8	37	9	50	10	74	11	33	12	79	13	20	14	32	15	49	16	23	17	52	18	47	19	69	20	85	21	88	22	72	23	31	24	45	25	37	26	56	27	53	28	57	29	72	
	0	11	1	62	2	48	3	75	4	18	5	26	6	26	7	74	8	41	9	59	10	41	11	62	12	28	13	45	14	70	15	60	16	82	17	23	18	67	19	74	20	30	21	20	22	84	23	18	24	73	25	44	26	21	27	56	28	88	29	53	
	0	10	1	26	2	77	3	54	4	74	5	33	6	37	7	21	8	25	9	68	10	40	11	25	12	46	13	75	14	22	15	54	16	16	17	53	18	89	19	28	20	15	21	84	22	49	23	55	24	62	25	26	26	40	27	32	28	41	29	32	
	0	69	1	74	2	86	3	14	4	67	5	72	6	98	7	46	8	59	9	45	10	73	11	81	12	61	13	43	14	26	15	95	16	99	17	81	18	33	19	15	20	20	21	14	22	58	23	35	24	58	25	94	26	46	27	74	28	48	29	51	
	0	21	1	22	2	27	3	71	4	79	5	55	6	59	7	49	8	34	9	86	10	58	11	89	12	67	13	50	14	96	15	35	16	82	17	79	18	76	19	28	20	58	21	89	22	45	23	76	24	14	25	58	26	99	27	32	28	31	29	18	
	0	70	1	54	2	11	3	65	4	64	5	12	6	93	7	40	8	33	9	69	10	94	11	10	12	15	13	20	14	57	15	80	16	12	17	78	18	90	19	35	20	21	21	15	22	11	23	63	24	24	25	16	26	22	27	50	28	72	29	63	
	0	41	1	11	2	88	3	32	4	27	5	31	6	100	7	100	8	90	9	50	10	67	11	59	12	39	13	71	14	25	15	94	16	42	17	65	18	33	19	50	20	79	21	72	22	49	23	94	24	32	25	40	26	66	27	71	28	97	29	24	
	0	54	1	16	2	22	3	48	4	12	5	73	6	17	7	39	8	70	9	27	10	49	11	100	12	34	13	88	14	65	15	50	16	10	17	81	18	69	19	10	20	26	21	79	22	92	23	98	24	53	25	48	26	20	27	22	28	52	29	44	
	0	70	1	15	2	63	3	79	4	57	5	71	6	31	7	81	8	15	9	23	10	69	11	96	12	21	13	54	14	48	15	65	16	40	17	28	18	79	19	67	20	62	21	37	22	61	23	78	24	79	25	73	26	79	27	61	28	85	29	34	
	0	34	1	83	2	45	3	77	4	47	5	94	6	24	7	23	8	98	9	81	10	55	11	25	12	52	13	85	14	34	15	11	16	65	17	11	18	49	19	95	20	11	21	59	22	23	23	29	24	11	25	65	26	80	27	73	28	90	29	96	
	0	92	1	16	2	42	3	52	4	51	5	51	6	37	7	48	8	100	9	32	10	41	11	75	12	47	13	79	14	25	15	62	16	14	17	47	18	89	19	54	20	68	21	98	22	10	23	65	24	51	25	100	26	37	27	49	28	81	29	16	
	0	33	1	27	2	28	3	42	4	47	5	46	6	67	7	24	8	22	9	80	10	22	11	25	12	35	13	99	14	42	15	82	16	52	17	83	18	51	19	46	20	25	21	98	22	47	23	14	24	19	25	21	26	67	27	28	28	33	29	21	
	0	74	1	36	2	19	3	25	4	58	5	55	6	26	7	69	8	35	9	35	10	45	11	57	12	32	13	59	14	73	15	39	16	44	17	71	18	80	19	30	20	83	21	85	22	58	23	16	24	19	25	77	26	72	27	83	28	38	29	100	
	0	61	1	23	2	87	3	83	4	24	5	68	6	61	7	57	8	44	9	56	10	12	11	52	12	48	13	39	14	43	15	29	16	23	17	60	18	51	19	27	20	26	21	57	22	12	23	17	24	89	25	45	26	38	27	39	28	27	29	10	
	0	79	1	85	2	11	3	86	4	83	5	30	6	27	7	35	8	100	9	87	10	48	11	53	12	25	13	71	14	37	15	59	16	80	17	14	18	81	19	50	20	51	21	56	22	74	23	77	24	39	25	36	26	72	27	42	28	47	29	99	
	0	74	1	57	2	71	3	66	4	46	5	65	6	45	7	33	8	80	9	66	10	29	11	96	12	62	13	39	14	38	15	43	16	67	17	33	18	32	19	94	20	78	21	22	22	58	23	81	24	32	25	17	26	16	27	25	28	42	29	84	
	0	50	1	72	2	77	3	33	4	99	5	58	6	10	7	46	8	92	9	35	10	38	11	96	12	45	13	36	14	100	15	48	16	78	17	20	18	14	19	77	20	31	21	50	22	51	23	97	24	58	25	94	26	52	27	20	28	27	29	32	
	0	92	1	20	2	70	3	79	4	79	5	73	6	44	7	40	8	71	9	96	10	34	11	13	12	29	13	68	14	84	15	94	16	70	17	21	18	47	19	74	20	14	21	35	22	33	23	44	24	18	25	44	26	55	27	72	28	65	29	72	
	0	69	1	62	2	80	3	78	4	45	5	88	6	93	7	44	8	71	9	67	10	64	11	71	12	88	13	22	14	95	15	40	16	29	17	94	18	56	19	89	20	25	21	12	22	26	23	95	24	70	25	35	26	41	27	72	28	86	29	89	
	0	19	1	26	2	51	3	74	4	59	5	34	6	40	7	15	8	86	9	46	10	45	11	14	12	35	13	74	14	16	15	36	16	18	17	96	18	63	19	40	20	68	21	40	22	11	23	38	24	46	25	56	26	44	27	61	28	19	29	68	
	0	27	1	33	2	85	3	80	4	83	5	74	6	39	7	37	8	87	9	81	10	99	11	81	12	88	13	25	14	100	15	79	16	38	17	43	18	52	19	89	20	81	21	53	22	15	23	73	24	82	25	36	26	29	27	33	28	41	29	29	
	0	24	1	20	2	24	3	55	4	64	5	96	6	75	7	17	8	25	9	48	10	41	11	10	12	49	13	57	14	25	15	69	16	16	17	13	18	44	19	83	20	77	21	33	22	85	23	35	24	98	25	43	26	100	27	21	28	95	29	26	
	0	56	1	96	2	42	3	52	4	73	5	85	6	39	7	66	8	96	9	31	10	47	11	85	12	65	13	93	14	95	15	69	16	34	17	39	18	94	19	22	20	88	21	97	22	17	23	16	24	55	25	89	26	99	27	22	28	28	29	34	
	0	97	1	52	2	48	3	25	4	92	5	47	6	89	7	15	8	81	9	98	10	26	11	54	12	37	13	78	14	83	15	55	16	91	17	20	18	59	19	34	20	81	21	13	22	13	23	19	24	65	25	21	26	64	27	31	28	81	29	60	
	0	30	1	56	2	100	3	74	4	47	5	88	6	52	7	80	8	80	9	23	10	86	11	87	12	75	13	16	14	70	15	94	16	33	17	12	18	85	19	85	20	13	21	72	22	99	23	59	24	61	25	94	26	85	27	26	28	79	29	77	
	0	91	1	15	2	59	3	93	4	28	5	61	6	58	7	56	8	41	9	89	10	98	11	64	12	74	13	53	14	12	15	80	16	85	17	71	18	56	19	18	20	25	21	91	22	50	23	71	24	70	25	85	26	91	27	70	28	66	29	96	
	0	81	1	21	2	46	3	80	4	72	5	27	6	27	7	25	8	86	9	62	10	61	11	57	12	95	13	17	14	49	15	19	16	61	17	30	18	59	19	88	20	20	21	99	22	67	23	81	24	23	25	88	26	64	27	19	28	81	29	44	
	0	86	1	90	2	20	3	41	4	14	5	58	6	73	7	37	8	91	9	85	10	26	11	34	12	45	13	82	14	21	15	38	16	50	17	39	18	44	19	75	20	84	21	64	22	63	23	26	24	85	25	85	26	72	27	35	28	19	29	25	
	0	39	1	42	2	63	3	19	4	86	5	87	6	57	7	30	8	84	9	42	10	53	11	27	12	94	13	10	14	21	15	36	16	58	17	93	18	38	19	17	20	86	21	91	22	41	23	21	24	100	25	23	26	60	27	52	28	90	29	46	
	0	10	1	35	2	82	3	49	4	73	5	72	6	53	7	45	8	46	9	35	10	55	11	17	12	80	13	62	14	76	15	44	16	95	17	51	18	75	19	40	20	69	21	18	22	65	23	35	24	25	25	19	26	23	27	42	28	95	29	37	
	0	93	1	17	2	41	3	74	4	76	5	74	6	97	7	11	8	42	9	31	10	32	11	19	12	34	13	34	14	16	15	24	16	55	17	68	18	59	19	56	20	97	21	40	22	68	23	86	24	94	25	70	26	13	27	44	28	52	29	100	
	0	24	1	52	2	52	3	68	4	72	5	15	6	39	7	64	8	37	9	50	10	60	11	67	12	50	13	49	14	10	15	39	16	18	17	47	18	25	19	57	20	82	21	16	22	31	23	29	24	85	25	44	26	79	27	24	28	67	29	63	
	0	82	1	16	2	99	3	36	4	61	5	47	6	12	7	85	8	94	9	18	10	92	11	11	12	75	13	46	14	95	15	80	16	29	17	21	18	44	19	49	20	74	21	64	22	76	23	19	24	85	25	34	26	48	27	11	28	97	29	63	
	0	10	1	37	2	73	3	78	4	76	5	34	6	32	7	72	8	69	9	50	10	32	11	62	12	64	13	58	14	48	15	79	16	56	17	57	18	29	19	82	20	19	21	75	22	87	23	44	24	69	25	93	26	13	27	59	28	73	29	89	
	0	100	1	40	2	71	3	96	4	78	5	39	6	30	7	44	8	90	9	72	10	49	11	82	12	99	13	51	14	93	15	35	16	60	17	40	18	79	19	93	20	79	21	13	22	28	23	11	24	66	25	83	26	22	27	51	28	51	29	93	
	0	63	1	10	2	95	3	44	4	98	5	46	6	13	7	70	8	65	9	18	10	85	11	27	12	34	13	24	14	89	15	73	16	76	17	50	18	69	19	62	20	57	21	62	22	29	23	22	24	67	25	12	26	99	27	22	28	18	29	19	
	0	41	1	86	2	40	3	68	4	87	5	95	6	13	7	96	8	75	9	65	10	58	11	23	12	81	13	55	14	34	15	97	16	17	17	45	18	88	19	65	20	23	21	89	22	85	23	61	24	30	25	51	26	33	27	52	28	12	29	77	
	0	86	1	98	2	75	3	78	4	86	5	48	6	37	7	82	8	47	9	44	10	78	11	69	12	78	13	80	14	29	15	58	16	72	17	96	18	71	19	71	20	50	21	84	22	17	23	21	24	57	25	23	26	88	27	38	28	58	29	83	
	0	50	1	57	2	37	3	14	4	87	5	29	6	95	7	37	8	67	9	35	10	21	11	98	12	18	13	38	14	83	15	17	16	81	17	98	18	49	19	98	20	84	21	13	22	48	23	50	24	56	25	97	26	65	27	98	28	39	29	79	
	0	61	1	56	2	72	3	51	4	38	5	50	6	39	7	46	8	27	9	88	10	74	11	15	12	14	13	89	14	35	15	45	16	29	17	44	18	80	19	73	20	70	21	56	22	41	23	60	24	26	25	83	26	75	27	25	28	18	29	44	
	0	61	1	26	2	64	3	58	4	59	5	99	6	52	7	63	8	36	9	73	10	42	11	23	12	84	13	98	14	26	15	38	16	90	17	79	18	99	19	22	20	42	21	79	22	36	23	16	24	68	25	62	26	90	27	27	28	39	29	24	
	0	16	1	60	2	88	3	45	4	37	5	14	6	30	7	13	8	42	9	84	10	77	11	99	12	60	13	48	14	32	15	10	16	38	17	34	18	73	19	66	20	48	21	26	22	94	23	92	24	99	25	64	26	63	27	76	28	39	29	42	
	0	72	1	88	2	40	3	51	4	90	5	90	6	45	7	95	8	10	9	85	10	15	11	34	12	84	13	21	14	49	15	54	16	48	17	22	18	88	19	26	20	69	21	74	22	91	23	71	24	23	25	62	26	98	27	48	28	47	29	54	
	0	21	1	91	2	59	3	32	4	93	5	69	6	28	7	33	8	25	9	10	10	38	11	63	12	65	13	65	14	89	15	91	16	18	17	97	18	19	19	61	20	39	21	62	22	71	23	92	24	73	25	23	26	98	27	30	28	92	29	90	
	0	49	1	26	2	32	3	90	4	17	5	33	6	17	7	66	8	68	9	97	10	23	11	30	12	100	13	51	14	83	15	65	16	68	17	55	18	48	19	50	20	67	21	65	22	70	23	39	24	82	25	53	26	63	27	96	28	13	29	68	
	0	80	1	36	2	39	3	93	4	63	5	52	6	28	7	45	8	44	9	100	10	43	11	80	12	34	13	36	14	10	15	88	16	25	17	81	18	44	19	99	20	100	21	40	22	70	23	52	24	74	25	96	26	86	27	89	28	56	29	13	
	0	55	1	35	2	58	3	100	4	85	5	51	6	67	7	91	8	53	9	60	10	19	11	60	12	81	13	59	14	36	15	83	16	23	17	16	18	23	19	91	20	39	21	96	22	66	23	100	24	48	25	100	26	87	27	65	28	34	29	81	
	0	94	1	22	2	88	3	57	4	48	5	19	6	28	7	27	8	13	9	36	10	75	11	65	12	75	13	37	14	61	15	19	16	23	17	60	18	92	19	34	20	47	21	54	22	36	23	35	24	56	25	21	26	29	27	94	28	86	29	48	
	0	84	1	71	2	68	3	96	4	91	5	82	6	98	7	28	8	24	9	23	10	67	11	53	12	59	13	53	14	68	15	99	16	31	17	89	18	12	19	84	20	28	21	43	22	23	23	20	24	74	25	87	26	49	27	49	28	68	29	31	
	0	18	1	48	2	11	3	57	4	39	5	23	6	80	7	51	8	73	9	54	10	55	11	82	12	51	13	37	14	12	15	92	16	23	17	38	18	12	19	77	20	69	21	47	22	23	23	100	24	36	25	26	26	72	27	91	28	84	29	12	
	0	88	1	95	2	23	3	98	4	73	5	21	6	77	7	98	8	54	9	98	10	79	11	14	12	65	13	97	14	35	15	55	16	60	17	83	18	57	19	88	20	46	21	41	22	60	23	59	24	54	25	76	26	71	27	52	28	37	29	67	
	0	47	1	44	2	98	3	94	4	42	5	81	6	71	7	60	8	56	9	39	10	19	11	19	12	66	13	87	14	56	15	92	16	32	17	97	18	59	19	27	20	72	21	34	22	96	23	50	24	86	25	58	26	13	27	62	28	13	29	57	
	0	95	1	48	2	40	3	14	4	34	5	50	6	19	7	76	8	63	9	64	10	49	11	29	12	95	13	43	14	42	15	32	16	42	17	60	18	59	19	26	20	78	21	68	22	45	23	88	24	41	25	37	26	97	27	69	28	25	29	71	
	0	100	1	84	2	24	3	32	4	25	5	20	6	79	7	47	8	89	9	52	10	63	11	95	12	64	13	63	14	56	15	29	16	85	17	40	18	52	19	49	20	14	21	59	22	68	23	60	24	15	25	48	26	63	27	40	28	54	29	80	
	0	29	1	54	2	31	3	59	4	88	5	39	6	54	7	79	8	84	9	86	10	98	11	43	12	81	13	26	14	22	15	75	16	32	17	92	18	46	19	70	20	82	21	75	22	68	23	23	24	63	25	19	26	37	27	12	28	13	29	50	
	0	97	1	56	2	78	3	56	4	73	5	33	6	16	7	70	8	14	9	31	10	12	11	25	12	83	13	67	14	12	15	87	16	49	17	47	18	89	19	49	20	12	21	69	22	27	23	80	24	35	25	54	26	74	27	32	28	97	29	52	
	0	34	1	56	2	44	3	71	4	56	5	43	6	80	7	37	8	81	9	33	10	26	11	89	12	67	13	10	14	78	15	97	16	10	17	83	18	53	19	51	20	21	21	41	22	28	23	75	24	16	25	46	26	27	27	63	28	75	29	14	
	0	17	1	22	2	27	3	13	4	48	5	18	6	12	7	16	8	19	9	34	10	31	11	80	12	71	13	62	14	97	15	83	16	37	17	14	18	27	19	53	20	16	21	50	22	33	23	70	24	25	25	65	26	63	27	70	28	45	29	24	
	0	69	1	35	2	16	3	51	4	33	5	100	6	16	7	48	8	17	9	30	10	44	11	75	12	72	13	97	14	30	15	40	16	83	17	64	18	27	19	57	20	15	21	50	22	47	23	90	24	85	25	22	26	89	27	48	28	83	29	72	
	0	54	1	94	2	80	3	67	4	29	5	42	6	26	7	92	8	55	9	70	10	59	11	91	12	22	13	71	14	20	15	56	16	66	17	39	18	15	19	29	20	90	21	59	22	87	23	90	24	63	25	87	26	93	27	65	28	63	29	99	
	0	80	1	68	2	56	3	92	4	79	5	38	6	84	7	82	8	83	9	43	10	16	11	99	12	76	13	87	14	60	15	38	16	23	17	48	18	70	19	28	20	11	21	59	22	12	23	60	24	10	25	73	26	40	27	53	28	89	29	60	
	0	35	1	60	2	58	3	57	4	69	5	20	6	54	7	47	8	54	9	48	10	12	11	73	12	44	13	57	14	47	15	52	16	33	17	63	18	47	19	39	20	87	21	14	22	82	23	97	24	71	25	46	26	67	27	30	28	47	29	97	
	0	29	1	83	2	81	3	40	4	46	5	49	6	71	7	56	8	88	9	89	10	77	11	21	12	97	13	59	14	41	15	76	16	18	17	39	18	98	19	26	20	80	21	98	22	25	23	54	24	30	25	59	26	22	27	17	28	38	29	42	
	0	75	1	80	2	57	3	80	4	72	5	76	6	92	7	57	8	33	9	67	10	75	11	96	12	27	13	62	14	30	15	99	16	24	17	63	18	46	19	90	20	83	21	90	22	81	23	16	24	100	25	33	26	62	27	81	28	77	29	76	
	0	69	1	64	2	94	3	25	4	49	5	15	6	61	7	50	8	23	9	33	10	19	11	21	12	89	13	71	14	41	15	19	16	71	17	33	18	97	19	25	20	43	21	67	22	88	23	82	24	46	25	35	26	88	27	55	28	74	29	68	
	0	67	1	36	2	93	3	88	4	74	5	45	6	15	7	46	8	83	9	69	10	87	11	71	12	26	13	63	14	37	15	50	16	34	17	78	18	44	19	46	20	18	21	91	22	84	23	10	24	67	25	92	26	97	27	29	28	83	29	30	
	0	73	1	63	2	75	3	37	4	47	5	34	6	88	7	32	8	18	9	65	10	60	11	64	12	59	13	45	14	77	15	71	16	71	17	70	18	88	19	64	20	22	21	14	22	18	23	63	24	39	25	64	26	82	27	20	28	21	29	94	
	0	26	1	23	2	95	3	22	4	78	5	32	6	31	7	22	8	67	9	80	10	95	11	29	12	100	13	100	14	13	15	10	16	20	17	76	18	26	19	46	20	80	21	38	22	43	23	20	24	38	25	86	26	24	27	80	28	56	29	63	
	0	81	1	76	2	56	3	45	4	86	5	30	6	75	7	29	8	45	9	46	10	95	11	79	12	81	13	51	14	68	15	19	16	23	17	93	18	64	19	34	20	78	21	10	22	74	23	85	24	46	25	61	26	10	27	53	28	39	29	98	
	0	94	1	88	2	94	3	80	4	63	5	50	6	44	7	79	8	31	9	56	10	65	11	12	12	45	13	59	14	62	15	39	16	40	17	72	18	81	19	46	20	24	21	28	22	57	23	82	24	100	25	95	26	52	27	47	28	15	29	81	
	0	51	1	59	2	95	3	18	4	100	5	90	6	67	7	55	8	24	9	95	10	68	11	21	12	81	13	23	14	46	15	37	16	50	17	82	18	26	19	17	20	88	21	81	22	36	23	73	24	79	25	91	26	24	27	50	28	24	29	91	
	0	18	1	41	2	19	3	95	4	17	5	58	6	47	7	43	8	62	9	39	10	53	11	51	12	90	13	15	14	26	15	44	16	58	17	56	18	63	19	43	20	22	21	68	22	45	23	21	24	44	25	47	26	99	27	31	28	44	29	94	
	0	81	1	85	2	51	3	83	4	15	5	69	6	15	7	100	8	75	9	43	10	82	11	38	12	11	13	92	14	46	15	90	16	51	17	20	18	15	19	76	20	68	21	17	22	97	23	96	24	100	25	19	26	50	27	93	28	93	29	66	
	0	31	1	57	2	77	3	38	4	84	5	29	6	48	7	52	8	54	9	42	10	25	11	53	12	71	13	81	14	90	15	99	16	34	17	14	18	27	19	22	20	13	21	43	22	32	23	52	24	62	25	88	26	97	27	11	28	57	29	77	
	0	75	1	25	2	37	3	44	4	98	5	77	6	83	7	97	8	66	9	87	10	86	11	15	12	16	13	89	14	94	15	26	16	25	17	46	18	34	19	24	20	78	21	18	22	42	23	80	24	43	25	23	26	72	27	28	28	23	29	33	
	0	67	1	21	2	46	3	34	4	18	5	64	6	59	7	81	8	88	9	16	10	80	11	54	12	24	13	36	14	61	15	56	16	74	17	30	18	66	19	39	20	87	21	90	22	47	23	28	24	74	25	57	26	20	27	34	28	69	29	43	
	0	32	1	89	2	71	3	37	4	76	5	90	6	24	7	73	8	34	9	94	10	97	11	48	12	50	13	98	14	82	15	18	16	51	17	50	18	14	19	60	20	50	21	59	22	89	23	42	24	55	25	74	26	80	27	99	28	15	29	42	
	0	13	1	13	2	74	3	41	4	64	5	52	6	89	7	18	8	34	9	57	10	40	11	61	12	90	13	61	14	78	15	28	16	25	17	64	18	68	19	49	20	62	21	90	22	45	23	37	24	54	25	61	26	41	27	68	28	98	29	95	
	0	76	1	95	2	40	3	65	4	22	5	57	6	72	7	79	8	64	9	91	10	52	11	64	12	94	13	32	14	31	15	62	16	96	17	55	18	54	19	85	20	88	21	60	22	50	23	11	24	47	25	59	26	49	27	92	28	14	29	67	
	0	35	1	99	2	48	3	53	4	52	5	73	6	49	7	22	8	17	9	87	10	81	11	73	12	89	13	67	14	83	15	84	16	32	17	74	18	28	19	93	20	19	21	74	22	82	23	51	24	24	25	74	26	100	27	38	28	51	29	95	
	0	75	1	55	2	67	3	77	4	92	5	32	6	84	7	62	8	29	9	58	10	19	11	24	12	75	13	49	14	22	15	88	16	67	17	79	18	91	19	31	20	75	21	36	22	51	23	56	24	39	25	28	26	61	27	14	28	44	29	63	
	0	28	1	76	2	51	3	15	4	39	5	95	6	85	7	85	8	80	9	39	10	37	11	15	12	55	13	24	14	46	15	22	16	28	17	53	18	93	19	20	20	71	21	31	22	42	23	72	24	48	25	83	26	96	27	82	28	81	29	74	
	0	26	1	12	2	61	3	41	4	66	5	70	6	75	7	30	8	84	9	42	10	77	11	68	12	41	13	44	14	22	15	84	16	58	17	68	18	77	19	98	20	74	21	88	22	11	23	95	24	11	25	86	26	18	27	14	28	54	29	34	
	0	85	1	49	2	55	3	22	4	89	5	81	6	70	7	35	8	29	9	93	10	81	11	60	12	62	13	65	14	22	15	13	16	17	17	55	18	44	19	66	20	54	21	53	22	48	23	75	24	47	25	71	26	15	27	49	28	86	29	60	
	0	100	1	46	2	70	3	11	4	48	5	50	6	60	7	59	8	51	9	47	10	46	11	66	12	94	13	62	14	12	15	80	16	99	17	35	18	67	19	78	20	35	21	88	22	43	23	91	24	39	25	54	26	80	27	42	28	85	29	26	
	0	11	1	71	2	80	3	40	4	36	5	72	6	74	7	19	8	19	9	14	10	43	11	72	12	52	13	12	14	29	15	69	16	80	17	83	18	11	19	81	20	12	21	30	22	53	23	66	24	15	25	46	26	90	27	17	28	13	29	98	
	0	25	1	87	2	42	3	18	4	83	5	19	6	54	7	52	8	93	9	53	10	98	11	16	12	28	13	37	14	60	15	64	16	64	17	86	18	75	19	53	20	81	21	29	22	45	23	84	24	54	25	99	26	10	27	95	28	47	29	46	
	0	20	1	77	2	46	3	23	4	18	5	68	6	84	7	35	8	76	9	94	10	26	11	88	12	79	13	45	14	59	15	26	16	30	17	60	18	92	19	71	20	24	21	98	22	96	23	22	24	30	25	100	26	41	27	61	28	71	29	90	
	0	73	1	54	2	43	3	33	4	60	5	34	6	80	7	98	8	28	9	28	10	55	11	18	12	41	13	58	14	21	15	32	16	56	17	40	18	87	19	45	20	39	21	57	22	60	23	43	24	87	25	90	26	30	27	43	28	89	29	11	
	0	53	1	87	2	36	3	33	4	37	5	34	6	100	7	12	8	41	9	66	10	80	11	85	12	48	13	56	14	73	15	79	16	47	17	64	18	25	19	36	20	72	21	95	22	66	23	97	24	25	25	26	26	62	27	13	28	87	29	58	
	0	83	1	85	2	29	3	46	4	46	5	25	6	12	7	99	8	40	9	90	10	66	11	67	12	14	13	86	14	49	15	44	16	90	17	80	18	57	19	18	20	43	21	51	22	38	23	92	24	45	25	55	26	34	27	58	28	29	29	49	
	0	41	1	29	2	20	3	95	4	31	5	43	6	76	7	50	8	30	9	72	10	83	11	78	12	78	13	99	14	86	15	38	16	16	17	18	18	82	19	69	20	70	21	46	22	53	23	38	24	39	25	26	26	90	27	43	28	80	29	50	
	0	28	1	45	2	97	3	25	4	80	5	37	6	71	7	93	8	81	9	30	10	60	11	83	12	81	13	89	14	37	15	64	16	79	17	52	18	17	19	60	20	50	21	97	22	27	23	94	24	61	25	46	26	97	27	63	28	33	29	11	
	0	58	1	11	2	48	3	18	4	48	5	92	6	66	7	99	8	23	9	85	10	93	11	78	12	78	13	83	14	70	15	97	16	21	17	98	18	13	19	11	20	24	21	78	22	70	23	61	24	21	25	63	26	61	27	74	28	21	29	45	
	0	41	1	30	2	95	3	98	4	42	5	77	6	12	7	21	8	19	9	53	10	43	11	40	12	40	13	61	14	57	15	44	16	39	17	37	18	31	19	35	20	16	21	100	22	54	23	88	24	17	25	40	26	91	27	92	28	69	29	85	
	0	43	1	48	2	60	3	30	4	57	5	80	6	94	7	50	8	74	9	84	10	70	11	76	12	21	13	66	14	42	15	98	16	16	17	23	18	64	19	80	20	71	21	19	22	53	23	35	24	77	25	18	26	31	27	69	28	35	29	91	
	0	38	1	98	2	76	3	17	4	41	5	80	6	12	7	70	8	38	9	83	10	87	11	79	12	77	13	42	14	83	15	34	16	85	17	28	18	49	19	23	20	13	21	29	22	68	23	50	24	27	25	73	26	35	27	97	28	35	29	10	
	0	52	1	15	2	91	3	21	4	83	5	56	6	36	7	84	8	36	9	77	10	75	11	75	12	40	13	96	14	83	15	62	16	39	17	88	18	41	19	74	20	78	21	81	22	79	23	60	24	18	25	44	26	85	27	46	28	89	29	97	
	0	38	1	28	2	75	3	53	4	62	5	51	6	62	7	23	8	92	9	44	10	39	11	64	12	10	13	17	14	24	15	72	16	89	17	10	18	81	19	79	20	56	21	71	22	99	23	71	24	13	25	83	26	95	27	62	28	10	29	29	
	0	77	1	94	2	12	3	32	4	54	5	90	6	95	7	88	8	23	9	12	10	78	11	28	12	28	13	37	14	51	15	60	16	55	17	48	18	95	19	54	20	51	21	12	22	100	23	83	24	66	25	40	26	75	27	19	28	12	29	12	
	0	14	1	92	2	62	3	65	4	44	5	43	6	21	7	30	8	59	9	100	10	60	11	79	12	63	13	96	14	48	15	37	16	63	17	51	18	85	19	28	20	66	21	62	22	67	23	79	24	73	25	35	26	13	27	94	28	34	29	98	
	0	20	1	98	2	46	3	74	4	85	5	22	6	69	7	96	8	28	9	100	10	66	11	44	12	58	13	60	14	34	15	52	16	48	17	39	18	42	19	69	20	46	21	37	22	67	23	78	24	21	25	67	26	81	27	17	28	34	29	41	
	0	34	1	47	2	19	3	12	4	10	5	54	6	71	7	13	8	14	9	78	10	27	11	30	12	85	13	51	14	31	15	100	16	74	17	62	18	60	19	36	20	72	21	76	22	62	23	88	24	70	25	43	26	96	27	98	28	96	29	54	
	0	14	1	34	2	97	3	14	4	44	5	51	6	65	7	34	8	60	9	44	10	27	11	47	12	91	13	20	14	46	15	73	16	40	17	32	18	61	19	33	20	94	21	94	22	73	23	61	24	30	25	76	26	83	27	31	28	33	29	84	
	0	42	1	50	2	31	3	79	4	83	5	19	6	71	7	90	8	14	9	38	10	59	11	78	12	44	13	82	14	41	15	37	16	42	17	65	18	83	19	98	20	39	21	52	22	18	23	64	24	88	25	96	26	17	27	48	28	49	29	55	
	0	94	1	83	2	58	3	61	4	92	5	89	6	19	7	67	8	12	9	27	10	88	11	16	12	72	13	48	14	74	15	72	16	35	17	55	18	89	19	58	20	37	21	16	22	31	23	49	24	79	25	39	26	79	27	75	28	57	29	11	
	0	17	1	35	2	91	3	58	4	68	5	63	6	73	7	100	8	56	9	55	10	27	11	76	12	64	13	70	14	83	15	49	16	78	17	19	18	56	19	48	20	40	21	100	22	88	23	74	24	12	25	38	26	15	27	77	28	74	29	96	
	0	69	1	91	2	13	3	94	4	32	5	57	6	52	7	75	8	67	9	27	10	50	11	99	12	12	13	65	14	10	15	95	16	15	17	48	18	98	19	53	20	41	21	79	22	83	23	31	24	68	25	12	26	32	27	67	28	33	29	79	
	0	67	1	31	2	19	3	98	4	72	5	47	6	78	7	47	8	84	9	76	10	87	11	73	12	38	13	62	14	24	15	80	16	81	17	78	18	58	19	49	20	97	21	60	22	81	23	20	24	86	25	72	26	98	27	88	28	18	29	91	
	0	66	1	67	2	54	3	52	4	75	5	12	6	61	7	85	8	88	9	74	10	96	11	89	12	59	13	39	14	16	15	49	16	22	17	99	18	88	19	96	20	45	21	12	22	70	23	47	24	52	25	67	26	67	27	49	28	20	29	53	
	0	83	1	86	2	63	3	90	4	84	5	57	6	91	7	81	8	38	9	95	10	73	11	30	12	49	13	85	14	76	15	96	16	34	17	37	18	88	19	49	20	91	21	31	22	42	23	56	24	82	25	29	26	56	27	62	28	75	29	16	
	0	65	1	74	2	54	3	81	4	42	5	15	6	55	7	77	8	32	9	48	10	70	11	86	12	30	13	74	14	70	15	54	16	67	17	57	18	51	19	29	20	30	21	15	22	24	23	99	24	83	25	30	26	81	27	26	28	84	29	72	
	0	13	1	85	2	25	3	39	4	13	5	71	6	78	7	54	8	31	9	59	10	98	11	93	12	56	13	83	14	10	15	16	16	50	17	89	18	22	19	58	20	27	21	20	22	34	23	68	24	80	25	99	26	72	27	30	28	25	29	68	
	0	24	1	65	2	83	3	23	4	80	5	45	6	39	7	10	8	36	9	44	10	81	11	97	12	66	13	18	14	31	15	12	16	77	17	99	18	39	19	77	20	53	21	33	22	43	23	62	24	54	25	60	26	40	27	59	28	13	29	12	
	0	57	1	81	2	19	3	28	4	28	5	14	6	93	7	62	8	64	9	66	10	100	11	69	12	70	13	37	14	19	15	38	16	54	17	67	18	40	19	66	20	88	21	54	22	16	23	100	24	76	25	58	26	43	27	56	28	62	29	51	
	0	55	1	99	2	50	3	21	4	25	5	63	6	47	7	76	8	91	9	47	10	83	11	68	12	43	13	65	14	51	15	79	16	68	17	28	18	13	19	99	20	72	21	71	22	11	23	11	24	17	25	76	26	14	27	58	28	88	29	45	
	0	52	1	32	2	13	3	41	4	63	5	39	6	16	7	28	8	64	9	70	10	99	11	35	12	75	13	67	14	70	15	82	16	26	17	35	18	91	19	17	20	100	21	57	22	95	23	51	24	61	25	34	26	86	27	10	28	18	29	46	
	0	11	1	29	2	47	3	42	4	78	5	75	6	15	7	47	8	43	9	24	10	28	11	70	12	92	13	40	14	97	15	69	16	65	17	52	18	86	19	56	20	22	21	65	22	72	23	51	24	29	25	85	26	23	27	16	28	92	29	56	
	0	26	1	53	2	22	3	96	4	89	5	42	6	87	7	27	8	100	9	75	10	79	11	59	12	40	13	25	14	84	15	60	16	49	17	34	18	81	19	36	20	54	21	96	22	25	23	39	24	97	25	78	26	53	27	18	28	32	29	44	
	0	45	1	10	2	65	3	57	4	77	5	10	6	11	7	24	8	100	9	51	10	22	11	87	12	86	13	69	14	40	15	47	16	68	17	67	18	35	19	57	20	100	21	60	22	60	23	23	24	36	25	32	26	29	27	16	28	58	29	56	
	0	85	1	98	2	81	3	61	4	97	5	67	6	69	7	92	8	44	9	37	10	77	11	36	12	49	13	50	14	42	15	78	16	99	17	87	18	69	19	31	20	16	21	61	22	100	23	61	24	31	25	42	26	19	27	53	28	46	29	57	
	0	38	1	52	2	29	3	10	4	86	5	44	6	46	7	67	8	43	9	18	10	20	11	30	12	37	13	92	14	50	15	70	16	53	17	55	18	75	19	16	20	87	21	88	22	63	23	62	24	79	25	88	26	77	27	11	28	21	29	96	
	0	52	1	21	2	100	3	31	4	91	5	27	6	33	7	35	8	99	9	61	10	61	11	80	12	18	13	29	14	24	15	22	16	83	17	65	18	17	19	39	20	73	21	24	22	10	23	67	24	100	25	39	26	80	27	94	28	82	29	89	
	0	15	1	98	2	65	3	93	4	18	5	75	6	20	7	37	8	22	9	46	10	46	11	94	12	53	13	84	14	65	15	85	16	11	17	71	18	13	19	25	20	24	21	98	22	31	23	72	24	86	25	99	26	77	27	25	28	35	29	19	
	0	99	1	96	2	64	3	33	4	89	5	53	6	84	7	54	8	15	9	47	10	29	11	23	12	68	13	39	14	28	15	84	16	50	17	86	18	98	19	58	20	19	21	88	22	26	23	59	24	38	25	49	26	33	27	61	28	11	29	36	
	0	59	1	36	2	69	3	63	4	81	5	10	6	31	7	96	8	90	9	95	10	77	11	89	12	44	13	100	14	43	15	96	16	89	17	28	18	83	19	29	20	37	21	64	22	26	23	100	24	42	25	85	26	15	27	82	28	67	29	56	
	0	27	1	18	2	32	3	19	4	24	5	64	6	52	7	30	8	94	9	65	10	52	11	68	12	27	13	38	14	57	15	67	16	35	17	31	18	64	19	31	20	40	21	53	22	94	23	77	24	12	25	47	26	55	27	89	28	75	29	55	
	0	11	1	98	2	81	3	87	4	45	5	74	6	47	7	87	8	70	9	10	10	49	11	90	12	92	13	96	14	12	15	17	16	17	17	92	18	44	19	34	20	11	21	91	22	55	23	14	24	89	25	33	26	92	27	93	28	89	29	48	
	0	44	1	65	2	71	3	51	4	31	5	12	6	48	7	12	8	23	9	28	10	57	11	56	12	79	13	88	14	88	15	35	16	80	17	40	18	58	19	67	20	87	21	100	22	49	23	93	24	17	25	24	26	47	27	74	28	39	29	39	
	0	44	1	62	2	22	3	85	4	96	5	99	6	41	7	61	8	66	9	84	10	28	11	63	12	16	13	55	14	25	15	73	16	76	17	62	18	91	19	27	20	82	21	95	22	20	23	39	24	63	25	77	26	75	27	87	28	66	29	65	
	0	22	1	26	2	39	3	50	4	54	5	75	6	78	7	12	8	31	9	54	10	25	11	52	12	11	13	53	14	15	15	98	16	45	17	10	18	50	19	35	20	91	21	22	22	12	23	84	24	89	25	58	26	31	27	86	28	32	29	28	
	0	98	1	40	2	81	3	92	4	18	5	55	6	24	7	98	8	76	9	61	10	31	11	11	12	66	13	50	14	36	15	65	16	82	17	25	18	87	19	41	20	56	21	60	22	81	23	66	24	91	25	58	26	90	27	38	28	28	29	30	
	0	20	1	56	2	66	3	24	4	68	5	44	6	61	7	34	8	93	9	34	10	60	11	67	12	80	13	78	14	51	15	97	16	71	17	74	18	73	19	14	20	33	21	51	22	91	23	54	24	97	25	83	26	92	27	26	28	21	29	10	
	0	77	1	68	2	32	3	82	4	28	5	82	6	85	7	100	8	56	9	44	10	36	11	96	12	92	13	27	14	89	15	25	16	72	17	47	18	48	19	43	20	21	21	55	22	98	23	77	24	19	25	48	26	91	27	37	28	22	29	10	
	0	30	1	78	2	70	3	12	4	63	5	66	6	14	7	59	8	50	9	92	10	15	11	52	12	55	13	48	14	87	15	75	16	83	17	21	18	75	19	65	20	53	21	100	22	61	23	78	24	87	25	35	26	77	27	68	28	14	29	92	
	0	72	1	18	2	15	3	98	4	74	5	59	6	25	7	13	8	39	9	37	10	82	11	68	12	11	13	39	14	22	15	18	16	61	17	59	18	46	19	41	20	66	21	22	22	58	23	79	24	76	25	47	26	14	27	33	28	28	29	51	
	0	90	1	20	2	18	3	68	4	47	5	82	6	25	7	51	8	27	9	90	10	80	11	63	12	86	13	44	14	70	15	49	16	78	17	19	18	84	19	33	20	33	21	79	22	58	23	17	24	69	25	97	26	49	27	14	28	82	29	15	
	0	75	1	56	2	55	3	23	4	60	5	78	6	38	7	87	8	24	9	84	10	11	11	98	12	66	13	57	14	17	15	12	16	29	17	46	18	87	19	39	20	92	21	71	22	86	23	72	24	85	25	50	26	45	27	84	28	48	29	29	
	0	26	1	34	2	21	3	23	4	85	5	59	6	85	7	52	8	23	9	93	10	55	11	10	12	72	13	26	14	89	15	64	16	72	17	16	18	13	19	43	20	12	21	68	22	95	23	53	24	38	25	65	26	65	27	37	28	80	29	54	
	0	12	1	28	2	49	3	10	4	74	5	98	6	96	7	73	8	85	9	56	10	37	11	12	12	29	13	27	14	84	15	24	16	78	17	14	18	89	19	38	20	66	21	13	22	44	23	28	24	47	25	49	26	94	27	86	28	29	29	84	
	0	46	1	28	2	63	3	89	4	13	5	58	6	33	7	55	8	72	9	77	10	67	11	30	12	81	13	43	14	42	15	84	16	88	17	51	18	22	19	36	20	84	21	39	22	58	23	85	24	35	25	17	26	96	27	15	28	78	29	25	