500 30 1
30
	0	87	1	87	2	19	3	99	4	19	5	32	6	43	7	52	8	63	9	94	10	33	11	97	12	36	13	31	14	32	15	70	16	34	17	41	18	78	19	58	20	21	21	18	22	61	23	54	24	57	25	45	26	13	27	68	28	48	29	25	
	0	34	1	85	2	13	3	100	4	31	5	34	6	14	7	69	8	52	9	38	10	82	11	52	12	14	13	15	14	93	15	77	16	18	17	15	18	93	19	52	20	87	21	73	22	52	23	17	24	77	25	100	26	93	27	91	28	43	29	27	
	0	49	1	36	2	72	3	57	4	35	5	65	6	22	7	71	8	17	9	56	10	66	11	45	12	36	13	87	14	87	15	69	16	75	17	70	18	95	19	16	20	33	21	68	22	52	23	100	24	85	25	34	26	86	27	22	28	22	29	51	
	0	18	1	30	2	89	3	26	4	94	5	97	6	59	7	100	8	74	9	21	10	82	11	100	12	87	13	88	14	25	15	74	16	34	17	49	18	89	19	83	20	47	21	80	22	15	23	25	24	95	25	35	26	82	27	10	28	94	29	73	
	0	73	1	34	2	45	3	99	4	91	5	36	6	26	7	82	8	75	9	99	10	98	11	46	12	97	13	89	14	55	15	80	16	96	17	48	18	93	19	21	20	22	21	78	22	45	23	15	24	72	25	80	26	63	27	88	28	77	29	47	
	0	58	1	98	2	79	3	27	4	20	5	38	6	96	7	59	8	35	9	41	10	23	11	21	12	79	13	23	14	40	15	73	16	95	17	68	18	22	19	43	20	15	21	86	22	75	23	71	24	18	25	21	26	65	27	57	28	60	29	32	
	0	56	1	58	2	18	3	37	4	29	5	34	6	72	7	43	8	23	9	85	10	79	11	72	12	96	13	76	14	34	15	31	16	22	17	21	18	28	19	53	20	88	21	14	22	72	23	23	24	15	25	47	26	50	27	97	28	80	29	74	
	0	92	1	29	2	77	3	85	4	76	5	36	6	14	7	45	8	43	9	11	10	18	11	83	12	28	13	82	14	91	15	37	16	83	17	50	18	47	19	28	20	20	21	100	22	65	23	44	24	66	25	39	26	30	27	44	28	94	29	33	
	0	87	1	84	2	15	3	19	4	73	5	27	6	97	7	33	8	85	9	36	10	48	11	51	12	91	13	77	14	70	15	76	16	95	17	39	18	73	19	94	20	10	21	84	22	81	23	99	24	71	25	13	26	57	27	64	28	39	29	21	
	0	94	1	38	2	46	3	36	4	21	5	31	6	22	7	95	8	28	9	74	10	96	11	40	12	14	13	45	14	23	15	93	16	10	17	55	18	74	19	85	20	33	21	99	22	19	23	62	24	38	25	68	26	43	27	35	28	22	29	76	
	0	12	1	20	2	23	3	23	4	12	5	21	6	65	7	70	8	92	9	60	10	28	11	59	12	48	13	35	14	60	15	82	16	37	17	10	18	92	19	26	20	65	21	59	22	80	23	84	24	52	25	24	26	55	27	33	28	28	29	89	
	0	57	1	90	2	83	3	82	4	56	5	73	6	97	7	18	8	57	9	11	10	27	11	65	12	73	13	50	14	63	15	17	16	100	17	84	18	70	19	75	20	15	21	19	22	12	23	86	24	14	25	68	26	23	27	57	28	82	29	39	
	0	50	1	17	2	98	3	25	4	97	5	68	6	43	7	34	8	38	9	85	10	64	11	73	12	17	13	74	14	39	15	58	16	34	17	17	18	87	19	75	20	22	21	79	22	75	23	52	24	38	25	51	26	33	27	72	28	14	29	65	
	0	10	1	45	2	50	3	84	4	12	5	90	6	60	7	39	8	93	9	99	10	30	11	73	12	69	13	91	14	91	15	82	16	27	17	19	18	62	19	27	20	78	21	56	22	79	23	32	24	37	25	18	26	10	27	61	28	19	29	85	
	0	96	1	18	2	70	3	29	4	43	5	59	6	65	7	14	8	36	9	87	10	84	11	39	12	20	13	23	14	10	15	28	16	17	17	66	18	95	19	10	20	38	21	38	22	48	23	16	24	17	25	67	26	66	27	96	28	16	29	34	
	0	49	1	57	2	88	3	46	4	59	5	29	6	28	7	33	8	24	9	71	10	62	11	64	12	10	13	20	14	55	15	11	16	70	17	41	18	78	19	52	20	99	21	68	22	60	23	75	24	82	25	89	26	52	27	60	28	40	29	83	
	0	64	1	52	2	16	3	37	4	33	5	100	6	17	7	12	8	46	9	62	10	33	11	28	12	64	13	20	14	28	15	37	16	19	17	82	18	47	19	20	20	39	21	81	22	93	23	34	24	54	25	58	26	51	27	35	28	48	29	20	
	0	36	1	91	2	32	3	51	4	46	5	99	6	88	7	78	8	88	9	61	10	57	11	83	12	67	13	79	14	94	15	37	16	42	17	82	18	98	19	95	20	69	21	67	22	52	23	11	24	38	25	42	26	26	27	13	28	55	29	88	
	0	55	1	19	2	85	3	72	4	50	5	82	6	22	7	90	8	30	9	61	10	37	11	66	12	100	13	19	14	74	15	73	16	90	17	92	18	54	19	89	20	90	21	84	22	95	23	36	24	63	25	33	26	80	27	54	28	34	29	47	
	0	49	1	61	2	48	3	94	4	95	5	73	6	94	7	35	8	55	9	80	10	21	11	53	12	74	13	30	14	27	15	92	16	36	17	71	18	79	19	17	20	34	21	29	22	98	23	55	24	48	25	81	26	70	27	19	28	70	29	52	
	0	46	1	37	2	18	3	29	4	40	5	19	6	21	7	25	8	19	9	16	10	69	11	22	12	63	13	27	14	84	15	58	16	66	17	66	18	86	19	66	20	94	21	16	22	95	23	75	24	21	25	78	26	13	27	92	28	34	29	24	
	0	38	1	49	2	93	3	71	4	77	5	33	6	56	7	54	8	42	9	100	10	68	11	100	12	70	13	29	14	79	15	42	16	14	17	36	18	63	19	19	20	79	21	39	22	39	23	84	24	97	25	29	26	86	27	69	28	86	29	44	
	0	36	1	91	2	69	3	78	4	22	5	67	6	57	7	27	8	66	9	77	10	28	11	37	12	81	13	55	14	33	15	45	16	55	17	47	18	14	19	91	20	99	21	52	22	68	23	65	24	81	25	77	26	74	27	51	28	13	29	55	
	0	97	1	98	2	12	3	33	4	37	5	65	6	62	7	75	8	10	9	66	10	63	11	70	12	19	13	81	14	43	15	21	16	42	17	61	18	21	19	10	20	31	21	29	22	79	23	39	24	67	25	76	26	55	27	85	28	39	29	72	
	0	92	1	73	2	66	3	82	4	60	5	90	6	26	7	60	8	34	9	35	10	68	11	33	12	83	13	90	14	93	15	37	16	93	17	40	18	78	19	43	20	94	21	26	22	68	23	38	24	22	25	88	26	22	27	91	28	98	29	37	
	0	60	1	86	2	87	3	16	4	96	5	10	6	16	7	62	8	33	9	17	10	44	11	13	12	68	13	100	14	52	15	31	16	54	17	100	18	96	19	82	20	28	21	14	22	99	23	57	24	97	25	37	26	50	27	47	28	95	29	13	
	0	94	1	45	2	83	3	39	4	28	5	47	6	84	7	54	8	16	9	99	10	92	11	34	12	10	13	48	14	86	15	75	16	52	17	65	18	69	19	66	20	99	21	50	22	84	23	50	24	48	25	19	26	83	27	26	28	100	29	84	
	0	94	1	81	2	13	3	31	4	19	5	87	6	35	7	20	8	35	9	82	10	16	11	52	12	25	13	28	14	12	15	62	16	86	17	53	18	39	19	65	20	17	21	79	22	33	23	97	24	53	25	56	26	70	27	41	28	57	29	25	
	0	69	1	59	2	24	3	93	4	50	5	17	6	73	7	68	8	95	9	97	10	34	11	79	12	37	13	33	14	12	15	82	16	21	17	38	18	42	19	94	20	40	21	58	22	57	23	18	24	78	25	23	26	53	27	65	28	47	29	15	
	0	75	1	80	2	59	3	41	4	14	5	43	6	40	7	59	8	35	9	56	10	61	11	24	12	21	13	90	14	29	15	91	16	82	17	55	18	49	19	16	20	30	21	89	22	11	23	100	24	42	25	54	26	67	27	98	28	63	29	57	
	0	44	1	94	2	52	3	49	4	19	5	52	6	41	7	78	8	87	9	74	10	73	11	13	12	43	13	71	14	50	15	59	16	11	17	91	18	18	19	46	20	94	21	59	22	94	23	61	24	86	25	43	26	72	27	70	28	18	29	54	
	0	11	1	86	2	88	3	31	4	66	5	31	6	54	7	32	8	27	9	94	10	33	11	57	12	17	13	93	14	19	15	70	16	73	17	25	18	43	19	29	20	41	21	48	22	60	23	14	24	43	25	12	26	86	27	57	28	39	29	25	
	0	48	1	72	2	54	3	20	4	41	5	17	6	74	7	30	8	84	9	29	10	81	11	73	12	93	13	59	14	87	15	79	16	42	17	58	18	60	19	32	20	29	21	54	22	18	23	84	24	94	25	93	26	49	27	46	28	46	29	86	
	0	48	1	45	2	62	3	60	4	21	5	56	6	88	7	52	8	68	9	71	10	72	11	10	12	47	13	77	14	86	15	33	16	93	17	10	18	29	19	23	20	71	21	54	22	71	23	63	24	46	25	32	26	99	27	18	28	91	29	31	
	0	24	1	87	2	70	3	83	4	33	5	53	6	87	7	86	8	17	9	30	10	61	11	80	12	27	13	83	14	90	15	62	16	86	17	34	18	16	19	11	20	37	21	10	22	91	23	50	24	54	25	90	26	74	27	51	28	94	29	45	
	0	69	1	75	2	47	3	59	4	81	5	61	6	92	7	70	8	84	9	75	10	66	11	87	12	31	13	26	14	80	15	19	16	93	17	40	18	27	19	38	20	64	21	27	22	83	23	59	24	94	25	36	26	61	27	69	28	38	29	33	
	0	34	1	63	2	42	3	39	4	47	5	20	6	69	7	32	8	75	9	75	10	25	11	61	12	33	13	97	14	93	15	13	16	18	17	36	18	92	19	47	20	74	21	46	22	82	23	87	24	50	25	87	26	90	27	12	28	33	29	57	
	0	25	1	26	2	27	3	10	4	67	5	87	6	93	7	33	8	46	9	40	10	46	11	66	12	83	13	63	14	60	15	17	16	39	17	63	18	72	19	25	20	56	21	72	22	29	23	62	24	56	25	69	26	37	27	27	28	54	29	65	
	0	37	1	100	2	89	3	96	4	43	5	99	6	63	7	25	8	36	9	27	10	12	11	100	12	20	13	50	14	70	15	86	16	49	17	86	18	58	19	82	20	33	21	99	22	61	23	36	24	74	25	18	26	94	27	82	28	72	29	51	
	0	34	1	10	2	44	3	15	4	62	5	43	6	47	7	85	8	95	9	27	10	13	11	13	12	98	13	42	14	53	15	39	16	70	17	50	18	37	19	69	20	45	21	91	22	38	23	32	24	43	25	53	26	100	27	61	28	66	29	58	
	0	79	1	61	2	35	3	77	4	33	5	98	6	78	7	62	8	59	9	58	10	94	11	11	12	34	13	68	14	45	15	32	16	89	17	20	18	35	19	84	20	83	21	71	22	65	23	76	24	88	25	23	26	33	27	22	28	86	29	71	
	0	52	1	99	2	24	3	35	4	90	5	95	6	60	7	58	8	90	9	71	10	10	11	40	12	69	13	11	14	27	15	100	16	98	17	18	18	14	19	78	20	89	21	88	22	29	23	13	24	24	25	16	26	86	27	85	28	30	29	16	
	0	75	1	10	2	21	3	53	4	95	5	95	6	14	7	80	8	25	9	34	10	17	11	61	12	13	13	67	14	83	15	23	16	10	17	49	18	41	19	67	20	43	21	31	22	30	23	16	24	21	25	23	26	52	27	36	28	50	29	21	
	0	96	1	68	2	88	3	79	4	39	5	78	6	63	7	44	8	25	9	13	10	11	11	24	12	87	13	42	14	25	15	81	16	81	17	45	18	98	19	24	20	18	21	10	22	75	23	58	24	22	25	62	26	29	27	11	28	80	29	20	
	0	80	1	26	2	56	3	51	4	49	5	49	6	51	7	41	8	37	9	79	10	67	11	42	12	40	13	29	14	11	15	79	16	55	17	84	18	79	19	58	20	85	21	58	22	51	23	50	24	10	25	27	26	60	27	85	28	32	29	35	
	0	92	1	66	2	41	3	47	4	58	5	15	6	74	7	52	8	13	9	68	10	23	11	57	12	11	13	93	14	28	15	40	16	28	17	74	18	92	19	11	20	28	21	35	22	36	23	77	24	48	25	81	26	74	27	43	28	20	29	57	
	0	80	1	78	2	59	3	35	4	36	5	22	6	99	7	89	8	19	9	72	10	40	11	67	12	77	13	16	14	30	15	53	16	40	17	12	18	49	19	17	20	83	21	70	22	87	23	94	24	50	25	67	26	52	27	40	28	67	29	79	
	0	63	1	76	2	65	3	92	4	24	5	76	6	59	7	46	8	44	9	77	10	36	11	49	12	56	13	33	14	40	15	44	16	81	17	79	18	27	19	23	20	15	21	20	22	38	23	87	24	54	25	62	26	63	27	50	28	24	29	56	
	0	20	1	35	2	82	3	78	4	39	5	81	6	36	7	42	8	36	9	91	10	75	11	73	12	45	13	13	14	91	15	19	16	98	17	98	18	74	19	68	20	25	21	51	22	95	23	56	24	35	25	49	26	59	27	48	28	51	29	24	
	0	76	1	67	2	87	3	71	4	42	5	98	6	16	7	66	8	93	9	25	10	85	11	96	12	82	13	47	14	15	15	75	16	84	17	49	18	16	19	44	20	32	21	49	22	30	23	77	24	59	25	64	26	23	27	47	28	60	29	37	
	0	47	1	17	2	23	3	17	4	57	5	100	6	81	7	23	8	56	9	89	10	60	11	27	12	71	13	39	14	23	15	24	16	43	17	73	18	19	19	92	20	17	21	59	22	54	23	48	24	87	25	55	26	72	27	68	28	57	29	76	
	0	63	1	21	2	69	3	76	4	97	5	97	6	56	7	80	8	97	9	87	10	87	11	28	12	31	13	11	14	18	15	18	16	20	17	73	18	55	19	44	20	87	21	25	22	78	23	43	24	35	25	91	26	18	27	13	28	86	29	96	
	0	17	1	32	2	49	3	75	4	44	5	26	6	50	7	35	8	99	9	52	10	60	11	100	12	37	13	85	14	85	15	23	16	39	17	84	18	73	19	40	20	44	21	76	22	38	23	89	24	11	25	64	26	28	27	13	28	84	29	79	
	0	18	1	44	2	16	3	98	4	45	5	93	6	82	7	32	8	95	9	34	10	47	11	79	12	17	13	39	14	42	15	14	16	30	17	95	18	99	19	17	20	71	21	86	22	80	23	47	24	29	25	53	26	66	27	46	28	98	29	99	
	0	40	1	12	2	23	3	26	4	10	5	51	6	11	7	53	8	32	9	73	10	81	11	35	12	96	13	79	14	68	15	100	16	72	17	92	18	55	19	49	20	66	21	61	22	56	23	41	24	37	25	83	26	63	27	12	28	57	29	38	
	0	98	1	95	2	17	3	93	4	78	5	40	6	24	7	46	8	22	9	73	10	45	11	15	12	27	13	70	14	86	15	43	16	53	17	85	18	93	19	71	20	71	21	47	22	80	23	41	24	18	25	38	26	95	27	12	28	23	29	86	
	0	52	1	54	2	26	3	48	4	73	5	85	6	19	7	95	8	59	9	69	10	58	11	41	12	95	13	35	14	31	15	82	16	95	17	17	18	41	19	11	20	45	21	53	22	77	23	70	24	98	25	15	26	29	27	35	28	72	29	31	
	0	64	1	73	2	30	3	91	4	96	5	59	6	21	7	16	8	92	9	18	10	85	11	16	12	66	13	65	14	46	15	48	16	25	17	50	18	56	19	13	20	25	21	91	22	78	23	53	24	67	25	21	26	89	27	92	28	30	29	18	
	0	69	1	96	2	99	3	95	4	48	5	68	6	75	7	33	8	73	9	69	10	91	11	73	12	100	13	73	14	38	15	41	16	42	17	41	18	77	19	74	20	39	21	39	22	38	23	60	24	12	25	27	26	65	27	11	28	63	29	54	
	0	90	1	16	2	75	3	50	4	28	5	19	6	23	7	32	8	52	9	35	10	38	11	43	12	95	13	55	14	69	15	89	16	86	17	81	18	53	19	68	20	15	21	98	22	56	23	66	24	31	25	93	26	53	27	92	28	58	29	34	
	0	80	1	83	2	27	3	55	4	21	5	21	6	76	7	84	8	10	9	45	10	33	11	76	12	58	13	96	14	20	15	32	16	36	17	79	18	86	19	24	20	19	21	48	22	38	23	39	24	43	25	50	26	55	27	44	28	34	29	73	
	0	46	1	23	2	62	3	23	4	46	5	18	6	48	7	52	8	70	9	34	10	67	11	12	12	58	13	28	14	40	15	53	16	65	17	23	18	20	19	56	20	64	21	55	22	49	23	16	24	66	25	29	26	23	27	40	28	76	29	15	
	0	87	1	76	2	70	3	54	4	55	5	82	6	77	7	31	8	57	9	44	10	11	11	41	12	91	13	54	14	59	15	87	16	21	17	73	18	23	19	43	20	23	21	29	22	51	23	54	24	78	25	17	26	87	27	13	28	33	29	56	
	0	99	1	74	2	42	3	92	4	29	5	68	6	59	7	17	8	17	9	44	10	62	11	21	12	40	13	34	14	63	15	79	16	48	17	66	18	18	19	18	20	58	21	70	22	45	23	29	24	56	25	79	26	95	27	14	28	39	29	76	
	0	16	1	61	2	56	3	17	4	15	5	26	6	32	7	29	8	46	9	40	10	99	11	20	12	84	13	97	14	64	15	11	16	77	17	19	18	90	19	61	20	28	21	68	22	64	23	89	24	32	25	94	26	46	27	17	28	57	29	68	
	0	34	1	29	2	89	3	58	4	80	5	20	6	60	7	88	8	17	9	11	10	33	11	71	12	71	13	59	14	99	15	53	16	97	17	98	18	40	19	83	20	95	21	74	22	14	23	74	24	41	25	53	26	60	27	60	28	62	29	66	
	0	18	1	73	2	54	3	75	4	89	5	18	6	95	7	64	8	60	9	10	10	93	11	76	12	26	13	56	14	76	15	40	16	89	17	79	18	83	19	60	20	40	21	23	22	66	23	87	24	48	25	70	26	61	27	75	28	93	29	56	
	0	72	1	38	2	48	3	45	4	44	5	13	6	58	7	13	8	81	9	89	10	41	11	50	12	81	13	72	14	52	15	97	16	62	17	49	18	22	19	49	20	54	21	35	22	38	23	43	24	83	25	57	26	30	27	99	28	48	29	95	
	0	37	1	20	2	67	3	32	4	85	5	97	6	92	7	73	8	11	9	49	10	62	11	27	12	80	13	97	14	43	15	68	16	60	17	21	18	89	19	63	20	65	21	57	22	77	23	84	24	75	25	84	26	19	27	78	28	16	29	39	
	0	37	1	28	2	45	3	54	4	47	5	76	6	13	7	97	8	19	9	93	10	10	11	30	12	81	13	20	14	10	15	99	16	20	17	86	18	40	19	87	20	91	21	79	22	76	23	39	24	67	25	95	26	13	27	24	28	77	29	14	
	0	46	1	89	2	36	3	51	4	76	5	65	6	89	7	75	8	61	9	57	10	91	11	99	12	63	13	79	14	39	15	42	16	10	17	26	18	21	19	28	20	75	21	84	22	45	23	31	24	81	25	43	26	48	27	54	28	95	29	14	
	0	19	1	96	2	79	3	46	4	53	5	78	6	29	7	12	8	61	9	96	10	96	11	88	12	54	13	73	14	63	15	47	16	24	17	91	18	17	19	67	20	75	21	20	22	60	23	69	24	75	25	74	26	28	27	31	28	63	29	14	
	0	36	1	95	2	36	3	43	4	19	5	72	6	28	7	56	8	67	9	80	10	98	11	26	12	77	13	26	14	29	15	83	16	28	17	25	18	93	19	76	20	91	21	98	22	33	23	91	24	27	25	60	26	20	27	50	28	69	29	21	
	0	16	1	72	2	84	3	68	4	67	5	44	6	72	7	86	8	90	9	44	10	62	11	68	12	16	13	51	14	87	15	44	16	67	17	89	18	68	19	70	20	67	21	32	22	71	23	19	24	42	25	48	26	47	27	95	28	61	29	29	
	0	51	1	48	2	59	3	85	4	49	5	30	6	42	7	79	8	67	9	54	10	59	11	68	12	88	13	73	14	76	15	67	16	23	17	15	18	65	19	83	20	14	21	82	22	74	23	19	24	48	25	52	26	20	27	53	28	61	29	35	
	0	45	1	18	2	74	3	37	4	24	5	19	6	41	7	99	8	37	9	12	10	35	11	10	12	100	13	14	14	52	15	29	16	42	17	34	18	50	19	95	20	23	21	26	22	41	23	65	24	80	25	92	26	85	27	75	28	47	29	69	
	0	21	1	21	2	76	3	33	4	47	5	84	6	54	7	81	8	51	9	10	10	32	11	47	12	94	13	90	14	86	15	65	16	41	17	24	18	13	19	16	20	46	21	10	22	15	23	29	24	51	25	91	26	51	27	45	28	100	29	19	
	0	51	1	47	2	12	3	75	4	55	5	32	6	38	7	26	8	88	9	48	10	13	11	85	12	14	13	70	14	86	15	81	16	66	17	46	18	51	19	96	20	64	21	60	22	54	23	65	24	33	25	54	26	21	27	55	28	71	29	22	
	0	54	1	87	2	44	3	66	4	15	5	61	6	42	7	40	8	12	9	56	10	76	11	81	12	60	13	51	14	84	15	100	16	47	17	70	18	91	19	90	20	86	21	47	22	91	23	28	24	74	25	96	26	81	27	57	28	91	29	14	
	0	32	1	39	2	85	3	45	4	59	5	88	6	82	7	18	8	55	9	57	10	12	11	51	12	93	13	54	14	66	15	38	16	41	17	64	18	97	19	57	20	56	21	61	22	77	23	10	24	14	25	72	26	78	27	92	28	19	29	11	
	0	58	1	43	2	91	3	58	4	65	5	94	6	26	7	91	8	36	9	36	10	96	11	79	12	12	13	42	14	57	15	94	16	79	17	32	18	49	19	13	20	67	21	80	22	14	23	51	24	74	25	19	26	33	27	99	28	89	29	51	
	0	10	1	40	2	66	3	51	4	43	5	95	6	25	7	91	8	96	9	31	10	97	11	35	12	18	13	54	14	100	15	29	16	64	17	46	18	29	19	60	20	69	21	29	22	95	23	61	24	41	25	52	26	73	27	50	28	34	29	58	
	0	44	1	60	2	40	3	86	4	57	5	46	6	66	7	53	8	84	9	18	10	92	11	31	12	70	13	34	14	63	15	85	16	39	17	57	18	48	19	60	20	44	21	75	22	50	23	38	24	52	25	15	26	54	27	35	28	54	29	21	
	0	89	1	92	2	43	3	38	4	14	5	95	6	62	7	22	8	54	9	57	10	28	11	97	12	61	13	27	14	89	15	44	16	82	17	21	18	33	19	74	20	54	21	31	22	81	23	49	24	77	25	36	26	94	27	44	28	68	29	20	
	0	43	1	61	2	80	3	39	4	26	5	36	6	24	7	61	8	55	9	75	10	62	11	95	12	80	13	76	14	66	15	18	16	13	17	68	18	86	19	75	20	39	21	14	22	64	23	40	24	17	25	30	26	26	27	44	28	89	29	47	
	0	25	1	80	2	24	3	13	4	45	5	16	6	32	7	83	8	65	9	34	10	36	11	70	12	90	13	50	14	79	15	15	16	36	17	99	18	100	19	10	20	92	21	16	22	89	23	85	24	81	25	48	26	66	27	39	28	88	29	87	
	0	56	1	96	2	64	3	43	4	55	5	69	6	28	7	22	8	29	9	49	10	82	11	35	12	52	13	40	14	70	15	63	16	28	17	34	18	84	19	80	20	73	21	53	22	23	23	72	24	10	25	73	26	79	27	14	28	40	29	60	
	0	65	1	42	2	94	3	57	4	46	5	77	6	93	7	99	8	57	9	12	10	74	11	81	12	11	13	39	14	43	15	91	16	40	17	11	18	38	19	19	20	62	21	38	22	29	23	93	24	93	25	52	26	98	27	58	28	91	29	26	
	0	88	1	50	2	53	3	73	4	57	5	81	6	22	7	98	8	100	9	22	10	14	11	37	12	15	13	70	14	34	15	46	16	76	17	30	18	76	19	92	20	96	21	42	22	91	23	15	24	87	25	25	26	83	27	83	28	77	29	23	
	0	56	1	61	2	35	3	85	4	100	5	59	6	44	7	41	8	39	9	26	10	29	11	33	12	99	13	22	14	35	15	16	16	33	17	55	18	47	19	46	20	97	21	42	22	60	23	22	24	25	25	99	26	86	27	68	28	90	29	53	
	0	40	1	92	2	19	3	96	4	19	5	63	6	31	7	32	8	87	9	89	10	71	11	45	12	10	13	30	14	80	15	69	16	37	17	30	18	58	19	19	20	84	21	74	22	24	23	41	24	46	25	47	26	26	27	100	28	100	29	97	
	0	34	1	26	2	91	3	11	4	45	5	53	6	95	7	36	8	10	9	91	10	19	11	53	12	21	13	56	14	15	15	20	16	18	17	84	18	41	19	33	20	68	21	17	22	51	23	56	24	36	25	65	26	45	27	85	28	78	29	89	
	0	25	1	46	2	70	3	26	4	100	5	66	6	88	7	60	8	97	9	69	10	43	11	60	12	53	13	74	14	46	15	26	16	36	17	43	18	41	19	93	20	28	21	49	22	22	23	34	24	70	25	73	26	74	27	31	28	47	29	68	
	0	88	1	92	2	12	3	74	4	65	5	62	6	88	7	21	8	91	9	50	10	30	11	24	12	80	13	39	14	97	15	22	16	90	17	91	18	56	19	83	20	81	21	21	22	23	23	37	24	96	25	14	26	64	27	43	28	84	29	36	
	0	77	1	26	2	51	3	12	4	30	5	29	6	79	7	87	8	30	9	33	10	59	11	43	12	35	13	13	14	36	15	27	16	20	17	84	18	62	19	70	20	49	21	51	22	90	23	88	24	24	25	66	26	37	27	61	28	45	29	25	
	0	84	1	61	2	56	3	41	4	15	5	33	6	28	7	60	8	77	9	29	10	19	11	28	12	18	13	54	14	94	15	81	16	30	17	89	18	65	19	55	20	90	21	39	22	15	23	96	24	65	25	69	26	71	27	19	28	94	29	58	
	0	33	1	97	2	92	3	29	4	11	5	14	6	58	7	12	8	44	9	95	10	98	11	59	12	60	13	99	14	84	15	57	16	57	17	90	18	71	19	13	20	78	21	88	22	81	23	53	24	67	25	61	26	44	27	80	28	22	29	32	
	0	89	1	45	2	85	3	73	4	78	5	11	6	92	7	28	8	97	9	71	10	38	11	77	12	28	13	47	14	99	15	54	16	55	17	32	18	75	19	72	20	15	21	61	22	48	23	37	24	70	25	17	26	72	27	66	28	40	29	61	
	0	25	1	51	2	95	3	14	4	43	5	90	6	70	7	77	8	34	9	77	10	100	11	75	12	81	13	90	14	49	15	32	16	81	17	93	18	93	19	26	20	35	21	60	22	78	23	47	24	60	25	52	26	81	27	93	28	18	29	60	
	0	94	1	77	2	37	3	85	4	50	5	25	6	44	7	84	8	24	9	17	10	37	11	17	12	23	13	48	14	56	15	80	16	26	17	15	18	37	19	18	20	98	21	77	22	85	23	84	24	46	25	85	26	46	27	93	28	96	29	94	
	0	89	1	25	2	40	3	54	4	17	5	65	6	66	7	53	8	26	9	98	10	78	11	23	12	78	13	38	14	80	15	49	16	97	17	23	18	46	19	46	20	54	21	14	22	40	23	91	24	47	25	62	26	82	27	82	28	65	29	42	
	0	60	1	57	2	92	3	47	4	66	5	23	6	29	7	95	8	91	9	68	10	50	11	13	12	99	13	36	14	58	15	67	16	27	17	22	18	64	19	24	20	93	21	21	22	16	23	24	24	21	25	80	26	22	27	89	28	86	29	53	
	0	45	1	89	2	42	3	66	4	85	5	39	6	47	7	100	8	51	9	59	10	99	11	84	12	51	13	51	14	44	15	88	16	66	17	84	18	53	19	60	20	90	21	92	22	48	23	17	24	65	25	28	26	79	27	21	28	81	29	13	
	0	75	1	69	2	32	3	46	4	34	5	82	6	73	7	99	8	86	9	56	10	96	11	100	12	62	13	15	14	66	15	81	16	89	17	78	18	16	19	63	20	59	21	53	22	66	23	52	24	25	25	34	26	60	27	70	28	58	29	46	
	0	58	1	34	2	30	3	99	4	55	5	28	6	64	7	51	8	43	9	90	10	96	11	41	12	32	13	72	14	97	15	72	16	64	17	88	18	31	19	54	20	52	21	53	22	31	23	96	24	86	25	72	26	22	27	39	28	43	29	28	
	0	72	1	58	2	42	3	68	4	47	5	83	6	33	7	10	8	62	9	20	10	31	11	55	12	16	13	55	14	31	15	26	16	75	17	92	18	77	19	51	20	13	21	68	22	62	23	55	24	81	25	88	26	98	27	22	28	57	29	10	
	0	20	1	89	2	44	3	96	4	19	5	94	6	98	7	30	8	12	9	34	10	21	11	87	12	45	13	13	14	66	15	80	16	64	17	51	18	15	19	18	20	66	21	86	22	17	23	96	24	64	25	91	26	96	27	100	28	36	29	19	
	0	50	1	41	2	86	3	56	4	51	5	97	6	13	7	60	8	36	9	52	10	33	11	99	12	73	13	89	14	82	15	89	16	55	17	67	18	13	19	80	20	97	21	55	22	34	23	30	24	18	25	25	26	22	27	67	28	87	29	83	
	0	18	1	92	2	60	3	17	4	44	5	59	6	65	7	55	8	34	9	45	10	60	11	11	12	62	13	100	14	63	15	80	16	41	17	32	18	84	19	92	20	98	21	74	22	62	23	18	24	88	25	84	26	15	27	47	28	41	29	70	
	0	91	1	26	2	98	3	16	4	97	5	76	6	91	7	98	8	42	9	14	10	69	11	81	12	57	13	46	14	28	15	61	16	66	17	54	18	12	19	41	20	73	21	10	22	24	23	90	24	31	25	61	26	27	27	91	28	89	29	34	
	0	34	1	57	2	42	3	20	4	80	5	86	6	84	7	71	8	78	9	100	10	39	11	42	12	44	13	15	14	97	15	81	16	32	17	11	18	14	19	70	20	44	21	83	22	15	23	32	24	89	25	74	26	39	27	36	28	96	29	22	
	0	48	1	55	2	17	3	93	4	46	5	33	6	16	7	91	8	36	9	14	10	39	11	71	12	43	13	59	14	67	15	62	16	87	17	73	18	31	19	91	20	93	21	37	22	13	23	12	24	41	25	19	26	26	27	20	28	63	29	73	
	0	72	1	94	2	62	3	85	4	51	5	20	6	74	7	79	8	46	9	72	10	100	11	18	12	37	13	96	14	20	15	59	16	60	17	89	18	49	19	81	20	37	21	49	22	18	23	98	24	35	25	70	26	41	27	27	28	95	29	20	
	0	83	1	75	2	26	3	73	4	30	5	42	6	25	7	50	8	59	9	52	10	33	11	33	12	59	13	70	14	33	15	50	16	98	17	79	18	100	19	83	20	37	21	54	22	82	23	42	24	79	25	53	26	48	27	57	28	13	29	46	
	0	24	1	54	2	100	3	90	4	28	5	67	6	65	7	85	8	19	9	46	10	62	11	98	12	91	13	51	14	89	15	36	16	27	17	68	18	68	19	21	20	52	21	63	22	68	23	49	24	31	25	64	26	94	27	93	28	58	29	54	
	0	53	1	30	2	85	3	74	4	82	5	37	6	41	7	91	8	89	9	25	10	28	11	36	12	45	13	26	14	34	15	73	16	81	17	73	18	98	19	64	20	42	21	49	22	71	23	58	24	100	25	57	26	62	27	42	28	36	29	47	
	0	57	1	54	2	13	3	53	4	32	5	35	6	17	7	17	8	92	9	72	10	77	11	27	12	77	13	18	14	16	15	46	16	63	17	29	18	13	19	16	20	46	21	76	22	36	23	23	24	82	25	80	26	76	27	20	28	95	29	47	
	0	30	1	43	2	23	3	77	4	68	5	44	6	50	7	46	8	12	9	29	10	90	11	62	12	13	13	93	14	69	15	31	16	44	17	41	18	97	19	88	20	47	21	56	22	90	23	53	24	63	25	13	26	63	27	71	28	52	29	50	
	0	100	1	82	2	42	3	32	4	65	5	43	6	67	7	43	8	17	9	18	10	28	11	23	12	61	13	80	14	22	15	75	16	89	17	60	18	94	19	57	20	14	21	98	22	28	23	89	24	43	25	46	26	25	27	62	28	42	29	30	
	0	43	1	39	2	90	3	83	4	56	5	94	6	16	7	73	8	77	9	23	10	31	11	89	12	37	13	48	14	62	15	28	16	58	17	21	18	53	19	51	20	48	21	93	22	58	23	74	24	50	25	94	26	42	27	10	28	90	29	81	
	0	91	1	34	2	83	3	35	4	26	5	19	6	26	7	87	8	77	9	96	10	83	11	75	12	75	13	12	14	54	15	87	16	53	17	38	18	52	19	83	20	37	21	44	22	63	23	70	24	93	25	84	26	37	27	87	28	19	29	14	
	0	91	1	51	2	85	3	27	4	58	5	32	6	39	7	76	8	22	9	49	10	71	11	96	12	23	13	53	14	27	15	91	16	27	17	26	18	77	19	23	20	94	21	69	22	45	23	92	24	30	25	82	26	12	27	53	28	96	29	77	
	0	87	1	87	2	69	3	85	4	43	5	12	6	75	7	23	8	63	9	31	10	92	11	89	12	89	13	35	14	86	15	86	16	93	17	43	18	45	19	47	20	43	21	75	22	36	23	10	24	48	25	99	26	50	27	24	28	45	29	50	
	0	48	1	33	2	43	3	79	4	78	5	90	6	42	7	80	8	85	9	24	10	35	11	97	12	91	13	30	14	71	15	11	16	31	17	37	18	12	19	54	20	61	21	35	22	37	23	62	24	21	25	50	26	67	27	56	28	89	29	70	
	0	99	1	92	2	91	3	95	4	33	5	53	6	58	7	96	8	41	9	95	10	35	11	56	12	67	13	28	14	91	15	94	16	95	17	79	18	57	19	47	20	31	21	97	22	54	23	82	24	40	25	47	26	98	27	29	28	58	29	95	
	0	16	1	34	2	26	3	83	4	76	5	56	6	75	7	43	8	37	9	52	10	91	11	98	12	44	13	38	14	81	15	21	16	61	17	37	18	89	19	93	20	11	21	94	22	17	23	78	24	74	25	27	26	75	27	63	28	35	29	82	
	0	52	1	45	2	30	3	92	4	38	5	82	6	54	7	16	8	68	9	70	10	17	11	32	12	58	13	89	14	43	15	81	16	90	17	59	18	73	19	47	20	13	21	43	22	86	23	81	24	72	25	60	26	20	27	84	28	27	29	69	
	0	80	1	48	2	98	3	11	4	25	5	61	6	51	7	85	8	73	9	61	10	97	11	15	12	49	13	49	14	44	15	49	16	69	17	51	18	96	19	90	20	28	21	92	22	69	23	81	24	91	25	48	26	59	27	68	28	60	29	49	
	0	31	1	14	2	51	3	93	4	75	5	27	6	88	7	67	8	39	9	53	10	31	11	92	12	47	13	29	14	22	15	97	16	45	17	38	18	92	19	67	20	41	21	67	22	48	23	60	24	97	25	72	26	91	27	13	28	83	29	67	
	0	66	1	57	2	55	3	84	4	95	5	38	6	23	7	50	8	32	9	33	10	77	11	48	12	60	13	33	14	88	15	84	16	80	17	78	18	46	19	99	20	15	21	98	22	41	23	31	24	58	25	25	26	66	27	56	28	94	29	91	
	0	94	1	98	2	79	3	31	4	80	5	66	6	69	7	48	8	43	9	49	10	76	11	50	12	72	13	71	14	71	15	65	16	90	17	62	18	29	19	15	20	41	21	53	22	23	23	94	24	78	25	56	26	56	27	96	28	97	29	81	
	0	90	1	76	2	90	3	91	4	76	5	98	6	69	7	71	8	88	9	18	10	79	11	36	12	20	13	84	14	60	15	98	16	33	17	93	18	60	19	46	20	41	21	64	22	97	23	17	24	34	25	42	26	79	27	95	28	51	29	45	
	0	55	1	60	2	82	3	64	4	100	5	71	6	62	7	11	8	75	9	71	10	99	11	24	12	22	13	52	14	83	15	26	16	91	17	74	18	23	19	91	20	95	21	32	22	74	23	38	24	51	25	53	26	72	27	95	28	44	29	68	
	0	93	1	60	2	92	3	40	4	74	5	86	6	99	7	10	8	58	9	19	10	22	11	35	12	66	13	23	14	76	15	77	16	13	17	64	18	47	19	88	20	80	21	53	22	59	23	27	24	88	25	52	26	77	27	50	28	90	29	11	
	0	72	1	100	2	34	3	64	4	64	5	48	6	98	7	36	8	36	9	41	10	88	11	39	12	51	13	87	14	82	15	55	16	12	17	46	18	51	19	28	20	87	21	49	22	74	23	41	24	59	25	95	26	36	27	53	28	83	29	31	
	0	30	1	44	2	99	3	100	4	65	5	85	6	83	7	65	8	53	9	56	10	97	11	25	12	72	13	52	14	47	15	34	16	36	17	48	18	41	19	47	20	42	21	43	22	20	23	13	24	22	25	97	26	27	27	48	28	81	29	50	
	0	65	1	98	2	35	3	72	4	42	5	95	6	31	7	21	8	57	9	39	10	28	11	69	12	59	13	57	14	12	15	46	16	33	17	67	18	18	19	28	20	98	21	93	22	41	23	62	24	40	25	20	26	33	27	15	28	32	29	11	
	0	40	1	58	2	14	3	54	4	47	5	36	6	60	7	12	8	13	9	52	10	84	11	94	12	84	13	29	14	80	15	41	16	75	17	78	18	82	19	50	20	46	21	96	22	33	23	80	24	57	25	33	26	75	27	85	28	58	29	76	
	0	13	1	96	2	32	3	82	4	97	5	43	6	84	7	34	8	58	9	85	10	23	11	54	12	40	13	92	14	27	15	80	16	81	17	39	18	78	19	30	20	61	21	14	22	31	23	82	24	56	25	56	26	62	27	22	28	53	29	21	
	0	19	1	48	2	71	3	30	4	48	5	33	6	30	7	65	8	47	9	100	10	98	11	44	12	80	13	19	14	55	15	95	16	31	17	45	18	45	19	78	20	10	21	12	22	54	23	10	24	16	25	22	26	100	27	17	28	83	29	61	
	0	91	1	66	2	21	3	83	4	59	5	98	6	47	7	19	8	63	9	49	10	39	11	82	12	16	13	86	14	11	15	99	16	70	17	21	18	98	19	50	20	81	21	78	22	34	23	49	24	41	25	73	26	68	27	26	28	23	29	43	
	0	68	1	20	2	84	3	92	4	77	5	35	6	88	7	46	8	19	9	10	10	69	11	76	12	83	13	56	14	49	15	70	16	69	17	34	18	93	19	20	20	98	21	61	22	50	23	44	24	34	25	44	26	93	27	66	28	85	29	47	
	0	42	1	99	2	68	3	99	4	97	5	63	6	76	7	14	8	41	9	69	10	57	11	27	12	15	13	17	14	64	15	43	16	82	17	18	18	42	19	44	20	53	21	82	22	33	23	35	24	89	25	41	26	76	27	10	28	89	29	29	
	0	98	1	34	2	33	3	61	4	33	5	38	6	29	7	38	8	49	9	53	10	86	11	14	12	15	13	37	14	58	15	10	16	30	17	60	18	83	19	57	20	54	21	99	22	100	23	62	24	69	25	15	26	60	27	99	28	89	29	87	
	0	55	1	65	2	33	3	59	4	34	5	56	6	88	7	63	8	70	9	14	10	44	11	12	12	43	13	48	14	93	15	20	16	70	17	41	18	49	19	28	20	21	21	69	22	15	23	22	24	17	25	54	26	42	27	51	28	78	29	76	
	0	27	1	32	2	61	3	76	4	53	5	76	6	66	7	11	8	35	9	52	10	45	11	38	12	45	13	86	14	40	15	51	16	11	17	55	18	45	19	58	20	27	21	53	22	60	23	19	24	79	25	71	26	39	27	95	28	14	29	81	
	0	56	1	89	2	20	3	26	4	90	5	10	6	51	7	72	8	60	9	24	10	72	11	51	12	76	13	73	14	76	15	99	16	15	17	71	18	50	19	88	20	10	21	98	22	15	23	90	24	93	25	46	26	52	27	67	28	70	29	61	
	0	31	1	11	2	53	3	69	4	58	5	40	6	58	7	73	8	100	9	56	10	82	11	81	12	62	13	51	14	27	15	14	16	66	17	49	18	65	19	36	20	60	21	94	22	51	23	33	24	33	25	80	26	62	27	80	28	84	29	33	
	0	43	1	78	2	46	3	19	4	98	5	37	6	20	7	82	8	78	9	91	10	49	11	23	12	46	13	49	14	96	15	67	16	18	17	88	18	52	19	56	20	67	21	57	22	59	23	23	24	76	25	68	26	60	27	33	28	26	29	73	
	0	27	1	34	2	40	3	53	4	17	5	38	6	90	7	86	8	72	9	11	10	68	11	65	12	22	13	17	14	41	15	75	16	86	17	84	18	45	19	48	20	27	21	50	22	16	23	68	24	95	25	75	26	69	27	41	28	20	29	38	
	0	54	1	81	2	67	3	23	4	70	5	70	6	52	7	53	8	52	9	88	10	67	11	39	12	88	13	86	14	68	15	36	16	27	17	26	18	90	19	65	20	19	21	71	22	86	23	63	24	52	25	49	26	94	27	74	28	71	29	15	
	0	49	1	91	2	59	3	48	4	59	5	80	6	26	7	28	8	52	9	17	10	87	11	18	12	18	13	19	14	99	15	74	16	81	17	12	18	59	19	48	20	47	21	71	22	16	23	86	24	28	25	81	26	80	27	77	28	50	29	73	
	0	26	1	19	2	12	3	43	4	93	5	45	6	95	7	63	8	70	9	45	10	86	11	86	12	83	13	61	14	55	15	33	16	90	17	31	18	90	19	36	20	28	21	89	22	16	23	46	24	29	25	22	26	10	27	20	28	61	29	40	
	0	85	1	41	2	17	3	29	4	12	5	42	6	22	7	22	8	28	9	72	10	68	11	17	12	54	13	22	14	27	15	11	16	11	17	27	18	91	19	53	20	63	21	15	22	87	23	72	24	78	25	52	26	94	27	22	28	61	29	33	
	0	85	1	68	2	90	3	29	4	32	5	79	6	92	7	55	8	54	9	48	10	54	11	47	12	65	13	23	14	10	15	99	16	63	17	84	18	36	19	39	20	58	21	14	22	78	23	53	24	53	25	30	26	65	27	78	28	42	29	34	
	0	85	1	92	2	93	3	31	4	21	5	38	6	14	7	46	8	37	9	69	10	97	11	79	12	14	13	13	14	68	15	39	16	96	17	79	18	50	19	35	20	15	21	93	22	13	23	98	24	93	25	32	26	97	27	73	28	82	29	31	
	0	76	1	96	2	82	3	100	4	56	5	72	6	82	7	18	8	61	9	57	10	99	11	55	12	86	13	66	14	71	15	18	16	96	17	45	18	96	19	24	20	75	21	57	22	55	23	76	24	96	25	71	26	13	27	30	28	58	29	25	
	0	72	1	17	2	16	3	37	4	50	5	90	6	52	7	55	8	55	9	19	10	53	11	81	12	76	13	62	14	87	15	14	16	42	17	50	18	67	19	11	20	28	21	70	22	31	23	50	24	53	25	82	26	43	27	53	28	23	29	96	
	0	81	1	42	2	36	3	52	4	24	5	30	6	44	7	61	8	42	9	17	10	94	11	26	12	82	13	70	14	44	15	67	16	14	17	10	18	88	19	43	20	16	21	67	22	100	23	31	24	69	25	48	26	50	27	98	28	20	29	82	
	0	13	1	96	2	53	3	25	4	32	5	27	6	85	7	67	8	76	9	48	10	90	11	44	12	55	13	15	14	96	15	59	16	88	17	32	18	77	19	49	20	96	21	87	22	51	23	88	24	20	25	58	26	29	27	15	28	55	29	86	
	0	19	1	69	2	32	3	98	4	22	5	30	6	86	7	89	8	21	9	87	10	50	11	63	12	56	13	53	14	37	15	88	16	71	17	11	18	38	19	66	20	13	21	16	22	63	23	83	24	11	25	78	26	32	27	97	28	58	29	15	
	0	27	1	45	2	74	3	43	4	36	5	77	6	42	7	94	8	52	9	91	10	47	11	23	12	70	13	59	14	53	15	79	16	81	17	97	18	12	19	14	20	13	21	44	22	24	23	40	24	35	25	57	26	92	27	53	28	41	29	87	
	0	17	1	49	2	26	3	15	4	29	5	46	6	61	7	95	8	54	9	21	10	65	11	71	12	59	13	48	14	26	15	67	16	78	17	10	18	61	19	24	20	30	21	34	22	81	23	24	24	13	25	97	26	73	27	37	28	94	29	60	
	0	43	1	12	2	79	3	85	4	43	5	55	6	32	7	18	8	62	9	14	10	58	11	43	12	42	13	35	14	81	15	20	16	12	17	52	18	99	19	83	20	87	21	16	22	13	23	10	24	93	25	68	26	57	27	76	28	71	29	35	
	0	71	1	58	2	97	3	22	4	48	5	84	6	11	7	24	8	51	9	68	10	59	11	84	12	58	13	46	14	83	15	24	16	96	17	39	18	52	19	23	20	11	21	97	22	29	23	84	24	100	25	90	26	28	27	36	28	74	29	59	
	0	19	1	81	2	86	3	71	4	37	5	29	6	75	7	48	8	96	9	46	10	67	11	60	12	97	13	83	14	82	15	14	16	60	17	46	18	22	19	84	20	16	21	90	22	61	23	28	24	82	25	11	26	69	27	37	28	51	29	79	
	0	83	1	44	2	74	3	98	4	83	5	12	6	21	7	56	8	52	9	75	10	20	11	100	12	65	13	68	14	64	15	79	16	100	17	10	18	93	19	12	20	58	21	99	22	98	23	92	24	97	25	47	26	64	27	82	28	89	29	35	
	0	51	1	59	2	75	3	10	4	32	5	44	6	33	7	75	8	73	9	10	10	55	11	63	12	11	13	72	14	13	15	83	16	40	17	86	18	44	19	33	20	22	21	13	22	36	23	69	24	56	25	56	26	52	27	72	28	96	29	60	
	0	43	1	64	2	56	3	36	4	94	5	29	6	100	7	53	8	75	9	10	10	79	11	64	12	26	13	21	14	17	15	21	16	79	17	46	18	39	19	73	20	61	21	48	22	17	23	13	24	74	25	25	26	90	27	10	28	76	29	52	
	0	70	1	40	2	39	3	38	4	28	5	86	6	92	7	93	8	33	9	67	10	86	11	30	12	87	13	99	14	11	15	94	16	84	17	54	18	88	19	63	20	12	21	31	22	32	23	37	24	96	25	73	26	100	27	78	28	40	29	11	
	0	33	1	85	2	23	3	44	4	61	5	42	6	46	7	11	8	87	9	100	10	100	11	85	12	11	13	53	14	19	15	27	16	42	17	95	18	90	19	42	20	68	21	84	22	89	23	40	24	62	25	42	26	46	27	55	28	30	29	67	
	0	55	1	16	2	32	3	89	4	16	5	79	6	53	7	75	8	31	9	24	10	32	11	18	12	12	13	100	14	86	15	93	16	42	17	61	18	33	19	90	20	100	21	15	22	97	23	83	24	81	25	74	26	96	27	41	28	83	29	15	
	0	53	1	63	2	88	3	43	4	41	5	29	6	69	7	96	8	42	9	17	10	76	11	66	12	23	13	91	14	24	15	56	16	63	17	91	18	94	19	90	20	13	21	38	22	94	23	51	24	53	25	60	26	33	27	29	28	99	29	50	
	0	51	1	24	2	10	3	21	4	31	5	12	6	49	7	80	8	81	9	56	10	68	11	18	12	17	13	87	14	72	15	39	16	63	17	90	18	77	19	66	20	75	21	74	22	28	23	70	24	99	25	12	26	25	27	69	28	68	29	54	
	0	28	1	95	2	46	3	38	4	84	5	81	6	51	7	17	8	83	9	23	10	77	11	28	12	55	13	71	14	90	15	14	16	80	17	88	18	67	19	71	20	89	21	23	22	98	23	10	24	64	25	45	26	34	27	96	28	23	29	57	
	0	15	1	64	2	52	3	92	4	55	5	87	6	48	7	13	8	63	9	39	10	70	11	95	12	24	13	80	14	94	15	15	16	53	17	19	18	58	19	10	20	56	21	94	22	63	23	55	24	80	25	17	26	87	27	19	28	97	29	98	
	0	95	1	31	2	58	3	16	4	92	5	84	6	87	7	88	8	27	9	26	10	19	11	52	12	77	13	25	14	37	15	72	16	76	17	74	18	23	19	67	20	94	21	27	22	31	23	29	24	76	25	21	26	32	27	97	28	40	29	91	
	0	54	1	78	2	25	3	37	4	46	5	73	6	30	7	44	8	69	9	87	10	26	11	91	12	99	13	97	14	91	15	56	16	100	17	36	18	10	19	21	20	68	21	94	22	54	23	38	24	85	25	92	26	53	27	96	28	97	29	99	
	0	48	1	80	2	37	3	87	4	79	5	55	6	80	7	95	8	42	9	36	10	20	11	80	12	28	13	67	14	45	15	64	16	48	17	45	18	37	19	80	20	65	21	82	22	56	23	76	24	22	25	90	26	42	27	82	28	99	29	86	
	0	62	1	87	2	95	3	11	4	50	5	67	6	80	7	65	8	22	9	46	10	41	11	26	12	14	13	46	14	57	15	41	16	32	17	45	18	38	19	17	20	58	21	66	22	35	23	77	24	33	25	16	26	21	27	25	28	71	29	17	
	0	12	1	98	2	51	3	40	4	70	5	86	6	50	7	28	8	24	9	11	10	55	11	42	12	86	13	38	14	49	15	47	16	94	17	60	18	83	19	14	20	18	21	23	22	41	23	74	24	98	25	90	26	68	27	82	28	60	29	44	
	0	27	1	84	2	24	3	85	4	87	5	25	6	30	7	56	8	59	9	44	10	97	11	22	12	44	13	59	14	63	15	55	16	16	17	48	18	10	19	19	20	23	21	37	22	72	23	62	24	26	25	31	26	41	27	88	28	75	29	63	
	0	40	1	72	2	19	3	34	4	65	5	17	6	58	7	34	8	28	9	76	10	86	11	23	12	63	13	50	14	34	15	58	16	86	17	54	18	89	19	41	20	84	21	22	22	12	23	79	24	59	25	52	26	11	27	71	28	80	29	18	
	0	14	1	17	2	87	3	29	4	37	5	16	6	61	7	51	8	26	9	90	10	77	11	67	12	49	13	99	14	35	15	52	16	24	17	51	18	63	19	10	20	65	21	75	22	44	23	28	24	84	25	62	26	14	27	25	28	31	29	10	
	0	33	1	98	2	50	3	98	4	46	5	69	6	17	7	67	8	29	9	47	10	45	11	77	12	33	13	91	14	58	15	33	16	24	17	77	18	81	19	33	20	12	21	76	22	28	23	75	24	11	25	92	26	73	27	72	28	18	29	25	
	0	58	1	100	2	24	3	67	4	96	5	33	6	97	7	99	8	84	9	34	10	18	11	98	12	35	13	81	14	93	15	61	16	26	17	68	18	46	19	43	20	50	21	57	22	44	23	70	24	86	25	96	26	21	27	23	28	21	29	97	
	0	41	1	38	2	40	3	88	4	85	5	33	6	28	7	53	8	59	9	34	10	62	11	54	12	67	13	57	14	15	15	91	16	99	17	56	18	63	19	31	20	24	21	96	22	66	23	49	24	22	25	81	26	98	27	81	28	45	29	86	
	0	67	1	37	2	19	3	30	4	41	5	92	6	81	7	49	8	38	9	40	10	85	11	28	12	15	13	65	14	86	15	76	16	65	17	97	18	70	19	88	20	71	21	56	22	44	23	73	24	57	25	18	26	18	27	12	28	61	29	27	
	0	81	1	24	2	84	3	81	4	70	5	61	6	31	7	85	8	17	9	96	10	51	11	26	12	28	13	77	14	12	15	98	16	36	17	66	18	72	19	68	20	70	21	51	22	25	23	41	24	95	25	22	26	87	27	67	28	46	29	30	
	0	94	1	19	2	40	3	89	4	54	5	32	6	17	7	28	8	44	9	27	10	55	11	99	12	64	13	52	14	77	15	21	16	34	17	37	18	82	19	21	20	20	21	42	22	28	23	63	24	58	25	40	26	77	27	60	28	37	29	74	
	0	41	1	67	2	68	3	99	4	25	5	19	6	89	7	17	8	22	9	91	10	79	11	63	12	49	13	12	14	56	15	17	16	77	17	75	18	99	19	24	20	32	21	73	22	93	23	57	24	93	25	44	26	94	27	55	28	39	29	51	
	0	85	1	46	2	69	3	49	4	40	5	34	6	51	7	50	8	35	9	53	10	13	11	59	12	53	13	53	14	52	15	53	16	40	17	41	18	56	19	69	20	35	21	45	22	60	23	39	24	39	25	86	26	14	27	29	28	37	29	78	
	0	84	1	70	2	42	3	30	4	87	5	43	6	88	7	44	8	17	9	46	10	28	11	11	12	54	13	47	14	75	15	100	16	26	17	85	18	90	19	81	20	18	21	78	22	32	23	49	24	20	25	42	26	59	27	58	28	66	29	17	
	0	38	1	91	2	99	3	65	4	97	5	89	6	76	7	61	8	37	9	30	10	80	11	80	12	37	13	64	14	62	15	13	16	75	17	67	18	38	19	61	20	46	21	35	22	57	23	96	24	62	25	74	26	20	27	37	28	72	29	82	
	0	56	1	52	2	21	3	50	4	63	5	50	6	86	7	57	8	78	9	58	10	57	11	56	12	61	13	13	14	26	15	75	16	84	17	96	18	59	19	30	20	36	21	94	22	74	23	71	24	67	25	17	26	63	27	18	28	46	29	37	
	0	80	1	79	2	83	3	15	4	14	5	94	6	79	7	96	8	25	9	21	10	21	11	41	12	30	13	77	14	27	15	54	16	30	17	60	18	17	19	50	20	15	21	91	22	58	23	97	24	12	25	20	26	12	27	79	28	73	29	17	
	0	88	1	73	2	13	3	18	4	58	5	99	6	74	7	33	8	87	9	76	10	59	11	83	12	73	13	21	14	75	15	59	16	74	17	13	18	90	19	98	20	73	21	42	22	49	23	52	24	69	25	75	26	44	27	68	28	46	29	62	
	0	12	1	68	2	24	3	20	4	77	5	17	6	38	7	95	8	83	9	58	10	58	11	37	12	62	13	27	14	77	15	26	16	99	17	25	18	18	19	95	20	16	21	13	22	19	23	86	24	84	25	26	26	44	27	40	28	46	29	61	
	0	38	1	64	2	97	3	44	4	72	5	55	6	15	7	48	8	94	9	65	10	26	11	21	12	27	13	71	14	18	15	23	16	51	17	67	18	70	19	75	20	51	21	73	22	51	23	29	24	29	25	57	26	66	27	10	28	19	29	73	
	0	12	1	66	2	20	3	49	4	86	5	54	6	97	7	79	8	91	9	15	10	75	11	62	12	44	13	68	14	34	15	62	16	88	17	85	18	44	19	88	20	59	21	16	22	89	23	13	24	80	25	68	26	92	27	79	28	94	29	95	
	0	54	1	11	2	98	3	21	4	30	5	41	6	22	7	61	8	91	9	12	10	92	11	37	12	77	13	76	14	81	15	90	16	36	17	83	18	43	19	19	20	37	21	22	22	93	23	46	24	13	25	64	26	70	27	37	28	23	29	26	
	0	79	1	37	2	74	3	57	4	98	5	44	6	27	7	97	8	77	9	37	10	91	11	93	12	28	13	100	14	59	15	78	16	42	17	44	18	55	19	11	20	48	21	88	22	62	23	40	24	80	25	29	26	47	27	99	28	24	29	53	
	0	20	1	93	2	54	3	59	4	96	5	93	6	97	7	12	8	35	9	51	10	58	11	18	12	66	13	97	14	94	15	26	16	77	17	40	18	92	19	69	20	19	21	48	22	41	23	43	24	79	25	73	26	21	27	53	28	77	29	79	
	0	79	1	95	2	61	3	89	4	49	5	90	6	88	7	40	8	10	9	100	10	75	11	14	12	98	13	33	14	28	15	76	16	89	17	92	18	73	19	47	20	94	21	33	22	81	23	25	24	15	25	72	26	51	27	96	28	63	29	24	
	0	98	1	13	2	19	3	95	4	58	5	70	6	69	7	48	8	67	9	67	10	48	11	72	12	21	13	46	14	96	15	68	16	98	17	55	18	98	19	19	20	74	21	64	22	99	23	45	24	27	25	98	26	70	27	18	28	54	29	40	
	0	99	1	69	2	84	3	76	4	42	5	31	6	35	7	27	8	91	9	93	10	41	11	84	12	43	13	56	14	63	15	12	16	80	17	90	18	49	19	55	20	13	21	13	22	75	23	48	24	63	25	32	26	88	27	14	28	68	29	68	
	0	70	1	91	2	36	3	24	4	72	5	93	6	49	7	27	8	59	9	25	10	99	11	81	12	70	13	48	14	57	15	56	16	75	17	17	18	15	19	14	20	45	21	68	22	15	23	22	24	66	25	53	26	69	27	42	28	33	29	76	
	0	80	1	86	2	17	3	14	4	55	5	25	6	60	7	46	8	28	9	85	10	58	11	89	12	92	13	17	14	34	15	80	16	24	17	16	18	41	19	45	20	49	21	61	22	55	23	42	24	77	25	70	26	98	27	76	28	85	29	87	
	0	76	1	24	2	90	3	91	4	14	5	82	6	24	7	42	8	46	9	57	10	48	11	96	12	68	13	23	14	63	15	34	16	79	17	81	18	79	19	37	20	49	21	23	22	11	23	51	24	40	25	24	26	79	27	89	28	86	29	81	
	0	66	1	24	2	37	3	88	4	77	5	80	6	34	7	27	8	87	9	97	10	53	11	70	12	89	13	89	14	79	15	99	16	94	17	59	18	33	19	84	20	78	21	81	22	27	23	52	24	64	25	61	26	79	27	76	28	42	29	41	
	0	99	1	83	2	65	3	59	4	27	5	43	6	72	7	51	8	23	9	43	10	59	11	71	12	18	13	28	14	27	15	81	16	51	17	34	18	25	19	75	20	43	21	46	22	15	23	98	24	83	25	28	26	30	27	47	28	90	29	80	
	0	60	1	87	2	65	3	84	4	49	5	94	6	84	7	10	8	92	9	94	10	70	11	56	12	73	13	21	14	57	15	93	16	43	17	75	18	42	19	86	20	89	21	65	22	32	23	25	24	98	25	92	26	10	27	21	28	34	29	98	
	0	17	1	11	2	91	3	55	4	37	5	76	6	88	7	15	8	27	9	50	10	86	11	78	12	64	13	27	14	35	15	56	16	26	17	80	18	13	19	45	20	29	21	34	22	51	23	40	24	89	25	93	26	39	27	98	28	61	29	61	
	0	64	1	22	2	39	3	16	4	75	5	93	6	17	7	14	8	15	9	55	10	63	11	70	12	53	13	22	14	44	15	90	16	82	17	66	18	25	19	42	20	66	21	81	22	26	23	18	24	80	25	25	26	86	27	44	28	26	29	40	
	0	46	1	65	2	23	3	12	4	16	5	25	6	90	7	80	8	46	9	94	10	75	11	64	12	36	13	13	14	15	15	45	16	14	17	33	18	42	19	33	20	30	21	74	22	85	23	69	24	76	25	49	26	81	27	65	28	86	29	54	
	0	52	1	81	2	11	3	98	4	82	5	70	6	89	7	57	8	11	9	17	10	12	11	28	12	46	13	49	14	51	15	71	16	83	17	40	18	97	19	67	20	83	21	91	22	34	23	51	24	44	25	95	26	10	27	31	28	18	29	50	
	0	43	1	48	2	58	3	64	4	14	5	56	6	29	7	10	8	88	9	46	10	45	11	37	12	63	13	90	14	74	15	31	16	89	17	19	18	100	19	85	20	57	21	98	22	34	23	61	24	42	25	46	26	61	27	98	28	69	29	78	
	0	12	1	57	2	43	3	47	4	79	5	82	6	79	7	14	8	16	9	49	10	62	11	24	12	31	13	40	14	34	15	100	16	77	17	18	18	10	19	72	20	71	21	69	22	14	23	56	24	25	25	46	26	34	27	22	28	36	29	52	
	0	17	1	22	2	17	3	96	4	93	5	43	6	28	7	11	8	11	9	94	10	74	11	25	12	41	13	37	14	100	15	82	16	98	17	39	18	18	19	20	20	18	21	97	22	45	23	44	24	65	25	89	26	85	27	78	28	16	29	22	
	0	91	1	49	2	51	3	28	4	66	5	60	6	63	7	77	8	52	9	78	10	67	11	37	12	94	13	21	14	73	15	51	16	100	17	49	18	56	19	81	20	45	21	29	22	49	23	77	24	92	25	24	26	65	27	48	28	50	29	36	
	0	29	1	20	2	13	3	43	4	77	5	62	6	91	7	18	8	95	9	35	10	58	11	79	12	70	13	23	14	83	15	51	16	64	17	47	18	20	19	68	20	80	21	75	22	96	23	66	24	90	25	88	26	17	27	14	28	40	29	94	
	0	58	1	40	2	27	3	29	4	61	5	50	6	24	7	95	8	86	9	35	10	78	11	73	12	93	13	32	14	92	15	22	16	36	17	27	18	58	19	95	20	49	21	71	22	20	23	99	24	100	25	67	26	70	27	85	28	77	29	55	
	0	59	1	13	2	18	3	47	4	12	5	30	6	40	7	45	8	70	9	29	10	23	11	18	12	24	13	18	14	57	15	41	16	84	17	53	18	66	19	69	20	76	21	72	22	92	23	95	24	40	25	94	26	81	27	22	28	19	29	57	
	0	84	1	11	2	72	3	57	4	18	5	76	6	74	7	62	8	12	9	13	10	23	11	90	12	80	13	28	14	64	15	92	16	50	17	77	18	22	19	91	20	89	21	76	22	56	23	19	24	66	25	36	26	61	27	10	28	89	29	10	
	0	86	1	66	2	100	3	58	4	26	5	12	6	18	7	97	8	22	9	48	10	75	11	35	12	21	13	41	14	78	15	52	16	17	17	81	18	74	19	96	20	93	21	14	22	79	23	25	24	43	25	10	26	12	27	75	28	35	29	42	
	0	59	1	70	2	35	3	46	4	69	5	96	6	53	7	34	8	68	9	97	10	54	11	20	12	35	13	57	14	90	15	50	16	62	17	31	18	58	19	98	20	64	21	60	22	12	23	79	24	49	25	79	26	17	27	99	28	28	29	45	
	0	81	1	45	2	90	3	28	4	86	5	87	6	67	7	85	8	28	9	80	10	64	11	37	12	10	13	30	14	39	15	51	16	48	17	22	18	72	19	66	20	46	21	16	22	96	23	89	24	16	25	18	26	47	27	65	28	55	29	10	
	0	92	1	69	2	40	3	62	4	59	5	63	6	34	7	76	8	87	9	11	10	55	11	75	12	26	13	46	14	45	15	24	16	69	17	93	18	84	19	76	20	12	21	72	22	59	23	58	24	93	25	78	26	63	27	99	28	18	29	61	
	0	60	1	24	2	24	3	13	4	35	5	11	6	48	7	77	8	37	9	86	10	89	11	33	12	82	13	17	14	79	15	96	16	78	17	66	18	40	19	26	20	43	21	63	22	23	23	53	24	64	25	27	26	48	27	56	28	90	29	96	
	0	44	1	24	2	17	3	24	4	25	5	92	6	57	7	82	8	58	9	22	10	53	11	71	12	54	13	18	14	30	15	66	16	88	17	23	18	87	19	12	20	63	21	64	22	42	23	53	24	72	25	68	26	86	27	67	28	50	29	87	
	0	78	1	28	2	28	3	89	4	68	5	48	6	70	7	66	8	65	9	79	10	80	11	70	12	33	13	18	14	42	15	43	16	95	17	52	18	60	19	95	20	46	21	47	22	29	23	81	24	51	25	99	26	70	27	39	28	89	29	14	
	0	53	1	71	2	97	3	24	4	61	5	70	6	10	7	63	8	100	9	15	10	53	11	13	12	26	13	68	14	51	15	72	16	96	17	15	18	86	19	23	20	47	21	96	22	43	23	77	24	96	25	73	26	15	27	37	28	75	29	28	
	0	35	1	13	2	17	3	80	4	100	5	100	6	82	7	42	8	85	9	89	10	40	11	97	12	44	13	66	14	87	15	34	16	30	17	61	18	99	19	52	20	66	21	18	22	97	23	12	24	32	25	46	26	60	27	15	28	34	29	79	
	0	23	1	43	2	66	3	71	4	42	5	62	6	65	7	27	8	45	9	79	10	22	11	58	12	72	13	33	14	21	15	51	16	46	17	25	18	62	19	43	20	90	21	76	22	17	23	21	24	33	25	85	26	94	27	43	28	37	29	92	
	0	44	1	75	2	25	3	27	4	74	5	49	6	56	7	56	8	47	9	92	10	87	11	50	12	67	13	88	14	90	15	39	16	62	17	48	18	65	19	21	20	25	21	62	22	18	23	38	24	86	25	26	26	95	27	29	28	19	29	32	
	0	77	1	67	2	91	3	38	4	36	5	91	6	90	7	94	8	92	9	42	10	79	11	85	12	96	13	66	14	35	15	16	16	53	17	59	18	62	19	29	20	94	21	26	22	39	23	72	24	42	25	67	26	81	27	72	28	66	29	39	
	0	11	1	34	2	36	3	28	4	19	5	55	6	54	7	22	8	91	9	28	10	37	11	42	12	52	13	73	14	34	15	56	16	100	17	89	18	50	19	40	20	75	21	73	22	21	23	89	24	34	25	36	26	81	27	70	28	93	29	14	
	0	47	1	50	2	36	3	41	4	17	5	50	6	86	7	54	8	34	9	34	10	20	11	29	12	67	13	81	14	17	15	67	16	42	17	62	18	70	19	42	20	32	21	21	22	68	23	96	24	98	25	17	26	60	27	45	28	45	29	13	
	0	25	1	25	2	48	3	80	4	76	5	95	6	86	7	19	8	67	9	85	10	37	11	79	12	97	13	62	14	92	15	71	16	67	17	35	18	26	19	52	20	76	21	51	22	11	23	32	24	22	25	15	26	90	27	60	28	28	29	15	
	0	42	1	57	2	23	3	12	4	82	5	98	6	76	7	46	8	86	9	28	10	46	11	23	12	54	13	87	14	93	15	53	16	97	17	22	18	41	19	27	20	99	21	29	22	62	23	25	24	45	25	89	26	48	27	75	28	53	29	37	
	0	82	1	55	2	21	3	51	4	54	5	80	6	30	7	94	8	54	9	98	10	14	11	21	12	72	13	40	14	10	15	63	16	29	17	21	18	35	19	79	20	44	21	85	22	97	23	44	24	63	25	53	26	12	27	92	28	92	29	100	
	0	93	1	70	2	29	3	18	4	62	5	24	6	39	7	84	8	56	9	31	10	99	11	49	12	83	13	83	14	49	15	41	16	15	17	74	18	38	19	15	20	56	21	73	22	49	23	36	24	91	25	48	26	83	27	75	28	69	29	14	
	0	98	1	23	2	19	3	28	4	29	5	11	6	36	7	25	8	76	9	53	10	29	11	90	12	32	13	29	14	69	15	93	16	89	17	93	18	37	19	91	20	34	21	75	22	45	23	30	24	90	25	50	26	48	27	62	28	42	29	24	
	0	48	1	26	2	19	3	77	4	91	5	70	6	70	7	80	8	47	9	46	10	46	11	30	12	61	13	56	14	20	15	60	16	53	17	35	18	82	19	44	20	70	21	22	22	65	23	64	24	15	25	87	26	10	27	54	28	27	29	14	
	0	61	1	67	2	20	3	90	4	93	5	36	6	42	7	50	8	54	9	36	10	91	11	80	12	28	13	66	14	75	15	64	16	93	17	24	18	14	19	87	20	59	21	93	22	15	23	24	24	66	25	86	26	36	27	55	28	97	29	47	
	0	10	1	48	2	73	3	10	4	91	5	88	6	68	7	77	8	35	9	90	10	48	11	80	12	42	13	72	14	38	15	75	16	59	17	50	18	48	19	98	20	53	21	69	22	38	23	35	24	73	25	62	26	98	27	36	28	79	29	30	
	0	15	1	21	2	40	3	32	4	29	5	35	6	71	7	15	8	91	9	91	10	15	11	99	12	10	13	92	14	81	15	71	16	81	17	40	18	32	19	79	20	74	21	69	22	84	23	47	24	68	25	51	26	74	27	64	28	49	29	27	
	0	63	1	36	2	20	3	92	4	98	5	13	6	94	7	94	8	40	9	71	10	80	11	53	12	57	13	37	14	23	15	73	16	21	17	60	18	10	19	65	20	97	21	100	22	99	23	11	24	33	25	16	26	29	27	77	28	62	29	28	
	0	59	1	84	2	48	3	67	4	29	5	73	6	86	7	26	8	15	9	74	10	64	11	22	12	12	13	60	14	66	15	97	16	13	17	17	18	46	19	76	20	20	21	46	22	33	23	78	24	82	25	47	26	57	27	74	28	12	29	35	
	0	71	1	87	2	44	3	85	4	45	5	69	6	35	7	36	8	79	9	100	10	18	11	52	12	92	13	96	14	36	15	100	16	25	17	32	18	22	19	57	20	49	21	95	22	72	23	22	24	92	25	25	26	34	27	33	28	32	29	94	
	0	86	1	26	2	57	3	54	4	76	5	86	6	94	7	14	8	84	9	32	10	86	11	75	12	51	13	80	14	52	15	24	16	69	17	50	18	45	19	97	20	55	21	88	22	32	23	98	24	31	25	28	26	64	27	52	28	24	29	62	
	0	17	1	100	2	88	3	44	4	51	5	16	6	10	7	28	8	88	9	34	10	46	11	50	12	90	13	27	14	40	15	54	16	15	17	98	18	35	19	67	20	56	21	80	22	36	23	33	24	97	25	58	26	65	27	93	28	21	29	42	
	0	30	1	31	2	13	3	35	4	12	5	50	6	70	7	99	8	67	9	83	10	57	11	58	12	79	13	19	14	74	15	11	16	33	17	32	18	64	19	97	20	42	21	13	22	64	23	50	24	95	25	71	26	26	27	15	28	35	29	69	
	0	38	1	74	2	80	3	96	4	29	5	85	6	67	7	23	8	35	9	50	10	31	11	60	12	71	13	35	14	41	15	42	16	40	17	47	18	11	19	67	20	87	21	16	22	87	23	15	24	82	25	20	26	55	27	27	28	24	29	55	
	0	10	1	39	2	73	3	45	4	97	5	89	6	64	7	73	8	14	9	54	10	71	11	55	12	14	13	84	14	17	15	58	16	85	17	32	18	77	19	58	20	97	21	15	22	97	23	56	24	39	25	71	26	51	27	17	28	52	29	20	
	0	80	1	83	2	52	3	53	4	44	5	45	6	80	7	70	8	31	9	75	10	84	11	60	12	45	13	86	14	48	15	96	16	89	17	86	18	53	19	85	20	47	21	72	22	82	23	58	24	68	25	75	26	45	27	74	28	10	29	98	
	0	78	1	82	2	28	3	86	4	74	5	73	6	56	7	48	8	77	9	18	10	44	11	94	12	19	13	20	14	63	15	67	16	100	17	69	18	20	19	43	20	63	21	80	22	30	23	36	24	44	25	48	26	33	27	90	28	57	29	99	
	0	97	1	54	2	10	3	74	4	89	5	23	6	34	7	31	8	68	9	66	10	38	11	38	12	39	13	98	14	65	15	95	16	97	17	29	18	97	19	74	20	86	21	70	22	95	23	88	24	33	25	44	26	35	27	25	28	81	29	77	
	0	79	1	73	2	39	3	49	4	54	5	69	6	73	7	40	8	91	9	43	10	28	11	87	12	62	13	97	14	14	15	40	16	81	17	26	18	93	19	51	20	44	21	10	22	19	23	22	24	58	25	90	26	33	27	98	28	30	29	69	
	0	39	1	92	2	80	3	10	4	95	5	87	6	41	7	80	8	53	9	84	10	54	11	20	12	29	13	75	14	49	15	35	16	100	17	34	18	38	19	90	20	86	21	56	22	13	23	23	24	12	25	68	26	19	27	91	28	58	29	100	
	0	42	1	25	2	82	3	67	4	34	5	25	6	14	7	98	8	95	9	73	10	62	11	10	12	78	13	98	14	51	15	37	16	58	17	65	18	55	19	10	20	52	21	68	22	23	23	72	24	34	25	98	26	68	27	43	28	50	29	86	
	0	40	1	24	2	14	3	25	4	59	5	88	6	24	7	36	8	38	9	82	10	52	11	11	12	48	13	83	14	98	15	45	16	42	17	16	18	12	19	85	20	94	21	25	22	39	23	24	24	49	25	16	26	42	27	22	28	86	29	42	
	0	79	1	63	2	15	3	69	4	98	5	71	6	21	7	58	8	80	9	73	10	25	11	87	12	76	13	87	14	93	15	71	16	53	17	46	18	27	19	51	20	78	21	46	22	87	23	14	24	35	25	45	26	86	27	77	28	28	29	79	
	0	71	1	67	2	100	3	46	4	29	5	32	6	58	7	10	8	58	9	45	10	50	11	71	12	12	13	90	14	56	15	97	16	91	17	89	18	59	19	82	20	79	21	33	22	62	23	56	24	79	25	11	26	85	27	49	28	36	29	23	
	0	100	1	56	2	53	3	58	4	16	5	67	6	31	7	58	8	96	9	99	10	85	11	69	12	65	13	44	14	23	15	54	16	34	17	54	18	16	19	43	20	95	21	26	22	68	23	93	24	77	25	49	26	61	27	36	28	42	29	39	
	0	44	1	43	2	66	3	43	4	70	5	85	6	84	7	78	8	68	9	46	10	46	11	76	12	35	13	95	14	47	15	23	16	68	17	98	18	29	19	12	20	89	21	80	22	28	23	16	24	56	25	43	26	16	27	76	28	55	29	97	
	0	97	1	98	2	39	3	99	4	99	5	37	6	36	7	86	8	11	9	83	10	78	11	14	12	71	13	86	14	12	15	20	16	32	17	36	18	98	19	36	20	97	21	35	22	69	23	10	24	54	25	25	26	37	27	97	28	17	29	99	
	0	99	1	13	2	60	3	97	4	55	5	65	6	52	7	91	8	51	9	79	10	46	11	62	12	76	13	49	14	96	15	10	16	51	17	41	18	20	19	19	20	27	21	87	22	94	23	17	24	76	25	70	26	48	27	96	28	32	29	32	
	0	30	1	91	2	17	3	20	4	39	5	31	6	91	7	93	8	18	9	43	10	60	11	97	12	56	13	73	14	71	15	31	16	10	17	28	18	78	19	54	20	87	21	33	22	94	23	93	24	47	25	73	26	77	27	68	28	64	29	29	
	0	52	1	39	2	80	3	74	4	90	5	31	6	79	7	35	8	52	9	97	10	72	11	25	12	34	13	57	14	58	15	19	16	22	17	97	18	71	19	37	20	59	21	22	22	24	23	50	24	51	25	67	26	87	27	61	28	99	29	43	
	0	64	1	78	2	39	3	19	4	16	5	85	6	24	7	72	8	12	9	33	10	38	11	62	12	96	13	65	14	56	15	42	16	40	17	18	18	95	19	43	20	94	21	54	22	48	23	21	24	66	25	73	26	70	27	90	28	97	29	21	
	0	96	1	56	2	91	3	18	4	37	5	26	6	71	7	26	8	61	9	81	10	23	11	87	12	67	13	43	14	20	15	97	16	67	17	56	18	11	19	89	20	27	21	66	22	35	23	35	24	100	25	72	26	69	27	50	28	16	29	63	
	0	68	1	23	2	80	3	96	4	89	5	95	6	26	7	53	8	74	9	73	10	15	11	15	12	97	13	22	14	13	15	78	16	52	17	55	18	82	19	55	20	76	21	19	22	34	23	91	24	85	25	96	26	82	27	82	28	78	29	48	
	0	72	1	30	2	99	3	96	4	24	5	78	6	41	7	26	8	37	9	17	10	57	11	29	12	71	13	27	14	98	15	54	16	19	17	23	18	23	19	54	20	37	21	63	22	49	23	77	24	94	25	83	26	14	27	26	28	90	29	10	
	0	62	1	73	2	60	3	24	4	83	5	86	6	20	7	15	8	34	9	32	10	46	11	92	12	44	13	87	14	89	15	68	16	97	17	21	18	70	19	83	20	34	21	35	22	90	23	77	24	10	25	39	26	25	27	75	28	60	29	53	
	0	29	1	59	2	83	3	99	4	46	5	72	6	24	7	57	8	32	9	60	10	83	11	81	12	85	13	86	14	74	15	68	16	88	17	94	18	92	19	23	20	86	21	53	22	91	23	60	24	60	25	58	26	27	27	52	28	58	29	53	
	0	91	1	67	2	98	3	41	4	67	5	88	6	72	7	73	8	85	9	33	10	34	11	29	12	99	13	10	14	14	15	50	16	55	17	14	18	42	19	46	20	92	21	54	22	84	23	12	24	51	25	21	26	23	27	49	28	20	29	36	
	0	84	1	35	2	43	3	38	4	44	5	85	6	74	7	29	8	59	9	34	10	83	11	56	12	26	13	78	14	32	15	62	16	17	17	43	18	84	19	65	20	27	21	86	22	99	23	73	24	44	25	42	26	90	27	96	28	23	29	76	
	0	76	1	31	2	73	3	10	4	35	5	84	6	99	7	22	8	91	9	74	10	70	11	67	12	65	13	49	14	41	15	47	16	90	17	36	18	25	19	27	20	17	21	51	22	94	23	84	24	30	25	62	26	16	27	33	28	34	29	14	
	0	61	1	17	2	92	3	71	4	14	5	71	6	35	7	69	8	20	9	66	10	28	11	48	12	89	13	16	14	75	15	84	16	65	17	55	18	16	19	51	20	19	21	49	22	85	23	14	24	23	25	10	26	78	27	68	28	53	29	54	
	0	33	1	86	2	56	3	61	4	74	5	82	6	78	7	77	8	80	9	84	10	18	11	89	12	30	13	13	14	61	15	87	16	74	17	87	18	39	19	20	20	35	21	60	22	15	23	19	24	70	25	24	26	29	27	97	28	36	29	50	
	0	24	1	35	2	86	3	11	4	43	5	46	6	43	7	14	8	48	9	55	10	77	11	19	12	73	13	38	14	60	15	17	16	53	17	28	18	45	19	91	20	12	21	62	22	65	23	44	24	23	25	81	26	43	27	45	28	29	29	67	
	0	84	1	34	2	74	3	72	4	30	5	95	6	11	7	20	8	75	9	85	10	56	11	42	12	29	13	57	14	84	15	25	16	25	17	23	18	29	19	82	20	36	21	56	22	79	23	30	24	56	25	75	26	33	27	70	28	62	29	84	
	0	47	1	72	2	85	3	68	4	35	5	70	6	36	7	71	8	83	9	97	10	51	11	29	12	39	13	31	14	30	15	86	16	88	17	90	18	80	19	18	20	54	21	33	22	34	23	82	24	22	25	41	26	19	27	42	28	15	29	34	
	0	54	1	49	2	54	3	66	4	50	5	30	6	82	7	86	8	12	9	44	10	34	11	38	12	24	13	66	14	90	15	13	16	66	17	46	18	65	19	40	20	51	21	68	22	92	23	59	24	37	25	88	26	42	27	56	28	81	29	90	
	0	90	1	79	2	83	3	91	4	91	5	16	6	45	7	53	8	78	9	32	10	98	11	82	12	54	13	72	14	10	15	66	16	67	17	61	18	17	19	36	20	30	21	71	22	58	23	43	24	77	25	26	26	60	27	34	28	51	29	98	
	0	21	1	36	2	85	3	66	4	79	5	92	6	99	7	18	8	42	9	81	10	22	11	53	12	23	13	76	14	91	15	77	16	12	17	52	18	51	19	81	20	48	21	79	22	73	23	54	24	50	25	36	26	86	27	63	28	56	29	26	
	0	17	1	16	2	22	3	72	4	43	5	92	6	42	7	86	8	51	9	70	10	89	11	64	12	41	13	17	14	40	15	26	16	87	17	55	18	85	19	33	20	12	21	58	22	24	23	65	24	13	25	95	26	94	27	14	28	45	29	12	
	0	66	1	63	2	82	3	47	4	75	5	23	6	15	7	69	8	41	9	51	10	97	11	79	12	40	13	92	14	48	15	42	16	71	17	52	18	37	19	53	20	74	21	77	22	46	23	40	24	19	25	67	26	38	27	92	28	18	29	52	
	0	36	1	85	2	71	3	27	4	37	5	38	6	94	7	80	8	74	9	92	10	68	11	66	12	34	13	12	14	40	15	31	16	82	17	18	18	81	19	72	20	10	21	66	22	81	23	39	24	57	25	73	26	65	27	38	28	34	29	52	
	0	52	1	38	2	35	3	20	4	62	5	86	6	46	7	32	8	87	9	37	10	24	11	48	12	26	13	92	14	41	15	79	16	14	17	47	18	53	19	11	20	87	21	64	22	100	23	98	24	56	25	41	26	27	27	90	28	54	29	87	
	0	18	1	46	2	21	3	55	4	92	5	53	6	27	7	60	8	29	9	16	10	15	11	49	12	49	13	54	14	37	15	76	16	82	17	21	18	61	19	44	20	95	21	12	22	39	23	86	24	19	25	26	26	92	27	48	28	29	29	66	
	0	26	1	26	2	35	3	65	4	81	5	60	6	50	7	36	8	84	9	73	10	51	11	75	12	14	13	88	14	27	15	52	16	64	17	95	18	73	19	82	20	43	21	24	22	39	23	83	24	61	25	69	26	85	27	46	28	17	29	86	
	0	72	1	25	2	95	3	77	4	62	5	23	6	54	7	50	8	38	9	73	10	65	11	27	12	66	13	75	14	74	15	76	16	47	17	51	18	75	19	37	20	15	21	75	22	45	23	37	24	87	25	87	26	54	27	71	28	19	29	83	
	0	31	1	42	2	65	3	54	4	93	5	47	6	10	7	67	8	74	9	15	10	78	11	10	12	99	13	30	14	26	15	11	16	62	17	56	18	38	19	65	20	66	21	14	22	45	23	95	24	75	25	91	26	10	27	59	28	25	29	49	
	0	100	1	72	2	89	3	20	4	71	5	33	6	71	7	14	8	34	9	83	10	26	11	23	12	83	13	50	14	14	15	87	16	56	17	79	18	35	19	18	20	55	21	78	22	79	23	46	24	87	25	19	26	61	27	61	28	20	29	48	
	0	31	1	62	2	26	3	39	4	67	5	45	6	86	7	97	8	80	9	14	10	38	11	89	12	47	13	70	14	58	15	86	16	54	17	52	18	51	19	53	20	100	21	94	22	63	23	48	24	99	25	55	26	53	27	77	28	32	29	41	
	0	18	1	87	2	14	3	59	4	29	5	74	6	90	7	19	8	13	9	59	10	95	11	35	12	21	13	30	14	90	15	88	16	68	17	25	18	33	19	42	20	22	21	35	22	19	23	20	24	33	25	81	26	38	27	10	28	70	29	75	
	0	47	1	24	2	66	3	93	4	85	5	42	6	33	7	31	8	51	9	80	10	50	11	69	12	28	13	32	14	37	15	23	16	74	17	10	18	96	19	19	20	88	21	72	22	59	23	42	24	63	25	35	26	51	27	73	28	28	29	91	
	0	73	1	51	2	38	3	79	4	47	5	94	6	65	7	23	8	29	9	83	10	65	11	41	12	37	13	32	14	63	15	86	16	70	17	52	18	69	19	51	20	19	21	31	22	43	23	35	24	49	25	79	26	80	27	53	28	72	29	94	
	0	28	1	68	2	34	3	16	4	41	5	96	6	81	7	75	8	16	9	56	10	91	11	38	12	80	13	55	14	38	15	31	16	36	17	41	18	42	19	28	20	25	21	10	22	72	23	52	24	95	25	59	26	88	27	57	28	52	29	44	
	0	85	1	75	2	76	3	92	4	59	5	88	6	25	7	94	8	90	9	44	10	74	11	64	12	64	13	59	14	68	15	56	16	47	17	71	18	93	19	80	20	57	21	63	22	12	23	93	24	32	25	71	26	50	27	67	28	50	29	38	
	0	48	1	29	2	30	3	66	4	47	5	29	6	95	7	87	8	89	9	15	10	48	11	29	12	100	13	39	14	72	15	32	16	51	17	91	18	84	19	76	20	100	21	33	22	77	23	33	24	65	25	68	26	29	27	49	28	38	29	34	
	0	12	1	57	2	15	3	36	4	23	5	75	6	87	7	60	8	74	9	80	10	36	11	22	12	19	13	51	14	55	15	85	16	14	17	71	18	24	19	10	20	96	21	54	22	49	23	14	24	94	25	83	26	51	27	88	28	14	29	50	
	0	41	1	21	2	90	3	44	4	100	5	56	6	87	7	71	8	18	9	27	10	13	11	68	12	44	13	40	14	35	15	88	16	30	17	68	18	74	19	68	20	57	21	94	22	64	23	87	24	47	25	18	26	96	27	58	28	17	29	25	
	0	82	1	56	2	85	3	100	4	17	5	42	6	76	7	82	8	76	9	89	10	95	11	94	12	32	13	82	14	29	15	10	16	39	17	50	18	50	19	61	20	92	21	30	22	17	23	23	24	81	25	97	26	21	27	29	28	57	29	24	
	0	36	1	94	2	93	3	98	4	73	5	19	6	96	7	45	8	15	9	23	10	75	11	97	12	90	13	35	14	68	15	53	16	85	17	41	18	78	19	72	20	11	21	18	22	42	23	32	24	23	25	89	26	64	27	75	28	41	29	41	
	0	84	1	38	2	84	3	76	4	89	5	79	6	41	7	37	8	70	9	75	10	44	11	31	12	92	13	80	14	19	15	14	16	62	17	97	18	78	19	17	20	93	21	78	22	27	23	10	24	84	25	42	26	23	27	77	28	62	29	86	
	0	21	1	39	2	41	3	44	4	77	5	10	6	89	7	56	8	39	9	37	10	52	11	89	12	42	13	60	14	43	15	48	16	82	17	98	18	10	19	80	20	18	21	25	22	47	23	49	24	33	25	22	26	58	27	98	28	51	29	93	
	0	41	1	68	2	48	3	73	4	25	5	23	6	100	7	39	8	22	9	68	10	17	11	100	12	55	13	46	14	78	15	23	16	94	17	60	18	21	19	29	20	88	21	18	22	57	23	43	24	13	25	84	26	57	27	26	28	51	29	19	
	0	82	1	75	2	10	3	73	4	21	5	97	6	41	7	68	8	56	9	59	10	83	11	95	12	42	13	91	14	48	15	76	16	54	17	78	18	18	19	95	20	52	21	57	22	51	23	26	24	18	25	73	26	25	27	40	28	71	29	47	
	0	62	1	54	2	72	3	22	4	58	5	92	6	44	7	93	8	64	9	50	10	39	11	73	12	83	13	38	14	55	15	13	16	55	17	10	18	96	19	62	20	24	21	75	22	48	23	34	24	44	25	47	26	34	27	68	28	67	29	22	
	0	78	1	42	2	21	3	48	4	87	5	31	6	19	7	81	8	19	9	84	10	15	11	94	12	90	13	44	14	78	15	27	16	72	17	96	18	76	19	35	20	65	21	70	22	10	23	23	24	96	25	37	26	99	27	13	28	32	29	19	
	0	32	1	100	2	34	3	32	4	97	5	21	6	90	7	79	8	26	9	76	10	52	11	18	12	13	13	77	14	60	15	27	16	70	17	96	18	31	19	74	20	29	21	99	22	30	23	26	24	68	25	90	26	30	27	33	28	81	29	100	
	0	15	1	88	2	41	3	79	4	18	5	71	6	50	7	26	8	79	9	99	10	81	11	30	12	89	13	49	14	33	15	74	16	36	17	72	18	63	19	86	20	98	21	67	22	19	23	52	24	65	25	71	26	23	27	28	28	15	29	79	
	0	65	1	39	2	96	3	17	4	10	5	16	6	82	7	77	8	33	9	97	10	91	11	57	12	52	13	18	14	36	15	51	16	52	17	62	18	75	19	46	20	23	21	95	22	61	23	27	24	56	25	40	26	44	27	75	28	72	29	42	
	0	34	1	87	2	41	3	68	4	81	5	84	6	73	7	42	8	13	9	98	10	94	11	33	12	86	13	10	14	21	15	55	16	69	17	37	18	54	19	28	20	49	21	50	22	53	23	10	24	53	25	68	26	22	27	20	28	86	29	96	
	0	51	1	88	2	50	3	52	4	74	5	30	6	73	7	44	8	67	9	11	10	13	11	60	12	87	13	29	14	67	15	98	16	69	17	41	18	50	19	42	20	96	21	98	22	26	23	15	24	78	25	39	26	51	27	47	28	26	29	38	
	0	52	1	28	2	18	3	61	4	76	5	12	6	78	7	54	8	98	9	82	10	67	11	76	12	64	13	14	14	69	15	94	16	89	17	94	18	23	19	55	20	25	21	31	22	11	23	91	24	100	25	12	26	33	27	60	28	38	29	44	
	0	53	1	91	2	19	3	52	4	55	5	43	6	68	7	62	8	71	9	96	10	66	11	81	12	94	13	92	14	71	15	21	16	56	17	66	18	96	19	20	20	10	21	74	22	71	23	59	24	49	25	90	26	60	27	27	28	10	29	88	
	0	64	1	47	2	42	3	21	4	60	5	14	6	11	7	96	8	78	9	34	10	13	11	78	12	14	13	41	14	81	15	41	16	24	17	40	18	25	19	49	20	22	21	29	22	67	23	47	24	57	25	69	26	56	27	63	28	52	29	52	
	0	26	1	11	2	95	3	41	4	22	5	57	6	47	7	23	8	32	9	65	10	86	11	93	12	19	13	31	14	98	15	88	16	64	17	51	18	86	19	20	20	83	21	65	22	64	23	72	24	24	25	86	26	67	27	33	28	38	29	66	
	0	31	1	96	2	39	3	99	4	93	5	80	6	59	7	78	8	87	9	13	10	38	11	53	12	36	13	72	14	71	15	45	16	44	17	91	18	64	19	36	20	34	21	11	22	60	23	65	24	99	25	61	26	28	27	82	28	95	29	65	
	0	14	1	99	2	57	3	91	4	63	5	69	6	66	7	20	8	52	9	58	10	69	11	39	12	70	13	41	14	69	15	64	16	64	17	30	18	58	19	79	20	49	21	20	22	97	23	40	24	68	25	67	26	12	27	85	28	49	29	97	
	0	58	1	83	2	73	3	86	4	71	5	85	6	80	7	97	8	51	9	100	10	100	11	48	12	60	13	35	14	55	15	47	16	39	17	78	18	48	19	32	20	39	21	58	22	32	23	97	24	79	25	69	26	54	27	48	28	24	29	66	
	0	80	1	27	2	29	3	41	4	57	5	82	6	26	7	20	8	94	9	65	10	58	11	52	12	76	13	47	14	59	15	92	16	74	17	46	18	46	19	15	20	69	21	37	22	28	23	27	24	15	25	31	26	81	27	93	28	39	29	100	
	0	43	1	53	2	32	3	83	4	64	5	78	6	75	7	43	8	26	9	30	10	60	11	10	12	89	13	40	14	88	15	27	16	77	17	90	18	83	19	98	20	13	21	17	22	71	23	40	24	93	25	95	26	31	27	78	28	29	29	48	
	0	20	1	33	2	50	3	93	4	12	5	55	6	38	7	38	8	21	9	37	10	71	11	94	12	97	13	98	14	39	15	49	16	75	17	37	18	53	19	33	20	59	21	69	22	58	23	50	24	39	25	87	26	78	27	91	28	59	29	55	
	0	57	1	39	2	29	3	81	4	48	5	63	6	35	7	44	8	28	9	99	10	34	11	84	12	69	13	22	14	17	15	30	16	26	17	97	18	44	19	29	20	73	21	17	22	86	23	63	24	99	25	58	26	51	27	19	28	46	29	62	
	0	70	1	74	2	31	3	97	4	28	5	81	6	37	7	68	8	19	9	69	10	92	11	95	12	15	13	36	14	89	15	68	16	92	17	25	18	63	19	81	20	75	21	85	22	89	23	87	24	27	25	21	26	49	27	32	28	68	29	29	
	0	100	1	82	2	100	3	53	4	79	5	83	6	54	7	68	8	75	9	77	10	19	11	13	12	88	13	31	14	28	15	67	16	77	17	28	18	63	19	92	20	43	21	85	22	79	23	88	24	70	25	37	26	37	27	13	28	29	29	86	
	0	51	1	69	2	38	3	62	4	19	5	32	6	13	7	81	8	99	9	96	10	86	11	70	12	47	13	63	14	53	15	26	16	41	17	59	18	92	19	32	20	55	21	78	22	34	23	45	24	78	25	32	26	18	27	78	28	29	29	28	
	0	42	1	24	2	64	3	41	4	39	5	20	6	63	7	12	8	57	9	58	10	33	11	28	12	96	13	94	14	44	15	60	16	29	17	49	18	11	19	10	20	55	21	96	22	89	23	45	24	79	25	60	26	24	27	81	28	95	29	15	
	0	28	1	50	2	11	3	45	4	38	5	30	6	43	7	70	8	25	9	39	10	54	11	82	12	45	13	16	14	38	15	35	16	61	17	39	18	27	19	64	20	64	21	74	22	17	23	89	24	14	25	72	26	13	27	92	28	19	29	13	
	0	70	1	89	2	19	3	20	4	20	5	65	6	65	7	30	8	87	9	89	10	27	11	80	12	17	13	60	14	92	15	52	16	11	17	16	18	42	19	15	20	59	21	18	22	88	23	51	24	40	25	92	26	68	27	25	28	15	29	13	
	0	41	1	96	2	35	3	23	4	33	5	87	6	15	7	86	8	78	9	46	10	78	11	48	12	91	13	17	14	59	15	81	16	95	17	84	18	66	19	51	20	97	21	31	22	39	23	61	24	23	25	47	26	40	27	14	28	47	29	82	
	0	30	1	90	2	86	3	95	4	37	5	57	6	84	7	27	8	20	9	58	10	10	11	87	12	89	13	33	14	86	15	21	16	36	17	99	18	33	19	37	20	72	21	84	22	29	23	88	24	53	25	83	26	86	27	47	28	86	29	77	
	0	22	1	22	2	58	3	40	4	12	5	55	6	18	7	61	8	42	9	26	10	34	11	74	12	27	13	51	14	93	15	70	16	43	17	35	18	75	19	92	20	43	21	44	22	52	23	21	24	25	25	95	26	57	27	94	28	42	29	38	
	0	41	1	85	2	22	3	68	4	87	5	64	6	97	7	63	8	91	9	56	10	58	11	73	12	79	13	98	14	91	15	45	16	14	17	84	18	66	19	94	20	60	21	58	22	45	23	83	24	99	25	68	26	73	27	15	28	85	29	75	
	0	32	1	93	2	38	3	91	4	43	5	44	6	75	7	93	8	64	9	31	10	97	11	30	12	42	13	55	14	36	15	77	16	60	17	84	18	54	19	24	20	18	21	17	22	84	23	80	24	56	25	57	26	47	27	23	28	28	29	94	
	0	80	1	87	2	97	3	16	4	69	5	64	6	20	7	64	8	74	9	15	10	24	11	38	12	79	13	53	14	15	15	37	16	63	17	81	18	100	19	10	20	58	21	10	22	73	23	10	24	82	25	80	26	46	27	39	28	60	29	81	
	0	51	1	33	2	91	3	42	4	95	5	36	6	22	7	64	8	15	9	86	10	14	11	19	12	100	13	33	14	40	15	31	16	97	17	84	18	40	19	100	20	24	21	84	22	47	23	44	24	51	25	23	26	22	27	57	28	56	29	73	
	0	19	1	66	2	56	3	86	4	36	5	23	6	59	7	15	8	48	9	72	10	15	11	83	12	18	13	86	14	98	15	16	16	37	17	36	18	49	19	38	20	95	21	23	22	38	23	21	24	27	25	81	26	54	27	46	28	78	29	91	
	0	44	1	57	2	18	3	55	4	15	5	16	6	17	7	56	8	99	9	80	10	34	11	12	12	59	13	76	14	92	15	72	16	63	17	81	18	96	19	34	20	70	21	95	22	59	23	88	24	19	25	43	26	96	27	53	28	61	29	59	
	0	87	1	46	2	79	3	93	4	83	5	65	6	80	7	83	8	46	9	57	10	100	11	60	12	77	13	12	14	54	15	15	16	37	17	52	18	17	19	76	20	38	21	27	22	21	23	63	24	46	25	73	26	88	27	44	28	93	29	92	
	0	26	1	89	2	16	3	60	4	44	5	20	6	90	7	82	8	68	9	63	10	74	11	49	12	29	13	67	14	44	15	67	16	35	17	71	18	48	19	74	20	26	21	22	22	84	23	35	24	21	25	36	26	37	27	40	28	61	29	28	
	0	59	1	94	2	91	3	42	4	28	5	55	6	14	7	52	8	48	9	60	10	20	11	75	12	13	13	57	14	45	15	85	16	48	17	78	18	84	19	41	20	99	21	99	22	75	23	72	24	77	25	43	26	90	27	90	28	85	29	29	
	0	25	1	80	2	75	3	70	4	83	5	19	6	71	7	24	8	54	9	66	10	37	11	46	12	59	13	56	14	17	15	51	16	29	17	21	18	41	19	56	20	82	21	37	22	10	23	20	24	39	25	80	26	95	27	91	28	60	29	95	
	0	33	1	53	2	93	3	78	4	58	5	51	6	64	7	28	8	16	9	10	10	97	11	68	12	61	13	90	14	65	15	11	16	57	17	18	18	70	19	36	20	30	21	21	22	89	23	90	24	70	25	58	26	22	27	12	28	46	29	66	
	0	13	1	17	2	16	3	69	4	81	5	38	6	22	7	64	8	14	9	28	10	59	11	35	12	68	13	62	14	83	15	79	16	21	17	57	18	30	19	81	20	31	21	42	22	93	23	22	24	53	25	64	26	36	27	32	28	33	29	14	
	0	46	1	25	2	90	3	31	4	45	5	95	6	64	7	81	8	29	9	94	10	65	11	17	12	94	13	95	14	56	15	36	16	13	17	93	18	23	19	21	20	17	21	35	22	21	23	70	24	25	25	78	26	60	27	45	28	10	29	94	
	0	52	1	42	2	72	3	77	4	71	5	98	6	67	7	32	8	68	9	35	10	80	11	23	12	88	13	50	14	67	15	61	16	84	17	71	18	29	19	76	20	55	21	13	22	34	23	54	24	83	25	15	26	24	27	29	28	91	29	66	
	0	92	1	66	2	25	3	92	4	64	5	52	6	44	7	47	8	24	9	89	10	50	11	28	12	44	13	64	14	91	15	94	16	40	17	86	18	40	19	44	20	95	21	46	22	47	23	12	24	67	25	46	26	48	27	86	28	49	29	58	
	0	42	1	93	2	70	3	88	4	33	5	78	6	50	7	59	8	25	9	35	10	42	11	23	12	16	13	97	14	19	15	75	16	21	17	56	18	36	19	30	20	61	21	44	22	61	23	85	24	27	25	58	26	52	27	65	28	60	29	63	
	0	27	1	13	2	67	3	34	4	96	5	55	6	63	7	25	8	68	9	94	10	40	11	37	12	84	13	12	14	86	15	13	16	12	17	20	18	32	19	53	20	21	21	42	22	21	23	75	24	26	25	92	26	20	27	29	28	96	29	37	
	0	11	1	27	2	63	3	20	4	60	5	77	6	80	7	63	8	98	9	90	10	35	11	25	12	24	13	35	14	78	15	61	16	50	17	11	18	33	19	31	20	99	21	52	22	18	23	62	24	90	25	78	26	17	27	87	28	14	29	67	
	0	15	1	99	2	43	3	86	4	52	5	21	6	93	7	94	8	72	9	24	10	87	11	18	12	67	13	31	14	66	15	99	16	53	17	94	18	48	19	55	20	42	21	65	22	68	23	52	24	50	25	42	26	98	27	56	28	12	29	100	
	0	15	1	32	2	77	3	51	4	43	5	50	6	80	7	77	8	34	9	32	10	45	11	17	12	48	13	43	14	23	15	59	16	57	17	57	18	48	19	93	20	40	21	40	22	22	23	65	24	11	25	93	26	68	27	20	28	36	29	71	
	0	24	1	89	2	78	3	28	4	69	5	55	6	70	7	91	8	37	9	31	10	99	11	46	12	49	13	47	14	46	15	81	16	44	17	50	18	81	19	91	20	92	21	67	22	93	23	13	24	15	25	90	26	57	27	21	28	88	29	57	
	0	15	1	23	2	48	3	13	4	11	5	19	6	19	7	67	8	44	9	75	10	70	11	84	12	92	13	16	14	50	15	62	16	93	17	56	18	17	19	48	20	66	21	46	22	52	23	69	24	10	25	33	26	56	27	71	28	50	29	95	
	0	99	1	21	2	21	3	95	4	98	5	73	6	12	7	50	8	38	9	13	10	70	11	31	12	13	13	20	14	59	15	93	16	15	17	39	18	68	19	52	20	31	21	61	22	100	23	73	24	92	25	93	26	57	27	81	28	81	29	25	
	0	50	1	32	2	49	3	42	4	60	5	45	6	30	7	49	8	42	9	51	10	79	11	79	12	33	13	61	14	75	15	52	16	95	17	79	18	15	19	29	20	45	21	62	22	94	23	81	24	88	25	94	26	81	27	43	28	21	29	60	
	0	78	1	82	2	66	3	89	4	41	5	50	6	24	7	16	8	86	9	79	10	18	11	43	12	88	13	22	14	64	15	95	16	47	17	48	18	93	19	55	20	21	21	67	22	48	23	41	24	34	25	39	26	66	27	59	28	52	29	69	
	0	15	1	70	2	18	3	42	4	56	5	68	6	79	7	98	8	27	9	27	10	70	11	15	12	48	13	50	14	79	15	75	16	12	17	87	18	12	19	100	20	69	21	46	22	68	23	39	24	24	25	84	26	100	27	36	28	98	29	64	
	0	13	1	69	2	39	3	44	4	80	5	44	6	95	7	60	8	38	9	42	10	32	11	15	12	55	13	59	14	55	15	61	16	21	17	22	18	50	19	75	20	91	21	96	22	25	23	48	24	89	25	46	26	68	27	31	28	61	29	53	
	0	47	1	29	2	41	3	86	4	48	5	18	6	14	7	77	8	14	9	52	10	99	11	52	12	49	13	39	14	18	15	16	16	45	17	35	18	67	19	67	20	95	21	86	22	94	23	37	24	47	25	41	26	16	27	94	28	66	29	36	
	0	88	1	86	2	34	3	56	4	42	5	40	6	63	7	37	8	26	9	16	10	68	11	52	12	45	13	38	14	40	15	29	16	59	17	20	18	61	19	58	20	90	21	94	22	30	23	36	24	73	25	35	26	94	27	11	28	54	29	61	
	0	53	1	18	2	43	3	31	4	87	5	14	6	42	7	84	8	69	9	14	10	19	11	73	12	27	13	64	14	34	15	56	16	63	17	12	18	73	19	31	20	66	21	93	22	64	23	64	24	15	25	91	26	74	27	90	28	18	29	20	
	0	19	1	78	2	73	3	76	4	91	5	57	6	89	7	39	8	39	9	33	10	60	11	60	12	15	13	25	14	99	15	67	16	72	17	71	18	18	19	40	20	49	21	88	22	16	23	99	24	28	25	93	26	16	27	37	28	86	29	71	
	0	49	1	61	2	78	3	25	4	27	5	95	6	14	7	19	8	12	9	53	10	74	11	96	12	57	13	35	14	59	15	80	16	15	17	33	18	94	19	46	20	49	21	86	22	100	23	48	24	81	25	100	26	99	27	88	28	25	29	30	
	0	17	1	64	2	19	3	58	4	35	5	12	6	85	7	74	8	30	9	68	10	85	11	46	12	55	13	23	14	29	15	48	16	78	17	32	18	60	19	51	20	50	21	43	22	81	23	10	24	10	25	22	26	23	27	73	28	76	29	42	
	0	100	1	57	2	53	3	33	4	72	5	56	6	16	7	37	8	93	9	57	10	56	11	25	12	13	13	100	14	75	15	84	16	69	17	31	18	53	19	63	20	26	21	89	22	88	23	18	24	71	25	39	26	10	27	10	28	57	29	45	
	0	63	1	72	2	71	3	45	4	72	5	89	6	18	7	13	8	79	9	62	10	38	11	64	12	22	13	31	14	51	15	23	16	37	17	62	18	88	19	24	20	69	21	80	22	42	23	55	24	41	25	91	26	46	27	79	28	67	29	15	
	0	26	1	73	2	35	3	44	4	90	5	62	6	86	7	64	8	96	9	28	10	62	11	14	12	11	13	17	14	76	15	51	16	100	17	42	18	53	19	99	20	67	21	26	22	12	23	72	24	50	25	12	26	57	27	15	28	33	29	24	
	0	88	1	94	2	17	3	83	4	44	5	28	6	28	7	54	8	81	9	27	10	49	11	40	12	31	13	96	14	29	15	99	16	57	17	77	18	96	19	17	20	38	21	74	22	56	23	31	24	72	25	78	26	87	27	92	28	44	29	72	
	0	92	1	20	2	44	3	22	4	57	5	63	6	51	7	14	8	43	9	100	10	34	11	43	12	63	13	93	14	68	15	53	16	33	17	64	18	69	19	78	20	62	21	74	22	31	23	30	24	49	25	84	26	98	27	22	28	10	29	99	
	0	48	1	76	2	55	3	100	4	54	5	24	6	29	7	89	8	20	9	60	10	47	11	53	12	36	13	70	14	15	15	67	16	10	17	45	18	64	19	83	20	27	21	80	22	67	23	96	24	58	25	18	26	81	27	29	28	34	29	88	
	0	16	1	83	2	51	3	17	4	39	5	29	6	51	7	19	8	89	9	36	10	97	11	86	12	18	13	82	14	47	15	18	16	25	17	92	18	95	19	74	20	94	21	81	22	42	23	11	24	66	25	72	26	13	27	90	28	27	29	96	
	0	49	1	70	2	18	3	81	4	17	5	89	6	58	7	11	8	73	9	47	10	28	11	16	12	82	13	36	14	34	15	15	16	100	17	38	18	50	19	59	20	21	21	71	22	74	23	29	24	29	25	46	26	72	27	29	28	54	29	46	
	0	82	1	18	2	86	3	12	4	65	5	48	6	75	7	16	8	82	9	25	10	96	11	66	12	62	13	82	14	16	15	88	16	91	17	57	18	69	19	83	20	72	21	100	22	28	23	27	24	96	25	49	26	90	27	55	28	69	29	10	
	0	100	1	96	2	26	3	43	4	17	5	96	6	69	7	69	8	65	9	61	10	38	11	78	12	12	13	47	14	11	15	71	16	62	17	62	18	97	19	43	20	63	21	67	22	61	23	36	24	74	25	26	26	60	27	66	28	97	29	45	
	0	67	1	48	2	44	3	73	4	58	5	15	6	56	7	84	8	33	9	88	10	77	11	51	12	59	13	32	14	18	15	90	16	71	17	33	18	50	19	47	20	79	21	72	22	96	23	28	24	99	25	50	26	31	27	75	28	30	29	64	
	0	99	1	56	2	29	3	17	4	20	5	20	6	15	7	100	8	30	9	69	10	70	11	40	12	18	13	31	14	82	15	55	16	32	17	85	18	11	19	24	20	37	21	20	22	21	23	33	24	39	25	80	26	23	27	17	28	41	29	10	
	0	41	1	37	2	36	3	73	4	32	5	43	6	47	7	100	8	32	9	38	10	18	11	58	12	66	13	87	14	55	15	37	16	47	17	11	18	61	19	45	20	30	21	15	22	43	23	12	24	96	25	88	26	40	27	38	28	42	29	46	
	0	74	1	20	2	88	3	40	4	60	5	100	6	80	7	77	8	98	9	62	10	58	11	19	12	64	13	71	14	35	15	74	16	43	17	80	18	29	19	65	20	58	21	32	22	31	23	55	24	39	25	50	26	46	27	26	28	17	29	39	
	0	41	1	96	2	47	3	99	4	11	5	17	6	79	7	21	8	92	9	10	10	75	11	43	12	22	13	25	14	94	15	19	16	74	17	66	18	83	19	21	20	95	21	23	22	25	23	13	24	94	25	24	26	25	27	15	28	65	29	92	
	0	20	1	47	2	45	3	51	4	20	5	66	6	16	7	46	8	37	9	96	10	68	11	90	12	16	13	58	14	59	15	78	16	58	17	79	18	63	19	43	20	33	21	32	22	96	23	35	24	35	25	86	26	29	27	34	28	40	29	40	
	0	59	1	95	2	90	3	49	4	89	5	21	6	70	7	34	8	77	9	32	10	87	11	69	12	42	13	74	14	26	15	57	16	50	17	60	18	19	19	38	20	32	21	83	22	75	23	37	24	10	25	100	26	58	27	11	28	62	29	54	
	0	10	1	79	2	46	3	18	4	51	5	81	6	54	7	85	8	35	9	56	10	31	11	43	12	71	13	31	14	28	15	58	16	21	17	27	18	44	19	37	20	64	21	99	22	94	23	54	24	48	25	17	26	77	27	18	28	64	29	14	
	0	93	1	67	2	72	3	50	4	78	5	29	6	22	7	21	8	46	9	96	10	87	11	85	12	92	13	78	14	74	15	99	16	50	17	15	18	47	19	44	20	16	21	47	22	33	23	93	24	26	25	46	26	97	27	40	28	66	29	68	
	0	70	1	41	2	57	3	97	4	69	5	42	6	15	7	88	8	49	9	53	10	29	11	11	12	78	13	89	14	23	15	63	16	51	17	100	18	15	19	31	20	95	21	71	22	11	23	98	24	96	25	84	26	75	27	83	28	23	29	60	
	0	50	1	37	2	82	3	89	4	72	5	37	6	38	7	79	8	50	9	21	10	63	11	56	12	62	13	72	14	82	15	45	16	31	17	91	18	34	19	48	20	58	21	67	22	19	23	45	24	74	25	55	26	17	27	30	28	11	29	54	
	0	51	1	98	2	62	3	18	4	34	5	78	6	29	7	86	8	31	9	13	10	13	11	16	12	25	13	14	14	75	15	84	16	56	17	47	18	42	19	40	20	85	21	23	22	63	23	22	24	11	25	24	26	55	27	100	28	64	29	87	
	0	88	1	94	2	90	3	84	4	38	5	20	6	60	7	22	8	18	9	34	10	11	11	98	12	70	13	43	14	75	15	96	16	90	17	49	18	38	19	63	20	45	21	36	22	88	23	19	24	74	25	50	26	94	27	49	28	42	29	72	
	0	62	1	57	2	75	3	10	4	92	5	98	6	90	7	11	8	93	9	90	10	45	11	62	12	10	13	59	14	86	15	65	16	45	17	80	18	49	19	79	20	58	21	20	22	18	23	95	24	97	25	42	26	65	27	93	28	58	29	89	
	0	42	1	77	2	55	3	84	4	55	5	28	6	92	7	36	8	37	9	28	10	27	11	70	12	80	13	90	14	82	15	49	16	28	17	72	18	25	19	49	20	72	21	96	22	98	23	47	24	64	25	54	26	76	27	58	28	81	29	49	
	0	43	1	13	2	28	3	54	4	59	5	92	6	73	7	94	8	39	9	56	10	86	11	56	12	28	13	30	14	60	15	74	16	67	17	67	18	59	19	75	20	85	21	36	22	88	23	11	24	93	25	54	26	59	27	89	28	48	29	30	
	0	29	1	42	2	17	3	59	4	60	5	97	6	39	7	67	8	34	9	78	10	44	11	48	12	86	13	61	14	66	15	43	16	78	17	89	18	33	19	46	20	13	21	61	22	11	23	63	24	70	25	19	26	37	27	36	28	96	29	24	
	0	85	1	24	2	76	3	94	4	91	5	37	6	13	7	62	8	15	9	88	10	62	11	56	12	27	13	53	14	39	15	88	16	64	17	88	18	66	19	45	20	62	21	47	22	84	23	84	24	19	25	75	26	18	27	16	28	74	29	13	
	0	16	1	18	2	41	3	79	4	59	5	100	6	33	7	75	8	22	9	59	10	65	11	53	12	32	13	84	14	37	15	79	16	27	17	40	18	84	19	13	20	84	21	86	22	35	23	58	24	84	25	77	26	38	27	10	28	42	29	81	
	0	93	1	81	2	25	3	68	4	88	5	85	6	27	7	36	8	38	9	53	10	85	11	57	12	56	13	98	14	64	15	46	16	73	17	93	18	70	19	83	20	25	21	75	22	73	23	30	24	39	25	69	26	61	27	85	28	43	29	10	
	0	73	1	27	2	69	3	38	4	61	5	49	6	47	7	69	8	58	9	64	10	41	11	33	12	95	13	97	14	17	15	77	16	27	17	97	18	72	19	63	20	96	21	86	22	13	23	89	24	41	25	89	26	36	27	10	28	27	29	30	
	0	20	1	56	2	45	3	90	4	25	5	47	6	25	7	23	8	52	9	64	10	51	11	91	12	16	13	65	14	61	15	25	16	78	17	62	18	59	19	98	20	75	21	38	22	24	23	37	24	15	25	27	26	66	27	33	28	32	29	30	
	0	65	1	36	2	99	3	78	4	87	5	25	6	31	7	39	8	83	9	21	10	82	11	47	12	60	13	32	14	33	15	45	16	16	17	53	18	15	19	86	20	70	21	48	22	81	23	20	24	42	25	66	26	43	27	80	28	21	29	80	
	0	90	1	18	2	77	3	21	4	87	5	65	6	89	7	74	8	61	9	13	10	57	11	100	12	34	13	56	14	64	15	80	16	34	17	78	18	46	19	47	20	33	21	85	22	59	23	42	24	48	25	70	26	18	27	63	28	44	29	35	
	0	71	1	89	2	40	3	99	4	72	5	72	6	29	7	32	8	82	9	21	10	18	11	54	12	53	13	66	14	87	15	83	16	71	17	11	18	15	19	37	20	80	21	51	22	21	23	48	24	65	25	86	26	83	27	69	28	29	29	27	
	0	18	1	58	2	92	3	17	4	37	5	48	6	91	7	57	8	69	9	52	10	17	11	99	12	65	13	98	14	25	15	67	16	41	17	78	18	49	19	28	20	72	21	62	22	51	23	76	24	41	25	45	26	87	27	46	28	41	29	53	
	0	21	1	100	2	76	3	56	4	81	5	80	6	12	7	100	8	44	9	62	10	99	11	42	12	69	13	91	14	57	15	57	16	31	17	13	18	92	19	73	20	86	21	89	22	10	23	19	24	82	25	58	26	44	27	17	28	86	29	44	
	0	63	1	15	2	55	3	12	4	87	5	74	6	61	7	28	8	66	9	33	10	54	11	31	12	91	13	28	14	29	15	50	16	61	17	55	18	54	19	52	20	53	21	90	22	57	23	14	24	35	25	50	26	37	27	72	28	70	29	49	
	0	42	1	21	2	71	3	45	4	81	5	59	6	100	7	83	8	81	9	22	10	41	11	12	12	33	13	64	14	38	15	59	16	100	17	63	18	63	19	94	20	50	21	35	22	18	23	75	24	46	25	53	26	43	27	74	28	76	29	26	
	0	49	1	93	2	47	3	87	4	50	5	11	6	73	7	65	8	11	9	90	10	41	11	26	12	44	13	45	14	11	15	27	16	61	17	89	18	79	19	94	20	56	21	30	22	84	23	59	24	86	25	91	26	98	27	38	28	18	29	76	
	0	29	1	39	2	22	3	88	4	72	5	90	6	31	7	27	8	86	9	47	10	12	11	57	12	52	13	18	14	50	15	63	16	73	17	98	18	41	19	29	20	19	21	13	22	46	23	94	24	18	25	27	26	12	27	51	28	59	29	66	
	0	67	1	90	2	21	3	46	4	81	5	73	6	68	7	30	8	97	9	42	10	100	11	45	12	20	13	10	14	67	15	94	16	19	17	81	18	35	19	88	20	53	21	75	22	97	23	50	24	67	25	79	26	60	27	54	28	23	29	63	
	0	87	1	60	2	74	3	26	4	35	5	77	6	87	7	22	8	98	9	56	10	14	11	29	12	83	13	17	14	53	15	58	16	94	17	59	18	54	19	43	20	53	21	48	22	53	23	63	24	73	25	16	26	70	27	77	28	56	29	79	
	0	42	1	12	2	62	3	90	4	62	5	12	6	88	7	65	8	15	9	92	10	36	11	65	12	52	13	18	14	19	15	58	16	13	17	27	18	83	19	16	20	11	21	25	22	57	23	62	24	84	25	63	26	34	27	25	28	34	29	79	
	0	79	1	18	2	20	3	13	4	65	5	89	6	11	7	24	8	76	9	51	10	46	11	13	12	57	13	19	14	69	15	27	16	32	17	90	18	82	19	68	20	65	21	10	22	54	23	82	24	95	25	51	26	38	27	84	28	93	29	35	
	0	16	1	56	2	40	3	25	4	53	5	22	6	75	7	61	8	40	9	23	10	13	11	23	12	25	13	34	14	23	15	31	16	14	17	89	18	33	19	49	20	87	21	57	22	16	23	17	24	97	25	96	26	49	27	67	28	49	29	66	
	0	34	1	67	2	78	3	14	4	33	5	36	6	31	7	98	8	11	9	60	10	97	11	37	12	50	13	32	14	70	15	47	16	63	17	59	18	80	19	65	20	30	21	63	22	62	23	60	24	54	25	75	26	33	27	17	28	55	29	55	
	0	93	1	40	2	32	3	40	4	78	5	96	6	91	7	57	8	16	9	26	10	22	11	36	12	85	13	61	14	28	15	46	16	41	17	14	18	88	19	46	20	26	21	80	22	90	23	77	24	17	25	46	26	26	27	85	28	27	29	76	
	0	20	1	92	2	47	3	96	4	73	5	84	6	81	7	62	8	49	9	96	10	76	11	54	12	54	13	53	14	31	15	49	16	72	17	97	18	98	19	28	20	12	21	44	22	72	23	47	24	31	25	27	26	13	27	79	28	63	29	21	
	0	97	1	85	2	90	3	15	4	83	5	88	6	18	7	21	8	23	9	61	10	42	11	61	12	33	13	46	14	97	15	47	16	77	17	56	18	23	19	34	20	15	21	37	22	52	23	57	24	43	25	40	26	68	27	67	28	99	29	26	
	0	47	1	14	2	19	3	51	4	10	5	89	6	46	7	96	8	51	9	26	10	77	11	24	12	16	13	17	14	92	15	72	16	72	17	80	18	93	19	97	20	23	21	61	22	35	23	55	24	23	25	58	26	49	27	55	28	27	29	90	
	0	90	1	14	2	54	3	44	4	44	5	70	6	22	7	72	8	93	9	16	10	99	11	59	12	47	13	60	14	22	15	81	16	70	17	50	18	62	19	37	20	27	21	62	22	12	23	86	24	64	25	85	26	60	27	77	28	46	29	59	
	0	72	1	81	2	42	3	38	4	26	5	17	6	65	7	96	8	82	9	38	10	79	11	23	12	22	13	42	14	63	15	64	16	88	17	94	18	96	19	48	20	11	21	20	22	14	23	16	24	98	25	100	26	26	27	92	28	47	29	71	
	0	16	1	92	2	52	3	75	4	54	5	71	6	82	7	32	8	57	9	54	10	44	11	57	12	74	13	33	14	11	15	54	16	39	17	29	18	65	19	56	20	16	21	73	22	18	23	72	24	69	25	64	26	15	27	86	28	10	29	45	
	0	25	1	26	2	17	3	65	4	62	5	88	6	61	7	63	8	93	9	26	10	87	11	36	12	63	13	49	14	32	15	89	16	90	17	29	18	65	19	95	20	42	21	38	22	81	23	20	24	71	25	64	26	65	27	12	28	95	29	69	
	0	46	1	84	2	33	3	76	4	64	5	62	6	39	7	82	8	10	9	20	10	72	11	91	12	87	13	82	14	16	15	40	16	88	17	96	18	46	19	65	20	29	21	71	22	62	23	27	24	59	25	35	26	86	27	27	28	18	29	13	
	0	80	1	19	2	44	3	92	4	80	5	59	6	35	7	93	8	11	9	14	10	61	11	30	12	21	13	36	14	82	15	82	16	59	17	53	18	13	19	82	20	50	21	49	22	89	23	42	24	58	25	28	26	99	27	45	28	31	29	86	
	0	78	1	71	2	20	3	16	4	89	5	39	6	91	7	32	8	19	9	39	10	96	11	25	12	98	13	84	14	71	15	64	16	78	17	58	18	56	19	25	20	86	21	36	22	98	23	100	24	11	25	79	26	88	27	12	28	87	29	72	
	0	15	1	13	2	30	3	43	4	66	5	75	6	21	7	65	8	17	9	90	10	69	11	24	12	51	13	34	14	31	15	85	16	69	17	46	18	58	19	10	20	96	21	59	22	94	23	20	24	60	25	96	26	94	27	88	28	67	29	61	
	0	72	1	90	2	51	3	20	4	37	5	47	6	47	7	86	8	44	9	69	10	43	11	27	12	60	13	44	14	57	15	54	16	62	17	86	18	93	19	61	20	14	21	29	22	10	23	67	24	56	25	69	26	15	27	25	28	85	29	96	
	0	38	1	32	2	68	3	95	4	75	5	49	6	27	7	15	8	10	9	14	10	24	11	77	12	85	13	81	14	69	15	52	16	27	17	40	18	83	19	56	20	11	21	38	22	94	23	41	24	75	25	17	26	21	27	61	28	72	29	61	
	0	30	1	17	2	21	3	26	4	53	5	98	6	74	7	50	8	37	9	63	10	19	11	80	12	93	13	53	14	16	15	60	16	89	17	80	18	75	19	72	20	46	21	74	22	27	23	37	24	29	25	87	26	14	27	20	28	45	29	85	
	0	54	1	76	2	17	3	36	4	21	5	76	6	24	7	67	8	54	9	29	10	43	11	64	12	95	13	11	14	35	15	59	16	40	17	80	18	21	19	42	20	11	21	32	22	96	23	31	24	17	25	15	26	65	27	56	28	49	29	67	
	0	81	1	21	2	90	3	73	4	27	5	76	6	60	7	20	8	61	9	43	10	19	11	13	12	42	13	15	14	68	15	39	16	64	17	91	18	46	19	58	20	89	21	96	22	98	23	89	24	73	25	70	26	98	27	66	28	42	29	53	
	0	63	1	79	2	77	3	37	4	74	5	70	6	13	7	60	8	35	9	96	10	80	11	70	12	73	13	17	14	51	15	38	16	56	17	57	18	99	19	42	20	82	21	61	22	68	23	37	24	64	25	29	26	81	27	99	28	31	29	25	
	0	97	1	40	2	17	3	13	4	11	5	21	6	90	7	74	8	65	9	11	10	85	11	21	12	59	13	87	14	33	15	80	16	25	17	46	18	98	19	38	20	28	21	30	22	49	23	45	24	42	25	64	26	47	27	73	28	21	29	93	
	0	57	1	70	2	77	3	97	4	91	5	40	6	100	7	57	8	81	9	47	10	14	11	84	12	99	13	34	14	40	15	97	16	98	17	99	18	14	19	12	20	28	21	91	22	86	23	32	24	95	25	29	26	26	27	82	28	22	29	57	
	0	73	1	29	2	18	3	62	4	39	5	50	6	46	7	47	8	79	9	16	10	83	11	95	12	14	13	48	14	44	15	33	16	37	17	44	18	30	19	68	20	73	21	24	22	62	23	100	24	54	25	74	26	95	27	94	28	62	29	10	
	0	11	1	30	2	55	3	65	4	98	5	43	6	34	7	91	8	41	9	80	10	35	11	57	12	44	13	95	14	37	15	47	16	86	17	13	18	13	19	35	20	93	21	88	22	89	23	56	24	42	25	43	26	80	27	26	28	33	29	75	
	0	78	1	11	2	21	3	59	4	80	5	40	6	95	7	99	8	48	9	46	10	98	11	77	12	46	13	66	14	43	15	43	16	88	17	17	18	37	19	83	20	55	21	84	22	33	23	24	24	49	25	31	26	35	27	50	28	70	29	12	
	0	47	1	50	2	16	3	99	4	92	5	57	6	37	7	72	8	47	9	35	10	55	11	70	12	10	13	91	14	99	15	47	16	27	17	38	18	28	19	100	20	39	21	77	22	17	23	53	24	10	25	17	26	76	27	25	28	54	29	71	
	0	54	1	85	2	15	3	25	4	46	5	62	6	59	7	63	8	97	9	86	10	27	11	19	12	79	13	75	14	47	15	36	16	23	17	53	18	74	19	38	20	40	21	23	22	92	23	93	24	92	25	85	26	30	27	20	28	35	29	81	
	0	69	1	32	2	84	3	65	4	93	5	24	6	60	7	22	8	94	9	53	10	20	11	83	12	12	13	35	14	86	15	69	16	20	17	33	18	58	19	99	20	22	21	99	22	74	23	17	24	60	25	68	26	99	27	99	28	32	29	96	
	0	68	1	42	2	22	3	33	4	39	5	27	6	69	7	36	8	76	9	94	10	40	11	67	12	27	13	17	14	55	15	19	16	79	17	50	18	26	19	57	20	81	21	43	22	87	23	99	24	13	25	44	26	54	27	22	28	13	29	74	
	0	64	1	36	2	14	3	16	4	70	5	72	6	57	7	43	8	83	9	48	10	94	11	90	12	75	13	68	14	68	15	90	16	72	17	52	18	33	19	98	20	58	21	63	22	92	23	72	24	64	25	62	26	88	27	78	28	65	29	44	
	0	29	1	80	2	75	3	25	4	90	5	50	6	46	7	30	8	21	9	89	10	26	11	37	12	80	13	81	14	56	15	44	16	49	17	63	18	98	19	39	20	56	21	88	22	54	23	85	24	98	25	59	26	74	27	76	28	10	29	23	
	0	63	1	70	2	48	3	55	4	51	5	53	6	59	7	79	8	49	9	56	10	74	11	30	12	76	13	14	14	50	15	82	16	60	17	47	18	64	19	99	20	28	21	64	22	98	23	86	24	94	25	60	26	92	27	69	28	80	29	66	
	0	76	1	20	2	22	3	20	4	61	5	78	6	34	7	20	8	90	9	64	10	60	11	61	12	88	13	37	14	62	15	97	16	33	17	47	18	74	19	98	20	77	21	84	22	35	23	51	24	23	25	32	26	79	27	18	28	89	29	56	
	0	43	1	50	2	42	3	19	4	90	5	65	6	12	7	10	8	95	9	97	10	19	11	82	12	93	13	38	14	80	15	97	16	31	17	31	18	43	19	60	20	34	21	95	22	31	23	87	24	100	25	75	26	68	27	62	28	78	29	85	
	0	56	1	36	2	82	3	48	4	30	5	51	6	14	7	40	8	51	9	65	10	40	11	43	12	66	13	38	14	70	15	32	16	74	17	86	18	24	19	40	20	94	21	81	22	44	23	53	24	81	25	11	26	88	27	77	28	24	29	12	
	0	19	1	80	2	75	3	27	4	30	5	78	6	60	7	62	8	75	9	99	10	39	11	48	12	41	13	98	14	76	15	47	16	83	17	63	18	28	19	53	20	82	21	97	22	54	23	59	24	92	25	42	26	100	27	42	28	29	29	14	
	0	85	1	48	2	58	3	82	4	98	5	94	6	60	7	39	8	17	9	53	10	54	11	57	12	35	13	19	14	96	15	15	16	92	17	76	18	15	19	47	20	66	21	51	22	54	23	91	24	97	25	79	26	35	27	44	28	10	29	58	
	0	92	1	17	2	46	3	11	4	31	5	79	6	61	7	100	8	63	9	87	10	60	11	11	12	92	13	82	14	47	15	21	16	37	17	70	18	69	19	22	20	96	21	73	22	19	23	38	24	86	25	18	26	39	27	25	28	68	29	38	
	0	17	1	76	2	49	3	38	4	67	5	41	6	93	7	64	8	21	9	58	10	26	11	14	12	51	13	77	14	36	15	98	16	61	17	16	18	25	19	26	20	25	21	54	22	58	23	50	24	41	25	11	26	32	27	28	28	81	29	23	
	0	39	1	78	2	51	3	38	4	50	5	73	6	78	7	75	8	84	9	20	10	45	11	69	12	16	13	90	14	94	15	83	16	80	17	78	18	39	19	19	20	93	21	96	22	18	23	31	24	49	25	97	26	28	27	28	28	47	29	97	
	0	32	1	58	2	100	3	83	4	27	5	38	6	79	7	80	8	100	9	36	10	35	11	100	12	35	13	16	14	92	15	19	16	23	17	93	18	37	19	45	20	10	21	95	22	25	23	43	24	36	25	91	26	32	27	72	28	84	29	16	
	0	11	1	62	2	78	3	95	4	29	5	78	6	29	7	54	8	67	9	57	10	28	11	87	12	62	13	36	14	55	15	26	16	58	17	12	18	94	19	96	20	74	21	54	22	89	23	88	24	39	25	37	26	89	27	75	28	50	29	89	
	0	87	1	20	2	52	3	52	4	47	5	27	6	68	7	100	8	68	9	20	10	83	11	84	12	99	13	69	14	53	15	63	16	29	17	16	18	90	19	44	20	77	21	49	22	97	23	38	24	79	25	68	26	92	27	36	28	22	29	54	
	0	15	1	57	2	58	3	96	4	69	5	28	6	37	7	92	8	62	9	11	10	46	11	70	12	95	13	67	14	31	15	39	16	34	17	57	18	42	19	50	20	79	21	79	22	58	23	41	24	79	25	46	26	71	27	18	28	17	29	16	
	0	45	1	81	2	60	3	14	4	73	5	38	6	74	7	75	8	10	9	65	10	34	11	11	12	63	13	23	14	66	15	19	16	35	17	75	18	94	19	85	20	74	21	98	22	42	23	54	24	17	25	99	26	20	27	15	28	77	29	54	
	0	48	1	29	2	94	3	43	4	94	5	72	6	64	7	22	8	94	9	72	10	16	11	62	12	89	13	29	14	47	15	23	16	10	17	92	18	10	19	16	20	55	21	42	22	50	23	46	24	74	25	38	26	83	27	35	28	68	29	15	
	0	54	1	73	2	67	3	18	4	50	5	44	6	91	7	29	8	84	9	16	10	39	11	31	12	53	13	82	14	63	15	36	16	50	17	100	18	86	19	87	20	78	21	83	22	36	23	28	24	21	25	93	26	93	27	30	28	97	29	87	
	0	39	1	85	2	67	3	77	4	93	5	50	6	85	7	58	8	73	9	82	10	34	11	49	12	88	13	92	14	15	15	15	16	89	17	56	18	33	19	92	20	82	21	38	22	26	23	96	24	12	25	26	26	86	27	63	28	15	29	75	
	0	26	1	92	2	24	3	85	4	42	5	45	6	62	7	48	8	97	9	24	10	44	11	100	12	34	13	31	14	61	15	56	16	17	17	13	18	84	19	23	20	44	21	17	22	44	23	37	24	43	25	96	26	31	27	73	28	64	29	63	
	0	50	1	50	2	70	3	61	4	16	5	30	6	93	7	41	8	26	9	79	10	36	11	68	12	52	13	26	14	68	15	10	16	29	17	72	18	76	19	25	20	47	21	86	22	62	23	81	24	67	25	57	26	54	27	34	28	31	29	99	
	0	29	1	82	2	64	3	88	4	65	5	69	6	16	7	11	8	11	9	24	10	92	11	27	12	72	13	17	14	24	15	33	16	25	17	70	18	79	19	69	20	44	21	48	22	62	23	57	24	31	25	66	26	74	27	13	28	95	29	47	
	0	50	1	26	2	74	3	62	4	49	5	47	6	80	7	55	8	17	9	61	10	96	11	92	12	62	13	85	14	67	15	46	16	71	17	92	18	16	19	72	20	23	21	21	22	78	23	72	24	84	25	71	26	79	27	35	28	73	29	90	
	0	82	1	25	2	26	3	15	4	99	5	97	6	17	7	86	8	90	9	16	10	75	11	14	12	21	13	85	14	36	15	84	16	64	17	93	18	40	19	78	20	74	21	34	22	24	23	93	24	72	25	77	26	59	27	86	28	64	29	12	
	0	99	1	15	2	61	3	12	4	67	5	46	6	43	7	16	8	32	9	59	10	46	11	10	12	85	13	18	14	16	15	30	16	80	17	90	18	39	19	78	20	90	21	34	22	16	23	75	24	65	25	93	26	64	27	72	28	44	29	65	
	0	20	1	18	2	72	3	96	4	82	5	31	6	79	7	100	8	73	9	35	10	11	11	66	12	93	13	51	14	40	15	71	16	45	17	64	18	50	19	100	20	98	21	95	22	58	23	26	24	54	25	23	26	75	27	49	28	95	29	31	
	0	13	1	65	2	60	3	30	4	65	5	40	6	22	7	11	8	35	9	90	10	68	11	75	12	73	13	20	14	72	15	76	16	67	17	91	18	48	19	66	20	28	21	85	22	60	23	58	24	86	25	100	26	94	27	60	28	90	29	32	
	0	38	1	84	2	26	3	67	4	34	5	48	6	83	7	38	8	29	9	68	10	10	11	38	12	93	13	59	14	44	15	44	16	62	17	13	18	97	19	62	20	76	21	53	22	78	23	69	24	64	25	79	26	18	27	38	28	40	29	99	
	0	10	1	28	2	27	3	86	4	91	5	50	6	67	7	89	8	44	9	93	10	84	11	89	12	26	13	61	14	70	15	49	16	16	17	16	18	58	19	74	20	85	21	39	22	58	23	26	24	75	25	34	26	92	27	61	28	64	29	100	
	0	55	1	71	2	37	3	12	4	35	5	40	6	24	7	42	8	53	9	82	10	46	11	67	12	73	13	48	14	83	15	83	16	66	17	19	18	27	19	50	20	44	21	39	22	31	23	85	24	71	25	45	26	33	27	71	28	30	29	12	
	0	97	1	46	2	88	3	25	4	73	5	79	6	96	7	31	8	29	9	21	10	55	11	13	12	32	13	77	14	50	15	66	16	82	17	91	18	12	19	76	20	44	21	30	22	15	23	90	24	33	25	67	26	68	27	20	28	97	29	93	
	0	14	1	40	2	22	3	65	4	12	5	38	6	88	7	84	8	54	9	39	10	31	11	12	12	92	13	11	14	83	15	49	16	44	17	91	18	19	19	63	20	66	21	10	22	77	23	54	24	41	25	38	26	37	27	73	28	29	29	87	
	0	16	1	76	2	68	3	48	4	62	5	61	6	83	7	11	8	43	9	87	10	28	11	41	12	96	13	22	14	12	15	91	16	78	17	41	18	97	19	68	20	29	21	89	22	76	23	17	24	47	25	46	26	79	27	22	28	58	29	74	
	0	84	1	63	2	89	3	87	4	39	5	83	6	92	7	79	8	58	9	98	10	52	11	64	12	44	13	100	14	64	15	92	16	66	17	99	18	86	19	63	20	95	21	71	22	54	23	78	24	89	25	43	26	39	27	32	28	94	29	12	
	0	30	1	41	2	57	3	97	4	10	5	38	6	10	7	40	8	13	9	35	10	38	11	76	12	17	13	44	14	73	15	59	16	94	17	98	18	54	19	37	20	59	21	40	22	54	23	81	24	18	25	56	26	58	27	57	28	33	29	55	
	0	35	1	42	2	56	3	49	4	20	5	94	6	81	7	34	8	40	9	92	10	21	11	71	12	98	13	87	14	13	15	29	16	81	17	12	18	10	19	54	20	10	21	55	22	48	23	26	24	56	25	79	26	74	27	45	28	45	29	29	
	0	14	1	78	2	41	3	78	4	79	5	95	6	50	7	68	8	71	9	88	10	15	11	100	12	59	13	75	14	37	15	36	16	74	17	51	18	11	19	65	20	94	21	53	22	47	23	46	24	37	25	17	26	86	27	60	28	81	29	57	
	0	98	1	70	2	53	3	41	4	55	5	14	6	45	7	15	8	10	9	96	10	69	11	51	12	73	13	89	14	44	15	70	16	98	17	13	18	47	19	65	20	78	21	96	22	63	23	66	24	44	25	96	26	96	27	42	28	44	29	36	
	0	76	1	71	2	91	3	51	4	48	5	44	6	52	7	94	8	100	9	70	10	66	11	94	12	72	13	19	14	59	15	24	16	85	17	91	18	94	19	45	20	82	21	25	22	95	23	88	24	13	25	45	26	30	27	33	28	78	29	92	
	0	39	1	35	2	61	3	94	4	44	5	17	6	99	7	15	8	96	9	70	10	73	11	90	12	94	13	74	14	33	15	30	16	100	17	87	18	69	19	11	20	25	21	70	22	10	23	30	24	19	25	100	26	23	27	85	28	83	29	55	
	0	98	1	33	2	59	3	18	4	30	5	10	6	22	7	97	8	28	9	95	10	46	11	36	12	20	13	54	14	50	15	10	16	100	17	31	18	37	19	97	20	90	21	77	22	47	23	97	24	85	25	42	26	90	27	14	28	63	29	57	
	0	42	1	68	2	71	3	79	4	39	5	12	6	14	7	51	8	75	9	82	10	47	11	14	12	92	13	45	14	56	15	80	16	20	17	17	18	36	19	65	20	92	21	45	22	14	23	33	24	61	25	99	26	67	27	89	28	83	29	25	
	0	21	1	95	2	98	3	63	4	39	5	42	6	52	7	95	8	71	9	63	10	17	11	59	12	44	13	36	14	58	15	81	16	78	17	25	18	45	19	75	20	45	21	67	22	11	23	81	24	74	25	40	26	85	27	69	28	37	29	54	
	0	76	1	89	2	68	3	43	4	20	5	57	6	66	7	64	8	16	9	33	10	58	11	97	12	59	13	94	14	26	15	46	16	26	17	64	18	91	19	72	20	51	21	47	22	68	23	22	24	20	25	51	26	55	27	59	28	57	29	69	
	0	43	1	11	2	65	3	85	4	33	5	21	6	53	7	70	8	15	9	40	10	66	11	49	12	21	13	16	14	65	15	52	16	50	17	58	18	42	19	32	20	22	21	32	22	99	23	89	24	81	25	72	26	83	27	76	28	79	29	87	
	0	65	1	33	2	27	3	38	4	39	5	69	6	85	7	69	8	63	9	73	10	13	11	24	12	32	13	26	14	90	15	84	16	84	17	58	18	43	19	100	20	28	21	28	22	49	23	59	24	50	25	71	26	68	27	69	28	31	29	86	
	0	57	1	66	2	46	3	50	4	79	5	52	6	41	7	10	8	56	9	77	10	32	11	61	12	74	13	50	14	71	15	21	16	35	17	17	18	56	19	42	20	37	21	10	22	65	23	36	24	84	25	75	26	86	27	100	28	99	29	31	
	0	67	1	77	2	97	3	57	4	10	5	29	6	53	7	53	8	90	9	27	10	55	11	65	12	60	13	90	14	53	15	45	16	87	17	87	18	14	19	10	20	30	21	35	22	76	23	70	24	16	25	19	26	15	27	61	28	26	29	76	
	0	33	1	99	2	90	3	21	4	76	5	21	6	70	7	19	8	100	9	69	10	11	11	40	12	24	13	95	14	35	15	62	16	56	17	24	18	80	19	58	20	55	21	18	22	55	23	27	24	56	25	36	26	52	27	82	28	11	29	86	
	0	10	1	100	2	88	3	20	4	69	5	95	6	16	7	91	8	77	9	49	10	52	11	16	12	23	13	87	14	19	15	97	16	23	17	81	18	100	19	80	20	45	21	36	22	41	23	45	24	82	25	18	26	88	27	20	28	95	29	75	
	0	45	1	96	2	42	3	63	4	24	5	94	6	33	7	60	8	51	9	66	10	32	11	58	12	22	13	47	14	31	15	52	16	98	17	50	18	25	19	55	20	40	21	48	22	81	23	94	24	63	25	87	26	94	27	95	28	43	29	74	
	0	58	1	57	2	83	3	11	4	47	5	82	6	34	7	82	8	54	9	75	10	100	11	15	12	79	13	16	14	20	15	17	16	16	17	25	18	31	19	49	20	62	21	19	22	20	23	86	24	44	25	40	26	77	27	40	28	94	29	69	
	0	58	1	31	2	80	3	75	4	48	5	15	6	61	7	29	8	36	9	68	10	59	11	37	12	79	13	66	14	93	15	20	16	65	17	31	18	85	19	70	20	40	21	45	22	87	23	29	24	89	25	58	26	41	27	69	28	75	29	82	
	0	36	1	14	2	53	3	62	4	57	5	54	6	81	7	39	8	72	9	73	10	31	11	98	12	16	13	57	14	33	15	49	16	11	17	28	18	99	19	37	20	20	21	11	22	35	23	45	24	43	25	20	26	74	27	46	28	11	29	90	
	0	49	1	33	2	100	3	20	4	51	5	20	6	11	7	15	8	16	9	60	10	86	11	91	12	83	13	32	14	50	15	50	16	75	17	94	18	58	19	51	20	29	21	18	22	18	23	60	24	14	25	29	26	53	27	85	28	84	29	81	