500 30 1
30
	0	36	1	32	2	64	3	46	4	92	5	74	6	15	7	11	8	40	9	49	10	82	11	79	12	100	13	51	14	17	15	96	16	88	17	88	18	93	19	88	20	44	21	14	22	71	23	42	24	16	25	19	26	43	27	71	28	99	29	18	
	0	64	1	43	2	17	3	78	4	74	5	29	6	26	7	81	8	47	9	35	10	84	11	36	12	44	13	78	14	41	15	86	16	59	17	88	18	90	19	49	20	43	21	74	22	11	23	68	24	26	25	84	26	77	27	27	28	88	29	14	
	0	82	1	73	2	41	3	40	4	49	5	14	6	76	7	56	8	66	9	82	10	37	11	53	12	90	13	93	14	20	15	38	16	18	17	57	18	19	19	82	20	57	21	99	22	56	23	66	24	18	25	46	26	86	27	57	28	69	29	38	
	0	82	1	94	2	75	3	83	4	15	5	87	6	48	7	27	8	63	9	99	10	83	11	54	12	17	13	18	14	53	15	76	16	69	17	81	18	60	19	95	20	63	21	60	22	47	23	37	24	14	25	14	26	45	27	39	28	17	29	69	
	0	77	1	63	2	20	3	87	4	34	5	11	6	61	7	30	8	24	9	37	10	31	11	30	12	91	13	30	14	58	15	65	16	45	17	33	18	82	19	81	20	49	21	42	22	62	23	52	24	65	25	25	26	98	27	82	28	91	29	47	
	0	43	1	59	2	92	3	31	4	47	5	63	6	69	7	44	8	89	9	59	10	57	11	79	12	43	13	29	14	71	15	52	16	78	17	95	18	66	19	22	20	69	21	82	22	75	23	77	24	57	25	48	26	32	27	23	28	89	29	52	
	0	15	1	15	2	56	3	50	4	48	5	81	6	78	7	92	8	41	9	18	10	27	11	92	12	84	13	60	14	18	15	43	16	63	17	59	18	49	19	78	20	60	21	63	22	27	23	83	24	67	25	57	26	54	27	42	28	99	29	73	
	0	54	1	14	2	42	3	95	4	23	5	73	6	36	7	76	8	56	9	74	10	44	11	16	12	37	13	41	14	14	15	96	16	29	17	37	18	22	19	21	20	10	21	65	22	31	23	91	24	60	25	44	26	50	27	47	28	29	29	78	
	0	28	1	91	2	18	3	79	4	41	5	50	6	12	7	88	8	54	9	88	10	86	11	40	12	12	13	63	14	63	15	54	16	63	17	80	18	15	19	68	20	67	21	42	22	48	23	91	24	33	25	44	26	84	27	94	28	53	29	37	
	0	12	1	10	2	24	3	91	4	75	5	64	6	81	7	44	8	73	9	59	10	50	11	53	12	16	13	50	14	19	15	18	16	90	17	78	18	69	19	79	20	29	21	68	22	54	23	79	24	29	25	66	26	33	27	85	28	13	29	64	
	0	64	1	90	2	58	3	88	4	49	5	27	6	56	7	12	8	49	9	18	10	99	11	97	12	64	13	19	14	83	15	53	16	57	17	47	18	68	19	87	20	94	21	78	22	64	23	38	24	81	25	100	26	17	27	95	28	35	29	75	
	0	37	1	85	2	96	3	49	4	11	5	49	6	43	7	46	8	34	9	91	10	60	11	60	12	80	13	14	14	42	15	24	16	92	17	91	18	27	19	60	20	45	21	88	22	14	23	74	24	91	25	22	26	32	27	17	28	17	29	57	
	0	44	1	81	2	17	3	37	4	12	5	48	6	39	7	94	8	15	9	64	10	100	11	96	12	93	13	58	14	80	15	26	16	27	17	89	18	94	19	76	20	88	21	38	22	76	23	100	24	66	25	65	26	22	27	19	28	36	29	49	
	0	98	1	90	2	53	3	64	4	78	5	53	6	65	7	89	8	91	9	98	10	46	11	20	12	19	13	56	14	46	15	95	16	20	17	46	18	90	19	77	20	42	21	85	22	52	23	100	24	95	25	36	26	88	27	95	28	81	29	54	
	0	48	1	77	2	20	3	16	4	72	5	28	6	65	7	70	8	49	9	89	10	19	11	86	12	64	13	41	14	100	15	47	16	57	17	29	18	72	19	78	20	22	21	54	22	65	23	96	24	48	25	18	26	12	27	14	28	14	29	81	
	0	95	1	28	2	60	3	28	4	33	5	51	6	28	7	45	8	63	9	11	10	63	11	54	12	57	13	80	14	100	15	13	16	18	17	90	18	97	19	18	20	44	21	57	22	38	23	93	24	70	25	77	26	63	27	96	28	22	29	66	
	0	40	1	16	2	42	3	35	4	40	5	31	6	56	7	67	8	19	9	71	10	88	11	75	12	26	13	56	14	12	15	89	16	54	17	58	18	21	19	34	20	73	21	69	22	35	23	70	24	59	25	85	26	55	27	26	28	23	29	47	
	0	76	1	16	2	95	3	28	4	23	5	96	6	12	7	49	8	14	9	10	10	78	11	51	12	15	13	28	14	53	15	32	16	10	17	83	18	43	19	96	20	77	21	19	22	93	23	77	24	10	25	32	26	45	27	12	28	67	29	74	
	0	83	1	95	2	50	3	45	4	83	5	36	6	84	7	100	8	23	9	40	10	96	11	87	12	48	13	60	14	88	15	74	16	20	17	61	18	70	19	16	20	51	21	11	22	28	23	13	24	50	25	44	26	56	27	18	28	30	29	74	
	0	99	1	32	2	98	3	61	4	60	5	69	6	64	7	41	8	71	9	32	10	52	11	84	12	99	13	66	14	92	15	49	16	83	17	70	18	21	19	81	20	63	21	51	22	73	23	43	24	79	25	25	26	13	27	18	28	31	29	59	
	0	16	1	37	2	51	3	11	4	25	5	32	6	86	7	58	8	89	9	52	10	93	11	83	12	82	13	64	14	96	15	91	16	64	17	69	18	78	19	52	20	67	21	27	22	99	23	30	24	53	25	53	26	77	27	14	28	68	29	24	
	0	71	1	94	2	68	3	76	4	39	5	23	6	63	7	27	8	62	9	100	10	18	11	41	12	76	13	95	14	37	15	33	16	96	17	20	18	50	19	84	20	39	21	81	22	93	23	48	24	32	25	47	26	97	27	21	28	86	29	89	
	0	99	1	73	2	52	3	10	4	64	5	13	6	51	7	13	8	19	9	79	10	89	11	43	12	53	13	57	14	55	15	77	16	84	17	25	18	98	19	54	20	50	21	76	22	78	23	46	24	100	25	52	26	42	27	73	28	39	29	33	
	0	30	1	41	2	79	3	85	4	67	5	17	6	32	7	49	8	69	9	57	10	44	11	34	12	16	13	19	14	48	15	97	16	54	17	31	18	58	19	16	20	16	21	16	22	31	23	36	24	99	25	50	26	86	27	75	28	11	29	30	
	0	73	1	69	2	48	3	26	4	57	5	80	6	81	7	72	8	69	9	20	10	37	11	43	12	49	13	65	14	65	15	27	16	53	17	72	18	64	19	75	20	45	21	67	22	88	23	31	24	78	25	55	26	92	27	42	28	22	29	72	
	0	29	1	25	2	24	3	38	4	81	5	26	6	35	7	33	8	96	9	56	10	98	11	47	12	34	13	24	14	65	15	12	16	32	17	72	18	27	19	94	20	38	21	20	22	71	23	70	24	93	25	51	26	85	27	53	28	22	29	14	
	0	70	1	23	2	20	3	100	4	43	5	45	6	20	7	62	8	100	9	48	10	47	11	96	12	76	13	22	14	98	15	84	16	52	17	24	18	31	19	25	20	91	21	21	22	17	23	29	24	31	25	27	26	51	27	43	28	18	29	48	
	0	35	1	60	2	16	3	36	4	47	5	24	6	27	7	76	8	95	9	50	10	54	11	69	12	91	13	31	14	32	15	41	16	70	17	44	18	95	19	46	20	62	21	88	22	34	23	52	24	26	25	98	26	76	27	62	28	41	29	32	
	0	46	1	57	2	12	3	43	4	58	5	60	6	25	7	71	8	12	9	81	10	59	11	56	12	86	13	10	14	41	15	53	16	86	17	42	18	52	19	51	20	98	21	39	22	34	23	63	24	41	25	78	26	31	27	85	28	63	29	38	
	0	63	1	97	2	65	3	64	4	58	5	57	6	93	7	25	8	97	9	67	10	31	11	46	12	96	13	24	14	68	15	11	16	95	17	66	18	40	19	34	20	57	21	83	22	92	23	82	24	68	25	10	26	97	27	60	28	84	29	73	
	0	10	1	41	2	27	3	95	4	94	5	40	6	83	7	49	8	26	9	42	10	30	11	21	12	44	13	36	14	95	15	79	16	97	17	94	18	72	19	88	20	25	21	46	22	21	23	93	24	17	25	32	26	14	27	19	28	25	29	92	
	0	56	1	28	2	27	3	82	4	72	5	59	6	16	7	17	8	98	9	52	10	55	11	61	12	70	13	31	14	45	15	81	16	18	17	95	18	31	19	26	20	20	21	61	22	99	23	13	24	74	25	37	26	68	27	58	28	21	29	22	
	0	45	1	20	2	35	3	75	4	100	5	21	6	77	7	63	8	45	9	75	10	94	11	92	12	55	13	51	14	90	15	100	16	53	17	78	18	53	19	55	20	93	21	90	22	63	23	50	24	90	25	71	26	10	27	72	28	67	29	79	
	0	35	1	14	2	33	3	14	4	12	5	96	6	79	7	17	8	39	9	72	10	17	11	48	12	40	13	50	14	91	15	92	16	82	17	83	18	58	19	99	20	71	21	36	22	16	23	77	24	93	25	50	26	93	27	42	28	97	29	45	
	0	10	1	85	2	66	3	100	4	27	5	41	6	59	7	17	8	41	9	28	10	81	11	20	12	49	13	68	14	76	15	13	16	65	17	23	18	66	19	60	20	46	21	60	22	82	23	20	24	64	25	75	26	59	27	78	28	30	29	59	
	0	18	1	77	2	79	3	41	4	47	5	64	6	44	7	13	8	65	9	84	10	91	11	51	12	81	13	68	14	41	15	78	16	87	17	98	18	85	19	90	20	49	21	55	22	72	23	21	24	70	25	64	26	65	27	83	28	24	29	63	
	0	13	1	18	2	71	3	76	4	36	5	100	6	58	7	30	8	20	9	71	10	33	11	14	12	64	13	91	14	44	15	11	16	56	17	42	18	65	19	26	20	37	21	83	22	46	23	52	24	100	25	95	26	18	27	18	28	10	29	82	
	0	58	1	84	2	94	3	18	4	12	5	25	6	18	7	70	8	70	9	63	10	57	11	63	12	27	13	61	14	62	15	69	16	65	17	71	18	58	19	47	20	59	21	98	22	81	23	55	24	64	25	32	26	65	27	41	28	24	29	77	
	0	43	1	65	2	19	3	21	4	54	5	87	6	49	7	63	8	34	9	75	10	33	11	57	12	35	13	23	14	93	15	54	16	100	17	35	18	46	19	41	20	62	21	91	22	30	23	31	24	34	25	64	26	73	27	36	28	62	29	42	
	0	52	1	13	2	58	3	94	4	88	5	45	6	76	7	44	8	58	9	34	10	74	11	47	12	39	13	95	14	100	15	78	16	78	17	82	18	89	19	39	20	75	21	83	22	68	23	52	24	31	25	23	26	38	27	10	28	20	29	39	
	0	37	1	39	2	38	3	99	4	23	5	79	6	18	7	83	8	69	9	63	10	28	11	15	12	17	13	37	14	38	15	72	16	14	17	55	18	80	19	19	20	52	21	49	22	78	23	59	24	46	25	21	26	20	27	85	28	71	29	18	
	0	86	1	30	2	96	3	64	4	22	5	55	6	49	7	93	8	29	9	89	10	75	11	92	12	55	13	32	14	100	15	67	16	56	17	13	18	62	19	53	20	65	21	92	22	73	23	100	24	33	25	64	26	58	27	35	28	21	29	26	
	0	83	1	86	2	67	3	37	4	51	5	91	6	79	7	68	8	24	9	65	10	60	11	19	12	25	13	10	14	61	15	70	16	15	17	57	18	11	19	56	20	28	21	14	22	26	23	29	24	66	25	45	26	38	27	74	28	41	29	60	
	0	25	1	21	2	61	3	57	4	57	5	11	6	49	7	80	8	18	9	38	10	89	11	57	12	43	13	90	14	60	15	60	16	95	17	89	18	21	19	100	20	35	21	66	22	63	23	19	24	68	25	18	26	100	27	65	28	43	29	50	
	0	34	1	10	2	87	3	89	4	20	5	73	6	66	7	27	8	13	9	92	10	26	11	74	12	92	13	94	14	93	15	55	16	11	17	61	18	35	19	96	20	45	21	38	22	85	23	89	24	39	25	14	26	91	27	11	28	50	29	67	
	0	62	1	24	2	58	3	84	4	85	5	50	6	81	7	86	8	28	9	31	10	53	11	44	12	27	13	51	14	13	15	37	16	99	17	55	18	70	19	61	20	53	21	71	22	99	23	82	24	57	25	13	26	38	27	71	28	40	29	95	
	0	28	1	41	2	49	3	68	4	89	5	78	6	64	7	64	8	14	9	59	10	15	11	28	12	56	13	83	14	33	15	32	16	88	17	62	18	38	19	47	20	11	21	42	22	22	23	39	24	32	25	41	26	44	27	65	28	32	29	19	
	0	60	1	72	2	67	3	38	4	40	5	98	6	45	7	36	8	26	9	10	10	100	11	18	12	24	13	59	14	42	15	96	16	96	17	78	18	78	19	20	20	64	21	86	22	68	23	82	24	91	25	12	26	97	27	30	28	88	29	88	
	0	39	1	25	2	38	3	95	4	100	5	60	6	51	7	81	8	66	9	78	10	57	11	41	12	15	13	78	14	77	15	86	16	53	17	35	18	95	19	88	20	49	21	44	22	50	23	89	24	17	25	61	26	18	27	36	28	57	29	66	
	0	41	1	68	2	78	3	63	4	90	5	23	6	78	7	94	8	61	9	65	10	33	11	28	12	38	13	67	14	42	15	83	16	46	17	28	18	71	19	48	20	91	21	66	22	100	23	67	24	55	25	92	26	54	27	44	28	18	29	37	
	0	46	1	62	2	92	3	73	4	54	5	14	6	97	7	84	8	60	9	47	10	13	11	91	12	87	13	23	14	89	15	73	16	15	17	37	18	90	19	27	20	10	21	45	22	33	23	68	24	54	25	25	26	56	27	21	28	78	29	91	
	0	78	1	26	2	16	3	94	4	93	5	82	6	71	7	99	8	20	9	35	10	40	11	98	12	36	13	18	14	89	15	24	16	89	17	44	18	88	19	49	20	99	21	87	22	48	23	94	24	73	25	50	26	19	27	39	28	84	29	31	
	0	37	1	51	2	55	3	16	4	16	5	14	6	43	7	83	8	97	9	66	10	100	11	55	12	88	13	55	14	16	15	100	16	84	17	48	18	57	19	55	20	29	21	59	22	54	23	68	24	94	25	24	26	97	27	89	28	55	29	86	
	0	50	1	57	2	40	3	92	4	14	5	93	6	19	7	61	8	81	9	97	10	100	11	12	12	85	13	25	14	69	15	39	16	93	17	61	18	72	19	59	20	94	21	47	22	30	23	46	24	67	25	39	26	73	27	30	28	45	29	32	
	0	62	1	24	2	42	3	64	4	36	5	99	6	10	7	37	8	37	9	53	10	21	11	85	12	51	13	34	14	76	15	80	16	22	17	54	18	81	19	34	20	42	21	46	22	31	23	52	24	12	25	56	26	88	27	20	28	61	29	96	
	0	45	1	41	2	96	3	35	4	74	5	98	6	64	7	21	8	11	9	63	10	49	11	16	12	81	13	71	14	24	15	20	16	92	17	100	18	95	19	86	20	61	21	11	22	44	23	46	24	50	25	68	26	61	27	43	28	44	29	59	
	0	40	1	62	2	27	3	24	4	17	5	82	6	22	7	65	8	52	9	95	10	100	11	73	12	99	13	83	14	89	15	27	16	98	17	95	18	94	19	74	20	51	21	99	22	62	23	96	24	82	25	71	26	71	27	49	28	67	29	11	
	0	75	1	18	2	86	3	40	4	63	5	39	6	58	7	88	8	44	9	72	10	25	11	78	12	44	13	45	14	13	15	13	16	53	17	100	18	74	19	19	20	53	21	50	22	95	23	43	24	85	25	87	26	42	27	90	28	67	29	75	
	0	37	1	53	2	16	3	13	4	50	5	22	6	72	7	29	8	55	9	83	10	37	11	91	12	86	13	32	14	65	15	100	16	82	17	37	18	41	19	86	20	62	21	18	22	28	23	54	24	13	25	81	26	22	27	13	28	17	29	34	
	0	98	1	73	2	34	3	12	4	45	5	58	6	94	7	86	8	59	9	44	10	91	11	44	12	60	13	26	14	77	15	80	16	45	17	14	18	17	19	63	20	20	21	34	22	55	23	20	24	23	25	51	26	92	27	93	28	49	29	82	
	0	95	1	29	2	75	3	69	4	79	5	57	6	55	7	52	8	12	9	71	10	92	11	52	12	41	13	28	14	29	15	65	16	62	17	53	18	94	19	45	20	92	21	27	22	98	23	42	24	100	25	29	26	77	27	54	28	97	29	100	
	0	96	1	63	2	45	3	42	4	32	5	14	6	61	7	73	8	25	9	81	10	55	11	74	12	57	13	13	14	58	15	80	16	17	17	57	18	63	19	67	20	61	21	36	22	13	23	87	24	27	25	33	26	45	27	81	28	14	29	58	
	0	96	1	58	2	67	3	61	4	20	5	74	6	10	7	46	8	67	9	38	10	29	11	59	12	63	13	71	14	60	15	73	16	94	17	91	18	51	19	38	20	88	21	29	22	51	23	77	24	87	25	94	26	51	27	88	28	76	29	91	
	0	33	1	65	2	15	3	37	4	80	5	83	6	53	7	33	8	49	9	16	10	76	11	64	12	72	13	69	14	100	15	31	16	34	17	92	18	85	19	63	20	10	21	81	22	68	23	50	24	27	25	58	26	87	27	94	28	14	29	38	
	0	85	1	22	2	65	3	47	4	38	5	96	6	40	7	38	8	55	9	26	10	59	11	51	12	99	13	61	14	78	15	10	16	99	17	83	18	74	19	37	20	37	21	26	22	45	23	40	24	83	25	60	26	13	27	35	28	67	29	55	
	0	91	1	42	2	19	3	19	4	57	5	69	6	99	7	42	8	70	9	46	10	97	11	47	12	77	13	41	14	27	15	92	16	74	17	26	18	71	19	27	20	86	21	72	22	15	23	41	24	72	25	87	26	37	27	94	28	78	29	14	
	0	88	1	93	2	22	3	82	4	66	5	65	6	69	7	11	8	96	9	11	10	94	11	13	12	41	13	18	14	35	15	36	16	30	17	63	18	61	19	65	20	69	21	12	22	54	23	64	24	68	25	39	26	92	27	14	28	85	29	57	
	0	14	1	22	2	84	3	71	4	73	5	23	6	96	7	40	8	37	9	96	10	47	11	14	12	67	13	100	14	60	15	37	16	100	17	72	18	13	19	71	20	14	21	23	22	54	23	63	24	32	25	90	26	56	27	100	28	76	29	23	
	0	14	1	61	2	64	3	13	4	92	5	41	6	94	7	47	8	97	9	25	10	89	11	56	12	28	13	27	14	65	15	52	16	29	17	13	18	68	19	36	20	43	21	97	22	22	23	86	24	89	25	87	26	43	27	51	28	47	29	12	
	0	48	1	52	2	82	3	31	4	48	5	42	6	42	7	79	8	45	9	38	10	72	11	90	12	81	13	35	14	30	15	39	16	69	17	47	18	71	19	60	20	21	21	82	22	45	23	57	24	14	25	53	26	36	27	36	28	68	29	31	
	0	46	1	94	2	98	3	96	4	23	5	80	6	26	7	26	8	86	9	73	10	32	11	37	12	24	13	65	14	90	15	56	16	50	17	58	18	88	19	23	20	36	21	80	22	60	23	88	24	20	25	84	26	45	27	85	28	93	29	91	
	0	19	1	77	2	80	3	47	4	26	5	63	6	75	7	75	8	57	9	72	10	85	11	25	12	49	13	44	14	40	15	84	16	95	17	96	18	59	19	56	20	34	21	55	22	61	23	91	24	54	25	29	26	94	27	36	28	64	29	100	
	0	48	1	34	2	13	3	70	4	36	5	92	6	94	7	24	8	38	9	50	10	73	11	17	12	28	13	40	14	42	15	31	16	80	17	32	18	76	19	84	20	84	21	86	22	88	23	17	24	75	25	53	26	62	27	85	28	13	29	85	
	0	22	1	73	2	49	3	72	4	53	5	82	6	66	7	62	8	41	9	99	10	70	11	33	12	11	13	22	14	70	15	84	16	21	17	41	18	18	19	61	20	93	21	11	22	90	23	94	24	10	25	96	26	29	27	45	28	86	29	51	
	0	59	1	25	2	20	3	32	4	23	5	32	6	49	7	65	8	21	9	87	10	33	11	66	12	99	13	23	14	45	15	74	16	51	17	41	18	20	19	14	20	66	21	20	22	53	23	61	24	65	25	40	26	71	27	38	28	35	29	29	
	0	45	1	81	2	39	3	94	4	63	5	66	6	51	7	68	8	52	9	64	10	98	11	32	12	45	13	63	14	86	15	62	16	97	17	49	18	79	19	16	20	53	21	11	22	52	23	54	24	74	25	55	26	72	27	94	28	18	29	72	
	0	56	1	76	2	35	3	91	4	63	5	85	6	30	7	16	8	62	9	61	10	78	11	73	12	38	13	82	14	25	15	76	16	12	17	81	18	91	19	76	20	51	21	25	22	25	23	61	24	24	25	15	26	10	27	66	28	18	29	62	
	0	46	1	69	2	62	3	75	4	49	5	13	6	35	7	11	8	54	9	34	10	22	11	15	12	40	13	59	14	71	15	71	16	35	17	26	18	18	19	56	20	58	21	36	22	30	23	30	24	73	25	21	26	39	27	44	28	10	29	72	
	0	16	1	54	2	34	3	39	4	44	5	37	6	84	7	24	8	70	9	15	10	56	11	90	12	71	13	86	14	97	15	39	16	73	17	49	18	77	19	65	20	59	21	58	22	86	23	88	24	18	25	94	26	16	27	52	28	91	29	40	
	0	20	1	51	2	64	3	26	4	29	5	59	6	48	7	97	8	90	9	38	10	64	11	48	12	90	13	97	14	28	15	79	16	25	17	17	18	13	19	57	20	61	21	91	22	91	23	46	24	77	25	65	26	28	27	73	28	60	29	31	
	0	93	1	83	2	44	3	64	4	82	5	46	6	88	7	14	8	23	9	48	10	28	11	97	12	33	13	87	14	13	15	58	16	63	17	73	18	51	19	75	20	55	21	23	22	63	23	22	24	92	25	97	26	19	27	71	28	31	29	41	
	0	92	1	77	2	67	3	25	4	99	5	68	6	16	7	84	8	30	9	57	10	59	11	46	12	83	13	10	14	92	15	90	16	86	17	10	18	86	19	76	20	79	21	88	22	92	23	78	24	16	25	25	26	68	27	95	28	41	29	58	
	0	83	1	90	2	15	3	33	4	17	5	18	6	86	7	56	8	34	9	68	10	100	11	84	12	30	13	93	14	75	15	99	16	98	17	75	18	34	19	32	20	97	21	53	22	87	23	58	24	28	25	10	26	25	27	92	28	24	29	70	
	0	22	1	71	2	14	3	10	4	41	5	70	6	54	7	84	8	48	9	87	10	81	11	19	12	14	13	23	14	69	15	35	16	48	17	44	18	45	19	50	20	51	21	76	22	68	23	96	24	70	25	84	26	65	27	20	28	36	29	46	
	0	32	1	88	2	13	3	70	4	29	5	10	6	33	7	90	8	19	9	93	10	21	11	66	12	26	13	82	14	97	15	93	16	75	17	11	18	47	19	78	20	98	21	28	22	80	23	53	24	99	25	40	26	42	27	69	28	11	29	63	
	0	76	1	64	2	88	3	57	4	67	5	83	6	86	7	40	8	80	9	57	10	10	11	74	12	11	13	42	14	33	15	87	16	57	17	63	18	15	19	44	20	44	21	25	22	10	23	51	24	37	25	64	26	76	27	54	28	33	29	25	
	0	86	1	46	2	12	3	27	4	22	5	32	6	16	7	82	8	52	9	34	10	25	11	92	12	33	13	30	14	76	15	33	16	85	17	90	18	33	19	67	20	16	21	86	22	39	23	90	24	37	25	84	26	42	27	74	28	68	29	30	
	0	81	1	34	2	37	3	86	4	85	5	71	6	77	7	47	8	68	9	87	10	71	11	65	12	63	13	23	14	59	15	40	16	67	17	87	18	70	19	89	20	63	21	51	22	31	23	32	24	40	25	26	26	30	27	74	28	40	29	15	
	0	51	1	32	2	66	3	58	4	62	5	32	6	60	7	88	8	67	9	95	10	21	11	96	12	57	13	65	14	27	15	68	16	78	17	93	18	78	19	20	20	13	21	27	22	59	23	25	24	61	25	13	26	66	27	15	28	75	29	80	
	0	49	1	97	2	51	3	72	4	88	5	28	6	46	7	96	8	36	9	66	10	33	11	56	12	93	13	23	14	42	15	66	16	38	17	89	18	57	19	76	20	22	21	99	22	28	23	54	24	59	25	16	26	20	27	41	28	50	29	48	
	0	60	1	53	2	100	3	26	4	14	5	40	6	92	7	93	8	73	9	10	10	88	11	66	12	45	13	42	14	84	15	38	16	17	17	44	18	54	19	57	20	82	21	18	22	42	23	77	24	12	25	36	26	22	27	10	28	83	29	20	
	0	25	1	23	2	11	3	64	4	64	5	61	6	78	7	79	8	41	9	53	10	87	11	80	12	28	13	17	14	39	15	66	16	20	17	45	18	75	19	74	20	42	21	66	22	38	23	28	24	97	25	32	26	32	27	75	28	82	29	27	
	0	63	1	72	2	56	3	35	4	92	5	17	6	17	7	68	8	81	9	74	10	23	11	97	12	52	13	75	14	76	15	45	16	27	17	27	18	40	19	38	20	13	21	24	22	13	23	19	24	100	25	43	26	59	27	70	28	46	29	13	
	0	16	1	32	2	49	3	30	4	19	5	15	6	68	7	69	8	31	9	19	10	78	11	31	12	65	13	57	14	98	15	27	16	19	17	17	18	45	19	56	20	65	21	11	22	73	23	31	24	62	25	75	26	48	27	65	28	19	29	39	
	0	67	1	65	2	28	3	30	4	55	5	87	6	10	7	54	8	76	9	23	10	73	11	66	12	56	13	18	14	95	15	71	16	64	17	35	18	83	19	70	20	89	21	23	22	99	23	89	24	58	25	76	26	48	27	63	28	96	29	36	
	0	40	1	98	2	57	3	20	4	91	5	24	6	79	7	97	8	79	9	48	10	66	11	83	12	85	13	40	14	65	15	87	16	15	17	53	18	33	19	29	20	57	21	37	22	54	23	36	24	53	25	51	26	78	27	73	28	31	29	73	
	0	49	1	59	2	32	3	79	4	86	5	79	6	59	7	46	8	64	9	88	10	49	11	99	12	66	13	88	14	53	15	38	16	60	17	90	18	15	19	17	20	80	21	55	22	29	23	31	24	92	25	17	26	75	27	97	28	36	29	72	
	0	73	1	10	2	98	3	60	4	47	5	23	6	24	7	46	8	11	9	10	10	94	11	12	12	57	13	55	14	98	15	100	16	41	17	12	18	39	19	76	20	13	21	70	22	58	23	34	24	76	25	15	26	59	27	23	28	61	29	19	
	0	63	1	85	2	82	3	68	4	91	5	86	6	82	7	32	8	50	9	81	10	22	11	93	12	17	13	10	14	90	15	48	16	94	17	60	18	66	19	92	20	92	21	43	22	60	23	96	24	24	25	57	26	75	27	40	28	60	29	93	
	0	69	1	11	2	51	3	45	4	90	5	56	6	97	7	68	8	52	9	24	10	50	11	25	12	68	13	16	14	60	15	82	16	29	17	99	18	36	19	18	20	74	21	61	22	70	23	66	24	22	25	47	26	66	27	95	28	18	29	81	
	0	31	1	44	2	56	3	27	4	19	5	34	6	100	7	49	8	28	9	44	10	60	11	50	12	10	13	67	14	16	15	11	16	31	17	40	18	23	19	72	20	21	21	35	22	23	23	45	24	70	25	22	26	11	27	39	28	75	29	90	
	0	51	1	18	2	97	3	68	4	68	5	75	6	96	7	37	8	12	9	91	10	45	11	29	12	47	13	80	14	81	15	74	16	62	17	42	18	64	19	15	20	56	21	81	22	13	23	40	24	45	25	33	26	11	27	82	28	31	29	82	
	0	66	1	14	2	93	3	93	4	18	5	30	6	50	7	93	8	32	9	62	10	41	11	34	12	20	13	49	14	50	15	72	16	93	17	87	18	68	19	44	20	53	21	45	22	92	23	26	24	56	25	32	26	55	27	70	28	39	29	27	
	0	62	1	34	2	63	3	61	4	45	5	99	6	46	7	91	8	53	9	59	10	86	11	94	12	56	13	56	14	39	15	84	16	42	17	78	18	50	19	74	20	71	21	80	22	42	23	84	24	85	25	60	26	17	27	88	28	44	29	37	
	0	66	1	16	2	83	3	50	4	74	5	33	6	62	7	97	8	72	9	98	10	10	11	45	12	84	13	25	14	16	15	74	16	12	17	61	18	12	19	44	20	20	21	82	22	40	23	98	24	91	25	68	26	23	27	60	28	100	29	23	
	0	77	1	29	2	55	3	19	4	67	5	11	6	53	7	40	8	40	9	19	10	93	11	96	12	30	13	88	14	47	15	93	16	23	17	20	18	92	19	46	20	53	21	55	22	92	23	76	24	81	25	75	26	80	27	48	28	24	29	63	
	0	29	1	70	2	41	3	62	4	55	5	43	6	77	7	71	8	83	9	44	10	83	11	30	12	73	13	97	14	99	15	87	16	13	17	15	18	46	19	81	20	20	21	17	22	12	23	59	24	100	25	58	26	81	27	73	28	59	29	57	
	0	55	1	41	2	62	3	51	4	23	5	93	6	57	7	79	8	84	9	97	10	40	11	62	12	92	13	48	14	65	15	20	16	87	17	75	18	27	19	46	20	62	21	94	22	52	23	73	24	50	25	38	26	11	27	17	28	65	29	59	
	0	100	1	30	2	39	3	43	4	51	5	65	6	35	7	35	8	81	9	100	10	27	11	51	12	77	13	46	14	58	15	77	16	39	17	59	18	66	19	22	20	33	21	67	22	92	23	21	24	39	25	88	26	71	27	74	28	41	29	64	
	0	79	1	80	2	44	3	73	4	58	5	81	6	87	7	50	8	62	9	88	10	30	11	31	12	47	13	71	14	91	15	16	16	68	17	38	18	48	19	15	20	57	21	40	22	79	23	29	24	94	25	41	26	90	27	66	28	89	29	76	
	0	91	1	14	2	68	3	32	4	90	5	81	6	23	7	36	8	89	9	77	10	56	11	31	12	61	13	62	14	65	15	16	16	19	17	66	18	55	19	29	20	52	21	95	22	97	23	25	24	83	25	80	26	58	27	93	28	50	29	14	
	0	21	1	32	2	91	3	100	4	58	5	11	6	64	7	83	8	96	9	76	10	57	11	51	12	22	13	47	14	38	15	72	16	77	17	52	18	100	19	37	20	73	21	73	22	57	23	40	24	94	25	39	26	17	27	67	28	33	29	88	
	0	10	1	65	2	64	3	93	4	49	5	12	6	72	7	48	8	62	9	57	10	74	11	45	12	74	13	95	14	74	15	50	16	57	17	84	18	18	19	54	20	80	21	98	22	77	23	94	24	34	25	84	26	16	27	10	28	50	29	57	
	0	32	1	99	2	42	3	46	4	81	5	88	6	85	7	67	8	37	9	28	10	32	11	94	12	87	13	65	14	86	15	55	16	69	17	22	18	63	19	89	20	83	21	11	22	53	23	82	24	29	25	37	26	20	27	56	28	64	29	69	
	0	97	1	76	2	24	3	76	4	78	5	35	6	67	7	92	8	67	9	81	10	87	11	56	12	69	13	74	14	50	15	32	16	43	17	61	18	62	19	54	20	29	21	89	22	25	23	11	24	56	25	72	26	26	27	81	28	98	29	80	
	0	14	1	75	2	14	3	47	4	43	5	30	6	32	7	61	8	93	9	72	10	91	11	33	12	88	13	49	14	93	15	41	16	45	17	66	18	11	19	22	20	92	21	81	22	16	23	39	24	17	25	57	26	39	27	42	28	39	29	68	
	0	13	1	55	2	49	3	70	4	75	5	35	6	30	7	83	8	11	9	70	10	95	11	86	12	83	13	51	14	89	15	42	16	10	17	53	18	83	19	100	20	70	21	61	22	77	23	94	24	37	25	19	26	31	27	76	28	66	29	72	
	0	58	1	19	2	78	3	42	4	81	5	62	6	31	7	77	8	36	9	10	10	40	11	85	12	24	13	48	14	31	15	79	16	81	17	76	18	11	19	37	20	95	21	98	22	43	23	79	24	71	25	18	26	14	27	18	28	16	29	64	
	0	96	1	45	2	88	3	88	4	66	5	42	6	17	7	35	8	79	9	97	10	66	11	87	12	64	13	27	14	39	15	79	16	34	17	27	18	75	19	14	20	51	21	92	22	74	23	87	24	84	25	36	26	96	27	73	28	72	29	56	
	0	52	1	14	2	11	3	82	4	31	5	77	6	55	7	42	8	67	9	55	10	54	11	43	12	93	13	90	14	59	15	90	16	83	17	63	18	38	19	31	20	92	21	98	22	46	23	56	24	15	25	47	26	83	27	19	28	94	29	54	
	0	26	1	15	2	85	3	15	4	81	5	76	6	63	7	62	8	41	9	53	10	58	11	54	12	22	13	58	14	71	15	53	16	54	17	29	18	89	19	60	20	62	21	27	22	11	23	41	24	28	25	39	26	97	27	60	28	17	29	17	
	0	57	1	59	2	46	3	75	4	69	5	67	6	68	7	63	8	89	9	48	10	79	11	76	12	54	13	67	14	19	15	14	16	79	17	92	18	12	19	98	20	43	21	59	22	20	23	56	24	50	25	44	26	73	27	24	28	93	29	78	
	0	89	1	34	2	32	3	62	4	66	5	34	6	46	7	32	8	31	9	13	10	70	11	27	12	34	13	38	14	68	15	94	16	98	17	64	18	33	19	47	20	75	21	36	22	76	23	47	24	25	25	91	26	31	27	98	28	20	29	58	
	0	14	1	20	2	14	3	19	4	58	5	20	6	94	7	47	8	72	9	89	10	57	11	19	12	23	13	74	14	62	15	15	16	99	17	43	18	49	19	46	20	96	21	67	22	90	23	14	24	85	25	64	26	27	27	84	28	30	29	75	
	0	87	1	44	2	14	3	17	4	26	5	76	6	10	7	22	8	58	9	79	10	87	11	83	12	90	13	56	14	99	15	17	16	77	17	91	18	28	19	63	20	96	21	88	22	77	23	73	24	33	25	46	26	17	27	13	28	38	29	50	
	0	95	1	64	2	65	3	22	4	28	5	23	6	17	7	96	8	67	9	60	10	58	11	65	12	60	13	72	14	95	15	30	16	53	17	55	18	96	19	19	20	69	21	82	22	17	23	51	24	17	25	19	26	39	27	74	28	90	29	46	
	0	73	1	46	2	66	3	76	4	100	5	93	6	65	7	30	8	43	9	22	10	40	11	41	12	56	13	59	14	65	15	23	16	86	17	85	18	57	19	64	20	59	21	67	22	62	23	78	24	74	25	78	26	87	27	87	28	45	29	56	
	0	48	1	74	2	60	3	32	4	71	5	84	6	100	7	38	8	38	9	98	10	44	11	76	12	41	13	68	14	74	15	75	16	64	17	60	18	15	19	34	20	67	21	33	22	99	23	22	24	78	25	50	26	95	27	82	28	46	29	32	
	0	99	1	47	2	72	3	73	4	79	5	46	6	59	7	99	8	67	9	35	10	66	11	11	12	55	13	72	14	45	15	32	16	100	17	78	18	43	19	60	20	50	21	55	22	93	23	77	24	93	25	55	26	15	27	30	28	95	29	65	
	0	23	1	64	2	43	3	97	4	64	5	40	6	53	7	76	8	98	9	68	10	88	11	87	12	53	13	99	14	99	15	96	16	41	17	15	18	42	19	27	20	17	21	23	22	19	23	70	24	65	25	10	26	87	27	93	28	88	29	29	
	0	43	1	81	2	52	3	36	4	100	5	92	6	80	7	33	8	15	9	49	10	89	11	67	12	12	13	42	14	79	15	18	16	49	17	33	18	32	19	89	20	51	21	37	22	40	23	88	24	80	25	80	26	67	27	53	28	25	29	82	
	0	30	1	15	2	89	3	14	4	79	5	52	6	52	7	17	8	29	9	26	10	63	11	59	12	88	13	78	14	90	15	64	16	34	17	35	18	27	19	75	20	92	21	55	22	30	23	13	24	75	25	50	26	91	27	34	28	61	29	36	
	0	33	1	31	2	57	3	64	4	29	5	97	6	30	7	10	8	36	9	99	10	23	11	18	12	81	13	60	14	37	15	82	16	75	17	30	18	39	19	69	20	62	21	46	22	71	23	66	24	28	25	11	26	72	27	98	28	13	29	29	
	0	78	1	90	2	67	3	100	4	45	5	100	6	43	7	28	8	60	9	73	10	51	11	12	12	96	13	17	14	99	15	54	16	68	17	19	18	85	19	29	20	55	21	63	22	62	23	56	24	29	25	50	26	57	27	64	28	100	29	81	
	0	26	1	36	2	71	3	10	4	48	5	76	6	55	7	79	8	15	9	33	10	66	11	97	12	86	13	20	14	36	15	36	16	49	17	100	18	21	19	79	20	98	21	20	22	70	23	22	24	65	25	12	26	52	27	32	28	23	29	55	
	0	87	1	98	2	41	3	98	4	67	5	11	6	97	7	28	8	29	9	15	10	85	11	59	12	11	13	39	14	34	15	10	16	57	17	67	18	26	19	27	20	90	21	74	22	69	23	18	24	13	25	92	26	54	27	22	28	79	29	88	
	0	67	1	42	2	24	3	96	4	65	5	61	6	89	7	41	8	23	9	58	10	69	11	68	12	78	13	66	14	44	15	58	16	58	17	31	18	18	19	27	20	52	21	57	22	58	23	73	24	64	25	70	26	36	27	38	28	29	29	98	
	0	60	1	65	2	59	3	27	4	54	5	93	6	87	7	14	8	76	9	21	10	26	11	60	12	22	13	53	14	11	15	94	16	16	17	38	18	40	19	94	20	31	21	73	22	29	23	92	24	14	25	34	26	53	27	69	28	37	29	77	
	0	72	1	77	2	76	3	28	4	76	5	26	6	10	7	63	8	48	9	80	10	32	11	15	12	87	13	80	14	96	15	57	16	22	17	79	18	18	19	41	20	78	21	47	22	71	23	68	24	73	25	21	26	59	27	41	28	95	29	47	
	0	45	1	86	2	21	3	61	4	54	5	57	6	73	7	39	8	91	9	38	10	25	11	13	12	24	13	82	14	55	15	73	16	69	17	28	18	51	19	67	20	89	21	30	22	90	23	25	24	15	25	24	26	80	27	40	28	68	29	56	
	0	20	1	39	2	38	3	93	4	51	5	70	6	96	7	95	8	35	9	57	10	51	11	45	12	72	13	21	14	91	15	78	16	91	17	98	18	92	19	65	20	55	21	67	22	89	23	61	24	89	25	92	26	93	27	54	28	38	29	40	
	0	82	1	69	2	58	3	24	4	84	5	16	6	53	7	17	8	77	9	41	10	24	11	58	12	48	13	26	14	12	15	75	16	76	17	74	18	88	19	22	20	81	21	36	22	21	23	75	24	42	25	31	26	71	27	77	28	57	29	32	
	0	91	1	35	2	20	3	60	4	100	5	98	6	21	7	33	8	71	9	82	10	37	11	51	12	30	13	12	14	23	15	82	16	73	17	15	18	42	19	64	20	11	21	11	22	23	23	62	24	12	25	23	26	61	27	100	28	94	29	59	
	0	10	1	48	2	28	3	17	4	57	5	22	6	68	7	37	8	60	9	53	10	69	11	71	12	98	13	32	14	39	15	36	16	52	17	30	18	50	19	89	20	87	21	15	22	47	23	66	24	24	25	44	26	68	27	14	28	38	29	71	
	0	43	1	34	2	30	3	31	4	73	5	65	6	76	7	50	8	75	9	61	10	79	11	53	12	70	13	73	14	62	15	76	16	44	17	59	18	25	19	90	20	20	21	31	22	14	23	80	24	35	25	100	26	52	27	45	28	52	29	57	
	0	24	1	39	2	60	3	25	4	57	5	69	6	13	7	13	8	55	9	86	10	47	11	66	12	64	13	26	14	72	15	31	16	86	17	84	18	28	19	41	20	57	21	48	22	11	23	29	24	44	25	32	26	28	27	60	28	57	29	73	
	0	79	1	84	2	100	3	40	4	20	5	24	6	70	7	17	8	80	9	10	10	97	11	73	12	99	13	88	14	81	15	13	16	18	17	90	18	90	19	90	20	33	21	28	22	24	23	59	24	86	25	64	26	43	27	16	28	84	29	66	
	0	55	1	56	2	99	3	91	4	29	5	71	6	100	7	29	8	47	9	14	10	53	11	39	12	93	13	24	14	52	15	10	16	85	17	37	18	79	19	53	20	72	21	14	22	67	23	97	24	35	25	67	26	29	27	33	28	47	29	21	
	0	64	1	38	2	54	3	93	4	55	5	94	6	96	7	80	8	72	9	49	10	34	11	23	12	73	13	45	14	11	15	23	16	98	17	52	18	54	19	34	20	27	21	29	22	92	23	46	24	88	25	73	26	56	27	22	28	56	29	81	
	0	82	1	99	2	38	3	68	4	22	5	76	6	51	7	43	8	25	9	66	10	59	11	12	12	11	13	49	14	60	15	56	16	47	17	39	18	66	19	20	20	20	21	94	22	99	23	76	24	74	25	70	26	60	27	82	28	11	29	42	
	0	81	1	63	2	22	3	89	4	78	5	78	6	14	7	69	8	25	9	69	10	77	11	87	12	92	13	27	14	74	15	52	16	37	17	65	18	27	19	58	20	10	21	60	22	77	23	39	24	79	25	73	26	64	27	37	28	22	29	37	
	0	99	1	91	2	47	3	40	4	77	5	35	6	65	7	41	8	86	9	85	10	13	11	54	12	61	13	78	14	69	15	56	16	18	17	80	18	88	19	19	20	31	21	80	22	76	23	78	24	15	25	67	26	25	27	67	28	60	29	24	
	0	84	1	13	2	42	3	49	4	55	5	86	6	85	7	72	8	25	9	48	10	21	11	23	12	39	13	91	14	63	15	46	16	22	17	97	18	10	19	14	20	46	21	41	22	36	23	86	24	98	25	48	26	62	27	91	28	13	29	23	
	0	69	1	25	2	35	3	83	4	61	5	94	6	93	7	67	8	94	9	78	10	55	11	63	12	44	13	28	14	46	15	54	16	79	17	69	18	50	19	27	20	47	21	35	22	22	23	82	24	100	25	33	26	94	27	70	28	74	29	89	
	0	37	1	33	2	97	3	89	4	51	5	11	6	43	7	49	8	21	9	83	10	49	11	99	12	25	13	25	14	68	15	55	16	42	17	58	18	72	19	10	20	99	21	87	22	97	23	16	24	32	25	91	26	85	27	33	28	80	29	60	
	0	69	1	98	2	86	3	57	4	45	5	96	6	39	7	19	8	73	9	18	10	35	11	50	12	22	13	39	14	32	15	75	16	33	17	43	18	44	19	64	20	35	21	38	22	96	23	77	24	72	25	83	26	44	27	53	28	39	29	60	
	0	98	1	93	2	77	3	16	4	47	5	46	6	52	7	75	8	84	9	30	10	85	11	60	12	87	13	24	14	92	15	81	16	15	17	47	18	96	19	56	20	60	21	25	22	37	23	97	24	13	25	84	26	25	27	77	28	97	29	65	
	0	84	1	43	2	66	3	85	4	98	5	30	6	53	7	20	8	60	9	55	10	16	11	59	12	57	13	40	14	43	15	48	16	38	17	31	18	17	19	37	20	21	21	90	22	51	23	22	24	32	25	71	26	93	27	54	28	44	29	32	
	0	99	1	25	2	74	3	84	4	96	5	79	6	97	7	54	8	42	9	55	10	74	11	25	12	45	13	28	14	70	15	32	16	91	17	16	18	84	19	45	20	90	21	22	22	97	23	24	24	37	25	100	26	98	27	50	28	82	29	16	
	0	96	1	24	2	50	3	43	4	84	5	49	6	55	7	39	8	51	9	28	10	54	11	20	12	97	13	19	14	70	15	16	16	29	17	83	18	44	19	66	20	60	21	94	22	10	23	46	24	21	25	84	26	76	27	87	28	30	29	56	
	0	59	1	62	2	79	3	41	4	90	5	19	6	71	7	54	8	63	9	73	10	30	11	98	12	24	13	47	14	92	15	28	16	96	17	76	18	31	19	30	20	39	21	83	22	49	23	20	24	21	25	47	26	81	27	39	28	40	29	33	
	0	60	1	37	2	63	3	56	4	49	5	11	6	94	7	86	8	15	9	32	10	74	11	27	12	20	13	76	14	28	15	40	16	53	17	32	18	27	19	91	20	67	21	97	22	86	23	95	24	26	25	37	26	25	27	94	28	63	29	19	
	0	28	1	84	2	40	3	84	4	100	5	35	6	94	7	91	8	47	9	14	10	75	11	56	12	29	13	36	14	18	15	45	16	42	17	56	18	31	19	38	20	78	21	94	22	72	23	83	24	57	25	69	26	66	27	68	28	63	29	51	
	0	15	1	27	2	32	3	82	4	35	5	73	6	68	7	79	8	69	9	14	10	26	11	46	12	80	13	39	14	55	15	25	16	42	17	61	18	21	19	87	20	35	21	24	22	74	23	71	24	31	25	98	26	89	27	26	28	65	29	30	
	0	47	1	34	2	38	3	90	4	75	5	18	6	83	7	55	8	28	9	84	10	48	11	10	12	99	13	66	14	99	15	51	16	23	17	86	18	61	19	32	20	82	21	95	22	42	23	72	24	78	25	99	26	67	27	46	28	71	29	85	
	0	67	1	66	2	25	3	39	4	19	5	19	6	58	7	84	8	23	9	34	10	40	11	63	12	89	13	66	14	26	15	99	16	27	17	21	18	46	19	44	20	88	21	99	22	74	23	17	24	18	25	25	26	11	27	37	28	37	29	68	
	0	50	1	79	2	35	3	68	4	75	5	22	6	56	7	36	8	60	9	76	10	83	11	62	12	75	13	71	14	62	15	60	16	10	17	35	18	33	19	41	20	29	21	27	22	51	23	29	24	69	25	95	26	23	27	36	28	55	29	46	
	0	89	1	25	2	65	3	73	4	56	5	80	6	49	7	31	8	99	9	32	10	74	11	22	12	65	13	13	14	92	15	60	16	43	17	100	18	26	19	90	20	14	21	12	22	74	23	57	24	11	25	18	26	42	27	57	28	21	29	47	
	0	58	1	31	2	94	3	68	4	41	5	55	6	54	7	36	8	74	9	71	10	46	11	80	12	26	13	75	14	36	15	82	16	12	17	37	18	17	19	14	20	88	21	67	22	65	23	15	24	64	25	34	26	89	27	51	28	63	29	38	
	0	40	1	84	2	54	3	76	4	53	5	10	6	37	7	23	8	60	9	99	10	18	11	78	12	96	13	40	14	48	15	49	16	93	17	13	18	87	19	60	20	94	21	21	22	36	23	48	24	84	25	23	26	73	27	81	28	30	29	38	
	0	37	1	48	2	15	3	34	4	64	5	57	6	18	7	29	8	44	9	43	10	62	11	30	12	74	13	33	14	22	15	43	16	15	17	94	18	56	19	44	20	12	21	48	22	84	23	19	24	43	25	51	26	18	27	83	28	54	29	26	
	0	15	1	50	2	48	3	45	4	72	5	66	6	35	7	63	8	43	9	17	10	35	11	62	12	47	13	53	14	51	15	30	16	84	17	36	18	50	19	31	20	38	21	67	22	21	23	49	24	34	25	98	26	53	27	23	28	56	29	10	
	0	36	1	53	2	52	3	45	4	40	5	41	6	29	7	25	8	86	9	69	10	52	11	64	12	43	13	65	14	69	15	10	16	60	17	83	18	96	19	32	20	15	21	20	22	41	23	86	24	21	25	60	26	19	27	14	28	84	29	75	
	0	26	1	69	2	28	3	67	4	27	5	66	6	68	7	23	8	99	9	43	10	65	11	54	12	70	13	61	14	30	15	75	16	75	17	30	18	52	19	87	20	88	21	28	22	40	23	28	24	69	25	37	26	65	27	22	28	16	29	100	
	0	88	1	50	2	71	3	97	4	54	5	96	6	93	7	64	8	27	9	18	10	90	11	98	12	96	13	39	14	56	15	26	16	74	17	13	18	22	19	17	20	35	21	80	22	15	23	27	24	70	25	96	26	99	27	93	28	28	29	70	
	0	68	1	18	2	22	3	59	4	88	5	22	6	57	7	28	8	16	9	15	10	75	11	83	12	15	13	93	14	64	15	56	16	85	17	31	18	100	19	57	20	66	21	47	22	29	23	34	24	93	25	34	26	69	27	36	28	55	29	96	
	0	68	1	17	2	51	3	43	4	58	5	29	6	48	7	51	8	62	9	31	10	46	11	14	12	23	13	23	14	30	15	24	16	64	17	75	18	23	19	13	20	68	21	27	22	24	23	41	24	17	25	20	26	45	27	48	28	32	29	99	
	0	56	1	17	2	40	3	21	4	87	5	80	6	86	7	32	8	29	9	67	10	97	11	100	12	54	13	52	14	20	15	40	16	76	17	27	18	62	19	70	20	90	21	72	22	49	23	57	24	19	25	81	26	52	27	52	28	82	29	55	
	0	26	1	19	2	49	3	43	4	83	5	81	6	99	7	26	8	100	9	100	10	62	11	95	12	86	13	92	14	43	15	79	16	75	17	95	18	52	19	49	20	73	21	46	22	50	23	82	24	39	25	77	26	41	27	79	28	22	29	99	
	0	15	1	17	2	76	3	42	4	51	5	57	6	77	7	97	8	94	9	20	10	19	11	17	12	50	13	74	14	80	15	99	16	99	17	96	18	61	19	42	20	21	21	84	22	99	23	91	24	15	25	73	26	69	27	44	28	36	29	80	
	0	74	1	51	2	72	3	40	4	88	5	40	6	36	7	12	8	20	9	40	10	62	11	81	12	90	13	78	14	81	15	85	16	90	17	31	18	94	19	75	20	44	21	79	22	32	23	99	24	42	25	23	26	21	27	29	28	99	29	96	
	0	62	1	46	2	22	3	31	4	47	5	52	6	47	7	11	8	23	9	63	10	84	11	86	12	15	13	22	14	99	15	76	16	54	17	81	18	37	19	89	20	18	21	71	22	58	23	81	24	33	25	20	26	86	27	16	28	17	29	52	
	0	37	1	82	2	83	3	21	4	40	5	79	6	11	7	52	8	50	9	14	10	40	11	92	12	38	13	42	14	83	15	30	16	40	17	71	18	94	19	52	20	87	21	89	22	26	23	26	24	20	25	58	26	85	27	21	28	76	29	70	
	0	44	1	86	2	92	3	65	4	37	5	90	6	77	7	78	8	16	9	61	10	59	11	82	12	56	13	16	14	36	15	12	16	13	17	74	18	47	19	60	20	80	21	99	22	40	23	88	24	87	25	82	26	27	27	70	28	41	29	97	
	0	83	1	58	2	46	3	41	4	29	5	88	6	64	7	82	8	48	9	22	10	83	11	20	12	98	13	10	14	44	15	17	16	42	17	76	18	11	19	39	20	79	21	90	22	29	23	65	24	11	25	30	26	51	27	20	28	18	29	66	
	0	86	1	59	2	50	3	95	4	17	5	67	6	18	7	84	8	76	9	81	10	64	11	92	12	14	13	100	14	99	15	33	16	59	17	41	18	27	19	20	20	56	21	21	22	76	23	48	24	46	25	71	26	75	27	11	28	73	29	78	
	0	62	1	34	2	27	3	40	4	98	5	62	6	53	7	60	8	21	9	63	10	65	11	12	12	84	13	61	14	14	15	46	16	20	17	31	18	39	19	39	20	14	21	32	22	61	23	13	24	39	25	39	26	67	27	78	28	58	29	20	
	0	59	1	79	2	88	3	74	4	30	5	24	6	38	7	72	8	31	9	40	10	76	11	17	12	69	13	26	14	98	15	95	16	87	17	69	18	39	19	22	20	31	21	76	22	27	23	84	24	17	25	59	26	58	27	46	28	15	29	50	
	0	49	1	41	2	56	3	20	4	95	5	27	6	17	7	35	8	42	9	37	10	62	11	43	12	86	13	36	14	87	15	42	16	82	17	73	18	36	19	39	20	98	21	55	22	76	23	26	24	83	25	75	26	22	27	45	28	33	29	81	
	0	75	1	66	2	93	3	58	4	28	5	58	6	43	7	58	8	38	9	74	10	93	11	46	12	83	13	79	14	22	15	41	16	61	17	59	18	83	19	100	20	78	21	78	22	51	23	16	24	71	25	28	26	43	27	51	28	97	29	64	
	0	60	1	23	2	98	3	40	4	92	5	86	6	63	7	29	8	90	9	29	10	84	11	58	12	85	13	83	14	79	15	44	16	17	17	25	18	33	19	81	20	70	21	17	22	25	23	97	24	74	25	97	26	12	27	15	28	41	29	69	
	0	57	1	45	2	24	3	70	4	64	5	15	6	34	7	67	8	85	9	24	10	31	11	84	12	49	13	62	14	59	15	71	16	62	17	76	18	98	19	61	20	83	21	23	22	86	23	94	24	62	25	21	26	98	27	55	28	22	29	77	
	0	14	1	10	2	35	3	76	4	10	5	11	6	87	7	39	8	75	9	58	10	27	11	52	12	72	13	53	14	76	15	82	16	39	17	58	18	94	19	10	20	17	21	61	22	81	23	53	24	91	25	99	26	16	27	12	28	62	29	14	
	0	52	1	49	2	82	3	32	4	21	5	81	6	35	7	17	8	80	9	64	10	92	11	69	12	10	13	46	14	18	15	75	16	57	17	96	18	78	19	93	20	52	21	11	22	90	23	58	24	39	25	93	26	86	27	15	28	85	29	12	
	0	13	1	24	2	88	3	13	4	81	5	23	6	89	7	59	8	38	9	86	10	73	11	49	12	59	13	96	14	14	15	17	16	96	17	32	18	29	19	86	20	10	21	37	22	59	23	83	24	65	25	34	26	28	27	53	28	16	29	93	
	0	25	1	22	2	62	3	98	4	28	5	63	6	76	7	14	8	73	9	41	10	75	11	47	12	73	13	30	14	34	15	92	16	64	17	44	18	94	19	17	20	59	21	46	22	82	23	72	24	27	25	99	26	96	27	35	28	94	29	58	
	0	21	1	93	2	85	3	56	4	34	5	85	6	13	7	75	8	63	9	94	10	50	11	10	12	84	13	19	14	24	15	23	16	16	17	52	18	78	19	21	20	44	21	82	22	31	23	93	24	13	25	86	26	97	27	74	28	67	29	17	
	0	92	1	17	2	90	3	70	4	11	5	34	6	57	7	11	8	54	9	42	10	88	11	63	12	60	13	54	14	23	15	66	16	52	17	55	18	12	19	84	20	55	21	62	22	95	23	42	24	75	25	100	26	28	27	27	28	80	29	50	
	0	55	1	79	2	65	3	19	4	26	5	85	6	63	7	75	8	97	9	42	10	38	11	56	12	62	13	22	14	40	15	20	16	80	17	10	18	80	19	85	20	49	21	44	22	100	23	19	24	60	25	32	26	80	27	24	28	88	29	74	
	0	19	1	64	2	45	3	41	4	41	5	10	6	26	7	11	8	29	9	23	10	23	11	40	12	73	13	58	14	69	15	94	16	65	17	35	18	24	19	59	20	51	21	26	22	19	23	79	24	53	25	79	26	81	27	46	28	46	29	54	
	0	46	1	81	2	24	3	81	4	66	5	72	6	13	7	34	8	33	9	47	10	74	11	99	12	10	13	37	14	66	15	84	16	51	17	43	18	58	19	47	20	44	21	40	22	64	23	41	24	18	25	49	26	33	27	94	28	10	29	62	
	0	28	1	30	2	44	3	34	4	14	5	90	6	70	7	79	8	27	9	57	10	90	11	50	12	60	13	23	14	79	15	26	16	53	17	23	18	39	19	51	20	14	21	97	22	57	23	55	24	81	25	34	26	15	27	64	28	62	29	45	
	0	74	1	11	2	40	3	100	4	97	5	79	6	67	7	96	8	73	9	11	10	99	11	23	12	12	13	87	14	86	15	26	16	34	17	49	18	87	19	60	20	42	21	42	22	95	23	37	24	68	25	51	26	11	27	36	28	93	29	45	
	0	25	1	28	2	93	3	57	4	18	5	92	6	11	7	96	8	23	9	11	10	55	11	76	12	16	13	76	14	57	15	78	16	28	17	33	18	65	19	25	20	23	21	63	22	75	23	89	24	92	25	99	26	57	27	71	28	26	29	95	
	0	89	1	31	2	57	3	87	4	60	5	77	6	94	7	19	8	76	9	74	10	52	11	29	12	47	13	29	14	92	15	89	16	62	17	20	18	95	19	61	20	81	21	74	22	96	23	70	24	99	25	44	26	21	27	20	28	37	29	53	
	0	71	1	53	2	64	3	25	4	89	5	92	6	29	7	22	8	68	9	63	10	10	11	21	12	82	13	85	14	74	15	61	16	11	17	41	18	33	19	68	20	19	21	49	22	50	23	70	24	88	25	19	26	13	27	92	28	70	29	77	
	0	28	1	12	2	80	3	30	4	80	5	56	6	80	7	71	8	39	9	49	10	84	11	42	12	39	13	90	14	40	15	22	16	95	17	35	18	43	19	21	20	19	21	88	22	36	23	66	24	28	25	15	26	32	27	99	28	53	29	62	
	0	10	1	22	2	88	3	58	4	53	5	14	6	10	7	69	8	30	9	95	10	32	11	26	12	77	13	44	14	52	15	89	16	52	17	35	18	25	19	75	20	15	21	57	22	55	23	49	24	16	25	14	26	43	27	15	28	90	29	73	
	0	64	1	67	2	12	3	32	4	65	5	27	6	70	7	36	8	77	9	94	10	69	11	78	12	92	13	59	14	95	15	73	16	86	17	24	18	83	19	43	20	95	21	19	22	11	23	41	24	83	25	48	26	42	27	82	28	97	29	51	
	0	96	1	75	2	44	3	38	4	82	5	53	6	23	7	86	8	94	9	89	10	90	11	16	12	81	13	20	14	80	15	95	16	48	17	56	18	50	19	41	20	17	21	16	22	90	23	68	24	89	25	51	26	33	27	46	28	53	29	28	
	0	72	1	96	2	62	3	19	4	67	5	30	6	76	7	58	8	36	9	57	10	47	11	53	12	51	13	24	14	56	15	47	16	62	17	35	18	50	19	21	20	29	21	28	22	12	23	41	24	99	25	96	26	54	27	37	28	94	29	100	
	0	74	1	47	2	78	3	48	4	36	5	45	6	62	7	75	8	60	9	59	10	68	11	18	12	68	13	43	14	62	15	28	16	68	17	90	18	58	19	41	20	94	21	18	22	42	23	64	24	68	25	13	26	65	27	82	28	62	29	65	
	0	31	1	61	2	57	3	48	4	76	5	50	6	16	7	25	8	67	9	49	10	61	11	92	12	50	13	24	14	38	15	27	16	11	17	50	18	73	19	23	20	80	21	73	22	22	23	99	24	43	25	18	26	45	27	47	28	12	29	99	
	0	84	1	19	2	76	3	20	4	57	5	79	6	12	7	42	8	80	9	64	10	68	11	91	12	80	13	74	14	63	15	66	16	34	17	60	18	25	19	29	20	38	21	75	22	71	23	38	24	52	25	72	26	27	27	39	28	89	29	57	
	0	97	1	94	2	37	3	82	4	73	5	71	6	94	7	55	8	76	9	17	10	19	11	63	12	44	13	66	14	35	15	29	16	41	17	39	18	99	19	13	20	93	21	22	22	19	23	45	24	74	25	28	26	26	27	89	28	47	29	58	
	0	89	1	59	2	11	3	82	4	21	5	67	6	61	7	96	8	30	9	72	10	64	11	28	12	25	13	91	14	65	15	42	16	95	17	68	18	99	19	54	20	28	21	49	22	73	23	40	24	50	25	44	26	90	27	96	28	69	29	39	
	0	93	1	78	2	36	3	64	4	74	5	32	6	77	7	47	8	17	9	79	10	93	11	72	12	77	13	85	14	30	15	71	16	79	17	71	18	21	19	58	20	82	21	65	22	73	23	89	24	25	25	92	26	99	27	40	28	72	29	42	
	0	91	1	75	2	63	3	67	4	100	5	85	6	11	7	51	8	76	9	63	10	32	11	88	12	75	13	97	14	27	15	67	16	18	17	12	18	29	19	25	20	21	21	11	22	84	23	78	24	11	25	77	26	15	27	69	28	88	29	64	
	0	24	1	57	2	14	3	41	4	89	5	15	6	49	7	84	8	19	9	59	10	43	11	76	12	71	13	84	14	37	15	27	16	36	17	52	18	70	19	36	20	50	21	72	22	68	23	15	24	10	25	44	26	40	27	85	28	46	29	18	
	0	81	1	48	2	98	3	10	4	81	5	43	6	78	7	49	8	73	9	91	10	18	11	42	12	65	13	93	14	99	15	50	16	19	17	28	18	95	19	64	20	76	21	93	22	68	23	29	24	91	25	35	26	73	27	29	28	47	29	60	
	0	70	1	89	2	78	3	70	4	96	5	55	6	46	7	47	8	22	9	64	10	100	11	22	12	65	13	93	14	57	15	46	16	85	17	49	18	14	19	60	20	57	21	96	22	38	23	38	24	65	25	31	26	75	27	14	28	79	29	99	
	0	11	1	47	2	95	3	33	4	95	5	52	6	11	7	36	8	45	9	54	10	16	11	77	12	24	13	16	14	81	15	74	16	25	17	58	18	68	19	74	20	81	21	57	22	19	23	53	24	48	25	10	26	85	27	77	28	28	29	45	
	0	52	1	51	2	40	3	67	4	15	5	60	6	44	7	28	8	13	9	74	10	53	11	43	12	33	13	100	14	96	15	16	16	30	17	43	18	33	19	100	20	76	21	44	22	58	23	46	24	43	25	85	26	52	27	64	28	100	29	45	
	0	16	1	37	2	13	3	30	4	15	5	90	6	17	7	86	8	75	9	11	10	12	11	48	12	46	13	22	14	66	15	99	16	47	17	53	18	88	19	59	20	65	21	26	22	100	23	74	24	78	25	62	26	11	27	36	28	66	29	19	
	0	34	1	31	2	22	3	26	4	93	5	66	6	75	7	88	8	73	9	88	10	30	11	29	12	32	13	92	14	56	15	61	16	81	17	92	18	64	19	100	20	41	21	48	22	28	23	72	24	14	25	92	26	100	27	51	28	67	29	63	
	0	54	1	65	2	66	3	94	4	29	5	22	6	54	7	57	8	85	9	87	10	44	11	60	12	98	13	100	14	55	15	95	16	88	17	42	18	97	19	40	20	29	21	97	22	55	23	19	24	43	25	94	26	88	27	96	28	59	29	88	
	0	90	1	56	2	15	3	36	4	32	5	39	6	30	7	78	8	84	9	29	10	51	11	76	12	84	13	86	14	23	15	63	16	95	17	91	18	68	19	16	20	85	21	79	22	61	23	82	24	98	25	16	26	19	27	13	28	32	29	38	
	0	31	1	56	2	28	3	15	4	91	5	69	6	86	7	85	8	44	9	46	10	15	11	83	12	41	13	91	14	11	15	30	16	85	17	64	18	15	19	19	20	63	21	10	22	99	23	34	24	66	25	69	26	77	27	70	28	46	29	97	
	0	37	1	99	2	81	3	21	4	36	5	49	6	85	7	69	8	60	9	73	10	63	11	22	12	89	13	61	14	80	15	90	16	25	17	72	18	71	19	54	20	55	21	36	22	29	23	82	24	56	25	17	26	45	27	88	28	57	29	99	
	0	39	1	100	2	92	3	90	4	90	5	72	6	87	7	42	8	68	9	68	10	76	11	84	12	73	13	25	14	32	15	69	16	47	17	41	18	95	19	50	20	65	21	95	22	25	23	44	24	46	25	72	26	31	27	43	28	73	29	100	
	0	61	1	95	2	26	3	86	4	28	5	34	6	42	7	76	8	87	9	54	10	40	11	66	12	67	13	62	14	59	15	11	16	42	17	52	18	48	19	30	20	44	21	40	22	48	23	91	24	76	25	84	26	94	27	56	28	70	29	52	
	0	99	1	87	2	36	3	16	4	24	5	78	6	82	7	95	8	38	9	72	10	46	11	42	12	62	13	60	14	56	15	89	16	58	17	48	18	100	19	69	20	61	21	24	22	23	23	34	24	28	25	60	26	100	27	17	28	19	29	14	
	0	75	1	85	2	68	3	27	4	17	5	79	6	65	7	19	8	81	9	32	10	45	11	40	12	13	13	16	14	99	15	17	16	42	17	37	18	78	19	52	20	59	21	99	22	17	23	52	24	57	25	79	26	93	27	91	28	39	29	39	
	0	13	1	85	2	57	3	11	4	76	5	20	6	97	7	76	8	100	9	19	10	12	11	22	12	99	13	41	14	42	15	73	16	31	17	26	18	49	19	21	20	96	21	26	22	35	23	46	24	14	25	96	26	78	27	51	28	64	29	55	
	0	84	1	34	2	11	3	87	4	65	5	76	6	62	7	41	8	67	9	93	10	38	11	85	12	56	13	44	14	88	15	49	16	55	17	44	18	32	19	83	20	18	21	14	22	67	23	24	24	21	25	33	26	14	27	17	28	88	29	81	
	0	89	1	24	2	35	3	12	4	42	5	34	6	77	7	38	8	89	9	49	10	81	11	39	12	20	13	83	14	17	15	26	16	42	17	86	18	99	19	31	20	58	21	32	22	37	23	38	24	89	25	13	26	35	27	14	28	58	29	15	
	0	56	1	84	2	37	3	37	4	69	5	15	6	65	7	39	8	29	9	65	10	77	11	32	12	22	13	85	14	19	15	52	16	57	17	32	18	62	19	16	20	33	21	21	22	89	23	45	24	27	25	31	26	83	27	49	28	73	29	39	
	0	24	1	94	2	91	3	82	4	40	5	19	6	32	7	49	8	69	9	50	10	11	11	67	12	89	13	96	14	65	15	79	16	11	17	76	18	65	19	12	20	51	21	74	22	15	23	18	24	73	25	69	26	84	27	56	28	71	29	56	
	0	87	1	22	2	41	3	53	4	14	5	41	6	52	7	54	8	91	9	23	10	61	11	44	12	61	13	92	14	32	15	57	16	39	17	86	18	41	19	43	20	95	21	79	22	71	23	92	24	54	25	37	26	50	27	33	28	39	29	33	
	0	55	1	47	2	37	3	99	4	99	5	28	6	42	7	33	8	19	9	95	10	11	11	11	12	71	13	78	14	79	15	49	16	38	17	22	18	19	19	82	20	66	21	11	22	28	23	74	24	74	25	40	26	53	27	44	28	16	29	75	
	0	82	1	72	2	59	3	78	4	13	5	34	6	89	7	20	8	53	9	15	10	13	11	57	12	36	13	90	14	59	15	31	16	55	17	82	18	20	19	12	20	16	21	29	22	58	23	90	24	74	25	88	26	30	27	13	28	96	29	63	
	0	95	1	76	2	18	3	78	4	81	5	58	6	44	7	32	8	31	9	30	10	48	11	39	12	76	13	100	14	62	15	51	16	32	17	52	18	16	19	93	20	42	21	18	22	76	23	59	24	99	25	59	26	71	27	82	28	30	29	75	
	0	84	1	82	2	92	3	71	4	37	5	97	6	48	7	72	8	100	9	86	10	77	11	39	12	90	13	55	14	98	15	51	16	35	17	56	18	36	19	56	20	47	21	22	22	80	23	83	24	49	25	37	26	77	27	65	28	97	29	39	
	0	89	1	78	2	43	3	24	4	72	5	65	6	15	7	40	8	58	9	44	10	27	11	87	12	87	13	81	14	61	15	75	16	66	17	82	18	39	19	52	20	52	21	25	22	53	23	84	24	100	25	62	26	35	27	21	28	25	29	37	
	0	37	1	26	2	34	3	83	4	58	5	56	6	19	7	71	8	90	9	69	10	77	11	63	12	50	13	61	14	18	15	68	16	90	17	82	18	56	19	63	20	48	21	74	22	75	23	49	24	16	25	80	26	61	27	31	28	16	29	66	
	0	53	1	77	2	21	3	75	4	47	5	68	6	39	7	35	8	69	9	31	10	90	11	78	12	26	13	92	14	61	15	58	16	43	17	49	18	71	19	44	20	95	21	69	22	97	23	96	24	83	25	90	26	96	27	15	28	37	29	48	
	0	19	1	86	2	32	3	65	4	54	5	85	6	23	7	83	8	43	9	20	10	93	11	80	12	83	13	71	14	93	15	52	16	89	17	84	18	51	19	99	20	80	21	92	22	90	23	29	24	89	25	56	26	94	27	23	28	82	29	87	
	0	20	1	55	2	18	3	27	4	89	5	87	6	32	7	39	8	65	9	33	10	79	11	62	12	10	13	80	14	46	15	65	16	92	17	10	18	97	19	59	20	100	21	16	22	15	23	66	24	73	25	60	26	70	27	46	28	72	29	88	
	0	35	1	25	2	13	3	53	4	61	5	75	6	33	7	62	8	13	9	82	10	56	11	10	12	70	13	92	14	94	15	25	16	51	17	64	18	32	19	88	20	72	21	95	22	59	23	94	24	50	25	26	26	17	27	45	28	96	29	46	
	0	62	1	30	2	10	3	97	4	68	5	23	6	93	7	52	8	88	9	65	10	24	11	80	12	94	13	43	14	22	15	55	16	27	17	75	18	34	19	23	20	62	21	45	22	89	23	100	24	44	25	26	26	62	27	43	28	88	29	100	
	0	92	1	50	2	15	3	99	4	55	5	75	6	37	7	14	8	96	9	27	10	79	11	67	12	75	13	98	14	55	15	95	16	92	17	22	18	90	19	79	20	80	21	27	22	85	23	14	24	21	25	42	26	64	27	62	28	98	29	13	
	0	50	1	80	2	62	3	89	4	10	5	23	6	96	7	45	8	58	9	61	10	20	11	25	12	66	13	96	14	41	15	51	16	91	17	16	18	83	19	61	20	81	21	76	22	27	23	67	24	62	25	53	26	49	27	30	28	60	29	15	
	0	63	1	22	2	58	3	90	4	47	5	65	6	29	7	32	8	23	9	15	10	32	11	51	12	54	13	22	14	71	15	57	16	33	17	58	18	33	19	65	20	51	21	77	22	87	23	53	24	67	25	85	26	78	27	38	28	77	29	79	
	0	57	1	97	2	15	3	23	4	26	5	70	6	20	7	18	8	76	9	15	10	75	11	96	12	40	13	63	14	82	15	93	16	11	17	76	18	40	19	58	20	51	21	94	22	95	23	47	24	42	25	12	26	14	27	79	28	17	29	61	
	0	61	1	19	2	98	3	53	4	27	5	10	6	86	7	88	8	81	9	11	10	61	11	18	12	15	13	24	14	61	15	74	16	55	17	15	18	71	19	31	20	85	21	66	22	74	23	69	24	16	25	59	26	45	27	33	28	47	29	33	
	0	44	1	94	2	39	3	38	4	90	5	65	6	41	7	20	8	64	9	78	10	12	11	57	12	29	13	40	14	98	15	19	16	44	17	90	18	82	19	28	20	50	21	13	22	22	23	76	24	34	25	86	26	64	27	69	28	25	29	71	
	0	44	1	89	2	59	3	67	4	30	5	35	6	100	7	54	8	54	9	54	10	25	11	44	12	95	13	61	14	38	15	97	16	54	17	20	18	17	19	39	20	21	21	48	22	86	23	96	24	89	25	36	26	80	27	57	28	90	29	51	
	0	24	1	31	2	94	3	95	4	45	5	35	6	23	7	77	8	25	9	47	10	73	11	43	12	20	13	57	14	78	15	87	16	55	17	36	18	68	19	25	20	17	21	85	22	52	23	15	24	91	25	89	26	21	27	42	28	25	29	11	
	0	55	1	82	2	39	3	23	4	32	5	80	6	39	7	46	8	14	9	44	10	66	11	63	12	54	13	10	14	76	15	67	16	46	17	36	18	72	19	22	20	60	21	73	22	35	23	46	24	10	25	63	26	12	27	40	28	25	29	13	
	0	69	1	40	2	89	3	47	4	58	5	71	6	30	7	20	8	80	9	61	10	66	11	49	12	94	13	74	14	49	15	28	16	56	17	84	18	25	19	44	20	71	21	28	22	87	23	86	24	97	25	52	26	33	27	98	28	37	29	68	
	0	57	1	25	2	62	3	84	4	50	5	22	6	29	7	39	8	65	9	34	10	50	11	30	12	77	13	61	14	88	15	22	16	50	17	68	18	96	19	46	20	34	21	100	22	43	23	83	24	77	25	90	26	53	27	35	28	13	29	25	
	0	91	1	20	2	38	3	22	4	23	5	38	6	20	7	47	8	69	9	17	10	82	11	34	12	82	13	62	14	24	15	74	16	85	17	37	18	43	19	92	20	37	21	26	22	22	23	10	24	44	25	95	26	31	27	61	28	19	29	47	
	0	25	1	71	2	28	3	72	4	50	5	48	6	100	7	62	8	61	9	70	10	95	11	33	12	95	13	70	14	90	15	90	16	83	17	63	18	58	19	90	20	58	21	57	22	18	23	53	24	43	25	100	26	66	27	27	28	53	29	83	
	0	65	1	37	2	51	3	53	4	65	5	16	6	52	7	83	8	12	9	83	10	21	11	10	12	33	13	54	14	12	15	30	16	31	17	62	18	100	19	34	20	27	21	81	22	91	23	20	24	94	25	41	26	51	27	95	28	50	29	34	
	0	99	1	64	2	79	3	58	4	86	5	36	6	85	7	71	8	15	9	38	10	27	11	60	12	48	13	83	14	66	15	39	16	43	17	68	18	59	19	95	20	62	21	22	22	85	23	82	24	33	25	40	26	59	27	95	28	44	29	65	
	0	11	1	74	2	99	3	19	4	38	5	83	6	29	7	69	8	53	9	18	10	46	11	50	12	72	13	83	14	69	15	67	16	22	17	69	18	44	19	64	20	93	21	57	22	21	23	34	24	58	25	14	26	39	27	92	28	70	29	46	
	0	16	1	26	2	30	3	64	4	55	5	80	6	97	7	27	8	15	9	89	10	60	11	70	12	58	13	57	14	80	15	53	16	48	17	88	18	28	19	76	20	40	21	16	22	94	23	52	24	75	25	58	26	58	27	65	28	46	29	93	
	0	27	1	44	2	33	3	83	4	49	5	83	6	70	7	11	8	80	9	60	10	26	11	41	12	63	13	60	14	35	15	40	16	81	17	31	18	77	19	96	20	92	21	87	22	16	23	95	24	84	25	86	26	66	27	88	28	75	29	60	
	0	51	1	59	2	73	3	67	4	63	5	54	6	22	7	47	8	50	9	56	10	11	11	60	12	67	13	70	14	23	15	60	16	36	17	74	18	33	19	58	20	76	21	48	22	66	23	57	24	63	25	53	26	32	27	72	28	44	29	58	
	0	91	1	10	2	61	3	36	4	41	5	84	6	84	7	46	8	53	9	66	10	52	11	31	12	80	13	88	14	89	15	37	16	62	17	15	18	49	19	59	20	63	21	44	22	96	23	63	24	95	25	72	26	43	27	70	28	87	29	46	
	0	71	1	95	2	39	3	76	4	13	5	59	6	91	7	50	8	78	9	49	10	39	11	67	12	11	13	74	14	31	15	82	16	77	17	71	18	100	19	53	20	48	21	65	22	42	23	73	24	16	25	35	26	89	27	80	28	14	29	90	
	0	100	1	96	2	37	3	30	4	46	5	32	6	84	7	45	8	14	9	11	10	58	11	60	12	15	13	95	14	55	15	13	16	64	17	93	18	31	19	15	20	95	21	46	22	33	23	24	24	59	25	93	26	26	27	17	28	89	29	55	
	0	12	1	44	2	26	3	56	4	65	5	27	6	29	7	73	8	16	9	73	10	66	11	45	12	35	13	88	14	37	15	85	16	12	17	85	18	96	19	52	20	91	21	37	22	93	23	22	24	94	25	82	26	92	27	26	28	34	29	12	
	0	95	1	78	2	19	3	75	4	99	5	25	6	58	7	52	8	53	9	65	10	93	11	44	12	74	13	60	14	48	15	76	16	68	17	74	18	78	19	57	20	82	21	97	22	46	23	100	24	18	25	93	26	49	27	34	28	57	29	25	
	0	59	1	54	2	85	3	48	4	50	5	12	6	30	7	36	8	85	9	96	10	47	11	86	12	91	13	67	14	10	15	68	16	85	17	78	18	56	19	70	20	14	21	56	22	70	23	13	24	86	25	82	26	34	27	39	28	97	29	91	
	0	59	1	87	2	81	3	10	4	56	5	96	6	64	7	43	8	66	9	70	10	31	11	74	12	45	13	84	14	16	15	19	16	70	17	80	18	50	19	20	20	20	21	58	22	81	23	64	24	100	25	100	26	93	27	68	28	28	29	75	
	0	64	1	88	2	49	3	95	4	57	5	59	6	64	7	91	8	60	9	97	10	36	11	33	12	25	13	61	14	44	15	82	16	15	17	46	18	87	19	58	20	17	21	53	22	68	23	24	24	73	25	38	26	84	27	57	28	44	29	94	
	0	56	1	73	2	46	3	31	4	50	5	60	6	63	7	45	8	88	9	99	10	50	11	24	12	43	13	29	14	89	15	20	16	70	17	91	18	85	19	48	20	97	21	65	22	60	23	46	24	46	25	52	26	62	27	38	28	93	29	46	
	0	97	1	94	2	59	3	80	4	30	5	45	6	14	7	79	8	27	9	58	10	25	11	12	12	97	13	63	14	51	15	72	16	69	17	35	18	85	19	52	20	35	21	47	22	66	23	59	24	54	25	95	26	21	27	39	28	26	29	34	
	0	70	1	62	2	27	3	84	4	61	5	33	6	78	7	21	8	78	9	58	10	92	11	75	12	50	13	20	14	100	15	50	16	80	17	95	18	22	19	88	20	73	21	54	22	65	23	89	24	29	25	65	26	12	27	40	28	97	29	68	
	0	69	1	98	2	40	3	40	4	60	5	97	6	100	7	43	8	62	9	20	10	52	11	71	12	41	13	90	14	85	15	81	16	18	17	18	18	24	19	92	20	11	21	27	22	32	23	50	24	26	25	30	26	43	27	16	28	88	29	92	
	0	20	1	33	2	58	3	90	4	91	5	43	6	40	7	56	8	88	9	85	10	34	11	57	12	29	13	61	14	54	15	83	16	11	17	50	18	40	19	90	20	90	21	98	22	14	23	49	24	86	25	91	26	87	27	67	28	85	29	32	
	0	27	1	47	2	61	3	93	4	91	5	21	6	82	7	92	8	30	9	98	10	79	11	39	12	55	13	24	14	14	15	45	16	38	17	47	18	45	19	39	20	48	21	14	22	58	23	49	24	78	25	82	26	29	27	48	28	83	29	24	
	0	58	1	27	2	56	3	88	4	74	5	35	6	47	7	14	8	49	9	63	10	81	11	68	12	68	13	78	14	97	15	90	16	14	17	69	18	44	19	40	20	13	21	96	22	54	23	25	24	90	25	27	26	77	27	60	28	55	29	68	
	0	63	1	16	2	68	3	71	4	83	5	95	6	14	7	81	8	80	9	87	10	16	11	84	12	37	13	27	14	39	15	11	16	57	17	100	18	28	19	40	20	100	21	27	22	80	23	25	24	43	25	12	26	55	27	72	28	38	29	83	
	0	33	1	36	2	32	3	96	4	39	5	75	6	13	7	52	8	47	9	57	10	19	11	20	12	94	13	14	14	68	15	96	16	38	17	63	18	22	19	44	20	79	21	63	22	60	23	48	24	66	25	60	26	34	27	94	28	85	29	20	
	0	37	1	10	2	41	3	64	4	29	5	54	6	48	7	76	8	24	9	80	10	64	11	66	12	45	13	27	14	79	15	53	16	41	17	55	18	87	19	26	20	18	21	97	22	24	23	81	24	57	25	16	26	22	27	22	28	96	29	32	
	0	51	1	12	2	16	3	52	4	52	5	59	6	13	7	56	8	80	9	45	10	97	11	32	12	74	13	67	14	99	15	50	16	90	17	60	18	78	19	13	20	62	21	68	22	83	23	72	24	92	25	84	26	23	27	79	28	33	29	56	
	0	64	1	69	2	84	3	17	4	51	5	33	6	76	7	54	8	35	9	37	10	24	11	81	12	20	13	41	14	11	15	15	16	69	17	73	18	49	19	94	20	90	21	63	22	38	23	95	24	61	25	53	26	40	27	56	28	85	29	72	
	0	26	1	63	2	32	3	26	4	79	5	56	6	12	7	12	8	48	9	51	10	16	11	70	12	37	13	95	14	77	15	11	16	94	17	10	18	47	19	73	20	36	21	89	22	65	23	100	24	58	25	38	26	16	27	27	28	57	29	43	
	0	44	1	59	2	34	3	56	4	80	5	53	6	84	7	63	8	33	9	82	10	44	11	33	12	24	13	90	14	38	15	84	16	54	17	35	18	92	19	11	20	53	21	16	22	77	23	50	24	60	25	95	26	92	27	85	28	49	29	51	
	0	24	1	50	2	100	3	16	4	25	5	11	6	95	7	48	8	87	9	47	10	35	11	43	12	21	13	56	14	39	15	83	16	46	17	19	18	44	19	51	20	83	21	99	22	56	23	84	24	97	25	62	26	38	27	14	28	62	29	85	
	0	68	1	30	2	71	3	83	4	19	5	73	6	81	7	47	8	63	9	21	10	76	11	30	12	22	13	33	14	91	15	42	16	26	17	54	18	99	19	67	20	50	21	88	22	49	23	19	24	59	25	77	26	19	27	45	28	42	29	53	
	0	93	1	95	2	73	3	79	4	22	5	92	6	57	7	60	8	19	9	17	10	12	11	13	12	94	13	41	14	42	15	43	16	12	17	42	18	88	19	91	20	21	21	84	22	41	23	62	24	32	25	85	26	58	27	11	28	90	29	13	
	0	21	1	34	2	17	3	88	4	75	5	37	6	62	7	50	8	87	9	73	10	63	11	48	12	49	13	88	14	54	15	77	16	70	17	81	18	25	19	22	20	60	21	62	22	54	23	80	24	76	25	90	26	82	27	24	28	87	29	48	
	0	90	1	35	2	19	3	83	4	71	5	57	6	51	7	84	8	64	9	17	10	84	11	49	12	17	13	10	14	94	15	40	16	64	17	18	18	54	19	34	20	69	21	40	22	50	23	18	24	19	25	76	26	28	27	53	28	52	29	23	
	0	63	1	50	2	96	3	94	4	97	5	25	6	31	7	36	8	30	9	99	10	26	11	83	12	52	13	64	14	93	15	56	16	77	17	13	18	34	19	30	20	34	21	64	22	79	23	17	24	14	25	65	26	10	27	15	28	49	29	74	
	0	93	1	89	2	85	3	24	4	25	5	45	6	21	7	30	8	14	9	92	10	99	11	75	12	14	13	56	14	55	15	71	16	81	17	24	18	33	19	86	20	38	21	94	22	11	23	89	24	78	25	87	26	37	27	12	28	36	29	91	
	0	53	1	89	2	69	3	87	4	35	5	96	6	56	7	91	8	86	9	33	10	53	11	29	12	61	13	39	14	17	15	24	16	83	17	98	18	65	19	62	20	28	21	90	22	54	23	52	24	60	25	58	26	14	27	51	28	63	29	20	
	0	32	1	84	2	48	3	46	4	24	5	87	6	91	7	69	8	68	9	35	10	86	11	32	12	58	13	54	14	28	15	90	16	30	17	81	18	100	19	47	20	34	21	80	22	88	23	55	24	85	25	87	26	91	27	12	28	43	29	74	
	0	23	1	73	2	53	3	96	4	68	5	95	6	84	7	68	8	19	9	44	10	64	11	63	12	50	13	79	14	98	15	44	16	24	17	64	18	23	19	69	20	41	21	94	22	71	23	90	24	68	25	43	26	31	27	73	28	37	29	22	
	0	16	1	91	2	10	3	41	4	45	5	90	6	68	7	96	8	27	9	76	10	95	11	59	12	71	13	89	14	84	15	55	16	17	17	96	18	89	19	99	20	95	21	20	22	85	23	38	24	82	25	41	26	35	27	70	28	48	29	62	
	0	52	1	46	2	24	3	22	4	54	5	15	6	43	7	62	8	26	9	79	10	17	11	71	12	33	13	13	14	90	15	100	16	21	17	20	18	78	19	31	20	95	21	48	22	58	23	77	24	94	25	86	26	15	27	93	28	85	29	76	
	0	16	1	81	2	69	3	80	4	46	5	22	6	64	7	17	8	20	9	61	10	58	11	57	12	45	13	84	14	43	15	12	16	38	17	98	18	81	19	92	20	47	21	15	22	60	23	82	24	65	25	28	26	84	27	33	28	43	29	96	
	0	66	1	80	2	44	3	46	4	15	5	80	6	22	7	63	8	24	9	33	10	81	11	95	12	22	13	55	14	81	15	56	16	53	17	41	18	16	19	49	20	75	21	71	22	77	23	42	24	25	25	84	26	66	27	89	28	39	29	76	
	0	41	1	62	2	65	3	58	4	21	5	75	6	88	7	38	8	71	9	86	10	96	11	44	12	45	13	78	14	75	15	40	16	21	17	11	18	51	19	95	20	86	21	24	22	80	23	44	24	81	25	39	26	35	27	71	28	52	29	32	
	0	73	1	63	2	23	3	36	4	11	5	57	6	78	7	83	8	87	9	41	10	70	11	76	12	93	13	53	14	30	15	67	16	52	17	34	18	13	19	59	20	98	21	22	22	32	23	56	24	49	25	85	26	77	27	60	28	63	29	10	
	0	22	1	96	2	99	3	21	4	53	5	35	6	99	7	12	8	42	9	72	10	39	11	66	12	61	13	94	14	64	15	88	16	25	17	19	18	60	19	81	20	94	21	46	22	91	23	24	24	73	25	28	26	90	27	13	28	86	29	28	
	0	71	1	94	2	78	3	16	4	46	5	88	6	84	7	18	8	45	9	61	10	24	11	97	12	43	13	58	14	95	15	72	16	52	17	17	18	64	19	50	20	16	21	66	22	27	23	29	24	61	25	15	26	26	27	90	28	17	29	25	
	0	45	1	100	2	83	3	46	4	99	5	22	6	82	7	27	8	12	9	92	10	81	11	48	12	10	13	34	14	89	15	94	16	30	17	50	18	39	19	22	20	44	21	43	22	25	23	72	24	38	25	28	26	19	27	49	28	39	29	22	
	0	39	1	83	2	48	3	12	4	13	5	38	6	61	7	99	8	67	9	81	10	84	11	39	12	93	13	50	14	28	15	12	16	47	17	23	18	49	19	99	20	62	21	78	22	33	23	81	24	53	25	68	26	34	27	57	28	90	29	21	
	0	16	1	53	2	75	3	50	4	31	5	44	6	72	7	88	8	50	9	87	10	57	11	51	12	41	13	97	14	52	15	62	16	93	17	48	18	94	19	43	20	95	21	99	22	93	23	33	24	28	25	28	26	47	27	33	28	26	29	79	
	0	47	1	38	2	59	3	93	4	46	5	61	6	95	7	85	8	87	9	44	10	71	11	54	12	51	13	94	14	46	15	83	16	27	17	44	18	47	19	44	20	94	21	42	22	77	23	88	24	64	25	25	26	67	27	28	28	78	29	27	
	0	21	1	45	2	71	3	15	4	48	5	43	6	48	7	59	8	62	9	31	10	89	11	63	12	60	13	90	14	25	15	70	16	71	17	14	18	47	19	96	20	76	21	74	22	45	23	22	24	19	25	56	26	51	27	66	28	86	29	79	
	0	90	1	16	2	58	3	28	4	16	5	27	6	26	7	100	8	43	9	26	10	91	11	16	12	41	13	87	14	100	15	26	16	68	17	72	18	31	19	11	20	24	21	12	22	19	23	25	24	63	25	19	26	18	27	89	28	32	29	85	
	0	99	1	29	2	18	3	76	4	59	5	29	6	33	7	98	8	76	9	17	10	92	11	50	12	34	13	80	14	72	15	78	16	99	17	64	18	53	19	61	20	83	21	38	22	36	23	30	24	67	25	36	26	100	27	33	28	95	29	82	
	0	71	1	32	2	20	3	22	4	27	5	41	6	65	7	26	8	83	9	51	10	20	11	72	12	88	13	50	14	40	15	64	16	49	17	68	18	73	19	99	20	34	21	60	22	92	23	38	24	23	25	35	26	19	27	75	28	80	29	27	
	0	15	1	28	2	90	3	62	4	94	5	10	6	46	7	91	8	81	9	64	10	73	11	56	12	80	13	97	14	93	15	42	16	51	17	12	18	19	19	83	20	15	21	64	22	13	23	88	24	53	25	27	26	35	27	94	28	21	29	25	
	0	89	1	34	2	63	3	30	4	96	5	21	6	69	7	57	8	64	9	10	10	39	11	59	12	52	13	61	14	95	15	84	16	28	17	75	18	34	19	91	20	70	21	27	22	30	23	41	24	47	25	98	26	14	27	19	28	97	29	15	
	0	87	1	75	2	87	3	82	4	86	5	54	6	77	7	10	8	36	9	76	10	14	11	65	12	39	13	94	14	49	15	54	16	31	17	67	18	25	19	78	20	14	21	33	22	12	23	48	24	86	25	74	26	96	27	81	28	25	29	47	
	0	66	1	77	2	14	3	58	4	47	5	73	6	73	7	20	8	12	9	15	10	83	11	27	12	47	13	69	14	52	15	66	16	88	17	49	18	47	19	34	20	83	21	32	22	49	23	70	24	30	25	76	26	49	27	23	28	20	29	14	
	0	19	1	60	2	41	3	10	4	100	5	76	6	50	7	31	8	12	9	69	10	39	11	32	12	92	13	20	14	54	15	64	16	90	17	32	18	20	19	98	20	40	21	83	22	31	23	99	24	47	25	99	26	88	27	96	28	28	29	66	
	0	91	1	87	2	43	3	83	4	47	5	75	6	31	7	14	8	89	9	47	10	35	11	42	12	70	13	77	14	29	15	48	16	79	17	36	18	30	19	20	20	98	21	78	22	61	23	86	24	65	25	51	26	29	27	33	28	63	29	20	
	0	64	1	87	2	49	3	46	4	47	5	14	6	13	7	67	8	17	9	95	10	12	11	67	12	99	13	84	14	98	15	52	16	66	17	35	18	96	19	19	20	91	21	62	22	75	23	96	24	13	25	17	26	47	27	54	28	35	29	55	
	0	26	1	67	2	77	3	49	4	26	5	78	6	68	7	87	8	21	9	63	10	52	11	40	12	26	13	69	14	97	15	38	16	88	17	28	18	96	19	34	20	90	21	72	22	20	23	15	24	33	25	80	26	31	27	56	28	15	29	99	
	0	78	1	60	2	28	3	32	4	26	5	53	6	40	7	92	8	66	9	100	10	91	11	51	12	81	13	35	14	36	15	57	16	96	17	89	18	72	19	78	20	24	21	61	22	59	23	63	24	35	25	27	26	39	27	42	28	38	29	28	
	0	91	1	85	2	82	3	99	4	98	5	56	6	16	7	65	8	61	9	85	10	56	11	36	12	23	13	13	14	42	15	28	16	18	17	64	18	74	19	57	20	12	21	70	22	42	23	53	24	98	25	76	26	47	27	17	28	59	29	96	
	0	20	1	33	2	54	3	16	4	87	5	66	6	90	7	95	8	61	9	29	10	48	11	51	12	38	13	44	14	16	15	52	16	94	17	79	18	71	19	35	20	34	21	52	22	67	23	95	24	12	25	42	26	12	27	19	28	57	29	54	
	0	87	1	13	2	27	3	47	4	20	5	29	6	72	7	76	8	41	9	67	10	82	11	79	12	69	13	71	14	34	15	16	16	94	17	89	18	73	19	56	20	62	21	81	22	31	23	75	24	34	25	37	26	100	27	95	28	43	29	19	
	0	42	1	33	2	71	3	68	4	80	5	24	6	95	7	72	8	17	9	79	10	78	11	53	12	25	13	81	14	98	15	29	16	18	17	92	18	83	19	26	20	82	21	30	22	58	23	96	24	30	25	31	26	54	27	78	28	55	29	94	
	0	34	1	57	2	81	3	27	4	14	5	88	6	90	7	27	8	67	9	19	10	12	11	56	12	26	13	66	14	31	15	62	16	42	17	57	18	32	19	85	20	80	21	75	22	11	23	66	24	28	25	99	26	82	27	83	28	54	29	85	
	0	73	1	48	2	20	3	80	4	35	5	33	6	69	7	11	8	80	9	94	10	29	11	86	12	61	13	87	14	26	15	47	16	25	17	55	18	68	19	53	20	55	21	84	22	61	23	81	24	32	25	28	26	89	27	49	28	98	29	82	
	0	31	1	27	2	26	3	30	4	35	5	81	6	73	7	54	8	15	9	41	10	11	11	19	12	47	13	94	14	38	15	28	16	34	17	57	18	61	19	87	20	97	21	88	22	80	23	37	24	51	25	64	26	60	27	55	28	41	29	99	
	0	19	1	100	2	27	3	47	4	48	5	14	6	35	7	73	8	94	9	33	10	86	11	20	12	84	13	76	14	24	15	26	16	78	17	71	18	45	19	21	20	43	21	37	22	74	23	85	24	68	25	59	26	34	27	89	28	23	29	27	
	0	98	1	49	2	30	3	62	4	81	5	39	6	59	7	65	8	61	9	32	10	45	11	39	12	53	13	24	14	26	15	15	16	44	17	31	18	73	19	98	20	34	21	80	22	51	23	94	24	45	25	64	26	31	27	43	28	28	29	71	
	0	10	1	34	2	51	3	70	4	10	5	52	6	29	7	34	8	70	9	89	10	97	11	73	12	54	13	66	14	61	15	62	16	47	17	81	18	43	19	32	20	24	21	28	22	34	23	83	24	20	25	27	26	39	27	73	28	81	29	67	
	0	59	1	25	2	62	3	28	4	81	5	32	6	47	7	58	8	33	9	79	10	98	11	33	12	71	13	64	14	57	15	34	16	38	17	11	18	74	19	28	20	98	21	62	22	86	23	82	24	98	25	17	26	34	27	34	28	55	29	45	
	0	45	1	74	2	92	3	88	4	80	5	14	6	67	7	25	8	94	9	29	10	91	11	17	12	23	13	67	14	55	15	45	16	31	17	44	18	86	19	32	20	28	21	39	22	22	23	94	24	26	25	41	26	60	27	94	28	76	29	72	
	0	35	1	100	2	32	3	73	4	90	5	90	6	45	7	56	8	96	9	93	10	91	11	73	12	60	13	12	14	24	15	17	16	69	17	24	18	15	19	38	20	51	21	10	22	94	23	58	24	30	25	34	26	78	27	67	28	56	29	93	
	0	47	1	23	2	48	3	50	4	39	5	98	6	35	7	48	8	46	9	22	10	59	11	37	12	68	13	69	14	55	15	43	16	23	17	16	18	16	19	28	20	62	21	55	22	66	23	89	24	32	25	71	26	95	27	11	28	100	29	85	
	0	19	1	68	2	80	3	30	4	75	5	46	6	24	7	45	8	80	9	40	10	49	11	55	12	65	13	52	14	74	15	46	16	93	17	84	18	39	19	86	20	38	21	52	22	65	23	80	24	11	25	89	26	44	27	72	28	50	29	98	
	0	43	1	95	2	62	3	18	4	84	5	72	6	86	7	64	8	88	9	76	10	38	11	24	12	58	13	49	14	79	15	71	16	63	17	90	18	87	19	58	20	40	21	39	22	20	23	46	24	88	25	38	26	56	27	69	28	10	29	91	
	0	81	1	61	2	63	3	64	4	23	5	85	6	80	7	17	8	80	9	92	10	67	11	26	12	61	13	89	14	94	15	44	16	25	17	25	18	95	19	20	20	99	21	80	22	88	23	93	24	18	25	69	26	67	27	32	28	49	29	85	
	0	49	1	87	2	99	3	47	4	93	5	11	6	19	7	42	8	13	9	96	10	81	11	98	12	35	13	79	14	45	15	17	16	84	17	53	18	91	19	31	20	26	21	13	22	92	23	80	24	38	25	30	26	14	27	64	28	61	29	17	
	0	53	1	39	2	35	3	83	4	54	5	83	6	15	7	79	8	74	9	60	10	66	11	50	12	36	13	42	14	23	15	92	16	17	17	97	18	91	19	31	20	98	21	17	22	71	23	42	24	35	25	49	26	69	27	40	28	42	29	81	
	0	25	1	86	2	73	3	57	4	66	5	100	6	78	7	52	8	83	9	97	10	100	11	32	12	81	13	32	14	98	15	82	16	36	17	69	18	46	19	56	20	83	21	21	22	87	23	35	24	64	25	12	26	65	27	82	28	85	29	62	
	0	47	1	18	2	74	3	94	4	63	5	69	6	79	7	53	8	15	9	58	10	19	11	26	12	59	13	67	14	65	15	75	16	14	17	23	18	23	19	35	20	12	21	42	22	86	23	94	24	10	25	46	26	37	27	69	28	97	29	84	
	0	88	1	68	2	73	3	71	4	37	5	23	6	50	7	38	8	70	9	63	10	78	11	93	12	72	13	26	14	71	15	48	16	43	17	49	18	42	19	99	20	94	21	67	22	62	23	26	24	79	25	83	26	95	27	76	28	44	29	85	
	0	34	1	71	2	82	3	69	4	51	5	30	6	82	7	78	8	99	9	80	10	33	11	10	12	74	13	75	14	24	15	12	16	70	17	81	18	85	19	85	20	100	21	10	22	90	23	43	24	67	25	63	26	99	27	84	28	89	29	56	
	0	41	1	19	2	97	3	95	4	53	5	51	6	88	7	63	8	44	9	68	10	67	11	29	12	25	13	86	14	21	15	33	16	24	17	66	18	44	19	47	20	19	21	69	22	99	23	24	24	19	25	72	26	92	27	57	28	28	29	30	
	0	93	1	23	2	81	3	40	4	14	5	84	6	42	7	75	8	66	9	74	10	37	11	39	12	23	13	77	14	93	15	51	16	94	17	15	18	90	19	75	20	75	21	36	22	26	23	85	24	36	25	48	26	83	27	61	28	10	29	42	
	0	55	1	38	2	94	3	46	4	57	5	57	6	92	7	76	8	31	9	27	10	75	11	74	12	26	13	20	14	71	15	31	16	99	17	58	18	57	19	98	20	28	21	75	22	23	23	82	24	64	25	51	26	60	27	100	28	53	29	49	
	0	10	1	69	2	90	3	69	4	38	5	80	6	48	7	14	8	48	9	57	10	74	11	43	12	82	13	65	14	59	15	14	16	52	17	10	18	95	19	41	20	46	21	11	22	78	23	45	24	21	25	89	26	74	27	59	28	94	29	63	
	0	86	1	88	2	72	3	22	4	96	5	96	6	87	7	39	8	34	9	12	10	94	11	63	12	60	13	41	14	21	15	99	16	34	17	63	18	57	19	79	20	57	21	11	22	49	23	69	24	89	25	50	26	83	27	76	28	63	29	48	
	0	51	1	100	2	76	3	44	4	97	5	37	6	81	7	51	8	90	9	90	10	17	11	41	12	86	13	56	14	25	15	51	16	92	17	27	18	89	19	92	20	49	21	20	22	99	23	41	24	99	25	57	26	68	27	52	28	89	29	84	
	0	88	1	86	2	100	3	12	4	52	5	43	6	58	7	56	8	26	9	16	10	30	11	82	12	10	13	55	14	90	15	81	16	84	17	94	18	89	19	29	20	46	21	14	22	13	23	41	24	87	25	54	26	55	27	61	28	12	29	52	
	0	62	1	98	2	67	3	89	4	68	5	67	6	27	7	37	8	83	9	44	10	83	11	71	12	88	13	69	14	98	15	82	16	83	17	55	18	75	19	36	20	88	21	88	22	65	23	87	24	65	25	12	26	54	27	83	28	89	29	95	
	0	77	1	56	2	95	3	80	4	37	5	27	6	14	7	32	8	44	9	44	10	50	11	28	12	14	13	95	14	82	15	24	16	14	17	59	18	50	19	82	20	86	21	64	22	85	23	73	24	49	25	70	26	100	27	14	28	94	29	38	
	0	43	1	84	2	90	3	92	4	44	5	21	6	50	7	37	8	35	9	34	10	64	11	22	12	33	13	40	14	18	15	40	16	40	17	67	18	98	19	24	20	94	21	91	22	49	23	11	24	74	25	47	26	23	27	23	28	45	29	38	
	0	12	1	22	2	59	3	41	4	45	5	86	6	72	7	99	8	18	9	49	10	19	11	97	12	48	13	82	14	68	15	98	16	35	17	71	18	28	19	81	20	10	21	55	22	14	23	81	24	22	25	35	26	65	27	26	28	66	29	12	
	0	57	1	24	2	81	3	42	4	72	5	15	6	64	7	86	8	87	9	43	10	59	11	86	12	44	13	10	14	79	15	25	16	96	17	71	18	96	19	27	20	60	21	95	22	25	23	10	24	47	25	48	26	12	27	65	28	98	29	93	
	0	11	1	50	2	89	3	43	4	94	5	18	6	83	7	19	8	41	9	90	10	73	11	77	12	13	13	86	14	27	15	41	16	86	17	36	18	40	19	58	20	45	21	10	22	71	23	84	24	91	25	86	26	88	27	96	28	64	29	93	
	0	65	1	76	2	81	3	10	4	85	5	35	6	87	7	54	8	99	9	47	10	54	11	96	12	27	13	82	14	86	15	22	16	24	17	35	18	19	19	59	20	50	21	82	22	41	23	31	24	17	25	48	26	88	27	27	28	12	29	24	
	0	15	1	69	2	42	3	89	4	48	5	23	6	91	7	80	8	71	9	30	10	69	11	14	12	19	13	59	14	17	15	63	16	98	17	26	18	26	19	98	20	76	21	100	22	11	23	74	24	57	25	14	26	21	27	61	28	71	29	87	
	0	35	1	28	2	72	3	13	4	96	5	20	6	80	7	45	8	100	9	93	10	66	11	23	12	15	13	63	14	98	15	33	16	98	17	85	18	63	19	63	20	22	21	36	22	28	23	79	24	59	25	46	26	38	27	29	28	18	29	56	
	0	38	1	64	2	61	3	31	4	25	5	52	6	49	7	33	8	91	9	91	10	47	11	79	12	73	13	36	14	98	15	36	16	87	17	99	18	46	19	66	20	74	21	71	22	98	23	69	24	32	25	59	26	51	27	92	28	74	29	35	
	0	19	1	17	2	17	3	87	4	78	5	28	6	87	7	79	8	69	9	54	10	33	11	63	12	34	13	72	14	57	15	78	16	41	17	57	18	68	19	20	20	40	21	90	22	20	23	90	24	47	25	43	26	78	27	22	28	65	29	50	
	0	54	1	12	2	76	3	42	4	60	5	74	6	32	7	25	8	78	9	37	10	44	11	49	12	72	13	97	14	85	15	32	16	33	17	61	18	19	19	77	20	53	21	40	22	95	23	25	24	55	25	46	26	29	27	43	28	72	29	45	
	0	88	1	60	2	33	3	38	4	47	5	38	6	68	7	17	8	95	9	88	10	78	11	39	12	51	13	71	14	96	15	42	16	55	17	25	18	89	19	85	20	60	21	31	22	97	23	40	24	91	25	36	26	29	27	93	28	71	29	97	
	0	22	1	75	2	87	3	11	4	73	5	15	6	33	7	77	8	80	9	84	10	70	11	91	12	36	13	25	14	27	15	61	16	17	17	30	18	38	19	15	20	57	21	22	22	35	23	49	24	54	25	82	26	19	27	19	28	40	29	69	
	0	12	1	66	2	33	3	63	4	52	5	70	6	67	7	23	8	60	9	96	10	35	11	77	12	40	13	100	14	46	15	43	16	35	17	47	18	36	19	85	20	33	21	15	22	12	23	50	24	97	25	77	26	94	27	39	28	86	29	10	
	0	66	1	89	2	96	3	80	4	10	5	57	6	10	7	88	8	43	9	61	10	35	11	33	12	11	13	43	14	97	15	24	16	43	17	44	18	39	19	59	20	59	21	22	22	61	23	12	24	22	25	65	26	54	27	56	28	32	29	63	
	0	95	1	55	2	28	3	44	4	61	5	94	6	45	7	74	8	78	9	62	10	59	11	64	12	29	13	48	14	72	15	87	16	50	17	84	18	80	19	19	20	42	21	87	22	41	23	40	24	79	25	88	26	13	27	84	28	45	29	50	
	0	65	1	26	2	25	3	91	4	37	5	28	6	57	7	44	8	98	9	57	10	10	11	56	12	63	13	100	14	17	15	68	16	58	17	65	18	83	19	71	20	73	21	16	22	28	23	37	24	40	25	21	26	35	27	75	28	85	29	30	
	0	63	1	31	2	45	3	81	4	32	5	36	6	94	7	21	8	93	9	70	10	34	11	19	12	48	13	63	14	16	15	74	16	88	17	60	18	92	19	56	20	24	21	42	22	17	23	28	24	86	25	42	26	11	27	37	28	93	29	100	
	0	18	1	61	2	58	3	69	4	12	5	81	6	31	7	38	8	61	9	69	10	10	11	82	12	72	13	61	14	66	15	87	16	83	17	47	18	33	19	80	20	71	21	64	22	19	23	85	24	99	25	51	26	21	27	98	28	58	29	54	
	0	28	1	13	2	33	3	14	4	16	5	78	6	34	7	45	8	35	9	89	10	57	11	13	12	20	13	27	14	29	15	54	16	56	17	35	18	35	19	15	20	56	21	83	22	18	23	38	24	100	25	89	26	48	27	46	28	42	29	94	
	0	82	1	50	2	61	3	26	4	76	5	59	6	33	7	45	8	43	9	16	10	19	11	18	12	23	13	72	14	21	15	94	16	10	17	16	18	90	19	89	20	53	21	39	22	84	23	21	24	51	25	53	26	17	27	34	28	94	29	42	
	0	22	1	17	2	23	3	55	4	54	5	17	6	40	7	51	8	37	9	22	10	57	11	11	12	88	13	24	14	79	15	74	16	77	17	50	18	57	19	78	20	95	21	81	22	50	23	69	24	68	25	50	26	68	27	36	28	26	29	31	
	0	20	1	87	2	97	3	84	4	57	5	91	6	84	7	65	8	38	9	77	10	91	11	43	12	15	13	40	14	63	15	84	16	79	17	87	18	58	19	65	20	85	21	53	22	21	23	68	24	99	25	69	26	91	27	16	28	93	29	73	
	0	50	1	47	2	38	3	53	4	64	5	24	6	68	7	64	8	53	9	43	10	98	11	44	12	21	13	68	14	72	15	19	16	86	17	45	18	69	19	82	20	88	21	100	22	43	23	11	24	57	25	64	26	45	27	43	28	81	29	46	
	0	57	1	48	2	66	3	67	4	46	5	19	6	44	7	56	8	29	9	55	10	77	11	73	12	96	13	95	14	95	15	67	16	99	17	79	18	94	19	20	20	92	21	35	22	33	23	91	24	39	25	46	26	38	27	27	28	78	29	64	
	0	57	1	26	2	91	3	78	4	85	5	70	6	77	7	45	8	82	9	53	10	27	11	65	12	54	13	89	14	54	15	73	16	35	17	74	18	38	19	91	20	17	21	31	22	25	23	72	24	36	25	51	26	52	27	58	28	90	29	45	
	0	95	1	18	2	50	3	72	4	37	5	93	6	67	7	21	8	96	9	98	10	53	11	69	12	43	13	38	14	86	15	69	16	40	17	47	18	70	19	94	20	92	21	48	22	58	23	69	24	57	25	97	26	64	27	48	28	14	29	27	
	0	39	1	64	2	30	3	78	4	73	5	40	6	30	7	44	8	66	9	48	10	70	11	69	12	58	13	79	14	69	15	46	16	26	17	39	18	53	19	82	20	70	21	34	22	30	23	22	24	84	25	35	26	59	27	60	28	71	29	71	
	0	26	1	17	2	21	3	37	4	11	5	20	6	20	7	34	8	82	9	95	10	51	11	14	12	67	13	55	14	97	15	92	16	83	17	20	18	73	19	85	20	36	21	19	22	62	23	85	24	46	25	92	26	94	27	54	28	50	29	27	
	0	58	1	10	2	56	3	48	4	47	5	60	6	75	7	32	8	28	9	86	10	76	11	47	12	37	13	50	14	43	15	82	16	34	17	29	18	92	19	30	20	47	21	56	22	18	23	48	24	69	25	71	26	92	27	60	28	44	29	36	
	0	60	1	19	2	30	3	21	4	67	5	21	6	52	7	31	8	29	9	62	10	39	11	77	12	10	13	34	14	70	15	25	16	94	17	11	18	45	19	79	20	78	21	53	22	53	23	79	24	22	25	70	26	19	27	94	28	39	29	48	
	0	29	1	45	2	48	3	52	4	90	5	94	6	82	7	19	8	82	9	78	10	95	11	64	12	47	13	86	14	56	15	98	16	84	17	74	18	35	19	70	20	56	21	39	22	83	23	55	24	72	25	96	26	49	27	28	28	17	29	70	
	0	20	1	69	2	81	3	23	4	62	5	26	6	54	7	54	8	70	9	21	10	78	11	57	12	42	13	72	14	24	15	84	16	97	17	91	18	64	19	17	20	77	21	48	22	98	23	40	24	60	25	55	26	50	27	79	28	42	29	55	
	0	93	1	25	2	55	3	77	4	37	5	18	6	51	7	14	8	11	9	85	10	46	11	90	12	11	13	77	14	43	15	53	16	64	17	99	18	72	19	38	20	60	21	90	22	54	23	56	24	21	25	99	26	78	27	26	28	39	29	28	
	0	37	1	79	2	83	3	88	4	61	5	40	6	69	7	88	8	84	9	25	10	84	11	59	12	96	13	12	14	89	15	29	16	25	17	96	18	27	19	47	20	15	21	81	22	88	23	39	24	48	25	33	26	88	27	86	28	83	29	68	
	0	32	1	61	2	83	3	75	4	80	5	34	6	51	7	98	8	36	9	39	10	75	11	30	12	20	13	48	14	25	15	11	16	64	17	51	18	34	19	22	20	84	21	54	22	100	23	72	24	87	25	75	26	82	27	17	28	50	29	28	
	0	25	1	38	2	82	3	20	4	23	5	73	6	69	7	45	8	83	9	77	10	64	11	76	12	91	13	22	14	30	15	97	16	63	17	63	18	41	19	91	20	94	21	16	22	96	23	86	24	13	25	27	26	11	27	65	28	28	29	41	
	0	70	1	90	2	90	3	96	4	37	5	39	6	24	7	67	8	35	9	98	10	30	11	88	12	47	13	74	14	27	15	34	16	100	17	79	18	64	19	77	20	60	21	93	22	83	23	87	24	59	25	41	26	23	27	17	28	73	29	85	
	0	17	1	63	2	41	3	62	4	43	5	36	6	29	7	83	8	53	9	37	10	71	11	49	12	14	13	62	14	55	15	76	16	44	17	21	18	59	19	43	20	55	21	70	22	26	23	18	24	69	25	86	26	49	27	85	28	56	29	53	
	0	69	1	41	2	58	3	63	4	46	5	21	6	17	7	76	8	46	9	83	10	79	11	37	12	52	13	27	14	25	15	79	16	87	17	61	18	87	19	19	20	84	21	90	22	76	23	52	24	74	25	74	26	70	27	48	28	52	29	69	
	0	98	1	29	2	32	3	72	4	83	5	89	6	64	7	66	8	22	9	14	10	78	11	46	12	88	13	42	14	77	15	36	16	74	17	38	18	64	19	78	20	35	21	60	22	83	23	56	24	45	25	65	26	31	27	42	28	17	29	59	
	0	48	1	86	2	37	3	95	4	79	5	54	6	30	7	13	8	96	9	42	10	53	11	63	12	20	13	34	14	64	15	89	16	53	17	54	18	90	19	22	20	69	21	34	22	85	23	74	24	35	25	17	26	78	27	29	28	75	29	57	
	0	93	1	79	2	97	3	57	4	24	5	38	6	41	7	47	8	47	9	19	10	72	11	79	12	53	13	55	14	53	15	22	16	23	17	99	18	61	19	91	20	75	21	59	22	70	23	49	24	100	25	89	26	33	27	11	28	10	29	66	
	0	43	1	49	2	75	3	66	4	84	5	74	6	87	7	98	8	50	9	80	10	51	11	13	12	41	13	36	14	76	15	38	16	98	17	64	18	28	19	44	20	44	21	30	22	41	23	83	24	31	25	39	26	40	27	71	28	67	29	72	
	0	38	1	36	2	75	3	83	4	81	5	69	6	32	7	92	8	21	9	32	10	35	11	31	12	84	13	47	14	68	15	84	16	22	17	27	18	29	19	10	20	19	21	59	22	43	23	44	24	87	25	39	26	43	27	62	28	42	29	13	
	0	73	1	68	2	43	3	14	4	32	5	23	6	57	7	90	8	66	9	35	10	16	11	61	12	33	13	19	14	91	15	63	16	68	17	47	18	74	19	63	20	47	21	11	22	82	23	18	24	11	25	52	26	54	27	91	28	78	29	22	
	0	16	1	60	2	54	3	15	4	56	5	31	6	44	7	80	8	78	9	16	10	79	11	72	12	45	13	31	14	41	15	23	16	38	17	58	18	57	19	85	20	11	21	86	22	34	23	19	24	91	25	58	26	96	27	64	28	14	29	26	
	0	59	1	91	2	98	3	86	4	95	5	21	6	25	7	54	8	87	9	74	10	70	11	20	12	53	13	13	14	73	15	23	16	48	17	46	18	58	19	41	20	77	21	61	22	42	23	72	24	54	25	22	26	53	27	60	28	71	29	49	
	0	86	1	87	2	96	3	34	4	52	5	13	6	45	7	89	8	89	9	44	10	17	11	36	12	30	13	67	14	99	15	37	16	43	17	31	18	12	19	92	20	50	21	75	22	27	23	69	24	63	25	19	26	31	27	30	28	21	29	72	
	0	41	1	94	2	89	3	30	4	20	5	11	6	67	7	57	8	17	9	58	10	57	11	77	12	95	13	44	14	53	15	66	16	87	17	96	18	22	19	10	20	46	21	28	22	73	23	83	24	100	25	26	26	48	27	84	28	38	29	70	
	0	82	1	80	2	15	3	96	4	85	5	31	6	47	7	18	8	83	9	56	10	38	11	26	12	49	13	39	14	94	15	39	16	23	17	62	18	38	19	93	20	74	21	22	22	81	23	82	24	21	25	14	26	37	27	42	28	13	29	26	
	0	13	1	57	2	75	3	73	4	23	5	69	6	97	7	30	8	29	9	28	10	26	11	100	12	89	13	15	14	81	15	69	16	72	17	80	18	45	19	68	20	38	21	26	22	25	23	49	24	71	25	41	26	49	27	16	28	14	29	77	
	0	28	1	73	2	44	3	29	4	58	5	70	6	16	7	60	8	40	9	18	10	20	11	17	12	58	13	14	14	43	15	30	16	51	17	24	18	80	19	48	20	11	21	45	22	27	23	70	24	52	25	19	26	56	27	89	28	16	29	19	
	0	97	1	12	2	99	3	76	4	80	5	42	6	95	7	46	8	89	9	76	10	38	11	100	12	83	13	54	14	52	15	20	16	50	17	48	18	91	19	22	20	51	21	16	22	58	23	19	24	14	25	23	26	43	27	84	28	26	29	50	
	0	29	1	79	2	67	3	35	4	47	5	50	6	68	7	45	8	20	9	22	10	84	11	90	12	15	13	44	14	80	15	19	16	19	17	73	18	22	19	43	20	39	21	76	22	37	23	31	24	21	25	85	26	39	27	70	28	64	29	32	
	0	72	1	16	2	43	3	21	4	65	5	34	6	69	7	96	8	73	9	35	10	91	11	16	12	63	13	32	14	57	15	100	16	57	17	51	18	19	19	18	20	48	21	27	22	50	23	53	24	36	25	99	26	56	27	30	28	78	29	47	
	0	10	1	77	2	48	3	41	4	47	5	25	6	19	7	27	8	47	9	67	10	15	11	53	12	94	13	94	14	62	15	69	16	23	17	91	18	21	19	93	20	100	21	98	22	57	23	14	24	16	25	11	26	29	27	29	28	94	29	68	
	0	50	1	18	2	57	3	85	4	18	5	44	6	69	7	30	8	81	9	65	10	64	11	79	12	97	13	100	14	20	15	68	16	59	17	16	18	38	19	84	20	63	21	32	22	40	23	80	24	39	25	49	26	20	27	41	28	85	29	92	
	0	28	1	16	2	40	3	73	4	79	5	22	6	63	7	69	8	14	9	60	10	85	11	99	12	23	13	70	14	93	15	32	16	83	17	36	18	35	19	39	20	96	21	27	22	20	23	55	24	31	25	86	26	82	27	24	28	74	29	66	
	0	79	1	62	2	96	3	25	4	33	5	64	6	24	7	38	8	17	9	98	10	96	11	12	12	55	13	64	14	75	15	16	16	33	17	46	18	61	19	78	20	22	21	14	22	18	23	55	24	41	25	89	26	10	27	26	28	26	29	84	
	0	35	1	97	2	71	3	12	4	52	5	13	6	53	7	36	8	11	9	70	10	76	11	52	12	36	13	89	14	20	15	30	16	25	17	24	18	68	19	21	20	89	21	56	22	20	23	87	24	35	25	63	26	22	27	99	28	95	29	94	
	0	34	1	59	2	70	3	100	4	34	5	67	6	71	7	32	8	21	9	32	10	68	11	44	12	99	13	38	14	22	15	22	16	40	17	95	18	69	19	44	20	77	21	74	22	30	23	68	24	30	25	38	26	97	27	16	28	18	29	58	
	0	29	1	19	2	71	3	56	4	18	5	43	6	12	7	51	8	34	9	48	10	29	11	40	12	66	13	47	14	69	15	55	16	82	17	80	18	95	19	47	20	41	21	85	22	90	23	55	24	36	25	68	26	27	27	46	28	32	29	27	
	0	54	1	69	2	93	3	79	4	22	5	17	6	46	7	64	8	78	9	80	10	95	11	99	12	54	13	83	14	99	15	40	16	34	17	83	18	60	19	80	20	34	21	17	22	26	23	96	24	36	25	23	26	60	27	31	28	30	29	48	
	0	29	1	82	2	36	3	14	4	65	5	76	6	26	7	46	8	87	9	77	10	59	11	56	12	66	13	54	14	50	15	21	16	71	17	23	18	58	19	11	20	38	21	43	22	31	23	94	24	12	25	57	26	79	27	30	28	11	29	99	
	0	48	1	62	2	76	3	63	4	20	5	69	6	91	7	58	8	63	9	85	10	63	11	57	12	59	13	12	14	93	15	99	16	30	17	67	18	58	19	12	20	53	21	65	22	53	23	91	24	73	25	90	26	65	27	80	28	27	29	24	
	0	86	1	15	2	37	3	57	4	83	5	49	6	35	7	29	8	69	9	100	10	70	11	17	12	77	13	79	14	13	15	40	16	87	17	57	18	41	19	56	20	100	21	41	22	76	23	17	24	12	25	43	26	70	27	57	28	97	29	48	
	0	58	1	77	2	54	3	18	4	69	5	92	6	64	7	29	8	10	9	68	10	70	11	45	12	63	13	88	14	45	15	14	16	84	17	20	18	33	19	43	20	31	21	27	22	55	23	55	24	53	25	77	26	55	27	91	28	100	29	94	
	0	62	1	44	2	66	3	35	4	48	5	43	6	57	7	83	8	77	9	58	10	90	11	93	12	51	13	10	14	28	15	97	16	92	17	48	18	57	19	78	20	17	21	29	22	85	23	73	24	100	25	18	26	39	27	83	28	96	29	42	
	0	57	1	74	2	67	3	48	4	89	5	99	6	70	7	63	8	53	9	93	10	92	11	74	12	95	13	47	14	10	15	77	16	70	17	54	18	94	19	84	20	54	21	83	22	91	23	92	24	91	25	76	26	97	27	38	28	16	29	48	
	0	89	1	51	2	98	3	99	4	90	5	75	6	58	7	80	8	96	9	93	10	65	11	10	12	95	13	13	14	94	15	58	16	95	17	76	18	27	19	82	20	36	21	16	22	95	23	32	24	57	25	60	26	50	27	78	28	37	29	33	
	0	62	1	18	2	83	3	67	4	46	5	77	6	70	7	79	8	84	9	40	10	79	11	44	12	69	13	57	14	31	15	65	16	35	17	82	18	18	19	84	20	80	21	83	22	79	23	17	24	33	25	100	26	59	27	77	28	86	29	32	
	0	34	1	44	2	61	3	16	4	60	5	25	6	61	7	89	8	44	9	73	10	98	11	65	12	52	13	51	14	100	15	74	16	81	17	54	18	23	19	64	20	62	21	98	22	45	23	68	24	68	25	76	26	90	27	62	28	13	29	24	
	0	44	1	19	2	53	3	52	4	48	5	67	6	93	7	60	8	52	9	59	10	63	11	63	12	70	13	33	14	66	15	51	16	12	17	86	18	28	19	42	20	47	21	89	22	22	23	37	24	29	25	30	26	36	27	98	28	28	29	27	
	0	65	1	16	2	29	3	13	4	92	5	11	6	90	7	97	8	95	9	52	10	47	11	72	12	60	13	38	14	49	15	14	16	63	17	61	18	48	19	98	20	97	21	15	22	36	23	77	24	38	25	60	26	95	27	22	28	67	29	54	
	0	93	1	40	2	73	3	54	4	23	5	19	6	41	7	82	8	65	9	31	10	83	11	56	12	80	13	57	14	15	15	65	16	54	17	60	18	47	19	11	20	69	21	29	22	74	23	79	24	43	25	22	26	18	27	61	28	99	29	14	
	0	49	1	89	2	42	3	69	4	24	5	74	6	26	7	68	8	55	9	24	10	86	11	57	12	21	13	58	14	64	15	55	16	35	17	76	18	66	19	87	20	38	21	34	22	40	23	38	24	60	25	21	26	28	27	35	28	70	29	36	
	0	46	1	93	2	19	3	31	4	41	5	21	6	34	7	83	8	47	9	20	10	83	11	15	12	33	13	65	14	79	15	78	16	68	17	91	18	34	19	96	20	10	21	70	22	83	23	52	24	82	25	62	26	15	27	15	28	28	29	22	
	0	83	1	99	2	68	3	46	4	62	5	76	6	24	7	14	8	74	9	53	10	44	11	85	12	16	13	14	14	42	15	13	16	27	17	41	18	45	19	71	20	20	21	18	22	74	23	67	24	88	25	80	26	46	27	71	28	19	29	27	
	0	76	1	70	2	12	3	97	4	33	5	12	6	27	7	48	8	84	9	42	10	88	11	98	12	39	13	54	14	56	15	95	16	60	17	65	18	44	19	85	20	87	21	22	22	46	23	66	24	43	25	68	26	11	27	26	28	24	29	98	
	0	28	1	32	2	42	3	35	4	12	5	24	6	32	7	70	8	52	9	64	10	39	11	32	12	97	13	73	14	81	15	31	16	83	17	93	18	27	19	21	20	20	21	73	22	31	23	36	24	41	25	57	26	92	27	22	28	80	29	77	
	0	21	1	51	2	83	3	21	4	57	5	42	6	41	7	85	8	63	9	65	10	31	11	19	12	84	13	84	14	39	15	31	16	45	17	82	18	79	19	31	20	82	21	32	22	60	23	28	24	27	25	83	26	51	27	95	28	42	29	64	
	0	15	1	20	2	28	3	29	4	62	5	96	6	14	7	17	8	50	9	13	10	14	11	70	12	89	13	65	14	49	15	50	16	13	17	13	18	87	19	22	20	64	21	29	22	37	23	92	24	10	25	38	26	82	27	63	28	80	29	48	
	0	16	1	32	2	76	3	79	4	60	5	65	6	55	7	48	8	73	9	94	10	98	11	60	12	97	13	84	14	75	15	38	16	42	17	63	18	25	19	23	20	12	21	73	22	83	23	52	24	78	25	53	26	99	27	75	28	53	29	55	
	0	25	1	25	2	12	3	76	4	75	5	11	6	52	7	89	8	18	9	62	10	67	11	28	12	65	13	33	14	32	15	73	16	99	17	65	18	73	19	58	20	23	21	98	22	72	23	18	24	73	25	68	26	53	27	41	28	19	29	46	
	0	17	1	29	2	37	3	20	4	36	5	34	6	69	7	23	8	63	9	11	10	82	11	75	12	50	13	18	14	21	15	98	16	77	17	86	18	46	19	14	20	82	21	61	22	21	23	38	24	68	25	34	26	25	27	13	28	50	29	21	
	0	50	1	57	2	32	3	64	4	70	5	67	6	51	7	67	8	78	9	70	10	81	11	54	12	16	13	86	14	70	15	79	16	30	17	12	18	45	19	40	20	83	21	89	22	29	23	16	24	38	25	70	26	74	27	67	28	26	29	64	
	0	99	1	99	2	72	3	49	4	44	5	13	6	62	7	44	8	43	9	95	10	35	11	87	12	71	13	25	14	21	15	26	16	14	17	37	18	49	19	13	20	56	21	89	22	92	23	30	24	28	25	50	26	19	27	93	28	76	29	46	
	0	58	1	23	2	82	3	96	4	61	5	87	6	71	7	57	8	60	9	68	10	70	11	37	12	28	13	78	14	71	15	30	16	29	17	19	18	70	19	11	20	51	21	15	22	17	23	62	24	71	25	97	26	32	27	26	28	73	29	59	
	0	16	1	11	2	17	3	19	4	72	5	96	6	45	7	86	8	67	9	72	10	35	11	51	12	64	13	52	14	61	15	100	16	60	17	58	18	24	19	53	20	31	21	92	22	36	23	89	24	91	25	52	26	60	27	72	28	37	29	23	
	0	67	1	11	2	82	3	42	4	64	5	28	6	38	7	50	8	53	9	52	10	38	11	77	12	75	13	58	14	29	15	58	16	84	17	94	18	39	19	44	20	49	21	11	22	45	23	69	24	87	25	87	26	11	27	100	28	30	29	31	
	0	83	1	64	2	73	3	92	4	14	5	34	6	45	7	68	8	45	9	43	10	66	11	71	12	39	13	46	14	19	15	79	16	20	17	11	18	19	19	71	20	48	21	95	22	43	23	17	24	12	25	23	26	78	27	90	28	46	29	98	
	0	11	1	62	2	34	3	16	4	30	5	80	6	67	7	96	8	59	9	17	10	67	11	14	12	84	13	39	14	62	15	59	16	61	17	49	18	40	19	77	20	94	21	88	22	85	23	43	24	81	25	86	26	37	27	59	28	97	29	93	
	0	15	1	73	2	75	3	59	4	12	5	18	6	41	7	97	8	83	9	27	10	66	11	54	12	56	13	91	14	27	15	96	16	79	17	61	18	19	19	60	20	20	21	69	22	94	23	48	24	71	25	80	26	22	27	82	28	77	29	54	
	0	70	1	69	2	87	3	12	4	92	5	11	6	71	7	69	8	47	9	84	10	72	11	23	12	54	13	85	14	17	15	32	16	53	17	15	18	98	19	80	20	85	21	89	22	95	23	98	24	47	25	45	26	14	27	74	28	79	29	18	
	0	71	1	13	2	64	3	52	4	36	5	89	6	96	7	31	8	26	9	61	10	87	11	62	12	98	13	87	14	63	15	93	16	54	17	88	18	26	19	56	20	84	21	64	22	65	23	26	24	10	25	58	26	41	27	35	28	21	29	78	
	0	14	1	89	2	74	3	79	4	41	5	26	6	71	7	90	8	20	9	93	10	22	11	59	12	33	13	12	14	51	15	40	16	52	17	29	18	81	19	30	20	79	21	33	22	30	23	72	24	62	25	30	26	88	27	80	28	94	29	32	
	0	14	1	55	2	60	3	95	4	63	5	10	6	92	7	30	8	33	9	28	10	42	11	84	12	14	13	66	14	46	15	25	16	48	17	97	18	30	19	27	20	56	21	15	22	92	23	100	24	42	25	28	26	33	27	31	28	14	29	21	
	0	67	1	56	2	77	3	96	4	90	5	89	6	13	7	92	8	16	9	54	10	28	11	45	12	52	13	15	14	20	15	29	16	73	17	97	18	60	19	58	20	87	21	42	22	52	23	77	24	47	25	60	26	54	27	43	28	73	29	46	
	0	48	1	68	2	50	3	93	4	25	5	40	6	80	7	55	8	23	9	92	10	21	11	84	12	91	13	70	14	14	15	100	16	99	17	100	18	76	19	29	20	55	21	34	22	71	23	17	24	55	25	97	26	54	27	65	28	49	29	39	
	0	98	1	51	2	29	3	21	4	16	5	91	6	44	7	37	8	29	9	77	10	66	11	85	12	40	13	37	14	75	15	83	16	48	17	61	18	23	19	31	20	18	21	19	22	28	23	49	24	42	25	94	26	34	27	13	28	28	29	52	
	0	40	1	18	2	29	3	26	4	36	5	77	6	54	7	35	8	44	9	13	10	37	11	31	12	23	13	71	14	47	15	14	16	36	17	78	18	92	19	11	20	60	21	77	22	11	23	61	24	35	25	11	26	63	27	61	28	55	29	18	
	0	91	1	32	2	70	3	79	4	42	5	87	6	80	7	11	8	67	9	70	10	33	11	19	12	34	13	33	14	43	15	51	16	18	17	48	18	31	19	38	20	44	21	78	22	55	23	13	24	97	25	52	26	48	27	94	28	83	29	94	
	0	18	1	65	2	63	3	23	4	10	5	17	6	71	7	34	8	65	9	23	10	69	11	80	12	71	13	21	14	14	15	87	16	69	17	20	18	89	19	26	20	70	21	18	22	14	23	36	24	83	25	10	26	47	27	74	28	23	29	10	
	0	78	1	84	2	61	3	52	4	29	5	53	6	54	7	99	8	78	9	17	10	10	11	11	12	23	13	52	14	79	15	52	16	13	17	91	18	72	19	41	20	57	21	91	22	50	23	56	24	35	25	95	26	90	27	86	28	44	29	20	
	0	79	1	41	2	67	3	42	4	50	5	88	6	20	7	75	8	47	9	74	10	22	11	52	12	96	13	29	14	88	15	17	16	19	17	12	18	59	19	32	20	73	21	12	22	88	23	43	24	35	25	27	26	99	27	29	28	19	29	38	
	0	61	1	47	2	39	3	28	4	53	5	32	6	34	7	56	8	71	9	12	10	51	11	15	12	54	13	88	14	21	15	55	16	59	17	16	18	68	19	91	20	18	21	25	22	20	23	99	24	61	25	85	26	62	27	48	28	10	29	87	
	0	70	1	78	2	46	3	49	4	50	5	24	6	19	7	73	8	96	9	19	10	23	11	80	12	33	13	42	14	15	15	13	16	72	17	86	18	12	19	35	20	17	21	46	22	27	23	54	24	25	25	10	26	96	27	24	28	38	29	59	
	0	35	1	82	2	76	3	29	4	74	5	45	6	24	7	17	8	36	9	43	10	86	11	64	12	53	13	70	14	99	15	42	16	57	17	88	18	71	19	98	20	85	21	83	22	15	23	81	24	22	25	21	26	11	27	71	28	85	29	23	
	0	14	1	59	2	23	3	34	4	50	5	42	6	98	7	24	8	10	9	47	10	99	11	93	12	89	13	44	14	53	15	22	16	86	17	47	18	13	19	47	20	75	21	39	22	67	23	78	24	94	25	75	26	37	27	52	28	89	29	99	
	0	34	1	19	2	65	3	90	4	42	5	92	6	65	7	58	8	89	9	56	10	73	11	19	12	89	13	56	14	30	15	13	16	27	17	95	18	63	19	42	20	75	21	80	22	91	23	78	24	36	25	79	26	24	27	100	28	92	29	88	
	0	60	1	61	2	40	3	87	4	35	5	15	6	50	7	60	8	21	9	38	10	17	11	84	12	90	13	17	14	84	15	46	16	54	17	75	18	13	19	96	20	80	21	22	22	27	23	99	24	57	25	83	26	29	27	50	28	85	29	69	
	0	40	1	27	2	13	3	95	4	32	5	94	6	27	7	47	8	68	9	23	10	16	11	89	12	66	13	63	14	63	15	31	16	49	17	69	18	20	19	95	20	24	21	12	22	87	23	40	24	12	25	62	26	58	27	42	28	61	29	21	
	0	80	1	43	2	17	3	55	4	70	5	73	6	96	7	70	8	44	9	69	10	14	11	82	12	70	13	54	14	95	15	96	16	85	17	84	18	21	19	89	20	26	21	15	22	36	23	71	24	75	25	94	26	20	27	47	28	75	29	98	
	0	58	1	43	2	76	3	80	4	98	5	75	6	21	7	10	8	32	9	99	10	95	11	57	12	18	13	80	14	28	15	94	16	66	17	31	18	14	19	87	20	57	21	64	22	17	23	88	24	50	25	75	26	81	27	23	28	32	29	34	
	0	67	1	95	2	59	3	33	4	74	5	53	6	13	7	61	8	18	9	31	10	21	11	68	12	70	13	30	14	37	15	83	16	12	17	31	18	10	19	93	20	19	21	65	22	93	23	52	24	34	25	16	26	85	27	34	28	70	29	64	
	0	31	1	13	2	21	3	74	4	57	5	32	6	46	7	66	8	70	9	43	10	15	11	47	12	59	13	88	14	56	15	39	16	68	17	57	18	40	19	41	20	53	21	98	22	75	23	79	24	20	25	17	26	21	27	68	28	11	29	45	
	0	46	1	74	2	71	3	26	4	68	5	32	6	17	7	100	8	41	9	43	10	92	11	93	12	45	13	50	14	58	15	16	16	18	17	43	18	13	19	13	20	85	21	10	22	43	23	32	24	16	25	63	26	88	27	91	28	43	29	16	
	0	83	1	22	2	19	3	74	4	70	5	93	6	42	7	36	8	94	9	39	10	98	11	35	12	86	13	20	14	66	15	88	16	57	17	66	18	75	19	74	20	32	21	64	22	22	23	58	24	26	25	62	26	23	27	71	28	98	29	36	
	0	55	1	93	2	85	3	90	4	12	5	74	6	15	7	76	8	97	9	71	10	89	11	99	12	84	13	49	14	81	15	64	16	77	17	86	18	37	19	46	20	49	21	82	22	58	23	49	24	78	25	59	26	23	27	13	28	90	29	15	
	0	74	1	46	2	65	3	86	4	21	5	63	6	59	7	33	8	49	9	96	10	79	11	50	12	43	13	81	14	78	15	47	16	57	17	24	18	39	19	70	20	92	21	52	22	35	23	94	24	82	25	44	26	19	27	10	28	14	29	20	
	0	51	1	15	2	42	3	13	4	81	5	48	6	14	7	97	8	67	9	14	10	52	11	93	12	17	13	55	14	54	15	69	16	92	17	92	18	35	19	53	20	13	21	87	22	27	23	70	24	13	25	96	26	35	27	65	28	21	29	82	
	0	65	1	20	2	56	3	24	4	34	5	22	6	67	7	98	8	21	9	14	10	61	11	26	12	51	13	44	14	65	15	94	16	76	17	88	18	85	19	92	20	86	21	99	22	67	23	29	24	90	25	85	26	25	27	44	28	13	29	43	
	0	31	1	35	2	69	3	81	4	84	5	96	6	96	7	48	8	46	9	66	10	49	11	96	12	72	13	80	14	21	15	85	16	14	17	93	18	14	19	39	20	76	21	59	22	90	23	81	24	22	25	39	26	59	27	14	28	90	29	74	
	0	12	1	36	2	16	3	84	4	25	5	34	6	12	7	64	8	11	9	74	10	73	11	48	12	67	13	17	14	56	15	65	16	87	17	49	18	10	19	75	20	35	21	69	22	49	23	79	24	60	25	30	26	40	27	17	28	15	29	72	
	0	13	1	91	2	16	3	99	4	83	5	78	6	55	7	27	8	48	9	35	10	13	11	50	12	20	13	42	14	93	15	11	16	73	17	62	18	16	19	16	20	59	21	20	22	11	23	11	24	63	25	37	26	60	27	84	28	20	29	99	
	0	42	1	34	2	13	3	15	4	51	5	57	6	76	7	45	8	18	9	40	10	68	11	45	12	59	13	71	14	15	15	43	16	83	17	71	18	96	19	42	20	32	21	59	22	16	23	41	24	39	25	47	26	63	27	74	28	33	29	67	
	0	71	1	98	2	14	3	86	4	90	5	81	6	75	7	59	8	59	9	32	10	86	11	28	12	60	13	43	14	37	15	68	16	25	17	58	18	67	19	56	20	52	21	88	22	68	23	34	24	86	25	32	26	26	27	35	28	71	29	91	
	0	32	1	56	2	35	3	16	4	85	5	48	6	86	7	97	8	92	9	30	10	56	11	60	12	63	13	43	14	39	15	43	16	15	17	49	18	51	19	86	20	19	21	58	22	41	23	54	24	39	25	89	26	42	27	74	28	91	29	52	
	0	62	1	42	2	10	3	31	4	49	5	66	6	18	7	15	8	55	9	17	10	90	11	64	12	73	13	87	14	49	15	47	16	25	17	49	18	60	19	20	20	86	21	32	22	27	23	52	24	91	25	35	26	83	27	37	28	55	29	81	
	0	24	1	95	2	85	3	73	4	59	5	69	6	76	7	64	8	33	9	88	10	67	11	37	12	82	13	41	14	32	15	67	16	56	17	94	18	62	19	42	20	44	21	44	22	17	23	54	24	96	25	72	26	43	27	99	28	90	29	49	
	0	51	1	38	2	54	3	80	4	43	5	76	6	67	7	14	8	78	9	11	10	85	11	48	12	96	13	52	14	18	15	33	16	33	17	58	18	72	19	76	20	31	21	21	22	30	23	77	24	10	25	31	26	71	27	90	28	71	29	19	
	0	47	1	53	2	96	3	46	4	65	5	76	6	80	7	74	8	74	9	91	10	100	11	44	12	17	13	79	14	68	15	65	16	48	17	85	18	21	19	28	20	90	21	66	22	75	23	43	24	13	25	75	26	24	27	15	28	85	29	20	
	0	70	1	76	2	55	3	93	4	81	5	54	6	48	7	25	8	34	9	19	10	68	11	16	12	53	13	73	14	99	15	21	16	52	17	98	18	76	19	61	20	31	21	35	22	73	23	11	24	25	25	91	26	26	27	35	28	36	29	88	
	0	58	1	63	2	71	3	81	4	96	5	29	6	83	7	83	8	92	9	13	10	63	11	24	12	10	13	54	14	82	15	81	16	63	17	32	18	31	19	28	20	88	21	39	22	99	23	45	24	54	25	17	26	21	27	75	28	15	29	90	
	0	43	1	81	2	39	3	46	4	92	5	41	6	51	7	74	8	68	9	11	10	56	11	82	12	95	13	83	14	71	15	56	16	46	17	47	18	45	19	24	20	44	21	88	22	88	23	59	24	76	25	29	26	75	27	52	28	77	29	93	
	0	37	1	30	2	74	3	71	4	95	5	54	6	18	7	68	8	75	9	99	10	78	11	94	12	14	13	11	14	83	15	69	16	52	17	66	18	23	19	21	20	94	21	58	22	91	23	42	24	73	25	74	26	51	27	68	28	60	29	86	
	0	53	1	77	2	43	3	56	4	98	5	13	6	66	7	71	8	51	9	85	10	52	11	11	12	22	13	32	14	51	15	71	16	93	17	69	18	34	19	21	20	41	21	76	22	53	23	12	24	99	25	66	26	100	27	55	28	13	29	12	
	0	31	1	64	2	59	3	55	4	64	5	57	6	90	7	91	8	42	9	12	10	96	11	68	12	99	13	15	14	100	15	56	16	83	17	97	18	65	19	80	20	24	21	28	22	98	23	91	24	36	25	90	26	97	27	72	28	11	29	44	
	0	86	1	85	2	26	3	39	4	17	5	42	6	100	7	21	8	53	9	34	10	89	11	45	12	35	13	18	14	25	15	24	16	77	17	74	18	56	19	28	20	36	21	78	22	31	23	35	24	100	25	43	26	52	27	20	28	64	29	19	
	0	23	1	90	2	77	3	81	4	84	5	21	6	16	7	58	8	56	9	85	10	47	11	50	12	79	13	27	14	43	15	81	16	91	17	80	18	83	19	20	20	36	21	48	22	30	23	39	24	37	25	20	26	23	27	72	28	30	29	89	
	0	91	1	75	2	68	3	94	4	41	5	23	6	22	7	87	8	79	9	71	10	68	11	81	12	23	13	30	14	48	15	96	16	38	17	94	18	42	19	18	20	70	21	17	22	59	23	34	24	46	25	14	26	89	27	31	28	93	29	81	
	0	17	1	50	2	28	3	35	4	99	5	46	6	88	7	91	8	15	9	71	10	14	11	28	12	57	13	79	14	43	15	99	16	28	17	67	18	94	19	74	20	47	21	41	22	95	23	49	24	74	25	65	26	80	27	44	28	47	29	28	