500 30 1
30
	0	68	1	62	2	46	3	53	4	50	5	35	6	100	7	20	8	25	9	30	10	84	11	92	12	70	13	100	14	55	15	40	16	39	17	10	18	73	19	11	20	22	21	42	22	96	23	58	24	98	25	21	26	33	27	61	28	72	29	26	
	0	59	1	21	2	74	3	39	4	12	5	26	6	59	7	10	8	44	9	81	10	25	11	98	12	40	13	54	14	55	15	62	16	68	17	46	18	100	19	54	20	14	21	81	22	38	23	17	24	59	25	18	26	66	27	51	28	15	29	78	
	0	43	1	61	2	93	3	11	4	58	5	77	6	82	7	52	8	26	9	62	10	91	11	71	12	23	13	67	14	12	15	85	16	95	17	48	18	59	19	47	20	97	21	83	22	47	23	61	24	95	25	29	26	43	27	74	28	22	29	47	
	0	57	1	28	2	90	3	96	4	71	5	25	6	96	7	51	8	56	9	72	10	71	11	72	12	74	13	43	14	17	15	90	16	14	17	78	18	28	19	55	20	79	21	65	22	45	23	20	24	63	25	97	26	14	27	71	28	39	29	24	
	0	67	1	59	2	58	3	86	4	62	5	12	6	47	7	68	8	20	9	37	10	90	11	68	12	62	13	27	14	90	15	49	16	17	17	53	18	26	19	24	20	97	21	97	22	55	23	41	24	91	25	56	26	25	27	53	28	82	29	41	
	0	27	1	76	2	15	3	34	4	90	5	26	6	99	7	58	8	64	9	10	10	85	11	100	12	12	13	76	14	79	15	50	16	72	17	65	18	58	19	87	20	25	21	97	22	14	23	69	24	16	25	54	26	17	27	31	28	11	29	47	
	0	48	1	54	2	99	3	46	4	30	5	57	6	21	7	22	8	41	9	40	10	41	11	68	12	82	13	25	14	98	15	57	16	48	17	29	18	33	19	64	20	54	21	65	22	21	23	44	24	84	25	15	26	93	27	78	28	94	29	85	
	0	47	1	83	2	56	3	84	4	30	5	13	6	75	7	24	8	83	9	37	10	61	11	44	12	86	13	14	14	90	15	44	16	36	17	83	18	18	19	47	20	76	21	42	22	93	23	44	24	26	25	78	26	94	27	92	28	46	29	96	
	0	31	1	29	2	32	3	94	4	25	5	59	6	46	7	52	8	46	9	56	10	56	11	56	12	50	13	77	14	58	15	34	16	29	17	34	18	43	19	38	20	26	21	44	22	51	23	86	24	32	25	83	26	72	27	17	28	26	29	54	
	0	42	1	28	2	40	3	61	4	68	5	62	6	66	7	71	8	91	9	79	10	68	11	80	12	72	13	89	14	11	15	16	16	65	17	75	18	84	19	45	20	75	21	10	22	17	23	85	24	11	25	46	26	62	27	64	28	13	29	68	
	0	26	1	88	2	26	3	95	4	25	5	25	6	74	7	46	8	20	9	93	10	49	11	62	12	20	13	63	14	92	15	34	16	70	17	41	18	95	19	73	20	53	21	78	22	71	23	98	24	22	25	60	26	88	27	40	28	22	29	35	
	0	79	1	46	2	92	3	52	4	65	5	58	6	56	7	65	8	55	9	84	10	39	11	62	12	18	13	87	14	40	15	29	16	38	17	23	18	52	19	38	20	41	21	50	22	100	23	91	24	45	25	22	26	63	27	21	28	34	29	44	
	0	65	1	87	2	12	3	57	4	41	5	71	6	13	7	50	8	96	9	56	10	94	11	56	12	17	13	41	14	65	15	23	16	76	17	58	18	44	19	40	20	29	21	17	22	82	23	53	24	48	25	19	26	52	27	39	28	15	29	33	
	0	89	1	59	2	85	3	93	4	97	5	95	6	32	7	49	8	54	9	19	10	44	11	94	12	28	13	75	14	46	15	85	16	69	17	52	18	42	19	14	20	84	21	31	22	59	23	85	24	12	25	96	26	92	27	64	28	44	29	64	
	0	40	1	92	2	11	3	56	4	73	5	56	6	41	7	11	8	27	9	54	10	31	11	99	12	33	13	41	14	99	15	78	16	29	17	77	18	21	19	45	20	84	21	71	22	21	23	95	24	51	25	21	26	42	27	50	28	37	29	21	
	0	40	1	69	2	36	3	77	4	34	5	35	6	34	7	83	8	10	9	56	10	46	11	23	12	64	13	36	14	15	15	26	16	32	17	20	18	92	19	31	20	80	21	19	22	90	23	62	24	14	25	44	26	34	27	41	28	40	29	60	
	0	67	1	53	2	54	3	16	4	45	5	28	6	70	7	49	8	62	9	16	10	76	11	28	12	43	13	32	14	37	15	51	16	90	17	49	18	40	19	61	20	47	21	85	22	14	23	51	24	44	25	92	26	100	27	86	28	19	29	22	
	0	54	1	99	2	34	3	36	4	81	5	46	6	83	7	17	8	43	9	79	10	98	11	12	12	48	13	73	14	86	15	89	16	31	17	35	18	55	19	66	20	45	21	71	22	24	23	42	24	100	25	25	26	63	27	97	28	81	29	83	
	0	16	1	24	2	46	3	21	4	44	5	91	6	16	7	76	8	13	9	56	10	93	11	53	12	13	13	64	14	19	15	26	16	64	17	53	18	63	19	95	20	92	21	16	22	14	23	71	24	35	25	64	26	15	27	55	28	40	29	68	
	0	41	1	31	2	71	3	64	4	42	5	48	6	92	7	70	8	69	9	61	10	37	11	93	12	48	13	96	14	75	15	57	16	41	17	82	18	19	19	93	20	28	21	17	22	87	23	28	24	27	25	48	26	41	27	48	28	35	29	28	
	0	21	1	13	2	85	3	60	4	45	5	77	6	69	7	37	8	45	9	88	10	11	11	33	12	40	13	94	14	38	15	34	16	87	17	83	18	19	19	85	20	24	21	47	22	29	23	30	24	69	25	30	26	34	27	46	28	60	29	49	
	0	26	1	45	2	87	3	92	4	14	5	89	6	50	7	20	8	94	9	16	10	94	11	20	12	73	13	72	14	39	15	15	16	24	17	77	18	36	19	18	20	79	21	48	22	31	23	91	24	13	25	11	26	13	27	68	28	80	29	22	
	0	25	1	67	2	95	3	80	4	13	5	74	6	90	7	77	8	48	9	62	10	21	11	22	12	16	13	53	14	21	15	80	16	61	17	59	18	57	19	83	20	85	21	62	22	30	23	10	24	64	25	11	26	94	27	20	28	32	29	54	
	0	39	1	46	2	75	3	84	4	26	5	28	6	91	7	32	8	12	9	39	10	98	11	53	12	20	13	51	14	45	15	99	16	14	17	36	18	29	19	26	20	72	21	43	22	97	23	76	24	96	25	38	26	76	27	13	28	23	29	87	
	0	96	1	66	2	29	3	80	4	30	5	50	6	81	7	56	8	74	9	17	10	84	11	74	12	62	13	61	14	77	15	87	16	94	17	20	18	42	19	91	20	12	21	70	22	10	23	81	24	42	25	57	26	67	27	27	28	39	29	90	
	0	21	1	93	2	48	3	53	4	10	5	19	6	53	7	14	8	59	9	89	10	73	11	34	12	97	13	95	14	56	15	90	16	48	17	11	18	42	19	23	20	63	21	85	22	65	23	30	24	84	25	73	26	89	27	63	28	41	29	39	
	0	48	1	57	2	75	3	38	4	29	5	68	6	26	7	12	8	17	9	62	10	42	11	95	12	77	13	23	14	63	15	11	16	77	17	88	18	79	19	58	20	67	21	57	22	21	23	27	24	98	25	87	26	12	27	54	28	67	29	13	
	0	87	1	35	2	84	3	75	4	30	5	43	6	40	7	95	8	14	9	65	10	25	11	62	12	87	13	63	14	99	15	70	16	59	17	81	18	54	19	88	20	26	21	82	22	95	23	64	24	69	25	11	26	13	27	51	28	66	29	79	
	0	85	1	74	2	52	3	88	4	94	5	34	6	78	7	62	8	48	9	10	10	40	11	23	12	10	13	50	14	24	15	58	16	33	17	45	18	28	19	53	20	88	21	98	22	61	23	99	24	16	25	78	26	34	27	80	28	61	29	53	
	0	67	1	71	2	45	3	55	4	87	5	66	6	74	7	57	8	28	9	32	10	23	11	85	12	98	13	23	14	69	15	85	16	91	17	55	18	95	19	16	20	32	21	31	22	12	23	64	24	85	25	18	26	92	27	54	28	74	29	66	
	0	60	1	42	2	59	3	77	4	46	5	75	6	26	7	30	8	71	9	63	10	50	11	38	12	87	13	13	14	95	15	55	16	58	17	90	18	65	19	68	20	40	21	13	22	99	23	90	24	32	25	67	26	61	27	64	28	85	29	39	
	0	61	1	98	2	54	3	73	4	88	5	60	6	100	7	74	8	49	9	72	10	70	11	82	12	68	13	68	14	75	15	34	16	54	17	93	18	35	19	73	20	12	21	34	22	28	23	79	24	76	25	54	26	32	27	64	28	21	29	50	
	0	86	1	16	2	22	3	99	4	97	5	66	6	54	7	60	8	98	9	39	10	12	11	74	12	12	13	88	14	80	15	48	16	55	17	86	18	48	19	34	20	68	21	48	22	63	23	63	24	69	25	56	26	63	27	52	28	75	29	14	
	0	93	1	30	2	50	3	32	4	18	5	55	6	25	7	17	8	38	9	24	10	71	11	91	12	11	13	99	14	34	15	71	16	44	17	28	18	35	19	65	20	41	21	30	22	34	23	99	24	15	25	86	26	65	27	51	28	94	29	67	
	0	97	1	71	2	94	3	93	4	29	5	21	6	35	7	86	8	69	9	87	10	71	11	29	12	64	13	65	14	12	15	11	16	45	17	89	18	63	19	26	20	82	21	51	22	88	23	12	24	71	25	40	26	55	27	89	28	78	29	26	
	0	82	1	42	2	27	3	90	4	97	5	60	6	60	7	23	8	10	9	65	10	96	11	88	12	90	13	48	14	76	15	21	16	22	17	33	18	38	19	94	20	51	21	37	22	11	23	14	24	42	25	70	26	92	27	50	28	38	29	77	
	0	42	1	12	2	49	3	70	4	34	5	93	6	38	7	71	8	51	9	13	10	20	11	43	12	90	13	21	14	97	15	88	16	76	17	76	18	53	19	96	20	66	21	90	22	64	23	89	24	78	25	27	26	37	27	15	28	68	29	13	
	0	14	1	19	2	90	3	60	4	30	5	62	6	34	7	100	8	43	9	78	10	82	11	36	12	81	13	78	14	58	15	18	16	59	17	53	18	31	19	85	20	55	21	19	22	98	23	13	24	51	25	38	26	30	27	81	28	52	29	19	
	0	95	1	60	2	63	3	68	4	73	5	18	6	100	7	10	8	57	9	28	10	41	11	23	12	20	13	29	14	35	15	38	16	68	17	49	18	32	19	14	20	39	21	86	22	58	23	88	24	93	25	59	26	35	27	18	28	13	29	24	
	0	89	1	63	2	62	3	43	4	14	5	27	6	71	7	90	8	82	9	99	10	29	11	70	12	55	13	16	14	58	15	92	16	60	17	67	18	39	19	80	20	28	21	66	22	27	23	10	24	11	25	51	26	51	27	60	28	62	29	93	
	0	16	1	24	2	34	3	28	4	83	5	79	6	39	7	91	8	58	9	29	10	100	11	55	12	84	13	11	14	46	15	32	16	48	17	78	18	62	19	36	20	25	21	65	22	51	23	71	24	43	25	20	26	84	27	48	28	73	29	38	
	0	91	1	87	2	83	3	83	4	68	5	77	6	60	7	80	8	55	9	40	10	76	11	18	12	10	13	21	14	100	15	75	16	40	17	10	18	64	19	54	20	97	21	77	22	96	23	24	24	69	25	35	26	34	27	93	28	27	29	33	
	0	70	1	46	2	49	3	21	4	27	5	70	6	49	7	54	8	59	9	49	10	34	11	39	12	45	13	93	14	46	15	64	16	90	17	93	18	52	19	18	20	66	21	57	22	18	23	38	24	30	25	10	26	71	27	94	28	84	29	43	
	0	38	1	32	2	73	3	55	4	39	5	57	6	22	7	92	8	50	9	24	10	44	11	67	12	38	13	92	14	47	15	16	16	86	17	40	18	97	19	65	20	64	21	12	22	43	23	23	24	86	25	98	26	93	27	76	28	86	29	95	
	0	21	1	49	2	95	3	96	4	19	5	41	6	52	7	42	8	21	9	83	10	90	11	95	12	36	13	100	14	99	15	28	16	42	17	88	18	42	19	30	20	91	21	49	22	71	23	54	24	58	25	96	26	39	27	34	28	19	29	51	
	0	85	1	26	2	82	3	42	4	96	5	19	6	68	7	42	8	63	9	91	10	48	11	11	12	25	13	29	14	15	15	60	16	32	17	97	18	50	19	16	20	21	21	16	22	62	23	67	24	87	25	10	26	26	27	53	28	47	29	84	
	0	61	1	28	2	79	3	96	4	64	5	24	6	78	7	42	8	35	9	32	10	29	11	87	12	35	13	73	14	78	15	85	16	95	17	59	18	73	19	37	20	97	21	23	22	70	23	75	24	99	25	11	26	39	27	27	28	14	29	27	
	0	88	1	69	2	32	3	32	4	93	5	64	6	59	7	42	8	75	9	87	10	16	11	10	12	94	13	70	14	19	15	40	16	100	17	95	18	69	19	48	20	24	21	27	22	21	23	43	24	49	25	88	26	47	27	41	28	82	29	86	
	0	33	1	67	2	87	3	15	4	55	5	52	6	13	7	46	8	43	9	33	10	52	11	93	12	37	13	43	14	32	15	94	16	11	17	54	18	48	19	41	20	58	21	57	22	86	23	87	24	84	25	81	26	87	27	77	28	49	29	33	
	0	42	1	51	2	47	3	45	4	25	5	34	6	95	7	64	8	95	9	56	10	29	11	92	12	45	13	25	14	12	15	88	16	39	17	38	18	59	19	51	20	16	21	77	22	80	23	60	24	52	25	25	26	44	27	36	28	51	29	31	
	0	45	1	31	2	54	3	32	4	77	5	66	6	89	7	94	8	32	9	85	10	73	11	80	12	80	13	43	14	48	15	33	16	100	17	79	18	41	19	57	20	41	21	18	22	80	23	81	24	25	25	30	26	40	27	50	28	25	29	34	
	0	21	1	60	2	35	3	76	4	30	5	29	6	56	7	45	8	29	9	55	10	51	11	59	12	21	13	83	14	76	15	76	16	56	17	98	18	44	19	34	20	28	21	19	22	71	23	25	24	56	25	46	26	26	27	50	28	83	29	84	
	0	27	1	100	2	84	3	19	4	88	5	18	6	92	7	30	8	29	9	57	10	23	11	13	12	92	13	47	14	86	15	97	16	16	17	18	18	28	19	17	20	80	21	54	22	53	23	11	24	71	25	10	26	100	27	31	28	60	29	78	
	0	29	1	84	2	32	3	82	4	29	5	14	6	75	7	93	8	36	9	18	10	44	11	16	12	21	13	21	14	81	15	38	16	38	17	38	18	79	19	94	20	85	21	69	22	75	23	76	24	87	25	72	26	42	27	37	28	10	29	60	
	0	64	1	20	2	37	3	16	4	16	5	33	6	82	7	26	8	40	9	58	10	47	11	40	12	33	13	34	14	76	15	72	16	67	17	11	18	38	19	48	20	92	21	24	22	50	23	77	24	86	25	49	26	56	27	80	28	88	29	49	
	0	34	1	53	2	63	3	14	4	16	5	88	6	54	7	35	8	95	9	32	10	57	11	59	12	69	13	23	14	20	15	47	16	94	17	31	18	18	19	71	20	85	21	36	22	63	23	13	24	66	25	99	26	51	27	28	28	34	29	65	
	0	80	1	80	2	83	3	93	4	40	5	32	6	36	7	57	8	42	9	70	10	61	11	76	12	35	13	72	14	97	15	57	16	94	17	62	18	20	19	13	20	49	21	81	22	95	23	90	24	11	25	35	26	20	27	94	28	82	29	94	
	0	95	1	72	2	63	3	85	4	17	5	99	6	10	7	93	8	91	9	96	10	33	11	77	12	84	13	92	14	52	15	45	16	96	17	42	18	38	19	84	20	17	21	83	22	15	23	31	24	36	25	65	26	11	27	40	28	43	29	52	
	0	53	1	92	2	34	3	49	4	82	5	100	6	95	7	93	8	18	9	32	10	31	11	97	12	22	13	60	14	35	15	48	16	23	17	47	18	60	19	15	20	95	21	71	22	52	23	98	24	69	25	69	26	29	27	63	28	41	29	27	
	0	49	1	45	2	25	3	65	4	32	5	23	6	81	7	98	8	51	9	38	10	35	11	82	12	56	13	62	14	22	15	26	16	91	17	55	18	54	19	42	20	36	21	46	22	90	23	80	24	60	25	35	26	15	27	39	28	13	29	71	
	0	26	1	41	2	28	3	41	4	63	5	20	6	65	7	67	8	80	9	28	10	89	11	30	12	12	13	80	14	47	15	57	16	55	17	36	18	63	19	11	20	55	21	38	22	90	23	14	24	90	25	81	26	74	27	97	28	91	29	33	
	0	14	1	17	2	16	3	61	4	28	5	60	6	52	7	57	8	93	9	76	10	90	11	42	12	92	13	82	14	22	15	32	16	88	17	98	18	56	19	14	20	53	21	72	22	68	23	25	24	49	25	60	26	23	27	72	28	83	29	87	
	0	96	1	40	2	95	3	90	4	70	5	56	6	93	7	86	8	98	9	95	10	66	11	96	12	44	13	59	14	98	15	28	16	34	17	42	18	75	19	40	20	40	21	72	22	81	23	74	24	14	25	12	26	39	27	41	28	19	29	17	
	0	73	1	10	2	40	3	85	4	84	5	50	6	42	7	86	8	16	9	88	10	43	11	75	12	93	13	14	14	71	15	78	16	12	17	86	18	81	19	51	20	21	21	64	22	65	23	16	24	68	25	87	26	14	27	74	28	28	29	18	
	0	65	1	75	2	10	3	42	4	89	5	39	6	57	7	50	8	54	9	59	10	69	11	17	12	97	13	25	14	63	15	95	16	47	17	58	18	58	19	14	20	73	21	41	22	69	23	20	24	14	25	13	26	39	27	53	28	61	29	22	
	0	31	1	69	2	27	3	91	4	24	5	47	6	40	7	97	8	81	9	32	10	67	11	79	12	20	13	95	14	100	15	34	16	65	17	26	18	43	19	63	20	38	21	22	22	22	23	44	24	62	25	92	26	95	27	98	28	16	29	28	
	0	50	1	70	2	55	3	74	4	75	5	91	6	94	7	67	8	41	9	17	10	10	11	87	12	21	13	29	14	50	15	46	16	69	17	10	18	77	19	62	20	70	21	47	22	57	23	36	24	21	25	12	26	45	27	100	28	25	29	27	
	0	43	1	11	2	65	3	64	4	56	5	48	6	30	7	88	8	81	9	28	10	76	11	88	12	45	13	28	14	28	15	95	16	52	17	51	18	92	19	91	20	60	21	21	22	53	23	58	24	46	25	46	26	91	27	65	28	22	29	91	
	0	72	1	52	2	38	3	55	4	66	5	95	6	89	7	12	8	76	9	39	10	64	11	75	12	48	13	11	14	62	15	90	16	39	17	31	18	66	19	30	20	95	21	93	22	21	23	27	24	25	25	22	26	53	27	44	28	86	29	24	
	0	36	1	43	2	34	3	89	4	31	5	37	6	74	7	92	8	75	9	86	10	71	11	14	12	38	13	33	14	37	15	11	16	30	17	64	18	74	19	54	20	23	21	78	22	73	23	93	24	89	25	86	26	46	27	74	28	19	29	42	
	0	76	1	61	2	97	3	10	4	30	5	42	6	45	7	42	8	85	9	65	10	84	11	74	12	10	13	61	14	26	15	23	16	64	17	55	18	60	19	26	20	71	21	71	22	27	23	10	24	46	25	57	26	13	27	93	28	97	29	28	
	0	98	1	82	2	68	3	53	4	56	5	46	6	15	7	74	8	17	9	68	10	29	11	86	12	83	13	25	14	12	15	73	16	33	17	45	18	39	19	73	20	67	21	23	22	62	23	33	24	47	25	84	26	77	27	16	28	65	29	60	
	0	68	1	60	2	89	3	22	4	29	5	69	6	53	7	94	8	61	9	96	10	56	11	95	12	44	13	13	14	51	15	87	16	24	17	37	18	88	19	47	20	25	21	35	22	76	23	28	24	22	25	48	26	29	27	48	28	91	29	61	
	0	87	1	92	2	50	3	62	4	50	5	52	6	32	7	76	8	21	9	51	10	75	11	83	12	26	13	99	14	22	15	93	16	57	17	94	18	21	19	98	20	19	21	58	22	49	23	42	24	98	25	67	26	65	27	49	28	36	29	29	
	0	46	1	29	2	97	3	33	4	84	5	51	6	23	7	79	8	94	9	84	10	16	11	34	12	33	13	68	14	37	15	97	16	75	17	52	18	38	19	29	20	15	21	57	22	33	23	77	24	39	25	20	26	81	27	71	28	54	29	50	
	0	51	1	74	2	34	3	89	4	23	5	97	6	27	7	60	8	55	9	62	10	92	11	53	12	57	13	47	14	24	15	18	16	98	17	65	18	43	19	72	20	79	21	49	22	95	23	10	24	45	25	12	26	81	27	53	28	18	29	86	
	0	56	1	82	2	81	3	62	4	38	5	92	6	20	7	10	8	82	9	10	10	73	11	90	12	56	13	23	14	88	15	46	16	89	17	58	18	27	19	86	20	90	21	23	22	74	23	59	24	67	25	49	26	25	27	56	28	91	29	73	
	0	12	1	72	2	77	3	64	4	87	5	86	6	40	7	68	8	31	9	61	10	94	11	72	12	52	13	93	14	73	15	100	16	82	17	32	18	57	19	84	20	48	21	45	22	80	23	67	24	64	25	24	26	99	27	79	28	96	29	50	
	0	69	1	25	2	58	3	33	4	45	5	33	6	46	7	25	8	23	9	85	10	66	11	12	12	91	13	73	14	57	15	53	16	67	17	96	18	86	19	85	20	66	21	29	22	10	23	13	24	78	25	99	26	51	27	13	28	12	29	15	
	0	96	1	53	2	20	3	80	4	15	5	22	6	74	7	78	8	53	9	97	10	50	11	89	12	58	13	16	14	39	15	51	16	69	17	23	18	78	19	46	20	64	21	50	22	45	23	94	24	40	25	78	26	92	27	96	28	32	29	80	
	0	98	1	97	2	55	3	38	4	93	5	99	6	51	7	41	8	45	9	50	10	61	11	98	12	54	13	14	14	39	15	82	16	65	17	64	18	34	19	25	20	77	21	33	22	78	23	81	24	25	25	88	26	47	27	52	28	60	29	16	
	0	38	1	65	2	19	3	80	4	39	5	38	6	34	7	60	8	65	9	32	10	94	11	17	12	71	13	59	14	93	15	64	16	70	17	47	18	76	19	92	20	19	21	18	22	60	23	89	24	90	25	31	26	34	27	41	28	33	29	83	
	0	85	1	13	2	11	3	94	4	45	5	18	6	81	7	10	8	56	9	83	10	81	11	77	12	39	13	17	14	35	15	17	16	64	17	44	18	12	19	62	20	41	21	20	22	63	23	84	24	60	25	98	26	24	27	32	28	71	29	91	
	0	32	1	27	2	13	3	100	4	29	5	71	6	13	7	47	8	32	9	64	10	98	11	64	12	92	13	33	14	74	15	59	16	98	17	17	18	10	19	41	20	19	21	76	22	35	23	18	24	83	25	91	26	33	27	83	28	15	29	63	
	0	43	1	27	2	54	3	55	4	74	5	17	6	100	7	85	8	25	9	99	10	72	11	47	12	69	13	25	14	69	15	27	16	74	17	40	18	51	19	73	20	77	21	32	22	91	23	13	24	14	25	52	26	58	27	74	28	93	29	56	
	0	12	1	35	2	100	3	99	4	46	5	92	6	55	7	97	8	83	9	30	10	11	11	59	12	67	13	37	14	51	15	50	16	46	17	82	18	25	19	30	20	73	21	25	22	79	23	96	24	45	25	20	26	70	27	94	28	100	29	99	
	0	27	1	31	2	86	3	71	4	30	5	43	6	87	7	43	8	62	9	36	10	35	11	64	12	51	13	41	14	69	15	43	16	62	17	67	18	96	19	16	20	99	21	10	22	50	23	90	24	49	25	86	26	53	27	90	28	69	29	71	
	0	79	1	11	2	65	3	32	4	14	5	19	6	97	7	85	8	75	9	76	10	63	11	49	12	98	13	85	14	34	15	86	16	37	17	83	18	85	19	87	20	52	21	78	22	27	23	45	24	47	25	69	26	76	27	35	28	13	29	14	
	0	26	1	81	2	80	3	60	4	78	5	30	6	67	7	99	8	34	9	22	10	13	11	63	12	78	13	98	14	95	15	16	16	19	17	50	18	37	19	33	20	67	21	28	22	62	23	14	24	86	25	71	26	18	27	97	28	92	29	33	
	0	44	1	79	2	86	3	58	4	50	5	80	6	11	7	11	8	40	9	80	10	60	11	66	12	77	13	24	14	89	15	99	16	72	17	40	18	51	19	16	20	51	21	34	22	67	23	88	24	45	25	21	26	37	27	29	28	96	29	63	
	0	73	1	75	2	51	3	64	4	47	5	12	6	60	7	85	8	51	9	97	10	57	11	56	12	68	13	74	14	14	15	72	16	77	17	53	18	100	19	27	20	44	21	77	22	24	23	22	24	98	25	29	26	86	27	89	28	90	29	24	
	0	62	1	69	2	31	3	39	4	41	5	84	6	90	7	23	8	80	9	46	10	72	11	19	12	39	13	76	14	79	15	79	16	39	17	67	18	43	19	59	20	12	21	26	22	84	23	95	24	53	25	35	26	96	27	13	28	30	29	59	
	0	28	1	11	2	11	3	66	4	14	5	33	6	30	7	73	8	82	9	71	10	83	11	86	12	28	13	76	14	48	15	58	16	14	17	47	18	88	19	32	20	45	21	79	22	55	23	16	24	41	25	29	26	97	27	84	28	39	29	86	
	0	11	1	40	2	61	3	56	4	37	5	93	6	78	7	53	8	76	9	16	10	25	11	23	12	98	13	21	14	99	15	30	16	86	17	41	18	80	19	13	20	67	21	77	22	83	23	70	24	94	25	49	26	73	27	13	28	36	29	29	
	0	60	1	43	2	67	3	35	4	23	5	35	6	25	7	21	8	57	9	10	10	64	11	57	12	95	13	57	14	61	15	100	16	75	17	87	18	91	19	94	20	49	21	40	22	62	23	95	24	68	25	11	26	37	27	28	28	87	29	43	
	0	35	1	37	2	45	3	54	4	51	5	61	6	28	7	67	8	56	9	85	10	79	11	16	12	99	13	55	14	28	15	24	16	90	17	54	18	30	19	67	20	42	21	72	22	73	23	44	24	21	25	33	26	28	27	66	28	19	29	22	
	0	96	1	39	2	58	3	75	4	88	5	26	6	47	7	69	8	53	9	60	10	47	11	71	12	100	13	50	14	63	15	74	16	37	17	66	18	14	19	20	20	39	21	44	22	61	23	52	24	24	25	98	26	41	27	90	28	63	29	99	
	0	38	1	96	2	70	3	33	4	75	5	25	6	15	7	82	8	100	9	19	10	40	11	78	12	16	13	73	14	79	15	40	16	50	17	72	18	40	19	97	20	36	21	82	22	89	23	80	24	86	25	51	26	81	27	25	28	50	29	93	
	0	52	1	40	2	55	3	37	4	80	5	46	6	78	7	99	8	98	9	66	10	55	11	39	12	65	13	66	14	39	15	64	16	36	17	99	18	96	19	70	20	50	21	73	22	23	23	80	24	84	25	73	26	77	27	96	28	64	29	30	
	0	16	1	88	2	42	3	86	4	50	5	28	6	23	7	39	8	40	9	34	10	83	11	25	12	68	13	73	14	63	15	60	16	92	17	70	18	84	19	30	20	64	21	14	22	72	23	60	24	67	25	100	26	25	27	36	28	81	29	49	
	0	28	1	75	2	85	3	76	4	51	5	13	6	74	7	22	8	29	9	56	10	91	11	43	12	61	13	26	14	27	15	83	16	85	17	69	18	81	19	47	20	42	21	61	22	54	23	27	24	30	25	13	26	74	27	64	28	100	29	97	
	0	52	1	17	2	64	3	75	4	100	5	74	6	68	7	48	8	81	9	88	10	11	11	100	12	43	13	18	14	78	15	66	16	13	17	86	18	76	19	39	20	26	21	55	22	54	23	51	24	36	25	74	26	46	27	35	28	30	29	23	
	0	87	1	12	2	30	3	50	4	100	5	72	6	28	7	28	8	56	9	16	10	56	11	79	12	54	13	90	14	29	15	74	16	81	17	96	18	66	19	15	20	23	21	55	22	98	23	98	24	80	25	90	26	82	27	30	28	54	29	54	
	0	71	1	71	2	29	3	65	4	83	5	55	6	22	7	73	8	56	9	31	10	55	11	11	12	28	13	28	14	82	15	80	16	53	17	35	18	55	19	81	20	86	21	92	22	69	23	100	24	100	25	17	26	37	27	15	28	53	29	37	
	0	90	1	65	2	45	3	35	4	56	5	90	6	30	7	61	8	49	9	43	10	80	11	30	12	28	13	67	14	11	15	33	16	14	17	13	18	67	19	73	20	35	21	10	22	16	23	39	24	52	25	78	26	60	27	44	28	77	29	20	
	0	38	1	52	2	82	3	35	4	93	5	84	6	48	7	66	8	74	9	18	10	97	11	50	12	70	13	98	14	82	15	34	16	97	17	21	18	72	19	61	20	62	21	77	22	69	23	42	24	56	25	24	26	20	27	10	28	68	29	98	
	0	77	1	39	2	45	3	94	4	36	5	21	6	88	7	56	8	20	9	93	10	15	11	17	12	92	13	74	14	41	15	61	16	40	17	39	18	18	19	99	20	38	21	14	22	45	23	88	24	81	25	42	26	28	27	80	28	69	29	77	
	0	89	1	29	2	76	3	12	4	35	5	48	6	68	7	43	8	36	9	30	10	45	11	86	12	19	13	26	14	18	15	89	16	66	17	20	18	85	19	18	20	63	21	23	22	70	23	35	24	53	25	89	26	46	27	80	28	63	29	13	
	0	33	1	31	2	13	3	73	4	20	5	81	6	45	7	27	8	39	9	28	10	85	11	11	12	21	13	22	14	24	15	27	16	75	17	53	18	96	19	12	20	32	21	75	22	45	23	17	24	55	25	78	26	17	27	31	28	66	29	17	
	0	46	1	18	2	87	3	13	4	43	5	24	6	29	7	61	8	57	9	83	10	29	11	53	12	22	13	88	14	17	15	16	16	87	17	40	18	97	19	53	20	23	21	30	22	25	23	56	24	33	25	46	26	53	27	98	28	41	29	92	
	0	99	1	71	2	43	3	10	4	42	5	23	6	18	7	36	8	23	9	44	10	80	11	79	12	85	13	75	14	80	15	33	16	77	17	54	18	100	19	62	20	70	21	55	22	85	23	15	24	13	25	54	26	40	27	16	28	68	29	69	
	0	64	1	53	2	30	3	38	4	42	5	63	6	90	7	29	8	51	9	20	10	63	11	43	12	74	13	82	14	24	15	12	16	10	17	86	18	98	19	67	20	65	21	85	22	86	23	10	24	19	25	70	26	96	27	25	28	56	29	37	
	0	29	1	33	2	41	3	56	4	30	5	43	6	71	7	40	8	96	9	35	10	44	11	88	12	80	13	89	14	80	15	14	16	49	17	50	18	34	19	84	20	36	21	94	22	56	23	55	24	46	25	51	26	66	27	72	28	68	29	87	
	0	41	1	36	2	17	3	89	4	17	5	28	6	41	7	72	8	71	9	55	10	62	11	86	12	93	13	43	14	79	15	94	16	50	17	63	18	33	19	32	20	23	21	31	22	76	23	36	24	32	25	26	26	68	27	50	28	86	29	60	
	0	78	1	60	2	82	3	49	4	33	5	74	6	50	7	84	8	69	9	44	10	68	11	40	12	12	13	29	14	31	15	47	16	72	17	74	18	52	19	33	20	14	21	27	22	32	23	100	24	96	25	77	26	96	27	49	28	89	29	42	
	0	86	1	93	2	40	3	95	4	10	5	44	6	69	7	11	8	78	9	85	10	67	11	74	12	99	13	82	14	77	15	93	16	46	17	24	18	14	19	73	20	70	21	97	22	70	23	39	24	16	25	51	26	24	27	72	28	66	29	70	
	0	75	1	38	2	85	3	45	4	73	5	29	6	44	7	79	8	23	9	38	10	95	11	70	12	57	13	61	14	83	15	21	16	53	17	45	18	45	19	40	20	25	21	21	22	13	23	99	24	55	25	82	26	99	27	16	28	70	29	89	
	0	41	1	51	2	60	3	79	4	59	5	62	6	55	7	85	8	27	9	83	10	30	11	22	12	62	13	24	14	61	15	63	16	52	17	63	18	27	19	100	20	97	21	23	22	85	23	23	24	57	25	52	26	85	27	61	28	95	29	36	
	0	38	1	15	2	33	3	83	4	73	5	17	6	93	7	66	8	60	9	28	10	55	11	44	12	60	13	34	14	63	15	64	16	70	17	29	18	98	19	70	20	21	21	27	22	32	23	91	24	93	25	60	26	65	27	98	28	67	29	73	
	0	15	1	34	2	62	3	99	4	14	5	66	6	33	7	16	8	18	9	94	10	82	11	24	12	70	13	15	14	46	15	53	16	46	17	66	18	22	19	96	20	79	21	29	22	44	23	92	24	15	25	58	26	37	27	91	28	42	29	24	
	0	25	1	39	2	49	3	99	4	87	5	71	6	88	7	82	8	42	9	24	10	90	11	65	12	96	13	89	14	58	15	30	16	37	17	90	18	83	19	27	20	25	21	89	22	98	23	82	24	45	25	70	26	94	27	72	28	89	29	30	
	0	52	1	10	2	68	3	46	4	40	5	48	6	14	7	36	8	97	9	47	10	48	11	32	12	26	13	34	14	19	15	18	16	28	17	39	18	79	19	14	20	15	21	88	22	34	23	62	24	94	25	79	26	23	27	23	28	79	29	42	
	0	90	1	95	2	38	3	34	4	44	5	54	6	33	7	68	8	47	9	86	10	73	11	82	12	88	13	64	14	81	15	57	16	10	17	48	18	68	19	59	20	36	21	71	22	36	23	77	24	10	25	37	26	91	27	74	28	39	29	39	
	0	64	1	42	2	19	3	64	4	69	5	22	6	43	7	86	8	76	9	59	10	23	11	88	12	56	13	43	14	81	15	36	16	84	17	40	18	79	19	83	20	10	21	51	22	52	23	25	24	55	25	36	26	67	27	48	28	63	29	55	
	0	13	1	24	2	36	3	44	4	16	5	31	6	76	7	82	8	64	9	62	10	73	11	58	12	100	13	26	14	81	15	81	16	71	17	33	18	45	19	38	20	25	21	94	22	32	23	37	24	22	25	45	26	60	27	14	28	43	29	63	
	0	93	1	41	2	61	3	54	4	62	5	98	6	50	7	95	8	44	9	42	10	48	11	73	12	17	13	95	14	99	15	30	16	12	17	97	18	52	19	98	20	40	21	80	22	23	23	40	24	58	25	68	26	63	27	99	28	60	29	52	
	0	21	1	71	2	96	3	29	4	26	5	46	6	36	7	52	8	44	9	93	10	37	11	96	12	97	13	69	14	49	15	51	16	41	17	29	18	28	19	69	20	35	21	77	22	70	23	28	24	70	25	47	26	23	27	41	28	100	29	96	
	0	51	1	37	2	77	3	34	4	11	5	62	6	11	7	85	8	69	9	37	10	27	11	86	12	59	13	87	14	69	15	50	16	79	17	91	18	59	19	75	20	81	21	67	22	34	23	79	24	100	25	51	26	22	27	67	28	19	29	76	
	0	84	1	21	2	74	3	48	4	64	5	28	6	76	7	78	8	37	9	35	10	89	11	18	12	78	13	70	14	97	15	26	16	70	17	74	18	10	19	18	20	50	21	72	22	75	23	64	24	12	25	50	26	19	27	77	28	42	29	46	
	0	25	1	93	2	42	3	52	4	25	5	90	6	48	7	38	8	57	9	18	10	17	11	16	12	85	13	64	14	51	15	19	16	27	17	94	18	21	19	81	20	36	21	70	22	72	23	48	24	39	25	61	26	53	27	69	28	96	29	12	
	0	88	1	15	2	22	3	15	4	95	5	37	6	51	7	29	8	32	9	24	10	31	11	42	12	33	13	46	14	66	15	78	16	40	17	32	18	95	19	60	20	58	21	21	22	15	23	54	24	44	25	35	26	37	27	78	28	74	29	88	
	0	33	1	59	2	15	3	36	4	74	5	52	6	23	7	47	8	13	9	44	10	70	11	92	12	91	13	13	14	12	15	23	16	59	17	27	18	84	19	39	20	78	21	92	22	58	23	65	24	84	25	32	26	69	27	66	28	91	29	36	
	0	18	1	30	2	95	3	76	4	78	5	41	6	69	7	22	8	58	9	87	10	75	11	99	12	65	13	59	14	43	15	65	16	46	17	43	18	55	19	18	20	10	21	19	22	81	23	72	24	67	25	99	26	29	27	21	28	83	29	82	
	0	25	1	25	2	99	3	73	4	31	5	18	6	66	7	46	8	19	9	61	10	47	11	94	12	19	13	38	14	18	15	99	16	14	17	14	18	32	19	86	20	56	21	16	22	76	23	88	24	44	25	91	26	49	27	73	28	34	29	61	
	0	68	1	79	2	83	3	71	4	50	5	95	6	57	7	90	8	44	9	28	10	88	11	68	12	49	13	48	14	78	15	90	16	74	17	75	18	67	19	70	20	63	21	55	22	80	23	27	24	76	25	30	26	87	27	43	28	13	29	59	
	0	77	1	37	2	70	3	30	4	63	5	53	6	83	7	70	8	74	9	79	10	66	11	82	12	37	13	79	14	93	15	60	16	10	17	98	18	95	19	37	20	25	21	64	22	53	23	70	24	92	25	52	26	65	27	65	28	41	29	17	
	0	27	1	10	2	23	3	82	4	38	5	20	6	92	7	54	8	67	9	95	10	78	11	25	12	96	13	42	14	41	15	18	16	26	17	92	18	43	19	62	20	58	21	63	22	14	23	80	24	87	25	97	26	50	27	17	28	33	29	40	
	0	13	1	34	2	59	3	75	4	77	5	15	6	20	7	46	8	57	9	55	10	18	11	92	12	72	13	94	14	26	15	20	16	37	17	42	18	60	19	27	20	64	21	22	22	62	23	52	24	94	25	53	26	15	27	95	28	11	29	60	
	0	75	1	27	2	82	3	76	4	37	5	52	6	52	7	28	8	96	9	64	10	27	11	68	12	63	13	97	14	45	15	66	16	74	17	20	18	26	19	30	20	83	21	39	22	85	23	10	24	48	25	71	26	33	27	60	28	75	29	10	
	0	98	1	15	2	48	3	69	4	34	5	85	6	29	7	100	8	96	9	57	10	67	11	78	12	83	13	99	14	98	15	34	16	34	17	90	18	67	19	47	20	20	21	85	22	11	23	96	24	63	25	98	26	13	27	18	28	70	29	35	
	0	46	1	46	2	25	3	45	4	64	5	32	6	38	7	24	8	11	9	98	10	83	11	15	12	13	13	33	14	71	15	21	16	44	17	58	18	40	19	27	20	20	21	65	22	40	23	75	24	97	25	37	26	61	27	37	28	18	29	68	
	0	73	1	84	2	96	3	20	4	94	5	94	6	85	7	95	8	25	9	13	10	42	11	16	12	98	13	90	14	96	15	91	16	99	17	46	18	72	19	54	20	34	21	86	22	75	23	78	24	78	25	89	26	74	27	48	28	51	29	29	
	0	70	1	77	2	67	3	100	4	77	5	67	6	56	7	15	8	67	9	23	10	60	11	24	12	10	13	51	14	32	15	65	16	19	17	97	18	12	19	35	20	13	21	60	22	47	23	37	24	21	25	59	26	39	27	57	28	19	29	86	
	0	55	1	33	2	80	3	43	4	12	5	79	6	46	7	49	8	98	9	65	10	94	11	11	12	26	13	35	14	21	15	71	16	85	17	89	18	76	19	50	20	43	21	74	22	17	23	56	24	73	25	63	26	31	27	43	28	34	29	60	
	0	41	1	44	2	22	3	85	4	93	5	47	6	57	7	41	8	18	9	92	10	97	11	93	12	45	13	41	14	18	15	77	16	69	17	65	18	75	19	22	20	50	21	11	22	62	23	70	24	40	25	95	26	65	27	16	28	90	29	75	
	0	46	1	49	2	77	3	57	4	79	5	100	6	87	7	69	8	68	9	91	10	12	11	85	12	27	13	71	14	87	15	36	16	57	17	43	18	53	19	12	20	71	21	14	22	82	23	42	24	39	25	18	26	76	27	24	28	55	29	73	
	0	94	1	68	2	26	3	43	4	22	5	100	6	34	7	35	8	93	9	19	10	65	11	21	12	23	13	19	14	42	15	89	16	68	17	12	18	44	19	49	20	85	21	67	22	91	23	20	24	27	25	28	26	13	27	31	28	93	29	27	
	0	59	1	37	2	93	3	15	4	28	5	92	6	62	7	96	8	67	9	16	10	39	11	78	12	41	13	73	14	51	15	38	16	80	17	90	18	33	19	77	20	55	21	39	22	47	23	31	24	85	25	53	26	50	27	25	28	17	29	79	
	0	90	1	84	2	54	3	63	4	45	5	16	6	74	7	11	8	38	9	69	10	85	11	66	12	25	13	18	14	58	15	67	16	55	17	76	18	37	19	37	20	55	21	78	22	35	23	61	24	53	25	52	26	11	27	20	28	100	29	26	
	0	46	1	15	2	79	3	90	4	74	5	78	6	55	7	50	8	12	9	49	10	23	11	32	12	46	13	10	14	61	15	43	16	82	17	88	18	38	19	87	20	88	21	63	22	58	23	63	24	72	25	18	26	84	27	86	28	84	29	69	
	0	69	1	57	2	77	3	72	4	83	5	96	6	67	7	49	8	91	9	20	10	17	11	35	12	95	13	84	14	30	15	99	16	67	17	79	18	28	19	35	20	52	21	71	22	41	23	66	24	31	25	82	26	38	27	61	28	20	29	34	
	0	35	1	79	2	100	3	22	4	28	5	53	6	48	7	92	8	42	9	39	10	60	11	85	12	17	13	21	14	43	15	14	16	24	17	34	18	16	19	42	20	88	21	56	22	68	23	60	24	97	25	100	26	61	27	96	28	36	29	45	
	0	37	1	52	2	37	3	83	4	48	5	53	6	54	7	30	8	74	9	57	10	51	11	47	12	28	13	14	14	81	15	73	16	86	17	98	18	66	19	36	20	51	21	57	22	13	23	40	24	78	25	59	26	11	27	78	28	97	29	54	
	0	22	1	68	2	90	3	71	4	40	5	98	6	62	7	90	8	17	9	70	10	82	11	21	12	68	13	44	14	77	15	10	16	46	17	54	18	10	19	52	20	30	21	79	22	39	23	22	24	42	25	70	26	82	27	36	28	28	29	11	
	0	12	1	28	2	11	3	63	4	69	5	93	6	64	7	21	8	78	9	33	10	100	11	43	12	11	13	62	14	34	15	80	16	53	17	41	18	35	19	100	20	71	21	26	22	43	23	64	24	48	25	65	26	62	27	33	28	87	29	41	
	0	52	1	59	2	44	3	68	4	13	5	80	6	25	7	68	8	12	9	100	10	30	11	86	12	22	13	74	14	87	15	38	16	34	17	26	18	16	19	28	20	42	21	69	22	60	23	75	24	88	25	87	26	33	27	76	28	41	29	61	
	0	58	1	66	2	25	3	94	4	48	5	29	6	80	7	47	8	99	9	78	10	94	11	45	12	15	13	26	14	58	15	20	16	40	17	25	18	66	19	53	20	43	21	82	22	55	23	99	24	55	25	62	26	99	27	66	28	26	29	19	
	0	13	1	55	2	81	3	14	4	64	5	20	6	54	7	33	8	76	9	13	10	58	11	80	12	44	13	79	14	50	15	71	16	84	17	31	18	57	19	13	20	71	21	30	22	82	23	94	24	61	25	88	26	84	27	92	28	51	29	20	
	0	99	1	19	2	57	3	51	4	78	5	39	6	41	7	67	8	17	9	38	10	79	11	60	12	75	13	25	14	15	15	87	16	82	17	50	18	26	19	40	20	30	21	71	22	29	23	86	24	52	25	80	26	69	27	25	28	68	29	93	
	0	23	1	60	2	78	3	85	4	10	5	64	6	59	7	87	8	65	9	15	10	91	11	10	12	100	13	58	14	89	15	54	16	81	17	14	18	33	19	72	20	42	21	50	22	56	23	61	24	82	25	59	26	10	27	20	28	13	29	12	
	0	14	1	75	2	14	3	83	4	26	5	12	6	86	7	85	8	43	9	28	10	54	11	48	12	58	13	86	14	62	15	49	16	100	17	82	18	62	19	12	20	87	21	97	22	40	23	39	24	15	25	99	26	96	27	91	28	89	29	75	
	0	88	1	56	2	74	3	52	4	22	5	64	6	20	7	100	8	39	9	66	10	68	11	66	12	47	13	69	14	29	15	26	16	16	17	26	18	67	19	69	20	42	21	36	22	85	23	65	24	99	25	29	26	17	27	67	28	78	29	47	
	0	72	1	29	2	98	3	33	4	15	5	65	6	86	7	10	8	91	9	100	10	64	11	58	12	94	13	76	14	49	15	66	16	61	17	69	18	96	19	42	20	30	21	67	22	72	23	13	24	86	25	50	26	43	27	94	28	61	29	93	
	0	33	1	62	2	42	3	86	4	12	5	92	6	25	7	66	8	92	9	26	10	78	11	36	12	32	13	42	14	20	15	46	16	92	17	73	18	85	19	41	20	73	21	66	22	66	23	26	24	100	25	52	26	73	27	17	28	86	29	82	
	0	43	1	84	2	59	3	75	4	68	5	89	6	88	7	81	8	86	9	95	10	23	11	76	12	90	13	61	14	43	15	27	16	41	17	39	18	91	19	26	20	75	21	81	22	56	23	76	24	75	25	20	26	50	27	89	28	63	29	42	
	0	33	1	26	2	21	3	42	4	86	5	98	6	83	7	78	8	47	9	19	10	71	11	89	12	71	13	42	14	99	15	10	16	29	17	22	18	74	19	12	20	88	21	39	22	16	23	83	24	61	25	29	26	63	27	49	28	10	29	43	
	0	52	1	96	2	52	3	91	4	52	5	70	6	79	7	41	8	42	9	23	10	59	11	97	12	100	13	43	14	30	15	23	16	71	17	94	18	60	19	73	20	33	21	22	22	80	23	84	24	68	25	97	26	93	27	60	28	81	29	84	
	0	72	1	38	2	94	3	54	4	60	5	98	6	84	7	38	8	80	9	65	10	19	11	68	12	76	13	34	14	54	15	27	16	88	17	37	18	80	19	98	20	45	21	11	22	75	23	19	24	24	25	72	26	84	27	59	28	87	29	38	
	0	20	1	75	2	77	3	89	4	24	5	54	6	90	7	30	8	73	9	76	10	31	11	91	12	33	13	63	14	31	15	14	16	52	17	74	18	75	19	71	20	100	21	67	22	49	23	65	24	33	25	46	26	34	27	60	28	72	29	89	
	0	68	1	77	2	34	3	59	4	39	5	68	6	73	7	61	8	35	9	24	10	15	11	25	12	36	13	25	14	36	15	98	16	38	17	59	18	81	19	28	20	100	21	33	22	99	23	31	24	51	25	99	26	31	27	58	28	73	29	86	
	0	100	1	36	2	28	3	94	4	54	5	97	6	66	7	66	8	83	9	90	10	24	11	84	12	18	13	26	14	72	15	77	16	45	17	15	18	88	19	27	20	29	21	31	22	32	23	66	24	43	25	63	26	17	27	84	28	58	29	95	
	0	37	1	55	2	77	3	40	4	31	5	51	6	17	7	98	8	21	9	49	10	12	11	67	12	83	13	22	14	88	15	36	16	46	17	19	18	38	19	88	20	33	21	29	22	79	23	57	24	94	25	35	26	19	27	90	28	50	29	85	
	0	43	1	23	2	22	3	28	4	88	5	55	6	38	7	20	8	55	9	55	10	24	11	32	12	69	13	12	14	38	15	83	16	10	17	42	18	42	19	66	20	65	21	56	22	24	23	85	24	36	25	85	26	34	27	84	28	49	29	74	
	0	100	1	87	2	83	3	62	4	79	5	22	6	62	7	83	8	13	9	29	10	38	11	35	12	32	13	86	14	68	15	50	16	89	17	33	18	35	19	90	20	79	21	52	22	18	23	24	24	55	25	18	26	42	27	51	28	54	29	40	
	0	98	1	32	2	20	3	81	4	40	5	99	6	60	7	89	8	13	9	88	10	50	11	59	12	81	13	18	14	33	15	41	16	76	17	24	18	71	19	83	20	96	21	75	22	87	23	32	24	99	25	45	26	82	27	12	28	13	29	30	
	0	30	1	42	2	14	3	49	4	80	5	94	6	51	7	99	8	39	9	29	10	96	11	100	12	70	13	89	14	86	15	65	16	46	17	87	18	67	19	64	20	24	21	89	22	73	23	81	24	47	25	45	26	63	27	47	28	88	29	10	
	0	80	1	44	2	41	3	73	4	48	5	59	6	47	7	44	8	85	9	47	10	34	11	13	12	54	13	58	14	92	15	22	16	63	17	100	18	35	19	25	20	93	21	15	22	19	23	55	24	14	25	31	26	36	27	46	28	69	29	86	
	0	75	1	43	2	26	3	41	4	17	5	72	6	50	7	49	8	20	9	90	10	66	11	81	12	54	13	70	14	82	15	78	16	71	17	45	18	24	19	84	20	68	21	88	22	70	23	15	24	78	25	74	26	100	27	83	28	42	29	13	
	0	24	1	27	2	27	3	33	4	86	5	25	6	45	7	23	8	17	9	70	10	23	11	20	12	76	13	55	14	84	15	59	16	99	17	14	18	74	19	47	20	59	21	11	22	76	23	43	24	44	25	31	26	22	27	11	28	80	29	90	
	0	80	1	98	2	75	3	81	4	21	5	26	6	63	7	99	8	26	9	94	10	59	11	72	12	32	13	81	14	40	15	34	16	53	17	51	18	76	19	64	20	82	21	48	22	69	23	22	24	51	25	68	26	34	27	39	28	18	29	79	
	0	42	1	98	2	25	3	10	4	94	5	27	6	63	7	32	8	66	9	72	10	18	11	59	12	57	13	74	14	29	15	92	16	51	17	85	18	46	19	30	20	55	21	98	22	51	23	43	24	23	25	64	26	26	27	72	28	28	29	27	
	0	98	1	63	2	57	3	38	4	69	5	27	6	35	7	42	8	65	9	94	10	94	11	62	12	87	13	82	14	20	15	84	16	92	17	73	18	61	19	87	20	39	21	82	22	55	23	94	24	44	25	19	26	73	27	89	28	64	29	27	
	0	96	1	94	2	95	3	79	4	90	5	47	6	16	7	39	8	47	9	70	10	45	11	72	12	39	13	73	14	25	15	66	16	100	17	100	18	73	19	77	20	77	21	25	22	48	23	28	24	55	25	19	26	61	27	25	28	18	29	56	
	0	70	1	53	2	35	3	23	4	98	5	84	6	15	7	84	8	58	9	65	10	59	11	62	12	79	13	76	14	42	15	58	16	66	17	70	18	49	19	93	20	42	21	85	22	73	23	13	24	77	25	53	26	41	27	34	28	11	29	58	
	0	20	1	49	2	97	3	70	4	60	5	65	6	77	7	31	8	79	9	90	10	35	11	97	12	68	13	40	14	17	15	79	16	60	17	33	18	73	19	37	20	33	21	26	22	48	23	89	24	17	25	31	26	17	27	71	28	66	29	20	
	0	50	1	55	2	25	3	46	4	18	5	72	6	69	7	67	8	16	9	33	10	77	11	27	12	66	13	100	14	42	15	27	16	33	17	16	18	26	19	29	20	35	21	94	22	97	23	82	24	55	25	85	26	99	27	82	28	53	29	11	
	0	46	1	44	2	36	3	38	4	95	5	26	6	70	7	71	8	14	9	100	10	79	11	100	12	59	13	28	14	25	15	10	16	89	17	14	18	11	19	62	20	62	21	20	22	63	23	68	24	100	25	78	26	100	27	70	28	30	29	24	
	0	36	1	77	2	73	3	25	4	10	5	21	6	22	7	51	8	21	9	34	10	94	11	28	12	98	13	97	14	21	15	35	16	66	17	63	18	54	19	75	20	41	21	47	22	21	23	73	24	62	25	49	26	67	27	15	28	88	29	77	
	0	83	1	70	2	92	3	46	4	62	5	77	6	68	7	20	8	59	9	89	10	27	11	17	12	89	13	14	14	40	15	77	16	82	17	83	18	91	19	62	20	81	21	58	22	85	23	64	24	51	25	50	26	70	27	25	28	61	29	30	
	0	44	1	37	2	55	3	68	4	71	5	33	6	60	7	71	8	59	9	27	10	94	11	65	12	96	13	12	14	52	15	85	16	91	17	61	18	17	19	31	20	81	21	95	22	84	23	82	24	98	25	86	26	56	27	33	28	34	29	39	
	0	91	1	72	2	52	3	19	4	64	5	58	6	27	7	67	8	62	9	66	10	32	11	37	12	43	13	34	14	34	15	38	16	62	17	29	18	37	19	71	20	95	21	53	22	53	23	75	24	92	25	59	26	66	27	61	28	97	29	20	
	0	51	1	26	2	55	3	41	4	55	5	75	6	10	7	60	8	58	9	10	10	73	11	52	12	59	13	20	14	46	15	40	16	10	17	99	18	78	19	37	20	72	21	93	22	85	23	94	24	59	25	87	26	74	27	85	28	91	29	16	
	0	58	1	68	2	30	3	39	4	74	5	81	6	68	7	96	8	78	9	23	10	75	11	79	12	23	13	68	14	83	15	45	16	90	17	52	18	30	19	23	20	29	21	87	22	41	23	92	24	60	25	71	26	72	27	17	28	90	29	36	
	0	92	1	15	2	35	3	35	4	56	5	40	6	45	7	97	8	73	9	38	10	15	11	50	12	95	13	64	14	67	15	97	16	75	17	91	18	69	19	73	20	32	21	92	22	33	23	15	24	11	25	39	26	32	27	18	28	81	29	56	
	0	75	1	60	2	29	3	92	4	45	5	71	6	11	7	96	8	29	9	93	10	84	11	99	12	21	13	78	14	54	15	88	16	43	17	43	18	52	19	63	20	11	21	42	22	24	23	25	24	64	25	100	26	23	27	71	28	57	29	57	
	0	74	1	32	2	91	3	99	4	19	5	73	6	13	7	87	8	75	9	35	10	14	11	99	12	47	13	41	14	39	15	57	16	87	17	28	18	30	19	74	20	10	21	22	22	73	23	19	24	48	25	97	26	36	27	61	28	65	29	30	
	0	62	1	88	2	12	3	21	4	48	5	21	6	27	7	37	8	40	9	45	10	37	11	88	12	18	13	36	14	33	15	60	16	50	17	66	18	100	19	67	20	30	21	23	22	98	23	60	24	18	25	39	26	17	27	90	28	74	29	35	
	0	85	1	67	2	68	3	12	4	70	5	21	6	94	7	89	8	59	9	31	10	47	11	38	12	96	13	24	14	17	15	93	16	45	17	32	18	69	19	77	20	69	21	95	22	97	23	31	24	63	25	21	26	30	27	31	28	66	29	25	
	0	84	1	28	2	80	3	20	4	81	5	25	6	70	7	63	8	56	9	45	10	94	11	55	12	25	13	38	14	78	15	24	16	21	17	51	18	74	19	37	20	29	21	25	22	65	23	12	24	63	25	100	26	34	27	51	28	18	29	26	
	0	79	1	99	2	68	3	36	4	41	5	35	6	15	7	80	8	79	9	64	10	37	11	74	12	14	13	82	14	56	15	55	16	13	17	93	18	11	19	76	20	46	21	51	22	81	23	44	24	65	25	49	26	98	27	36	28	98	29	32	
	0	28	1	73	2	84	3	18	4	78	5	39	6	92	7	28	8	31	9	51	10	92	11	98	12	51	13	18	14	32	15	68	16	49	17	83	18	92	19	53	20	67	21	77	22	32	23	80	24	94	25	14	26	21	27	84	28	51	29	43	
	0	19	1	25	2	54	3	42	4	55	5	54	6	44	7	24	8	18	9	15	10	29	11	52	12	63	13	27	14	92	15	40	16	78	17	94	18	65	19	24	20	58	21	37	22	23	23	35	24	100	25	32	26	72	27	10	28	87	29	46	
	0	44	1	78	2	18	3	31	4	80	5	70	6	40	7	73	8	74	9	93	10	89	11	26	12	37	13	93	14	44	15	38	16	54	17	98	18	17	19	24	20	38	21	44	22	83	23	39	24	43	25	85	26	35	27	12	28	68	29	22	
	0	87	1	69	2	54	3	54	4	28	5	74	6	32	7	78	8	74	9	66	10	47	11	20	12	28	13	14	14	40	15	73	16	18	17	85	18	24	19	77	20	85	21	95	22	28	23	59	24	65	25	51	26	36	27	90	28	56	29	33	
	0	40	1	86	2	27	3	69	4	92	5	51	6	56	7	55	8	39	9	24	10	73	11	86	12	64	13	18	14	71	15	78	16	26	17	21	18	14	19	65	20	50	21	99	22	51	23	93	24	44	25	33	26	42	27	21	28	44	29	26	
	0	70	1	60	2	51	3	70	4	11	5	60	6	37	7	74	8	22	9	91	10	62	11	63	12	84	13	31	14	44	15	21	16	32	17	58	18	53	19	100	20	65	21	12	22	100	23	90	24	56	25	47	26	42	27	23	28	71	29	35	
	0	48	1	87	2	36	3	82	4	43	5	49	6	46	7	82	8	32	9	40	10	68	11	82	12	13	13	93	14	11	15	90	16	85	17	72	18	98	19	62	20	26	21	41	22	80	23	35	24	94	25	32	26	80	27	71	28	48	29	22	
	0	85	1	88	2	93	3	69	4	76	5	80	6	14	7	84	8	44	9	89	10	21	11	51	12	79	13	86	14	39	15	10	16	40	17	35	18	82	19	70	20	42	21	48	22	61	23	72	24	60	25	55	26	55	27	78	28	93	29	51	
	0	67	1	47	2	45	3	53	4	20	5	76	6	88	7	20	8	25	9	10	10	16	11	59	12	42	13	22	14	25	15	93	16	60	17	52	18	37	19	35	20	90	21	11	22	59	23	70	24	45	25	76	26	66	27	77	28	80	29	56	
	0	73	1	61	2	30	3	60	4	43	5	60	6	94	7	47	8	44	9	48	10	79	11	59	12	63	13	35	14	81	15	92	16	17	17	66	18	56	19	30	20	49	21	33	22	71	23	85	24	57	25	57	26	75	27	69	28	55	29	55	
	0	61	1	92	2	54	3	96	4	58	5	52	6	30	7	63	8	50	9	30	10	100	11	48	12	48	13	21	14	88	15	91	16	45	17	23	18	12	19	88	20	98	21	22	22	22	23	88	24	61	25	63	26	95	27	79	28	61	29	71	
	0	59	1	69	2	87	3	54	4	58	5	12	6	42	7	27	8	99	9	54	10	85	11	89	12	52	13	27	14	41	15	94	16	67	17	88	18	74	19	36	20	37	21	24	22	72	23	60	24	97	25	46	26	84	27	73	28	63	29	31	
	0	95	1	94	2	83	3	37	4	90	5	88	6	83	7	87	8	99	9	48	10	57	11	65	12	59	13	28	14	10	15	63	16	13	17	78	18	83	19	99	20	16	21	38	22	45	23	10	24	61	25	16	26	25	27	80	28	15	29	100	
	0	73	1	23	2	34	3	59	4	39	5	15	6	27	7	25	8	14	9	100	10	47	11	93	12	92	13	96	14	45	15	75	16	50	17	44	18	19	19	87	20	74	21	59	22	94	23	27	24	64	25	85	26	84	27	41	28	34	29	13	
	0	70	1	53	2	27	3	25	4	27	5	71	6	66	7	50	8	17	9	75	10	55	11	80	12	13	13	10	14	42	15	54	16	29	17	85	18	21	19	91	20	19	21	42	22	36	23	35	24	91	25	57	26	62	27	62	28	28	29	30	
	0	10	1	99	2	96	3	90	4	16	5	71	6	97	7	19	8	43	9	42	10	81	11	52	12	72	13	58	14	19	15	65	16	42	17	74	18	59	19	40	20	22	21	33	22	33	23	33	24	97	25	95	26	10	27	11	28	23	29	19	
	0	84	1	74	2	21	3	88	4	29	5	46	6	61	7	90	8	66	9	21	10	22	11	40	12	99	13	33	14	24	15	43	16	85	17	15	18	41	19	46	20	27	21	68	22	69	23	90	24	50	25	56	26	15	27	86	28	68	29	84	
	0	35	1	21	2	16	3	80	4	47	5	81	6	75	7	58	8	73	9	12	10	78	11	22	12	26	13	87	14	58	15	88	16	76	17	75	18	84	19	90	20	97	21	21	22	100	23	75	24	39	25	49	26	57	27	22	28	37	29	48	
	0	84	1	93	2	73	3	59	4	81	5	87	6	93	7	30	8	42	9	18	10	35	11	67	12	12	13	55	14	80	15	94	16	19	17	30	18	92	19	47	20	53	21	13	22	59	23	51	24	46	25	93	26	71	27	23	28	18	29	88	
	0	69	1	97	2	14	3	41	4	98	5	38	6	27	7	48	8	26	9	82	10	16	11	45	12	52	13	38	14	80	15	49	16	32	17	75	18	97	19	89	20	84	21	100	22	45	23	82	24	48	25	24	26	18	27	83	28	93	29	70	
	0	37	1	92	2	30	3	39	4	36	5	13	6	77	7	66	8	77	9	10	10	43	11	33	12	44	13	54	14	100	15	67	16	69	17	63	18	53	19	19	20	96	21	25	22	17	23	74	24	84	25	90	26	65	27	44	28	98	29	42	
	0	40	1	52	2	98	3	72	4	100	5	89	6	33	7	93	8	41	9	12	10	17	11	13	12	94	13	60	14	80	15	18	16	73	17	48	18	44	19	85	20	79	21	84	22	36	23	35	24	80	25	75	26	83	27	77	28	86	29	51	
	0	29	1	21	2	73	3	25	4	60	5	32	6	71	7	95	8	91	9	92	10	48	11	29	12	46	13	51	14	37	15	35	16	19	17	85	18	17	19	12	20	28	21	25	22	30	23	85	24	70	25	85	26	69	27	67	28	51	29	12	
	0	80	1	90	2	29	3	91	4	61	5	81	6	27	7	59	8	87	9	28	10	96	11	50	12	72	13	79	14	25	15	37	16	38	17	25	18	11	19	93	20	55	21	34	22	50	23	25	24	93	25	60	26	32	27	53	28	75	29	13	
	0	12	1	81	2	13	3	96	4	34	5	59	6	83	7	94	8	22	9	84	10	84	11	55	12	57	13	42	14	41	15	37	16	87	17	57	18	88	19	35	20	24	21	90	22	91	23	98	24	68	25	93	26	68	27	28	28	64	29	89	
	0	15	1	98	2	69	3	65	4	93	5	28	6	18	7	54	8	78	9	62	10	74	11	14	12	24	13	56	14	92	15	22	16	81	17	44	18	80	19	14	20	24	21	73	22	11	23	58	24	87	25	20	26	38	27	10	28	67	29	99	
	0	66	1	21	2	86	3	96	4	99	5	73	6	72	7	32	8	97	9	56	10	78	11	90	12	73	13	27	14	67	15	41	16	30	17	71	18	83	19	79	20	63	21	36	22	20	23	22	24	26	25	33	26	18	27	27	28	59	29	39	
	0	76	1	96	2	50	3	93	4	71	5	97	6	84	7	61	8	64	9	69	10	37	11	28	12	58	13	73	14	37	15	40	16	96	17	50	18	84	19	60	20	31	21	42	22	22	23	30	24	60	25	33	26	68	27	51	28	83	29	72	
	0	40	1	88	2	22	3	44	4	79	5	74	6	37	7	52	8	94	9	41	10	51	11	70	12	94	13	17	14	81	15	43	16	62	17	15	18	19	19	55	20	88	21	97	22	94	23	59	24	51	25	41	26	67	27	13	28	47	29	34	
	0	96	1	65	2	81	3	55	4	55	5	95	6	40	7	33	8	38	9	49	10	91	11	99	12	18	13	30	14	51	15	23	16	93	17	41	18	76	19	20	20	30	21	61	22	32	23	31	24	65	25	57	26	98	27	70	28	10	29	72	
	0	19	1	31	2	98	3	23	4	19	5	49	6	90	7	70	8	89	9	86	10	26	11	21	12	59	13	18	14	83	15	45	16	61	17	100	18	34	19	60	20	12	21	53	22	98	23	62	24	20	25	31	26	98	27	67	28	88	29	59	
	0	45	1	13	2	44	3	16	4	54	5	83	6	32	7	80	8	57	9	12	10	54	11	80	12	20	13	73	14	95	15	82	16	75	17	100	18	49	19	14	20	52	21	24	22	83	23	78	24	43	25	88	26	85	27	82	28	37	29	23	
	0	47	1	30	2	77	3	83	4	40	5	22	6	78	7	82	8	59	9	42	10	48	11	69	12	10	13	19	14	23	15	97	16	62	17	51	18	76	19	64	20	54	21	50	22	18	23	66	24	92	25	22	26	30	27	57	28	97	29	48	
	0	24	1	88	2	45	3	14	4	63	5	53	6	100	7	54	8	64	9	40	10	60	11	10	12	14	13	82	14	26	15	33	16	33	17	69	18	16	19	55	20	52	21	71	22	40	23	50	24	50	25	66	26	85	27	38	28	34	29	66	
	0	93	1	43	2	44	3	66	4	11	5	51	6	96	7	37	8	38	9	63	10	72	11	35	12	67	13	93	14	74	15	80	16	45	17	36	18	95	19	33	20	13	21	61	22	27	23	69	24	56	25	20	26	45	27	75	28	19	29	78	
	0	36	1	68	2	89	3	13	4	71	5	81	6	68	7	56	8	75	9	78	10	40	11	21	12	73	13	94	14	71	15	75	16	40	17	25	18	87	19	27	20	22	21	79	22	60	23	64	24	83	25	80	26	71	27	29	28	22	29	78	
	0	43	1	93	2	74	3	50	4	66	5	97	6	35	7	45	8	84	9	77	10	18	11	25	12	27	13	13	14	21	15	49	16	46	17	37	18	40	19	30	20	30	21	17	22	61	23	21	24	77	25	28	26	97	27	29	28	24	29	25	
	0	45	1	99	2	91	3	49	4	37	5	29	6	81	7	70	8	50	9	48	10	53	11	14	12	92	13	63	14	90	15	93	16	81	17	49	18	26	19	53	20	64	21	12	22	71	23	87	24	32	25	13	26	57	27	21	28	16	29	72	
	0	86	1	32	2	54	3	47	4	51	5	71	6	60	7	35	8	46	9	24	10	89	11	63	12	85	13	100	14	58	15	12	16	20	17	90	18	58	19	80	20	17	21	12	22	14	23	84	24	51	25	89	26	18	27	76	28	64	29	75	
	0	46	1	89	2	10	3	96	4	92	5	90	6	68	7	42	8	23	9	54	10	97	11	33	12	46	13	65	14	16	15	64	16	59	17	16	18	59	19	33	20	56	21	24	22	60	23	39	24	69	25	75	26	38	27	41	28	64	29	21	
	0	52	1	47	2	97	3	90	4	46	5	15	6	55	7	44	8	65	9	56	10	12	11	70	12	36	13	99	14	61	15	52	16	85	17	68	18	22	19	58	20	10	21	10	22	75	23	67	24	39	25	87	26	54	27	100	28	68	29	92	
	0	96	1	92	2	17	3	57	4	76	5	99	6	11	7	64	8	14	9	11	10	20	11	45	12	89	13	15	14	17	15	82	16	20	17	86	18	51	19	48	20	88	21	90	22	27	23	19	24	86	25	97	26	75	27	32	28	83	29	80	
	0	57	1	61	2	37	3	63	4	36	5	21	6	44	7	25	8	13	9	83	10	84	11	72	12	56	13	17	14	99	15	53	16	11	17	44	18	53	19	51	20	61	21	11	22	43	23	58	24	40	25	46	26	54	27	79	28	43	29	61	
	0	38	1	64	2	89	3	25	4	59	5	98	6	46	7	26	8	60	9	30	10	99	11	82	12	80	13	67	14	64	15	24	16	44	17	35	18	28	19	70	20	15	21	39	22	57	23	19	24	53	25	100	26	16	27	47	28	24	29	46	
	0	15	1	77	2	20	3	73	4	40	5	51	6	77	7	92	8	84	9	79	10	91	11	39	12	10	13	94	14	28	15	77	16	63	17	85	18	78	19	35	20	65	21	19	22	91	23	47	24	98	25	46	26	10	27	82	28	46	29	11	
	0	33	1	41	2	41	3	95	4	36	5	24	6	75	7	37	8	19	9	10	10	88	11	46	12	88	13	32	14	53	15	47	16	14	17	97	18	99	19	38	20	93	21	75	22	21	23	52	24	17	25	91	26	46	27	67	28	75	29	67	
	0	22	1	38	2	50	3	80	4	35	5	81	6	34	7	50	8	54	9	82	10	66	11	49	12	23	13	81	14	53	15	88	16	21	17	40	18	82	19	76	20	59	21	65	22	69	23	47	24	19	25	17	26	70	27	56	28	92	29	30	
	0	77	1	92	2	59	3	57	4	53	5	94	6	64	7	33	8	82	9	44	10	54	11	20	12	52	13	72	14	25	15	23	16	24	17	13	18	34	19	85	20	90	21	63	22	62	23	90	24	100	25	84	26	92	27	43	28	61	29	12	
	0	68	1	10	2	81	3	13	4	82	5	71	6	89	7	25	8	36	9	87	10	20	11	68	12	18	13	53	14	64	15	93	16	58	17	95	18	78	19	48	20	40	21	92	22	40	23	56	24	71	25	91	26	62	27	81	28	36	29	89	
	0	13	1	59	2	42	3	57	4	28	5	29	6	10	7	99	8	46	9	78	10	53	11	99	12	17	13	63	14	49	15	32	16	95	17	86	18	30	19	86	20	71	21	84	22	27	23	73	24	42	25	14	26	68	27	19	28	70	29	37	
	0	71	1	36	2	66	3	50	4	47	5	68	6	29	7	39	8	24	9	42	10	19	11	26	12	24	13	12	14	63	15	82	16	29	17	21	18	72	19	97	20	24	21	59	22	97	23	61	24	63	25	45	26	34	27	14	28	69	29	84	
	0	42	1	90	2	27	3	71	4	93	5	46	6	57	7	51	8	32	9	55	10	63	11	63	12	74	13	76	14	42	15	19	16	69	17	47	18	72	19	63	20	62	21	31	22	64	23	53	24	75	25	19	26	92	27	91	28	74	29	76	
	0	42	1	65	2	94	3	78	4	70	5	32	6	75	7	60	8	67	9	97	10	10	11	28	12	55	13	36	14	63	15	75	16	58	17	75	18	12	19	49	20	45	21	71	22	29	23	30	24	25	25	40	26	40	27	17	28	26	29	68	
	0	57	1	15	2	100	3	96	4	90	5	17	6	68	7	39	8	61	9	16	10	86	11	72	12	14	13	100	14	13	15	24	16	29	17	53	18	35	19	82	20	52	21	98	22	100	23	63	24	46	25	85	26	47	27	41	28	48	29	53	
	0	34	1	48	2	84	3	34	4	84	5	98	6	10	7	50	8	22	9	32	10	49	11	11	12	71	13	100	14	90	15	17	16	23	17	64	18	73	19	61	20	16	21	88	22	23	23	24	24	80	25	39	26	84	27	99	28	98	29	11	
	0	44	1	41	2	12	3	76	4	72	5	41	6	40	7	11	8	43	9	37	10	25	11	25	12	13	13	40	14	22	15	23	16	44	17	62	18	65	19	32	20	64	21	89	22	97	23	82	24	24	25	93	26	64	27	48	28	24	29	28	
	0	70	1	39	2	98	3	85	4	79	5	52	6	33	7	46	8	21	9	48	10	43	11	35	12	73	13	88	14	94	15	37	16	23	17	18	18	94	19	72	20	36	21	45	22	68	23	15	24	22	25	40	26	87	27	96	28	51	29	62	
	0	11	1	16	2	89	3	84	4	76	5	86	6	40	7	40	8	51	9	70	10	96	11	95	12	38	13	90	14	92	15	45	16	21	17	59	18	73	19	47	20	92	21	11	22	36	23	75	24	99	25	71	26	90	27	11	28	79	29	28	
	0	82	1	27	2	46	3	24	4	53	5	100	6	52	7	62	8	60	9	81	10	31	11	17	12	73	13	55	14	21	15	55	16	78	17	48	18	46	19	39	20	94	21	18	22	15	23	56	24	99	25	51	26	64	27	87	28	100	29	85	
	0	41	1	91	2	83	3	60	4	33	5	54	6	41	7	41	8	37	9	51	10	13	11	81	12	100	13	67	14	98	15	59	16	63	17	75	18	65	19	62	20	36	21	64	22	63	23	85	24	63	25	41	26	42	27	54	28	66	29	71	
	0	24	1	13	2	54	3	41	4	61	5	81	6	64	7	55	8	88	9	74	10	90	11	79	12	89	13	54	14	27	15	42	16	81	17	27	18	99	19	77	20	89	21	66	22	38	23	54	24	70	25	67	26	13	27	90	28	25	29	69	
	0	22	1	85	2	24	3	50	4	84	5	23	6	17	7	67	8	96	9	70	10	41	11	67	12	92	13	91	14	17	15	75	16	46	17	39	18	46	19	48	20	65	21	82	22	11	23	74	24	96	25	80	26	11	27	39	28	96	29	99	
	0	13	1	21	2	97	3	98	4	48	5	75	6	13	7	65	8	12	9	98	10	74	11	45	12	95	13	59	14	58	15	17	16	78	17	51	18	43	19	32	20	81	21	77	22	93	23	12	24	79	25	33	26	17	27	85	28	39	29	55	
	0	68	1	42	2	72	3	58	4	77	5	41	6	18	7	10	8	48	9	12	10	44	11	42	12	72	13	97	14	38	15	71	16	89	17	74	18	67	19	44	20	28	21	65	22	87	23	57	24	92	25	91	26	83	27	53	28	72	29	35	
	0	20	1	46	2	18	3	10	4	65	5	100	6	60	7	49	8	22	9	34	10	24	11	30	12	56	13	43	14	77	15	41	16	74	17	59	18	88	19	81	20	34	21	19	22	96	23	26	24	82	25	77	26	100	27	56	28	82	29	59	
	0	32	1	82	2	36	3	46	4	59	5	33	6	78	7	33	8	13	9	17	10	71	11	93	12	24	13	14	14	29	15	59	16	40	17	32	18	79	19	31	20	96	21	96	22	29	23	34	24	95	25	86	26	30	27	30	28	32	29	60	
	0	46	1	80	2	67	3	23	4	68	5	60	6	16	7	79	8	18	9	99	10	55	11	89	12	99	13	98	14	52	15	50	16	64	17	14	18	72	19	72	20	50	21	21	22	20	23	68	24	46	25	19	26	97	27	99	28	10	29	77	
	0	27	1	28	2	63	3	20	4	69	5	15	6	39	7	31	8	26	9	60	10	86	11	75	12	12	13	25	14	43	15	90	16	53	17	73	18	12	19	33	20	80	21	75	22	61	23	50	24	16	25	97	26	48	27	34	28	55	29	61	
	0	59	1	93	2	92	3	93	4	18	5	69	6	79	7	71	8	48	9	88	10	51	11	84	12	74	13	25	14	70	15	79	16	89	17	38	18	51	19	85	20	87	21	28	22	60	23	44	24	79	25	100	26	68	27	44	28	67	29	95	
	0	51	1	45	2	48	3	53	4	75	5	28	6	14	7	71	8	72	9	27	10	75	11	96	12	43	13	60	14	19	15	55	16	16	17	64	18	65	19	62	20	66	21	10	22	23	23	72	24	51	25	21	26	87	27	88	28	73	29	54	
	0	45	1	100	2	33	3	17	4	77	5	11	6	32	7	66	8	19	9	96	10	27	11	10	12	27	13	73	14	63	15	60	16	35	17	46	18	98	19	29	20	84	21	30	22	13	23	90	24	25	25	83	26	65	27	31	28	14	29	75	
	0	54	1	13	2	68	3	68	4	95	5	61	6	20	7	27	8	74	9	55	10	21	11	18	12	47	13	62	14	78	15	36	16	14	17	32	18	75	19	44	20	62	21	39	22	55	23	72	24	14	25	46	26	69	27	80	28	89	29	19	
	0	66	1	88	2	93	3	24	4	97	5	91	6	19	7	81	8	13	9	12	10	75	11	90	12	49	13	29	14	83	15	77	16	94	17	26	18	51	19	56	20	22	21	92	22	95	23	92	24	57	25	73	26	86	27	44	28	77	29	85	
	0	92	1	13	2	57	3	55	4	28	5	50	6	64	7	28	8	51	9	49	10	69	11	79	12	52	13	21	14	75	15	18	16	16	17	47	18	42	19	11	20	100	21	71	22	14	23	61	24	89	25	87	26	31	27	21	28	65	29	96	
	0	14	1	59	2	47	3	94	4	76	5	78	6	19	7	61	8	53	9	12	10	17	11	94	12	80	13	36	14	79	15	74	16	83	17	55	18	65	19	79	20	43	21	82	22	81	23	97	24	70	25	80	26	34	27	45	28	86	29	80	
	0	36	1	20	2	31	3	65	4	63	5	82	6	54	7	34	8	40	9	28	10	27	11	82	12	36	13	83	14	86	15	95	16	65	17	89	18	70	19	61	20	37	21	37	22	33	23	36	24	54	25	31	26	52	27	66	28	87	29	17	
	0	95	1	54	2	47	3	28	4	26	5	22	6	95	7	60	8	25	9	49	10	37	11	42	12	91	13	52	14	71	15	48	16	55	17	25	18	51	19	18	20	64	21	16	22	70	23	75	24	70	25	62	26	88	27	75	28	54	29	65	
	0	74	1	20	2	96	3	62	4	79	5	38	6	62	7	56	8	47	9	88	10	76	11	21	12	54	13	27	14	30	15	95	16	63	17	25	18	13	19	19	20	17	21	21	22	82	23	35	24	83	25	23	26	61	27	30	28	90	29	37	
	0	81	1	20	2	19	3	60	4	27	5	31	6	11	7	87	8	20	9	29	10	20	11	11	12	64	13	54	14	76	15	89	16	25	17	83	18	46	19	87	20	40	21	81	22	78	23	78	24	22	25	38	26	43	27	86	28	81	29	29	
	0	64	1	49	2	20	3	26	4	92	5	32	6	52	7	14	8	81	9	40	10	62	11	50	12	72	13	65	14	86	15	27	16	42	17	67	18	56	19	95	20	42	21	33	22	70	23	36	24	63	25	53	26	71	27	52	28	11	29	17	
	0	81	1	81	2	11	3	68	4	87	5	100	6	48	7	75	8	43	9	14	10	75	11	71	12	30	13	45	14	71	15	11	16	72	17	69	18	98	19	42	20	61	21	35	22	25	23	71	24	75	25	64	26	65	27	41	28	74	29	53	
	0	12	1	87	2	57	3	89	4	75	5	53	6	14	7	23	8	11	9	80	10	78	11	58	12	91	13	57	14	98	15	84	16	86	17	52	18	97	19	34	20	75	21	24	22	10	23	10	24	98	25	85	26	61	27	82	28	49	29	87	
	0	19	1	93	2	16	3	100	4	23	5	100	6	32	7	79	8	48	9	39	10	94	11	98	12	48	13	32	14	34	15	22	16	65	17	70	18	56	19	47	20	26	21	34	22	20	23	85	24	93	25	56	26	80	27	88	28	36	29	14	
	0	23	1	63	2	92	3	41	4	57	5	90	6	90	7	19	8	26	9	58	10	52	11	82	12	64	13	85	14	20	15	21	16	56	17	49	18	99	19	92	20	64	21	40	22	25	23	30	24	75	25	41	26	43	27	66	28	14	29	18	
	0	63	1	37	2	96	3	87	4	21	5	11	6	60	7	84	8	16	9	80	10	84	11	42	12	52	13	25	14	84	15	16	16	63	17	75	18	34	19	47	20	24	21	91	22	29	23	15	24	77	25	88	26	27	27	46	28	45	29	78	
	0	62	1	25	2	96	3	26	4	90	5	23	6	29	7	69	8	39	9	56	10	39	11	93	12	90	13	29	14	76	15	19	16	24	17	22	18	98	19	44	20	94	21	45	22	25	23	45	24	23	25	52	26	77	27	68	28	40	29	29	
	0	66	1	16	2	72	3	81	4	75	5	47	6	80	7	42	8	18	9	19	10	86	11	94	12	47	13	85	14	77	15	67	16	97	17	69	18	100	19	93	20	65	21	30	22	40	23	20	24	26	25	57	26	82	27	73	28	87	29	48	
	0	80	1	58	2	73	3	81	4	69	5	80	6	48	7	66	8	21	9	83	10	66	11	47	12	53	13	27	14	78	15	23	16	43	17	58	18	36	19	73	20	95	21	62	22	67	23	82	24	54	25	46	26	49	27	26	28	49	29	67	
	0	32	1	61	2	12	3	45	4	65	5	46	6	13	7	92	8	56	9	70	10	11	11	64	12	98	13	55	14	90	15	63	16	86	17	80	18	14	19	49	20	33	21	54	22	20	23	28	24	59	25	81	26	17	27	62	28	81	29	80	
	0	50	1	48	2	31	3	61	4	77	5	44	6	43	7	63	8	31	9	47	10	67	11	55	12	81	13	41	14	89	15	76	16	72	17	96	18	73	19	74	20	35	21	49	22	18	23	92	24	59	25	57	26	20	27	26	28	49	29	31	
	0	99	1	66	2	70	3	50	4	13	5	74	6	18	7	35	8	76	9	27	10	33	11	17	12	23	13	40	14	84	15	81	16	14	17	75	18	70	19	23	20	66	21	81	22	49	23	66	24	50	25	83	26	93	27	87	28	100	29	39	
	0	22	1	53	2	67	3	69	4	89	5	86	6	13	7	52	8	53	9	92	10	66	11	45	12	75	13	69	14	77	15	57	16	16	17	42	18	87	19	43	20	69	21	78	22	67	23	28	24	15	25	56	26	86	27	82	28	72	29	43	
	0	29	1	15	2	46	3	83	4	87	5	51	6	11	7	18	8	97	9	95	10	62	11	79	12	58	13	32	14	61	15	84	16	80	17	45	18	80	19	45	20	97	21	95	22	38	23	67	24	27	25	22	26	78	27	62	28	95	29	97	
	0	64	1	57	2	16	3	75	4	62	5	90	6	83	7	54	8	61	9	58	10	55	11	40	12	40	13	85	14	93	15	28	16	62	17	48	18	84	19	42	20	92	21	47	22	38	23	30	24	86	25	71	26	61	27	92	28	59	29	75	
	0	32	1	71	2	15	3	25	4	51	5	97	6	48	7	99	8	23	9	58	10	78	11	91	12	89	13	73	14	60	15	55	16	57	17	49	18	89	19	97	20	81	21	10	22	36	23	64	24	77	25	66	26	100	27	92	28	92	29	65	
	0	29	1	83	2	27	3	82	4	83	5	30	6	25	7	46	8	23	9	39	10	37	11	79	12	70	13	51	14	92	15	32	16	69	17	86	18	31	19	100	20	96	21	20	22	86	23	90	24	10	25	11	26	90	27	90	28	86	29	42	
	0	60	1	67	2	15	3	58	4	68	5	17	6	62	7	44	8	15	9	71	10	66	11	67	12	37	13	35	14	98	15	60	16	50	17	53	18	78	19	88	20	69	21	19	22	59	23	14	24	79	25	96	26	30	27	34	28	42	29	11	
	0	27	1	90	2	59	3	92	4	58	5	62	6	96	7	50	8	39	9	17	10	71	11	16	12	40	13	91	14	92	15	84	16	23	17	18	18	40	19	55	20	12	21	55	22	84	23	56	24	65	25	30	26	30	27	13	28	50	29	71	
	0	81	1	59	2	46	3	40	4	43	5	53	6	29	7	46	8	55	9	62	10	43	11	70	12	76	13	68	14	64	15	79	16	95	17	71	18	63	19	91	20	31	21	72	22	93	23	23	24	52	25	13	26	44	27	49	28	13	29	69	
	0	10	1	63	2	60	3	54	4	14	5	82	6	35	7	45	8	88	9	15	10	34	11	33	12	97	13	69	14	29	15	44	16	16	17	95	18	67	19	44	20	74	21	64	22	52	23	63	24	25	25	38	26	43	27	39	28	66	29	85	
	0	38	1	21	2	90	3	70	4	80	5	34	6	38	7	21	8	33	9	42	10	16	11	80	12	73	13	84	14	96	15	58	16	46	17	97	18	28	19	18	20	94	21	65	22	15	23	19	24	38	25	69	26	35	27	35	28	88	29	93	
	0	13	1	66	2	50	3	91	4	54	5	49	6	24	7	19	8	82	9	55	10	79	11	79	12	99	13	25	14	59	15	90	16	63	17	27	18	32	19	44	20	60	21	64	22	43	23	37	24	18	25	28	26	91	27	84	28	89	29	35	
	0	78	1	88	2	50	3	29	4	28	5	30	6	57	7	94	8	63	9	13	10	87	11	56	12	97	13	14	14	77	15	67	16	13	17	33	18	68	19	13	20	37	21	33	22	81	23	10	24	53	25	31	26	84	27	80	28	38	29	79	
	0	42	1	67	2	39	3	85	4	37	5	29	6	18	7	79	8	33	9	61	10	91	11	56	12	80	13	94	14	78	15	36	16	84	17	73	18	22	19	74	20	14	21	87	22	67	23	17	24	83	25	22	26	22	27	69	28	98	29	72	
	0	64	1	83	2	44	3	65	4	31	5	30	6	57	7	76	8	22	9	98	10	54	11	71	12	43	13	17	14	76	15	17	16	81	17	84	18	26	19	18	20	80	21	38	22	55	23	73	24	83	25	61	26	40	27	19	28	41	29	25	
	0	20	1	96	2	76	3	24	4	11	5	90	6	84	7	46	8	68	9	60	10	61	11	66	12	60	13	93	14	88	15	30	16	39	17	28	18	89	19	69	20	52	21	86	22	92	23	33	24	20	25	91	26	39	27	87	28	13	29	55	
	0	30	1	97	2	80	3	37	4	25	5	45	6	90	7	53	8	74	9	77	10	85	11	73	12	52	13	17	14	23	15	76	16	96	17	47	18	66	19	14	20	90	21	61	22	93	23	24	24	61	25	45	26	68	27	20	28	42	29	20	
	0	77	1	13	2	24	3	75	4	95	5	24	6	83	7	31	8	96	9	22	10	54	11	47	12	58	13	49	14	100	15	100	16	31	17	10	18	73	19	75	20	95	21	12	22	62	23	28	24	12	25	42	26	63	27	37	28	77	29	25	
	0	49	1	64	2	72	3	33	4	80	5	24	6	13	7	53	8	97	9	29	10	60	11	60	12	50	13	26	14	26	15	76	16	20	17	84	18	21	19	60	20	20	21	52	22	69	23	16	24	86	25	10	26	41	27	36	28	31	29	76	
	0	12	1	66	2	88	3	40	4	93	5	21	6	45	7	31	8	78	9	65	10	15	11	44	12	96	13	87	14	73	15	87	16	23	17	25	18	81	19	11	20	75	21	29	22	64	23	73	24	19	25	33	26	30	27	95	28	61	29	54	
	0	46	1	64	2	18	3	62	4	26	5	35	6	14	7	89	8	50	9	96	10	72	11	56	12	48	13	23	14	93	15	73	16	97	17	17	18	16	19	84	20	50	21	62	22	51	23	27	24	34	25	10	26	64	27	26	28	30	29	46	
	0	39	1	29	2	16	3	93	4	74	5	54	6	73	7	72	8	95	9	58	10	44	11	49	12	79	13	76	14	43	15	46	16	64	17	91	18	62	19	25	20	45	21	67	22	93	23	14	24	35	25	15	26	19	27	51	28	72	29	14	
	0	75	1	53	2	24	3	80	4	56	5	51	6	91	7	38	8	78	9	17	10	35	11	81	12	73	13	72	14	48	15	60	16	45	17	100	18	51	19	44	20	22	21	23	22	37	23	16	24	49	25	78	26	15	27	14	28	96	29	100	
	0	92	1	57	2	42	3	59	4	28	5	63	6	44	7	88	8	74	9	13	10	83	11	81	12	13	13	99	14	38	15	32	16	90	17	14	18	82	19	75	20	71	21	57	22	43	23	19	24	71	25	69	26	35	27	45	28	11	29	23	
	0	19	1	34	2	69	3	97	4	33	5	35	6	53	7	35	8	80	9	62	10	98	11	67	12	34	13	57	14	54	15	60	16	16	17	42	18	46	19	27	20	71	21	97	22	13	23	50	24	99	25	88	26	21	27	21	28	25	29	23	
	0	73	1	35	2	68	3	24	4	19	5	20	6	18	7	82	8	19	9	60	10	56	11	64	12	28	13	85	14	29	15	47	16	51	17	46	18	56	19	28	20	25	21	67	22	50	23	44	24	56	25	100	26	77	27	66	28	32	29	18	
	0	11	1	26	2	49	3	82	4	34	5	49	6	29	7	15	8	93	9	62	10	12	11	92	12	89	13	46	14	35	15	22	16	24	17	40	18	68	19	13	20	67	21	85	22	15	23	57	24	33	25	37	26	47	27	75	28	64	29	78	
	0	76	1	67	2	68	3	56	4	70	5	57	6	58	7	49	8	85	9	81	10	16	11	35	12	15	13	87	14	50	15	59	16	69	17	89	18	84	19	86	20	95	21	96	22	77	23	10	24	49	25	49	26	42	27	34	28	78	29	84	
	0	96	1	45	2	68	3	82	4	18	5	75	6	69	7	89	8	23	9	96	10	32	11	30	12	74	13	37	14	15	15	72	16	96	17	38	18	23	19	36	20	34	21	24	22	61	23	86	24	30	25	22	26	74	27	52	28	100	29	74	
	0	98	1	46	2	72	3	41	4	40	5	92	6	71	7	43	8	18	9	81	10	52	11	67	12	57	13	22	14	34	15	15	16	27	17	55	18	38	19	13	20	90	21	84	22	64	23	41	24	20	25	99	26	72	27	87	28	65	29	56	
	0	85	1	49	2	44	3	52	4	75	5	16	6	78	7	42	8	16	9	20	10	94	11	36	12	94	13	75	14	93	15	47	16	82	17	12	18	80	19	17	20	15	21	82	22	30	23	43	24	91	25	68	26	75	27	100	28	90	29	62	
	0	14	1	57	2	35	3	80	4	73	5	40	6	46	7	18	8	40	9	77	10	63	11	58	12	92	13	86	14	80	15	60	16	52	17	32	18	55	19	34	20	78	21	65	22	76	23	14	24	25	25	95	26	36	27	90	28	15	29	78	
	0	28	1	33	2	70	3	49	4	11	5	36	6	43	7	20	8	66	9	16	10	45	11	95	12	20	13	26	14	62	15	43	16	66	17	30	18	44	19	76	20	19	21	19	22	68	23	39	24	60	25	57	26	12	27	73	28	66	29	69	
	0	79	1	91	2	86	3	59	4	18	5	26	6	38	7	44	8	72	9	29	10	77	11	49	12	40	13	58	14	38	15	56	16	67	17	87	18	61	19	40	20	89	21	42	22	18	23	60	24	43	25	62	26	64	27	87	28	44	29	39	
	0	96	1	74	2	98	3	73	4	26	5	73	6	66	7	98	8	67	9	20	10	68	11	90	12	76	13	79	14	82	15	26	16	30	17	50	18	62	19	48	20	94	21	75	22	91	23	15	24	87	25	87	26	58	27	61	28	57	29	23	
	0	28	1	39	2	81	3	56	4	96	5	21	6	31	7	19	8	24	9	100	10	10	11	26	12	24	13	16	14	94	15	16	16	44	17	50	18	53	19	53	20	37	21	65	22	31	23	93	24	30	25	97	26	53	27	93	28	13	29	59	
	0	44	1	15	2	24	3	92	4	17	5	72	6	50	7	86	8	97	9	73	10	53	11	11	12	40	13	80	14	97	15	52	16	57	17	34	18	43	19	54	20	29	21	32	22	96	23	86	24	77	25	45	26	40	27	49	28	49	29	61	
	0	99	1	63	2	94	3	98	4	89	5	19	6	21	7	30	8	34	9	66	10	70	11	77	12	72	13	32	14	98	15	24	16	34	17	28	18	40	19	36	20	48	21	46	22	12	23	82	24	19	25	96	26	65	27	32	28	61	29	17	
	0	23	1	14	2	31	3	97	4	19	5	55	6	97	7	97	8	55	9	15	10	35	11	39	12	39	13	13	14	45	15	12	16	84	17	29	18	87	19	50	20	37	21	33	22	49	23	35	24	27	25	53	26	24	27	60	28	35	29	63	
	0	72	1	97	2	85	3	91	4	84	5	88	6	48	7	25	8	57	9	36	10	15	11	55	12	37	13	50	14	25	15	100	16	42	17	64	18	36	19	98	20	87	21	42	22	86	23	17	24	80	25	38	26	88	27	18	28	83	29	10	
	0	69	1	71	2	86	3	70	4	62	5	36	6	48	7	91	8	98	9	35	10	43	11	31	12	27	13	89	14	26	15	28	16	79	17	22	18	79	19	44	20	50	21	68	22	99	23	69	24	79	25	67	26	51	27	93	28	35	29	78	
	0	21	1	64	2	15	3	62	4	52	5	21	6	28	7	50	8	13	9	75	10	70	11	66	12	83	13	42	14	33	15	91	16	68	17	52	18	46	19	24	20	61	21	100	22	36	23	62	24	92	25	62	26	45	27	90	28	28	29	70	
	0	60	1	71	2	56	3	96	4	87	5	67	6	31	7	57	8	90	9	84	10	87	11	20	12	63	13	87	14	10	15	43	16	32	17	26	18	40	19	29	20	77	21	34	22	44	23	56	24	87	25	67	26	77	27	98	28	29	29	21	
	0	25	1	73	2	25	3	79	4	37	5	76	6	12	7	82	8	25	9	22	10	71	11	93	12	98	13	55	14	56	15	63	16	89	17	50	18	14	19	83	20	90	21	98	22	46	23	64	24	92	25	81	26	42	27	94	28	13	29	31	
	0	44	1	58	2	50	3	78	4	31	5	22	6	80	7	10	8	26	9	42	10	87	11	67	12	65	13	43	14	43	15	57	16	36	17	84	18	58	19	75	20	12	21	66	22	99	23	50	24	79	25	94	26	19	27	67	28	19	29	74	
	0	80	1	29	2	13	3	41	4	13	5	71	6	56	7	84	8	34	9	51	10	24	11	23	12	42	13	99	14	57	15	31	16	81	17	67	18	10	19	87	20	97	21	92	22	49	23	49	24	79	25	37	26	38	27	57	28	18	29	33	
	0	96	1	37	2	89	3	87	4	19	5	88	6	22	7	66	8	66	9	63	10	53	11	45	12	53	13	49	14	38	15	98	16	20	17	92	18	23	19	89	20	24	21	78	22	94	23	12	24	49	25	21	26	18	27	56	28	34	29	60	
	0	60	1	78	2	97	3	77	4	10	5	47	6	14	7	98	8	56	9	74	10	68	11	58	12	32	13	60	14	54	15	59	16	71	17	56	18	56	19	35	20	61	21	23	22	51	23	76	24	27	25	30	26	87	27	33	28	45	29	41	
	0	73	1	49	2	94	3	76	4	49	5	34	6	10	7	28	8	93	9	14	10	70	11	79	12	65	13	33	14	83	15	35	16	70	17	87	18	60	19	61	20	88	21	26	22	23	23	78	24	51	25	29	26	57	27	84	28	37	29	80	
	0	51	1	49	2	61	3	96	4	91	5	13	6	44	7	42	8	77	9	23	10	70	11	78	12	98	13	91	14	68	15	93	16	84	17	67	18	33	19	91	20	55	21	75	22	79	23	71	24	83	25	80	26	24	27	70	28	32	29	36	
	0	51	1	50	2	74	3	70	4	55	5	28	6	100	7	100	8	41	9	39	10	85	11	97	12	20	13	15	14	17	15	64	16	70	17	61	18	53	19	70	20	12	21	87	22	60	23	42	24	55	25	47	26	61	27	64	28	92	29	73	
	0	98	1	58	2	12	3	99	4	28	5	17	6	56	7	76	8	83	9	45	10	66	11	21	12	60	13	48	14	62	15	12	16	53	17	28	18	40	19	55	20	20	21	88	22	27	23	42	24	40	25	78	26	48	27	52	28	47	29	97	
	0	62	1	76	2	86	3	49	4	63	5	90	6	33	7	18	8	83	9	27	10	16	11	67	12	18	13	43	14	54	15	32	16	10	17	54	18	72	19	69	20	11	21	88	22	61	23	44	24	73	25	31	26	94	27	41	28	30	29	69	
	0	83	1	100	2	92	3	79	4	48	5	13	6	32	7	93	8	34	9	34	10	21	11	28	12	31	13	56	14	92	15	48	16	68	17	52	18	39	19	35	20	69	21	67	22	34	23	44	24	51	25	58	26	26	27	66	28	49	29	92	
	0	66	1	88	2	66	3	40	4	95	5	83	6	99	7	40	8	44	9	32	10	38	11	98	12	14	13	32	14	75	15	29	16	77	17	30	18	80	19	86	20	17	21	77	22	26	23	58	24	10	25	100	26	33	27	91	28	56	29	80	
	0	18	1	17	2	44	3	12	4	32	5	57	6	81	7	75	8	81	9	47	10	44	11	75	12	44	13	14	14	37	15	44	16	24	17	92	18	100	19	74	20	36	21	14	22	95	23	78	24	56	25	26	26	48	27	44	28	71	29	54	
	0	51	1	52	2	81	3	20	4	80	5	73	6	44	7	96	8	54	9	57	10	18	11	11	12	90	13	79	14	60	15	14	16	46	17	22	18	68	19	61	20	88	21	65	22	57	23	36	24	14	25	60	26	44	27	30	28	44	29	36	
	0	100	1	12	2	41	3	96	4	92	5	81	6	25	7	60	8	68	9	85	10	63	11	100	12	86	13	67	14	77	15	89	16	47	17	86	18	25	19	25	20	18	21	93	22	79	23	54	24	38	25	73	26	70	27	72	28	28	29	90	
	0	53	1	16	2	80	3	51	4	77	5	95	6	51	7	92	8	81	9	96	10	57	11	20	12	70	13	35	14	20	15	67	16	30	17	25	18	34	19	63	20	25	21	100	22	96	23	17	24	40	25	84	26	35	27	89	28	50	29	67	
	0	11	1	93	2	90	3	16	4	70	5	66	6	48	7	93	8	52	9	40	10	35	11	55	12	33	13	77	14	35	15	56	16	19	17	29	18	71	19	19	20	53	21	75	22	42	23	25	24	100	25	71	26	87	27	97	28	80	29	46	
	0	64	1	100	2	82	3	58	4	30	5	28	6	82	7	23	8	42	9	85	10	36	11	54	12	91	13	77	14	14	15	36	16	27	17	65	18	49	19	99	20	78	21	78	22	23	23	65	24	56	25	89	26	62	27	54	28	76	29	56	
	0	63	1	35	2	60	3	38	4	48	5	53	6	60	7	99	8	92	9	22	10	17	11	78	12	40	13	97	14	56	15	95	16	24	17	12	18	40	19	100	20	35	21	62	22	94	23	10	24	27	25	45	26	23	27	51	28	10	29	38	
	0	23	1	28	2	42	3	41	4	99	5	14	6	56	7	89	8	39	9	78	10	66	11	28	12	16	13	89	14	62	15	34	16	12	17	26	18	10	19	82	20	99	21	66	22	86	23	97	24	26	25	69	26	49	27	35	28	63	29	97	
	0	91	1	90	2	68	3	57	4	77	5	60	6	63	7	62	8	15	9	20	10	57	11	59	12	47	13	40	14	72	15	90	16	30	17	92	18	95	19	76	20	85	21	32	22	53	23	89	24	57	25	87	26	49	27	23	28	71	29	26	
	0	19	1	55	2	70	3	33	4	25	5	37	6	63	7	63	8	93	9	87	10	44	11	80	12	50	13	98	14	69	15	40	16	72	17	50	18	84	19	70	20	49	21	73	22	17	23	73	24	38	25	71	26	21	27	44	28	48	29	96	
	0	97	1	83	2	16	3	61	4	89	5	57	6	79	7	28	8	39	9	22	10	69	11	90	12	43	13	45	14	31	15	94	16	52	17	34	18	89	19	10	20	17	21	98	22	47	23	88	24	97	25	26	26	62	27	86	28	84	29	72	
	0	74	1	91	2	35	3	61	4	79	5	26	6	44	7	29	8	67	9	75	10	93	11	88	12	41	13	94	14	10	15	71	16	55	17	53	18	63	19	54	20	46	21	12	22	57	23	50	24	69	25	89	26	98	27	40	28	85	29	61	
	0	82	1	60	2	95	3	94	4	63	5	30	6	73	7	27	8	15	9	100	10	71	11	48	12	77	13	99	14	12	15	74	16	89	17	23	18	46	19	39	20	44	21	68	22	48	23	91	24	56	25	79	26	48	27	89	28	42	29	46	
	0	56	1	32	2	37	3	80	4	27	5	71	6	19	7	44	8	89	9	48	10	23	11	13	12	71	13	17	14	30	15	36	16	73	17	23	18	36	19	28	20	35	21	28	22	80	23	70	24	76	25	91	26	85	27	55	28	83	29	98	
	0	35	1	39	2	48	3	65	4	56	5	64	6	11	7	29	8	25	9	20	10	15	11	57	12	61	13	41	14	86	15	20	16	14	17	38	18	35	19	60	20	82	21	13	22	85	23	28	24	24	25	31	26	28	27	44	28	59	29	35	
	0	17	1	74	2	91	3	25	4	24	5	25	6	87	7	62	8	84	9	88	10	88	11	92	12	29	13	76	14	14	15	58	16	29	17	87	18	97	19	96	20	61	21	99	22	41	23	65	24	66	25	97	26	48	27	90	28	54	29	65	
	0	51	1	19	2	61	3	31	4	80	5	30	6	22	7	47	8	95	9	19	10	21	11	40	12	91	13	72	14	80	15	39	16	74	17	25	18	57	19	59	20	75	21	42	22	25	23	56	24	63	25	63	26	38	27	53	28	98	29	67	
	0	74	1	84	2	61	3	85	4	96	5	13	6	13	7	24	8	35	9	44	10	90	11	58	12	17	13	61	14	70	15	22	16	63	17	39	18	25	19	62	20	51	21	98	22	31	23	37	24	84	25	47	26	17	27	66	28	16	29	42	
	0	100	1	26	2	33	3	97	4	79	5	36	6	20	7	38	8	64	9	62	10	81	11	31	12	91	13	59	14	54	15	12	16	82	17	34	18	90	19	79	20	87	21	20	22	34	23	37	24	13	25	40	26	59	27	65	28	10	29	42	
	0	32	1	43	2	100	3	83	4	21	5	52	6	82	7	65	8	14	9	66	10	58	11	65	12	92	13	11	14	96	15	14	16	53	17	66	18	23	19	12	20	92	21	26	22	96	23	27	24	87	25	22	26	84	27	10	28	44	29	83	
	0	44	1	45	2	14	3	85	4	83	5	39	6	17	7	64	8	15	9	93	10	79	11	18	12	83	13	95	14	91	15	12	16	36	17	69	18	80	19	83	20	90	21	85	22	52	23	12	24	10	25	23	26	92	27	24	28	97	29	10	
	0	53	1	87	2	29	3	41	4	17	5	86	6	42	7	40	8	25	9	97	10	52	11	52	12	45	13	22	14	32	15	57	16	90	17	33	18	97	19	68	20	13	21	51	22	49	23	65	24	67	25	84	26	98	27	65	28	67	29	67	
	0	91	1	69	2	56	3	31	4	90	5	71	6	43	7	28	8	78	9	28	10	85	11	26	12	78	13	16	14	71	15	23	16	56	17	99	18	67	19	41	20	57	21	96	22	61	23	11	24	82	25	27	26	24	27	72	28	42	29	31	
	0	19	1	55	2	24	3	37	4	91	5	38	6	79	7	87	8	90	9	40	10	83	11	37	12	14	13	11	14	70	15	98	16	62	17	31	18	58	19	67	20	98	21	60	22	90	23	19	24	17	25	64	26	56	27	57	28	13	29	35	
	0	70	1	29	2	86	3	75	4	86	5	22	6	64	7	48	8	83	9	14	10	49	11	75	12	46	13	18	14	61	15	42	16	18	17	16	18	43	19	98	20	38	21	64	22	88	23	86	24	84	25	28	26	81	27	58	28	75	29	29	
	0	87	1	12	2	24	3	79	4	94	5	36	6	85	7	73	8	68	9	84	10	98	11	44	12	60	13	78	14	70	15	100	16	61	17	87	18	45	19	90	20	58	21	14	22	100	23	46	24	34	25	78	26	87	27	84	28	38	29	31	
	0	92	1	19	2	76	3	51	4	24	5	95	6	91	7	56	8	10	9	83	10	46	11	38	12	83	13	84	14	99	15	32	16	68	17	95	18	12	19	38	20	93	21	63	22	91	23	51	24	20	25	27	26	83	27	74	28	88	29	45	
	0	43	1	13	2	12	3	97	4	72	5	61	6	93	7	84	8	22	9	68	10	85	11	39	12	94	13	77	14	80	15	81	16	10	17	86	18	26	19	16	20	85	21	19	22	71	23	78	24	31	25	43	26	21	27	33	28	85	29	18	
	0	12	1	14	2	12	3	49	4	44	5	60	6	25	7	73	8	57	9	52	10	24	11	54	12	49	13	46	14	56	15	60	16	41	17	56	18	55	19	83	20	89	21	77	22	57	23	32	24	51	25	88	26	20	27	48	28	34	29	100	
	0	77	1	68	2	82	3	98	4	30	5	36	6	40	7	42	8	94	9	31	10	17	11	54	12	17	13	29	14	98	15	39	16	78	17	13	18	11	19	16	20	75	21	94	22	52	23	69	24	89	25	12	26	82	27	50	28	95	29	88	
	0	60	1	100	2	79	3	58	4	61	5	32	6	18	7	97	8	12	9	43	10	97	11	83	12	36	13	64	14	71	15	92	16	38	17	54	18	88	19	27	20	65	21	88	22	90	23	18	24	90	25	95	26	67	27	100	28	41	29	30	
	0	75	1	69	2	18	3	35	4	82	5	66	6	19	7	94	8	75	9	53	10	70	11	90	12	64	13	29	14	14	15	27	16	87	17	59	18	52	19	61	20	15	21	37	22	52	23	90	24	12	25	26	26	74	27	94	28	11	29	19	
	0	29	1	34	2	86	3	56	4	70	5	91	6	82	7	57	8	61	9	39	10	15	11	33	12	44	13	41	14	10	15	72	16	43	17	14	18	38	19	20	20	31	21	17	22	63	23	28	24	84	25	90	26	80	27	52	28	35	29	49	
	0	52	1	24	2	44	3	62	4	66	5	35	6	58	7	47	8	24	9	23	10	94	11	13	12	44	13	23	14	43	15	53	16	68	17	83	18	44	19	97	20	48	21	21	22	59	23	60	24	51	25	40	26	59	27	95	28	61	29	46	
	0	75	1	72	2	98	3	16	4	39	5	65	6	29	7	44	8	33	9	21	10	88	11	28	12	80	13	97	14	70	15	93	16	41	17	64	18	75	19	59	20	76	21	63	22	34	23	22	24	76	25	82	26	61	27	38	28	30	29	54	
	0	35	1	69	2	94	3	78	4	17	5	24	6	62	7	25	8	93	9	56	10	95	11	21	12	75	13	58	14	58	15	21	16	41	17	94	18	31	19	42	20	74	21	43	22	19	23	66	24	33	25	47	26	59	27	34	28	83	29	11	
	0	68	1	91	2	68	3	51	4	31	5	77	6	61	7	74	8	57	9	21	10	70	11	93	12	90	13	34	14	18	15	34	16	45	17	73	18	50	19	45	20	29	21	10	22	58	23	12	24	29	25	61	26	61	27	80	28	26	29	57	
	0	59	1	67	2	18	3	70	4	13	5	43	6	94	7	39	8	31	9	24	10	71	11	88	12	89	13	42	14	16	15	73	16	30	17	85	18	81	19	27	20	64	21	38	22	33	23	32	24	10	25	19	26	11	27	98	28	87	29	49	
	0	15	1	90	2	77	3	34	4	59	5	48	6	25	7	41	8	48	9	59	10	39	11	40	12	88	13	72	14	71	15	12	16	54	17	83	18	46	19	91	20	18	21	45	22	93	23	59	24	92	25	91	26	19	27	60	28	31	29	87	
	0	22	1	69	2	59	3	25	4	14	5	79	6	15	7	28	8	32	9	75	10	30	11	24	12	11	13	60	14	92	15	40	16	75	17	48	18	63	19	38	20	12	21	66	22	11	23	97	24	53	25	91	26	14	27	16	28	59	29	14	
	0	77	1	92	2	22	3	19	4	41	5	47	6	18	7	30	8	88	9	97	10	28	11	37	12	31	13	26	14	14	15	92	16	96	17	93	18	97	19	55	20	57	21	34	22	74	23	17	24	26	25	28	26	55	27	50	28	34	29	21	
	0	83	1	58	2	81	3	21	4	53	5	31	6	18	7	78	8	28	9	43	10	81	11	12	12	45	13	63	14	81	15	85	16	79	17	32	18	57	19	89	20	87	21	24	22	14	23	57	24	56	25	72	26	49	27	59	28	28	29	51	
	0	43	1	72	2	57	3	51	4	16	5	46	6	65	7	35	8	22	9	52	10	73	11	28	12	49	13	44	14	21	15	46	16	86	17	69	18	80	19	46	20	78	21	45	22	87	23	95	24	60	25	93	26	17	27	53	28	11	29	19	
	0	66	1	35	2	49	3	21	4	31	5	66	6	83	7	59	8	71	9	62	10	34	11	90	12	92	13	92	14	62	15	21	16	10	17	50	18	95	19	13	20	51	21	29	22	21	23	74	24	95	25	40	26	66	27	95	28	77	29	47	
	0	20	1	28	2	21	3	90	4	27	5	72	6	33	7	64	8	74	9	32	10	42	11	69	12	46	13	25	14	82	15	68	16	55	17	38	18	15	19	42	20	87	21	18	22	63	23	47	24	46	25	31	26	43	27	75	28	19	29	77	
	0	48	1	14	2	23	3	69	4	34	5	45	6	27	7	38	8	77	9	51	10	52	11	34	12	39	13	26	14	56	15	77	16	97	17	98	18	62	19	12	20	19	21	54	22	34	23	34	24	32	25	48	26	37	27	31	28	32	29	25	
	0	96	1	100	2	29	3	50	4	72	5	30	6	95	7	82	8	94	9	28	10	55	11	13	12	46	13	38	14	76	15	85	16	27	17	21	18	17	19	46	20	53	21	30	22	31	23	28	24	91	25	54	26	57	27	14	28	88	29	59	
	0	19	1	85	2	72	3	15	4	38	5	78	6	48	7	58	8	52	9	93	10	56	11	75	12	72	13	58	14	52	15	16	16	64	17	41	18	10	19	71	20	59	21	93	22	76	23	87	24	29	25	97	26	33	27	95	28	95	29	80	
	0	50	1	92	2	10	3	99	4	74	5	17	6	99	7	60	8	48	9	93	10	26	11	92	12	62	13	14	14	12	15	67	16	93	17	72	18	91	19	61	20	60	21	76	22	28	23	94	24	21	25	85	26	83	27	63	28	56	29	57	
	0	15	1	46	2	70	3	25	4	31	5	54	6	10	7	99	8	63	9	25	10	44	11	32	12	77	13	18	14	61	15	26	16	69	17	18	18	44	19	94	20	24	21	51	22	35	23	15	24	89	25	34	26	80	27	34	28	76	29	64	
	0	72	1	54	2	56	3	78	4	65	5	60	6	17	7	23	8	15	9	91	10	40	11	96	12	13	13	43	14	12	15	28	16	92	17	48	18	33	19	27	20	50	21	77	22	39	23	95	24	12	25	89	26	92	27	91	28	34	29	25	
	0	26	1	47	2	11	3	39	4	19	5	28	6	53	7	88	8	38	9	58	10	87	11	61	12	93	13	68	14	93	15	95	16	82	17	32	18	75	19	60	20	28	21	42	22	93	23	42	24	19	25	14	26	41	27	99	28	42	29	70	
	0	23	1	14	2	12	3	26	4	93	5	66	6	45	7	42	8	80	9	57	10	47	11	87	12	11	13	11	14	97	15	25	16	34	17	29	18	85	19	26	20	92	21	17	22	46	23	69	24	22	25	78	26	94	27	71	28	74	29	41	
	0	72	1	91	2	41	3	47	4	95	5	41	6	95	7	29	8	47	9	96	10	95	11	13	12	70	13	89	14	68	15	41	16	88	17	44	18	76	19	31	20	61	21	25	22	37	23	98	24	28	25	100	26	75	27	20	28	40	29	26	
	0	48	1	34	2	37	3	78	4	24	5	39	6	22	7	59	8	33	9	59	10	41	11	18	12	55	13	78	14	64	15	63	16	51	17	23	18	83	19	82	20	26	21	66	22	69	23	91	24	25	25	67	26	35	27	85	28	13	29	32	
	0	29	1	70	2	12	3	89	4	44	5	91	6	84	7	30	8	46	9	86	10	59	11	62	12	37	13	49	14	17	15	20	16	42	17	32	18	79	19	61	20	21	21	79	22	57	23	21	24	62	25	44	26	38	27	80	28	71	29	77	
	0	39	1	66	2	67	3	70	4	89	5	82	6	34	7	66	8	69	9	11	10	24	11	84	12	95	13	32	14	90	15	16	16	55	17	11	18	13	19	47	20	83	21	71	22	93	23	62	24	68	25	66	26	72	27	24	28	22	29	80	
	0	72	1	33	2	66	3	72	4	92	5	55	6	91	7	80	8	39	9	89	10	29	11	89	12	75	13	73	14	100	15	88	16	74	17	12	18	23	19	100	20	46	21	78	22	35	23	91	24	44	25	56	26	76	27	94	28	72	29	90	
	0	32	1	33	2	30	3	94	4	35	5	60	6	58	7	16	8	39	9	31	10	47	11	89	12	42	13	12	14	28	15	57	16	77	17	19	18	24	19	84	20	14	21	69	22	45	23	54	24	88	25	17	26	76	27	11	28	76	29	38	
	0	69	1	73	2	82	3	14	4	82	5	88	6	49	7	46	8	13	9	78	10	84	11	40	12	53	13	33	14	36	15	15	16	57	17	80	18	60	19	80	20	10	21	15	22	31	23	25	24	28	25	87	26	76	27	88	28	59	29	34	
	0	11	1	13	2	24	3	33	4	39	5	71	6	98	7	84	8	81	9	96	10	53	11	30	12	93	13	74	14	22	15	37	16	91	17	26	18	95	19	38	20	91	21	67	22	73	23	17	24	80	25	96	26	64	27	34	28	16	29	18	
	0	19	1	39	2	93	3	81	4	100	5	77	6	39	7	50	8	19	9	74	10	53	11	57	12	85	13	14	14	17	15	60	16	14	17	23	18	70	19	95	20	71	21	36	22	88	23	33	24	48	25	50	26	52	27	73	28	84	29	21	
	0	19	1	72	2	77	3	19	4	75	5	29	6	15	7	36	8	12	9	58	10	70	11	15	12	96	13	77	14	46	15	51	16	60	17	77	18	27	19	82	20	41	21	68	22	31	23	81	24	29	25	76	26	32	27	10	28	68	29	39	
	0	58	1	24	2	28	3	65	4	71	5	29	6	78	7	98	8	59	9	61	10	25	11	49	12	38	13	97	14	61	15	64	16	19	17	43	18	33	19	43	20	22	21	69	22	59	23	17	24	70	25	65	26	14	27	88	28	37	29	23	
	0	73	1	53	2	92	3	13	4	66	5	17	6	39	7	45	8	13	9	87	10	36	11	15	12	26	13	72	14	46	15	34	16	54	17	41	18	49	19	17	20	15	21	39	22	76	23	86	24	81	25	87	26	28	27	74	28	55	29	69	
	0	99	1	61	2	48	3	69	4	88	5	63	6	97	7	88	8	44	9	36	10	97	11	16	12	61	13	12	14	61	15	46	16	79	17	40	18	74	19	35	20	72	21	12	22	46	23	28	24	14	25	56	26	74	27	60	28	31	29	69	
	0	17	1	33	2	49	3	18	4	48	5	36	6	80	7	33	8	97	9	96	10	47	11	27	12	63	13	19	14	88	15	50	16	50	17	74	18	95	19	83	20	34	21	75	22	38	23	37	24	35	25	75	26	45	27	52	28	61	29	27	
	0	39	1	76	2	40	3	72	4	30	5	87	6	58	7	79	8	81	9	79	10	37	11	20	12	19	13	70	14	68	15	74	16	82	17	92	18	39	19	57	20	50	21	80	22	25	23	43	24	34	25	39	26	53	27	44	28	84	29	67	
	0	68	1	83	2	91	3	99	4	85	5	63	6	52	7	24	8	61	9	37	10	22	11	39	12	59	13	85	14	93	15	52	16	31	17	21	18	66	19	66	20	34	21	71	22	42	23	54	24	26	25	99	26	99	27	94	28	100	29	97	
	0	86	1	28	2	41	3	28	4	98	5	60	6	50	7	62	8	28	9	72	10	88	11	28	12	66	13	51	14	27	15	39	16	23	17	87	18	69	19	51	20	25	21	79	22	70	23	62	24	88	25	95	26	71	27	34	28	22	29	28	
	0	19	1	15	2	53	3	52	4	88	5	14	6	31	7	56	8	46	9	78	10	68	11	23	12	13	13	79	14	30	15	53	16	14	17	43	18	64	19	56	20	86	21	87	22	46	23	25	24	19	25	91	26	93	27	45	28	92	29	87	
	0	78	1	59	2	55	3	91	4	38	5	31	6	33	7	83	8	38	9	87	10	78	11	46	12	100	13	36	14	55	15	55	16	64	17	30	18	67	19	74	20	93	21	21	22	92	23	56	24	22	25	29	26	87	27	23	28	30	29	35	
	0	54	1	38	2	79	3	66	4	52	5	40	6	31	7	32	8	96	9	46	10	92	11	14	12	14	13	61	14	23	15	37	16	42	17	56	18	30	19	83	20	13	21	69	22	35	23	20	24	95	25	25	26	57	27	68	28	13	29	77	
	0	73	1	96	2	22	3	73	4	83	5	30	6	82	7	51	8	73	9	42	10	68	11	80	12	71	13	28	14	30	15	49	16	15	17	70	18	14	19	61	20	50	21	58	22	33	23	92	24	75	25	88	26	30	27	73	28	73	29	89	
	0	60	1	97	2	99	3	97	4	66	5	89	6	100	7	31	8	91	9	10	10	89	11	86	12	44	13	13	14	94	15	29	16	40	17	75	18	32	19	47	20	96	21	70	22	59	23	42	24	57	25	22	26	91	27	72	28	97	29	79	
	0	62	1	94	2	71	3	37	4	90	5	85	6	10	7	75	8	47	9	93	10	88	11	87	12	43	13	35	14	58	15	35	16	41	17	22	18	90	19	75	20	16	21	77	22	87	23	19	24	99	25	17	26	61	27	68	28	82	29	14	
	0	47	1	67	2	65	3	62	4	66	5	25	6	92	7	86	8	87	9	14	10	59	11	22	12	39	13	12	14	10	15	54	16	34	17	64	18	53	19	82	20	72	21	43	22	41	23	41	24	42	25	56	26	15	27	31	28	91	29	93	
	0	63	1	87	2	19	3	27	4	83	5	26	6	21	7	73	8	86	9	88	10	87	11	20	12	79	13	10	14	31	15	81	16	76	17	54	18	37	19	50	20	34	21	37	22	75	23	70	24	91	25	88	26	26	27	39	28	87	29	98	
	0	89	1	32	2	76	3	70	4	60	5	88	6	76	7	75	8	37	9	14	10	39	11	56	12	10	13	50	14	35	15	31	16	50	17	81	18	77	19	79	20	14	21	31	22	93	23	42	24	64	25	71	26	99	27	40	28	70	29	51	
	0	98	1	79	2	13	3	96	4	12	5	27	6	77	7	15	8	75	9	53	10	27	11	31	12	20	13	21	14	19	15	18	16	35	17	99	18	54	19	16	20	29	21	100	22	43	23	26	24	18	25	49	26	27	27	94	28	27	29	18	
	0	14	1	44	2	45	3	100	4	63	5	43	6	30	7	60	8	24	9	73	10	80	11	65	12	55	13	14	14	74	15	78	16	20	17	61	18	34	19	55	20	37	21	90	22	20	23	30	24	78	25	18	26	22	27	75	28	79	29	17	
	0	77	1	44	2	59	3	65	4	75	5	38	6	78	7	32	8	33	9	87	10	69	11	99	12	82	13	29	14	67	15	16	16	47	17	74	18	60	19	12	20	94	21	79	22	19	23	99	24	21	25	79	26	68	27	76	28	69	29	89	
	0	34	1	48	2	49	3	18	4	84	5	50	6	18	7	16	8	62	9	24	10	68	11	52	12	89	13	89	14	54	15	30	16	94	17	36	18	67	19	76	20	99	21	55	22	19	23	80	24	69	25	81	26	85	27	33	28	29	29	21	
	0	46	1	92	2	46	3	94	4	72	5	66	6	26	7	32	8	18	9	23	10	73	11	57	12	31	13	82	14	77	15	90	16	19	17	68	18	30	19	63	20	88	21	91	22	66	23	89	24	89	25	84	26	95	27	42	28	67	29	23	
	0	52	1	89	2	87	3	95	4	26	5	10	6	15	7	62	8	37	9	68	10	62	11	14	12	22	13	25	14	85	15	31	16	46	17	18	18	55	19	57	20	16	21	76	22	49	23	15	24	49	25	81	26	32	27	63	28	56	29	48	
	0	61	1	14	2	85	3	31	4	68	5	56	6	93	7	12	8	34	9	52	10	53	11	39	12	77	13	62	14	97	15	24	16	16	17	25	18	58	19	97	20	76	21	50	22	24	23	83	24	41	25	52	26	80	27	38	28	69	29	29	
	0	22	1	54	2	46	3	25	4	61	5	28	6	11	7	12	8	30	9	23	10	80	11	20	12	43	13	64	14	72	15	67	16	39	17	81	18	25	19	78	20	40	21	73	22	33	23	76	24	67	25	58	26	66	27	81	28	100	29	49	
	0	92	1	91	2	17	3	42	4	83	5	88	6	67	7	80	8	48	9	15	10	77	11	46	12	11	13	29	14	86	15	26	16	18	17	35	18	95	19	24	20	48	21	60	22	32	23	64	24	47	25	21	26	63	27	70	28	87	29	22	
	0	28	1	12	2	22	3	61	4	38	5	73	6	21	7	38	8	80	9	57	10	43	11	52	12	63	13	71	14	96	15	34	16	50	17	73	18	53	19	51	20	62	21	11	22	94	23	80	24	71	25	13	26	21	27	100	28	96	29	70	
	0	60	1	93	2	63	3	70	4	50	5	70	6	35	7	59	8	74	9	47	10	22	11	65	12	51	13	98	14	32	15	61	16	58	17	61	18	51	19	61	20	12	21	76	22	43	23	76	24	81	25	75	26	93	27	47	28	55	29	32	
	0	23	1	52	2	74	3	100	4	97	5	56	6	13	7	92	8	75	9	18	10	27	11	16	12	39	13	78	14	48	15	33	16	32	17	85	18	39	19	53	20	52	21	20	22	53	23	62	24	43	25	35	26	10	27	71	28	35	29	10	
	0	69	1	97	2	46	3	69	4	17	5	72	6	28	7	50	8	24	9	50	10	96	11	21	12	99	13	80	14	65	15	93	16	23	17	47	18	74	19	74	20	53	21	53	22	50	23	74	24	68	25	71	26	17	27	31	28	92	29	59	
	0	100	1	61	2	42	3	67	4	81	5	98	6	60	7	48	8	15	9	20	10	92	11	52	12	65	13	38	14	90	15	12	16	85	17	46	18	78	19	39	20	51	21	67	22	67	23	94	24	35	25	27	26	69	27	66	28	34	29	30	
	0	59	1	72	2	53	3	30	4	44	5	19	6	38	7	19	8	34	9	31	10	87	11	41	12	100	13	65	14	54	15	17	16	50	17	52	18	81	19	43	20	82	21	73	22	40	23	23	24	57	25	83	26	100	27	23	28	16	29	70	
	0	42	1	49	2	16	3	17	4	68	5	53	6	92	7	100	8	62	9	35	10	30	11	12	12	58	13	57	14	64	15	100	16	86	17	92	18	63	19	26	20	82	21	81	22	75	23	55	24	13	25	53	26	10	27	21	28	69	29	23	
	0	12	1	58	2	46	3	69	4	10	5	10	6	65	7	62	8	41	9	47	10	68	11	31	12	88	13	72	14	72	15	22	16	11	17	81	18	97	19	86	20	87	21	35	22	20	23	95	24	79	25	55	26	38	27	43	28	79	29	47	
	0	83	1	26	2	95	3	97	4	10	5	89	6	14	7	40	8	18	9	92	10	45	11	30	12	34	13	80	14	18	15	36	16	68	17	35	18	61	19	60	20	79	21	33	22	24	23	67	24	72	25	90	26	20	27	52	28	56	29	83	
	0	77	1	65	2	88	3	23	4	47	5	15	6	58	7	51	8	94	9	95	10	28	11	34	12	67	13	28	14	100	15	30	16	29	17	84	18	76	19	77	20	68	21	68	22	65	23	56	24	22	25	85	26	40	27	75	28	90	29	42	
	0	19	1	97	2	83	3	27	4	61	5	41	6	88	7	30	8	30	9	76	10	55	11	71	12	25	13	59	14	53	15	68	16	79	17	64	18	36	19	61	20	70	21	100	22	60	23	33	24	96	25	84	26	93	27	33	28	64	29	43	
	0	65	1	70	2	68	3	42	4	47	5	22	6	57	7	61	8	100	9	84	10	32	11	28	12	46	13	30	14	47	15	67	16	13	17	41	18	64	19	26	20	34	21	11	22	35	23	63	24	63	25	48	26	74	27	98	28	39	29	76	
	0	60	1	63	2	54	3	40	4	85	5	49	6	20	7	85	8	50	9	63	10	66	11	57	12	75	13	18	14	25	15	56	16	37	17	22	18	82	19	19	20	28	21	86	22	64	23	50	24	81	25	60	26	73	27	46	28	91	29	57	
	0	25	1	68	2	100	3	21	4	53	5	78	6	98	7	81	8	12	9	30	10	89	11	91	12	65	13	88	14	58	15	64	16	79	17	24	18	30	19	75	20	63	21	82	22	85	23	61	24	68	25	11	26	93	27	87	28	67	29	47	
	0	94	1	81	2	87	3	64	4	55	5	84	6	17	7	31	8	74	9	80	10	20	11	35	12	56	13	14	14	58	15	17	16	34	17	10	18	53	19	98	20	38	21	18	22	83	23	58	24	40	25	20	26	73	27	35	28	21	29	86	
	0	15	1	88	2	59	3	79	4	38	5	41	6	70	7	39	8	94	9	41	10	46	11	10	12	79	13	64	14	99	15	60	16	60	17	85	18	68	19	42	20	16	21	47	22	12	23	62	24	47	25	29	26	95	27	95	28	48	29	96	
	0	99	1	64	2	47	3	26	4	20	5	29	6	67	7	98	8	23	9	78	10	20	11	29	12	72	13	82	14	93	15	21	16	39	17	91	18	26	19	65	20	31	21	41	22	78	23	38	24	99	25	15	26	71	27	63	28	55	29	92	
	0	84	1	26	2	83	3	12	4	11	5	80	6	70	7	87	8	13	9	20	10	23	11	19	12	44	13	30	14	11	15	90	16	100	17	75	18	52	19	68	20	44	21	13	22	85	23	63	24	22	25	65	26	20	27	79	28	21	29	70	
	0	98	1	13	2	65	3	51	4	42	5	15	6	60	7	38	8	41	9	62	10	88	11	42	12	14	13	94	14	56	15	15	16	94	17	80	18	72	19	73	20	26	21	89	22	31	23	63	24	78	25	41	26	17	27	53	28	75	29	75	
	0	44	1	13	2	74	3	25	4	49	5	91	6	36	7	62	8	20	9	66	10	85	11	41	12	92	13	77	14	35	15	11	16	71	17	12	18	82	19	55	20	35	21	37	22	49	23	56	24	86	25	74	26	15	27	59	28	64	29	91	
	0	28	1	76	2	25	3	83	4	30	5	28	6	29	7	78	8	10	9	36	10	39	11	30	12	85	13	33	14	41	15	17	16	87	17	62	18	28	19	17	20	68	21	60	22	32	23	76	24	94	25	99	26	36	27	13	28	93	29	76	
	0	79	1	29	2	49	3	66	4	36	5	25	6	54	7	44	8	34	9	56	10	89	11	22	12	98	13	77	14	40	15	25	16	93	17	90	18	28	19	64	20	10	21	50	22	97	23	78	24	97	25	21	26	71	27	27	28	60	29	98	
	0	68	1	90	2	52	3	26	4	99	5	82	6	25	7	97	8	62	9	28	10	77	11	35	12	28	13	63	14	31	15	78	16	68	17	19	18	50	19	91	20	22	21	18	22	93	23	58	24	69	25	30	26	47	27	11	28	48	29	96	
	0	28	1	20	2	22	3	27	4	97	5	22	6	32	7	51	8	50	9	51	10	72	11	55	12	86	13	81	14	23	15	57	16	83	17	14	18	35	19	91	20	24	21	48	22	71	23	91	24	73	25	53	26	38	27	91	28	44	29	49	
	0	17	1	31	2	32	3	63	4	74	5	27	6	11	7	31	8	58	9	53	10	18	11	17	12	92	13	56	14	15	15	91	16	54	17	63	18	36	19	11	20	90	21	56	22	55	23	66	24	68	25	11	26	28	27	26	28	68	29	21	
	0	50	1	72	2	69	3	46	4	29	5	14	6	27	7	10	8	89	9	21	10	42	11	87	12	94	13	12	14	49	15	54	16	10	17	83	18	87	19	92	20	49	21	60	22	99	23	70	24	11	25	76	26	80	27	78	28	65	29	60	
	0	38	1	88	2	66	3	73	4	67	5	72	6	96	7	36	8	16	9	18	10	19	11	10	12	29	13	41	14	26	15	53	16	43	17	54	18	79	19	60	20	94	21	95	22	46	23	66	24	12	25	63	26	69	27	18	28	29	29	49	
	0	97	1	85	2	23	3	54	4	89	5	33	6	39	7	13	8	47	9	79	10	37	11	10	12	22	13	75	14	46	15	54	16	19	17	56	18	50	19	42	20	98	21	25	22	80	23	12	24	79	25	42	26	40	27	72	28	12	29	23	
	0	92	1	66	2	45	3	46	4	59	5	71	6	47	7	54	8	30	9	11	10	36	11	43	12	27	13	67	14	58	15	66	16	94	17	30	18	76	19	21	20	94	21	20	22	38	23	14	24	39	25	90	26	77	27	23	28	16	29	35	
	0	65	1	80	2	37	3	100	4	56	5	81	6	100	7	33	8	17	9	100	10	34	11	73	12	21	13	54	14	68	15	17	16	83	17	26	18	84	19	32	20	57	21	38	22	51	23	10	24	26	25	44	26	18	27	28	28	83	29	78	
	0	21	1	82	2	75	3	26	4	63	5	63	6	85	7	24	8	39	9	56	10	80	11	77	12	98	13	98	14	32	15	87	16	69	17	98	18	55	19	85	20	61	21	11	22	82	23	40	24	76	25	15	26	94	27	26	28	67	29	53	
	0	39	1	87	2	12	3	73	4	91	5	71	6	99	7	54	8	53	9	53	10	16	11	73	12	86	13	25	14	39	15	88	16	54	17	44	18	98	19	91	20	24	21	10	22	94	23	96	24	80	25	67	26	48	27	22	28	99	29	20	
	0	68	1	97	2	55	3	32	4	22	5	12	6	81	7	49	8	97	9	67	10	95	11	56	12	41	13	26	14	84	15	94	16	99	17	13	18	91	19	38	20	55	21	69	22	80	23	88	24	77	25	40	26	50	27	28	28	42	29	63	
	0	65	1	50	2	74	3	65	4	83	5	91	6	62	7	88	8	82	9	98	10	13	11	21	12	58	13	87	14	67	15	88	16	96	17	32	18	85	19	26	20	78	21	99	22	46	23	13	24	20	25	38	26	25	27	35	28	60	29	67	
	0	17	1	68	2	66	3	54	4	19	5	92	6	67	7	66	8	76	9	41	10	82	11	38	12	59	13	79	14	36	15	16	16	17	17	18	18	21	19	65	20	92	21	41	22	51	23	39	24	34	25	78	26	96	27	10	28	56	29	87	
	0	76	1	19	2	49	3	87	4	59	5	100	6	97	7	98	8	23	9	34	10	87	11	100	12	52	13	63	14	50	15	81	16	96	17	69	18	56	19	41	20	18	21	44	22	35	23	54	24	40	25	39	26	21	27	87	28	38	29	28	
	0	19	1	47	2	11	3	17	4	15	5	83	6	16	7	73	8	62	9	78	10	80	11	69	12	11	13	50	14	94	15	19	16	95	17	31	18	62	19	33	20	77	21	52	22	61	23	59	24	86	25	35	26	66	27	52	28	30	29	70	
	0	35	1	24	2	89	3	70	4	19	5	89	6	29	7	93	8	31	9	56	10	46	11	25	12	79	13	68	14	28	15	22	16	63	17	91	18	20	19	15	20	94	21	95	22	16	23	89	24	46	25	50	26	14	27	70	28	86	29	57	
	0	95	1	23	2	20	3	71	4	59	5	44	6	93	7	95	8	36	9	39	10	65	11	93	12	35	13	54	14	90	15	63	16	83	17	33	18	40	19	95	20	58	21	38	22	97	23	78	24	56	25	76	26	12	27	16	28	97	29	89	
	0	44	1	23	2	56	3	77	4	28	5	56	6	94	7	52	8	48	9	92	10	95	11	100	12	97	13	71	14	50	15	24	16	51	17	73	18	68	19	78	20	42	21	85	22	91	23	59	24	44	25	89	26	63	27	13	28	60	29	23	
	0	75	1	51	2	29	3	41	4	83	5	68	6	20	7	93	8	50	9	70	10	53	11	67	12	15	13	21	14	53	15	87	16	30	17	97	18	95	19	49	20	50	21	46	22	26	23	96	24	19	25	84	26	70	27	19	28	67	29	57	
	0	83	1	46	2	58	3	17	4	78	5	100	6	85	7	66	8	40	9	78	10	92	11	55	12	21	13	33	14	90	15	20	16	16	17	34	18	27	19	55	20	94	21	15	22	63	23	15	24	70	25	32	26	16	27	67	28	76	29	74	
	0	74	1	73	2	57	3	58	4	80	5	42	6	31	7	39	8	22	9	81	10	54	11	50	12	43	13	67	14	46	15	72	16	22	17	85	18	87	19	42	20	30	21	37	22	33	23	43	24	52	25	95	26	59	27	44	28	86	29	83	
	0	95	1	50	2	60	3	76	4	37	5	91	6	88	7	22	8	17	9	86	10	55	11	41	12	30	13	20	14	13	15	81	16	56	17	34	18	24	19	90	20	93	21	27	22	63	23	15	24	90	25	66	26	37	27	70	28	27	29	83	
	0	64	1	69	2	20	3	38	4	85	5	82	6	55	7	17	8	83	9	54	10	65	11	86	12	99	13	24	14	43	15	78	16	86	17	31	18	18	19	11	20	13	21	45	22	86	23	18	24	32	25	12	26	45	27	14	28	40	29	50	
	0	53	1	68	2	66	3	43	4	43	5	67	6	41	7	61	8	25	9	61	10	82	11	70	12	29	13	86	14	78	15	23	16	90	17	33	18	49	19	22	20	62	21	98	22	21	23	34	24	66	25	16	26	45	27	81	28	94	29	38	
	0	10	1	54	2	86	3	60	4	38	5	84	6	62	7	46	8	81	9	12	10	22	11	66	12	19	13	92	14	96	15	75	16	34	17	45	18	70	19	98	20	38	21	78	22	21	23	12	24	77	25	99	26	64	27	48	28	91	29	41	
	0	82	1	25	2	96	3	29	4	18	5	55	6	40	7	15	8	80	9	49	10	50	11	46	12	42	13	38	14	75	15	44	16	42	17	13	18	40	19	77	20	90	21	80	22	75	23	45	24	53	25	67	26	56	27	48	28	23	29	98	
	0	65	1	93	2	48	3	40	4	50	5	11	6	29	7	97	8	37	9	10	10	27	11	31	12	54	13	100	14	32	15	79	16	78	17	35	18	58	19	64	20	19	21	98	22	86	23	58	24	88	25	62	26	46	27	74	28	14	29	94	
	0	96	1	26	2	41	3	47	4	29	5	17	6	80	7	96	8	36	9	48	10	73	11	44	12	40	13	47	14	35	15	50	16	32	17	95	18	50	19	56	20	22	21	18	22	43	23	96	24	58	25	34	26	79	27	10	28	29	29	25	
	0	73	1	63	2	40	3	70	4	10	5	48	6	98	7	85	8	12	9	63	10	14	11	25	12	26	13	51	14	100	15	20	16	27	17	76	18	92	19	83	20	95	21	87	22	85	23	70	24	68	25	97	26	60	27	46	28	46	29	32	
	0	14	1	97	2	43	3	63	4	53	5	51	6	89	7	15	8	65	9	98	10	82	11	29	12	19	13	71	14	27	15	56	16	36	17	26	18	53	19	38	20	94	21	57	22	52	23	55	24	63	25	84	26	71	27	75	28	33	29	90	
	0	12	1	34	2	62	3	15	4	91	5	31	6	56	7	73	8	80	9	60	10	50	11	28	12	56	13	96	14	32	15	77	16	26	17	86	18	24	19	61	20	69	21	82	22	31	23	74	24	75	25	84	26	77	27	53	28	79	29	91	
	0	39	1	49	2	91	3	23	4	43	5	41	6	39	7	16	8	97	9	89	10	88	11	79	12	36	13	36	14	93	15	19	16	65	17	65	18	52	19	51	20	76	21	77	22	23	23	34	24	26	25	10	26	58	27	33	28	12	29	95	
	0	92	1	34	2	21	3	85	4	67	5	99	6	80	7	56	8	44	9	32	10	27	11	40	12	47	13	80	14	93	15	22	16	17	17	79	18	86	19	50	20	93	21	65	22	33	23	42	24	62	25	88	26	81	27	40	28	34	29	64	
	0	29	1	65	2	63	3	38	4	21	5	34	6	92	7	17	8	28	9	14	10	78	11	28	12	48	13	91	14	19	15	60	16	20	17	97	18	72	19	30	20	91	21	64	22	24	23	23	24	58	25	96	26	14	27	62	28	99	29	77	
	0	14	1	38	2	31	3	81	4	44	5	22	6	55	7	41	8	95	9	77	10	50	11	41	12	81	13	42	14	27	15	19	16	53	17	79	18	13	19	79	20	21	21	22	22	71	23	48	24	96	25	89	26	76	27	96	28	41	29	79	
	0	91	1	32	2	38	3	39	4	11	5	14	6	18	7	87	8	21	9	31	10	50	11	29	12	19	13	49	14	62	15	94	16	91	17	40	18	32	19	29	20	40	21	40	22	41	23	58	24	75	25	13	26	41	27	12	28	39	29	53	
	0	41	1	73	2	51	3	16	4	16	5	37	6	63	7	59	8	55	9	56	10	35	11	18	12	95	13	26	14	11	15	96	16	27	17	12	18	51	19	19	20	92	21	89	22	73	23	81	24	41	25	100	26	15	27	95	28	39	29	20	
	0	70	1	53	2	67	3	21	4	74	5	25	6	19	7	64	8	11	9	85	10	75	11	51	12	63	13	55	14	35	15	76	16	24	17	87	18	11	19	28	20	53	21	14	22	12	23	52	24	73	25	91	26	90	27	22	28	81	29	31	
	0	40	1	51	2	94	3	26	4	17	5	100	6	74	7	82	8	71	9	22	10	74	11	82	12	20	13	58	14	85	15	19	16	62	17	15	18	28	19	14	20	96	21	30	22	31	23	82	24	42	25	21	26	26	27	82	28	20	29	80	
	0	28	1	68	2	25	3	32	4	93	5	12	6	57	7	58	8	52	9	97	10	76	11	50	12	88	13	80	14	48	15	96	16	55	17	91	18	88	19	60	20	20	21	90	22	36	23	15	24	14	25	37	26	83	27	42	28	80	29	36	
	0	40	1	49	2	83	3	50	4	78	5	69	6	61	7	100	8	66	9	79	10	48	11	26	12	35	13	18	14	61	15	59	16	12	17	74	18	97	19	11	20	31	21	88	22	30	23	23	24	30	25	80	26	14	27	99	28	63	29	12	
	0	69	1	86	2	54	3	27	4	58	5	46	6	59	7	53	8	83	9	62	10	87	11	90	12	48	13	68	14	28	15	29	16	27	17	16	18	91	19	38	20	97	21	26	22	56	23	12	24	59	25	70	26	30	27	13	28	19	29	59	
	0	18	1	33	2	45	3	42	4	47	5	68	6	29	7	35	8	69	9	60	10	51	11	77	12	86	13	67	14	47	15	37	16	84	17	95	18	64	19	47	20	64	21	25	22	22	23	15	24	88	25	50	26	36	27	13	28	79	29	63	
	0	24	1	98	2	35	3	55	4	24	5	33	6	98	7	53	8	66	9	34	10	62	11	76	12	10	13	60	14	88	15	30	16	99	17	71	18	89	19	17	20	24	21	15	22	87	23	51	24	96	25	76	26	69	27	82	28	21	29	50	
	0	20	1	92	2	28	3	57	4	46	5	99	6	66	7	51	8	50	9	54	10	33	11	89	12	59	13	68	14	51	15	65	16	15	17	19	18	39	19	89	20	83	21	74	22	18	23	78	24	53	25	77	26	74	27	23	28	53	29	84	