1000 10 1
10
	0	177	1	122	2	122	3	170	4	188	5	196	6	145	7	112	8	138	9	117	
	0	187	1	125	2	135	3	105	4	125	5	119	6	123	7	174	8	120	9	142	
	0	129	1	139	2	105	3	143	4	182	5	151	6	166	7	142	8	198	9	123	
	0	126	1	108	2	159	3	114	4	134	5	166	6	155	7	154	8	156	9	141	
	0	175	1	137	2	153	3	175	4	106	5	136	6	184	7	180	8	170	9	105	
	0	166	1	150	2	140	3	184	4	197	5	175	6	167	7	170	8	117	9	104	
	0	139	1	193	2	153	3	108	4	189	5	148	6	115	7	123	8	158	9	111	
	0	183	1	133	2	182	3	133	4	126	5	167	6	150	7	182	8	120	9	163	
	0	117	1	176	2	167	3	193	4	168	5	133	6	199	7	155	8	193	9	150	
	0	112	1	163	2	107	3	168	4	139	5	136	6	193	7	148	8	134	9	125	
	0	148	1	199	2	198	3	150	4	147	5	187	6	186	7	129	8	194	9	160	
	0	145	1	154	2	199	3	186	4	108	5	176	6	118	7	104	8	120	9	155	
	0	178	1	120	2	152	3	186	4	149	5	129	6	120	7	109	8	169	9	166	
	0	138	1	173	2	158	3	197	4	196	5	101	6	158	7	164	8	147	9	177	
	0	131	1	165	2	127	3	139	4	108	5	149	6	145	7	137	8	117	9	118	
	0	134	1	134	2	128	3	178	4	141	5	161	6	146	7	176	8	100	9	131	
	0	107	1	191	2	103	3	150	4	188	5	185	6	175	7	134	8	191	9	149	
	0	199	1	112	2	157	3	122	4	130	5	167	6	108	7	172	8	153	9	158	
	0	134	1	114	2	102	3	137	4	122	5	145	6	197	7	108	8	154	9	152	
	0	171	1	126	2	103	3	193	4	110	5	180	6	174	7	156	8	190	9	176	
	0	171	1	164	2	150	3	113	4	116	5	114	6	158	7	113	8	115	9	131	
	0	116	1	175	2	157	3	130	4	128	5	172	6	168	7	190	8	191	9	140	
	0	144	1	189	2	101	3	118	4	147	5	113	6	159	7	187	8	139	9	186	
	0	120	1	185	2	109	3	159	4	139	5	181	6	183	7	122	8	142	9	147	
	0	165	1	165	2	174	3	142	4	105	5	166	6	140	7	131	8	159	9	179	
	0	136	1	160	2	129	3	196	4	125	5	110	6	184	7	143	8	125	9	100	
	0	111	1	186	2	131	3	127	4	100	5	108	6	110	7	134	8	174	9	101	
	0	152	1	155	2	143	3	116	4	136	5	173	6	199	7	191	8	114	9	113	
	0	145	1	146	2	138	3	108	4	113	5	189	6	169	7	155	8	171	9	180	
	0	160	1	154	2	196	3	121	4	105	5	195	6	158	7	188	8	136	9	170	
	0	199	1	172	2	178	3	182	4	107	5	151	6	158	7	183	8	143	9	156	
	0	170	1	152	2	108	3	185	4	177	5	137	6	119	7	183	8	163	9	117	
	0	175	1	146	2	100	3	141	4	152	5	138	6	163	7	129	8	159	9	184	
	0	164	1	105	2	148	3	143	4	133	5	108	6	127	7	166	8	143	9	177	
	0	140	1	114	2	111	3	170	4	194	5	198	6	187	7	190	8	124	9	111	
	0	184	1	132	2	152	3	119	4	159	5	154	6	168	7	110	8	181	9	176	
	0	105	1	195	2	110	3	149	4	170	5	145	6	158	7	105	8	166	9	177	
	0	151	1	125	2	116	3	197	4	183	5	184	6	169	7	151	8	163	9	107	
	0	144	1	136	2	164	3	199	4	130	5	173	6	162	7	132	8	111	9	116	
	0	139	1	177	2	169	3	124	4	131	5	160	6	128	7	154	8	155	9	128	
	0	160	1	156	2	134	3	121	4	164	5	128	6	124	7	130	8	160	9	182	
	0	166	1	192	2	122	3	131	4	195	5	195	6	177	7	150	8	143	9	199	
	0	166	1	109	2	137	3	173	4	160	5	145	6	134	7	157	8	111	9	127	
	0	161	1	138	2	170	3	131	4	181	5	173	6	103	7	183	8	140	9	151	
	0	123	1	133	2	122	3	146	4	155	5	175	6	117	7	148	8	141	9	172	
	0	181	1	103	2	181	3	132	4	139	5	177	6	193	7	116	8	120	9	148	
	0	159	1	120	2	176	3	199	4	110	5	138	6	184	7	179	8	163	9	147	
	0	181	1	192	2	123	3	118	4	139	5	108	6	178	7	153	8	102	9	174	
	0	171	1	137	2	165	3	101	4	175	5	122	6	117	7	148	8	104	9	199	
	0	112	1	190	2	183	3	108	4	179	5	163	6	102	7	109	8	154	9	137	
	0	128	1	136	2	160	3	109	4	138	5	124	6	191	7	178	8	101	9	120	
	0	122	1	109	2	130	3	171	4	178	5	184	6	157	7	162	8	134	9	164	
	0	173	1	161	2	127	3	122	4	144	5	115	6	132	7	133	8	165	9	180	
	0	147	1	146	2	168	3	121	4	109	5	150	6	134	7	139	8	181	9	197	
	0	133	1	125	2	157	3	180	4	133	5	144	6	124	7	168	8	127	9	121	
	0	144	1	179	2	164	3	170	4	116	5	144	6	174	7	143	8	126	9	170	
	0	170	1	195	2	140	3	131	4	145	5	199	6	160	7	187	8	126	9	122	
	0	126	1	184	2	169	3	100	4	134	5	160	6	162	7	199	8	176	9	158	
	0	108	1	182	2	141	3	115	4	150	5	157	6	111	7	197	8	180	9	113	
	0	140	1	158	2	188	3	154	4	148	5	110	6	147	7	189	8	157	9	159	
	0	114	1	159	2	164	3	107	4	167	5	100	6	123	7	197	8	169	9	103	
	0	153	1	125	2	125	3	130	4	167	5	108	6	145	7	108	8	141	9	147	
	0	155	1	168	2	108	3	117	4	148	5	174	6	187	7	193	8	139	9	152	
	0	112	1	199	2	130	3	129	4	127	5	110	6	128	7	125	8	142	9	195	
	0	124	1	102	2	136	3	177	4	129	5	153	6	144	7	160	8	171	9	138	
	0	133	1	172	2	187	3	165	4	152	5	103	6	135	7	189	8	118	9	119	
	0	113	1	199	2	129	3	139	4	170	5	132	6	154	7	198	8	127	9	124	
	0	141	1	129	2	104	3	147	4	188	5	126	6	150	7	170	8	117	9	173	
	0	187	1	147	2	116	3	168	4	155	5	155	6	118	7	111	8	162	9	172	
	0	196	1	117	2	137	3	127	4	171	5	119	6	119	7	184	8	157	9	158	
	0	138	1	137	2	178	3	173	4	114	5	133	6	142	7	149	8	130	9	122	
	0	134	1	160	2	185	3	183	4	141	5	117	6	108	7	187	8	116	9	150	
	0	123	1	187	2	146	3	166	4	138	5	183	6	196	7	166	8	155	9	197	
	0	177	1	122	2	114	3	179	4	122	5	145	6	105	7	106	8	124	9	157	
	0	173	1	172	2	119	3	181	4	129	5	126	6	140	7	117	8	186	9	132	
	0	187	1	116	2	164	3	103	4	103	5	182	6	193	7	156	8	146	9	170	
	0	188	1	143	2	197	3	123	4	166	5	198	6	125	7	130	8	133	9	169	
	0	197	1	186	2	117	3	192	4	152	5	144	6	183	7	160	8	134	9	107	
	0	124	1	184	2	115	3	161	4	136	5	110	6	104	7	189	8	190	9	157	
	0	199	1	101	2	173	3	150	4	141	5	179	6	140	7	188	8	139	9	155	
	0	154	1	170	2	103	3	124	4	171	5	191	6	173	7	156	8	140	9	137	
	0	110	1	196	2	143	3	123	4	188	5	137	6	188	7	185	8	124	9	172	
	0	108	1	167	2	109	3	159	4	126	5	190	6	138	7	197	8	133	9	110	
	0	160	1	106	2	160	3	101	4	146	5	100	6	158	7	145	8	105	9	110	
	0	151	1	189	2	188	3	146	4	179	5	130	6	157	7	135	8	166	9	165	
	0	159	1	174	2	124	3	126	4	185	5	110	6	160	7	131	8	119	9	178	
	0	136	1	134	2	183	3	189	4	151	5	102	6	110	7	181	8	116	9	149	
	0	150	1	146	2	195	3	188	4	133	5	111	6	199	7	140	8	164	9	188	
	0	199	1	152	2	174	3	123	4	161	5	141	6	191	7	108	8	101	9	189	
	0	165	1	144	2	194	3	136	4	126	5	185	6	164	7	181	8	192	9	128	
	0	194	1	184	2	191	3	188	4	150	5	150	6	133	7	127	8	108	9	142	
	0	136	1	168	2	180	3	160	4	184	5	187	6	145	7	140	8	187	9	119	
	0	155	1	156	2	155	3	150	4	191	5	151	6	196	7	194	8	114	9	118	
	0	127	1	183	2	124	3	117	4	191	5	148	6	148	7	175	8	135	9	148	
	0	182	1	196	2	120	3	102	4	184	5	111	6	181	7	171	8	137	9	140	
	0	105	1	109	2	192	3	116	4	170	5	120	6	162	7	148	8	148	9	183	
	0	153	1	101	2	188	3	112	4	169	5	137	6	127	7	169	8	143	9	159	
	0	195	1	164	2	148	3	125	4	142	5	144	6	159	7	127	8	198	9	102	
	0	124	1	197	2	185	3	194	4	174	5	185	6	121	7	198	8	180	9	107	
	0	188	1	129	2	149	3	150	4	106	5	146	6	162	7	143	8	128	9	132	
	0	168	1	162	2	186	3	170	4	151	5	130	6	172	7	188	8	157	9	106	
	0	123	1	133	2	136	3	194	4	182	5	164	6	108	7	139	8	104	9	121	
	0	117	1	166	2	194	3	128	4	166	5	145	6	190	7	102	8	166	9	168	
	0	152	1	193	2	140	3	117	4	115	5	199	6	198	7	170	8	199	9	155	
	0	174	1	146	2	138	3	150	4	178	5	159	6	162	7	141	8	142	9	183	
	0	188	1	144	2	172	3	116	4	151	5	196	6	132	7	130	8	147	9	134	
	0	174	1	156	2	160	3	144	4	198	5	134	6	150	7	105	8	146	9	137	
	0	151	1	189	2	191	3	122	4	178	5	155	6	181	7	102	8	115	9	190	
	0	141	1	183	2	188	3	143	4	146	5	127	6	103	7	117	8	192	9	157	
	0	165	1	196	2	126	3	158	4	136	5	148	6	162	7	102	8	164	9	198	
	0	135	1	181	2	109	3	181	4	154	5	133	6	140	7	179	8	171	9	136	
	0	131	1	151	2	143	3	104	4	120	5	179	6	151	7	159	8	158	9	118	
	0	108	1	178	2	193	3	128	4	170	5	106	6	148	7	155	8	168	9	145	
	0	176	1	178	2	137	3	123	4	186	5	137	6	141	7	169	8	182	9	139	
	0	101	1	188	2	164	3	124	4	158	5	118	6	169	7	135	8	190	9	113	
	0	176	1	165	2	142	3	118	4	122	5	172	6	145	7	189	8	159	9	135	
	0	156	1	148	2	175	3	131	4	111	5	138	6	149	7	171	8	139	9	109	
	0	172	1	125	2	114	3	127	4	179	5	176	6	137	7	190	8	123	9	151	
	0	180	1	165	2	189	3	172	4	137	5	183	6	137	7	198	8	107	9	163	
	0	123	1	188	2	158	3	157	4	120	5	123	6	138	7	159	8	141	9	132	
	0	156	1	148	2	152	3	119	4	164	5	180	6	133	7	148	8	136	9	114	
	0	105	1	148	2	105	3	186	4	125	5	143	6	185	7	126	8	145	9	117	
	0	170	1	107	2	139	3	192	4	179	5	110	6	143	7	145	8	145	9	109	
	0	106	1	155	2	116	3	100	4	141	5	153	6	144	7	120	8	120	9	196	
	0	167	1	116	2	195	3	144	4	152	5	152	6	159	7	160	8	127	9	183	
	0	142	1	198	2	128	3	121	4	190	5	149	6	166	7	113	8	169	9	178	
	0	153	1	154	2	111	3	110	4	123	5	176	6	120	7	197	8	173	9	146	
	0	137	1	120	2	170	3	198	4	109	5	161	6	170	7	189	8	149	9	109	
	0	153	1	111	2	149	3	120	4	178	5	174	6	185	7	141	8	142	9	115	
	0	181	1	124	2	138	3	130	4	186	5	159	6	110	7	184	8	167	9	193	
	0	196	1	128	2	143	3	176	4	169	5	166	6	164	7	175	8	139	9	142	
	0	125	1	119	2	197	3	196	4	129	5	151	6	103	7	174	8	177	9	174	
	0	173	1	133	2	128	3	141	4	104	5	142	6	137	7	115	8	152	9	120	
	0	134	1	104	2	197	3	142	4	120	5	131	6	185	7	182	8	156	9	148	
	0	138	1	157	2	101	3	114	4	149	5	187	6	139	7	127	8	192	9	156	
	0	104	1	128	2	127	3	109	4	145	5	184	6	154	7	145	8	134	9	174	
	0	180	1	168	2	151	3	163	4	103	5	137	6	111	7	106	8	101	9	116	
	0	167	1	162	2	160	3	122	4	187	5	150	6	139	7	173	8	154	9	128	
	0	193	1	193	2	155	3	173	4	146	5	129	6	181	7	182	8	144	9	132	
	0	131	1	175	2	100	3	144	4	161	5	104	6	179	7	172	8	143	9	105	
	0	181	1	154	2	196	3	136	4	173	5	104	6	132	7	199	8	178	9	188	
	0	134	1	163	2	189	3	160	4	130	5	195	6	195	7	124	8	107	9	150	
	0	140	1	167	2	161	3	104	4	148	5	100	6	125	7	177	8	157	9	192	
	0	134	1	180	2	113	3	122	4	104	5	191	6	100	7	132	8	112	9	168	
	0	167	1	186	2	188	3	171	4	173	5	178	6	161	7	171	8	179	9	177	
	0	147	1	164	2	128	3	117	4	160	5	111	6	126	7	124	8	165	9	138	
	0	180	1	173	2	166	3	182	4	153	5	118	6	189	7	145	8	110	9	145	
	0	147	1	138	2	128	3	153	4	163	5	165	6	181	7	178	8	156	9	101	
	0	129	1	110	2	162	3	136	4	145	5	134	6	192	7	121	8	111	9	188	
	0	149	1	193	2	169	3	162	4	172	5	112	6	169	7	184	8	139	9	160	
	0	158	1	104	2	169	3	105	4	183	5	175	6	116	7	119	8	164	9	165	
	0	107	1	177	2	113	3	194	4	159	5	191	6	130	7	139	8	101	9	182	
	0	144	1	116	2	196	3	104	4	188	5	136	6	173	7	194	8	114	9	119	
	0	193	1	172	2	178	3	161	4	118	5	160	6	122	7	174	8	158	9	167	
	0	155	1	118	2	181	3	166	4	171	5	168	6	182	7	196	8	168	9	144	
	0	174	1	173	2	196	3	176	4	126	5	102	6	112	7	138	8	163	9	196	
	0	187	1	107	2	139	3	119	4	155	5	130	6	177	7	177	8	111	9	104	
	0	133	1	125	2	142	3	146	4	160	5	129	6	111	7	194	8	156	9	155	
	0	159	1	136	2	197	3	167	4	155	5	100	6	127	7	116	8	170	9	160	
	0	123	1	126	2	159	3	155	4	125	5	151	6	132	7	150	8	108	9	166	
	0	137	1	168	2	170	3	175	4	188	5	117	6	174	7	114	8	190	9	163	
	0	141	1	180	2	190	3	148	4	129	5	164	6	105	7	188	8	193	9	144	
	0	106	1	188	2	125	3	191	4	176	5	185	6	100	7	191	8	131	9	167	
	0	109	1	112	2	196	3	185	4	129	5	103	6	126	7	102	8	133	9	109	
	0	146	1	191	2	187	3	152	4	190	5	183	6	193	7	148	8	118	9	120	
	0	173	1	116	2	155	3	179	4	152	5	160	6	186	7	128	8	172	9	172	
	0	149	1	113	2	122	3	114	4	121	5	197	6	144	7	164	8	144	9	137	
	0	195	1	197	2	141	3	125	4	185	5	150	6	159	7	146	8	162	9	199	
	0	186	1	181	2	197	3	123	4	186	5	180	6	166	7	149	8	111	9	196	
	0	148	1	184	2	137	3	177	4	173	5	106	6	102	7	107	8	149	9	167	
	0	133	1	151	2	141	3	156	4	110	5	175	6	172	7	110	8	100	9	156	
	0	109	1	152	2	114	3	153	4	156	5	154	6	171	7	160	8	150	9	114	
	0	148	1	133	2	180	3	101	4	193	5	191	6	199	7	130	8	137	9	163	
	0	112	1	178	2	174	3	168	4	183	5	164	6	109	7	100	8	150	9	121	
	0	182	1	118	2	128	3	128	4	109	5	161	6	107	7	148	8	109	9	150	
	0	131	1	146	2	102	3	159	4	153	5	190	6	126	7	126	8	133	9	111	
	0	184	1	128	2	120	3	159	4	175	5	111	6	121	7	150	8	114	9	144	
	0	126	1	130	2	141	3	147	4	148	5	159	6	135	7	121	8	197	9	185	
	0	141	1	164	2	191	3	163	4	156	5	178	6	186	7	136	8	123	9	107	
	0	185	1	109	2	153	3	148	4	133	5	161	6	143	7	193	8	151	9	101	
	0	197	1	167	2	197	3	101	4	104	5	132	6	109	7	121	8	152	9	174	
	0	135	1	125	2	147	3	110	4	104	5	167	6	126	7	198	8	103	9	178	
	0	146	1	129	2	116	3	120	4	176	5	142	6	168	7	105	8	195	9	109	
	0	105	1	111	2	179	3	153	4	158	5	179	6	184	7	109	8	111	9	129	
	0	124	1	142	2	159	3	161	4	158	5	129	6	119	7	103	8	192	9	103	
	0	185	1	108	2	192	3	140	4	153	5	139	6	175	7	146	8	116	9	174	
	0	190	1	107	2	150	3	134	4	139	5	102	6	102	7	150	8	116	9	109	
	0	110	1	189	2	115	3	179	4	100	5	124	6	179	7	196	8	100	9	162	
	0	126	1	181	2	139	3	102	4	108	5	134	6	174	7	187	8	175	9	192	
	0	125	1	180	2	146	3	125	4	120	5	147	6	168	7	170	8	164	9	164	
	0	126	1	196	2	113	3	139	4	102	5	167	6	111	7	158	8	197	9	140	
	0	176	1	198	2	192	3	172	4	190	5	141	6	135	7	148	8	106	9	104	
	0	197	1	124	2	188	3	107	4	144	5	124	6	194	7	142	8	168	9	197	
	0	128	1	105	2	100	3	107	4	122	5	176	6	127	7	119	8	183	9	143	
	0	193	1	137	2	196	3	165	4	183	5	108	6	101	7	180	8	173	9	189	
	0	192	1	174	2	151	3	106	4	181	5	172	6	191	7	135	8	131	9	138	
	0	143	1	151	2	147	3	111	4	110	5	178	6	179	7	115	8	116	9	144	
	0	197	1	196	2	119	3	150	4	199	5	108	6	142	7	173	8	113	9	191	
	0	129	1	150	2	166	3	160	4	107	5	170	6	194	7	114	8	153	9	163	
	0	136	1	133	2	199	3	185	4	124	5	108	6	125	7	148	8	126	9	114	
	0	132	1	132	2	123	3	100	4	115	5	132	6	132	7	122	8	125	9	115	
	0	149	1	126	2	128	3	150	4	186	5	156	6	120	7	144	8	150	9	137	
	0	163	1	119	2	173	3	157	4	121	5	125	6	196	7	139	8	149	9	165	
	0	189	1	107	2	199	3	141	4	168	5	188	6	108	7	166	8	123	9	177	
	0	176	1	126	2	109	3	138	4	114	5	135	6	198	7	168	8	183	9	140	
	0	182	1	105	2	124	3	121	4	131	5	131	6	122	7	124	8	138	9	152	
	0	162	1	146	2	189	3	187	4	117	5	130	6	189	7	178	8	179	9	144	
	0	127	1	139	2	119	3	155	4	174	5	110	6	151	7	129	8	192	9	145	
	0	174	1	102	2	160	3	183	4	134	5	137	6	120	7	119	8	109	9	134	
	0	119	1	184	2	127	3	135	4	191	5	102	6	139	7	138	8	189	9	184	
	0	191	1	155	2	110	3	177	4	198	5	164	6	183	7	183	8	178	9	169	
	0	189	1	158	2	198	3	122	4	179	5	158	6	182	7	196	8	133	9	132	
	0	118	1	160	2	129	3	150	4	157	5	147	6	101	7	155	8	131	9	191	
	0	105	1	129	2	137	3	119	4	154	5	171	6	126	7	162	8	196	9	151	
	0	163	1	118	2	177	3	113	4	168	5	181	6	192	7	142	8	155	9	101	
	0	125	1	187	2	137	3	156	4	151	5	194	6	199	7	187	8	176	9	160	
	0	167	1	120	2	140	3	150	4	113	5	195	6	117	7	125	8	161	9	117	
	0	158	1	124	2	152	3	125	4	128	5	116	6	159	7	121	8	158	9	132	
	0	131	1	181	2	174	3	160	4	122	5	187	6	106	7	185	8	170	9	182	
	0	176	1	151	2	190	3	168	4	138	5	105	6	103	7	180	8	185	9	106	
	0	105	1	158	2	161	3	105	4	119	5	118	6	110	7	184	8	135	9	175	
	0	186	1	147	2	103	3	136	4	139	5	195	6	165	7	114	8	112	9	118	
	0	114	1	101	2	168	3	109	4	108	5	181	6	144	7	184	8	178	9	161	
	0	159	1	143	2	157	3	111	4	152	5	135	6	120	7	124	8	174	9	189	
	0	180	1	131	2	183	3	199	4	138	5	169	6	155	7	104	8	107	9	179	
	0	129	1	113	2	119	3	135	4	182	5	177	6	161	7	102	8	113	9	191	
	0	179	1	179	2	127	3	132	4	133	5	106	6	195	7	101	8	140	9	139	
	0	102	1	154	2	102	3	170	4	161	5	164	6	145	7	177	8	108	9	178	
	0	195	1	111	2	144	3	138	4	192	5	109	6	121	7	157	8	130	9	115	
	0	102	1	116	2	197	3	150	4	101	5	161	6	177	7	185	8	122	9	107	
	0	143	1	177	2	112	3	193	4	194	5	158	6	153	7	195	8	116	9	159	
	0	188	1	194	2	136	3	179	4	153	5	150	6	198	7	170	8	112	9	127	
	0	149	1	104	2	166	3	193	4	185	5	176	6	157	7	190	8	154	9	125	
	0	186	1	129	2	169	3	103	4	142	5	144	6	170	7	184	8	154	9	143	
	0	150	1	143	2	169	3	168	4	148	5	141	6	145	7	128	8	116	9	183	
	0	128	1	160	2	176	3	136	4	181	5	101	6	147	7	188	8	143	9	102	
	0	175	1	163	2	119	3	199	4	185	5	155	6	130	7	140	8	160	9	117	
	0	169	1	116	2	145	3	139	4	105	5	164	6	163	7	199	8	115	9	128	
	0	199	1	176	2	134	3	108	4	106	5	141	6	128	7	117	8	110	9	156	
	0	182	1	114	2	163	3	178	4	167	5	110	6	184	7	109	8	117	9	136	
	0	115	1	111	2	153	3	187	4	186	5	128	6	185	7	101	8	155	9	131	
	0	167	1	163	2	195	3	180	4	108	5	162	6	143	7	186	8	190	9	151	
	0	163	1	140	2	136	3	198	4	196	5	189	6	157	7	117	8	170	9	112	
	0	164	1	170	2	139	3	164	4	163	5	199	6	116	7	172	8	185	9	109	
	0	101	1	139	2	154	3	171	4	195	5	119	6	143	7	180	8	135	9	155	
	0	124	1	169	2	110	3	181	4	183	5	162	6	181	7	106	8	170	9	125	
	0	174	1	125	2	177	3	120	4	180	5	186	6	113	7	120	8	165	9	135	
	0	101	1	138	2	150	3	174	4	192	5	198	6	124	7	102	8	175	9	136	
	0	182	1	140	2	141	3	147	4	154	5	187	6	145	7	109	8	174	9	183	
	0	196	1	133	2	129	3	127	4	101	5	159	6	183	7	139	8	178	9	142	
	0	181	1	161	2	193	3	161	4	117	5	115	6	119	7	176	8	150	9	157	
	0	184	1	167	2	133	3	165	4	113	5	155	6	184	7	189	8	120	9	136	
	0	168	1	194	2	127	3	189	4	135	5	179	6	172	7	199	8	158	9	137	
	0	115	1	182	2	142	3	196	4	108	5	141	6	150	7	104	8	145	9	111	
	0	169	1	171	2	110	3	192	4	106	5	182	6	137	7	191	8	128	9	104	
	0	185	1	167	2	181	3	150	4	182	5	177	6	183	7	101	8	189	9	176	
	0	179	1	114	2	174	3	111	4	182	5	195	6	120	7	180	8	117	9	152	
	0	170	1	161	2	120	3	121	4	125	5	161	6	127	7	103	8	165	9	174	
	0	149	1	127	2	192	3	130	4	163	5	138	6	153	7	101	8	166	9	159	
	0	146	1	149	2	169	3	196	4	115	5	121	6	109	7	132	8	180	9	132	
	0	118	1	158	2	149	3	146	4	107	5	110	6	148	7	152	8	163	9	145	
	0	167	1	105	2	132	3	118	4	121	5	165	6	101	7	156	8	144	9	154	
	0	163	1	120	2	174	3	107	4	128	5	105	6	141	7	185	8	109	9	139	
	0	151	1	158	2	110	3	180	4	146	5	168	6	184	7	102	8	161	9	162	
	0	118	1	110	2	133	3	178	4	101	5	107	6	160	7	179	8	187	9	119	
	0	184	1	123	2	139	3	146	4	100	5	162	6	152	7	112	8	120	9	114	
	0	164	1	197	2	154	3	186	4	159	5	121	6	114	7	185	8	189	9	151	
	0	178	1	135	2	168	3	199	4	171	5	199	6	199	7	119	8	165	9	121	
	0	101	1	163	2	181	3	153	4	126	5	185	6	178	7	194	8	197	9	156	
	0	173	1	128	2	118	3	170	4	134	5	123	6	119	7	105	8	108	9	140	
	0	122	1	118	2	165	3	159	4	114	5	184	6	100	7	139	8	199	9	169	
	0	196	1	127	2	143	3	108	4	170	5	130	6	176	7	182	8	162	9	182	
	0	124	1	139	2	155	3	139	4	112	5	121	6	197	7	110	8	121	9	104	
	0	157	1	177	2	149	3	178	4	160	5	101	6	110	7	125	8	164	9	151	
	0	169	1	130	2	152	3	105	4	182	5	134	6	171	7	124	8	192	9	145	
	0	117	1	136	2	131	3	120	4	154	5	128	6	158	7	182	8	168	9	180	
	0	181	1	190	2	180	3	197	4	136	5	165	6	152	7	182	8	190	9	151	
	0	176	1	146	2	156	3	129	4	175	5	163	6	104	7	161	8	137	9	159	
	0	183	1	125	2	171	3	114	4	144	5	183	6	131	7	114	8	132	9	162	
	0	167	1	118	2	155	3	123	4	181	5	119	6	139	7	167	8	141	9	162	
	0	193	1	128	2	159	3	188	4	153	5	195	6	131	7	168	8	131	9	140	
	0	135	1	129	2	184	3	103	4	152	5	196	6	130	7	163	8	117	9	181	
	0	113	1	197	2	102	3	131	4	175	5	187	6	101	7	139	8	179	9	149	
	0	171	1	177	2	143	3	193	4	121	5	189	6	159	7	151	8	193	9	149	
	0	138	1	197	2	113	3	160	4	112	5	150	6	172	7	188	8	105	9	198	
	0	125	1	141	2	190	3	138	4	141	5	190	6	150	7	158	8	115	9	161	
	0	176	1	162	2	154	3	146	4	176	5	179	6	131	7	158	8	140	9	179	
	0	194	1	142	2	137	3	139	4	120	5	195	6	195	7	126	8	131	9	184	
	0	182	1	131	2	198	3	155	4	159	5	194	6	191	7	198	8	143	9	148	
	0	112	1	102	2	162	3	183	4	138	5	123	6	136	7	144	8	121	9	178	
	0	170	1	167	2	148	3	194	4	112	5	123	6	168	7	150	8	168	9	121	
	0	181	1	150	2	115	3	130	4	129	5	134	6	135	7	152	8	110	9	156	
	0	165	1	101	2	111	3	129	4	192	5	124	6	199	7	198	8	152	9	110	
	0	161	1	125	2	125	3	184	4	140	5	155	6	120	7	115	8	139	9	126	
	0	152	1	120	2	113	3	184	4	173	5	175	6	117	7	107	8	123	9	101	
	0	176	1	116	2	150	3	185	4	168	5	126	6	171	7	196	8	100	9	128	
	0	126	1	139	2	177	3	159	4	174	5	138	6	114	7	199	8	199	9	132	
	0	155	1	142	2	195	3	174	4	197	5	138	6	113	7	170	8	198	9	124	
	0	186	1	144	2	187	3	141	4	134	5	132	6	112	7	138	8	151	9	139	
	0	135	1	104	2	188	3	177	4	121	5	117	6	145	7	164	8	106	9	147	
	0	179	1	170	2	132	3	138	4	161	5	176	6	139	7	162	8	186	9	191	
	0	161	1	111	2	121	3	194	4	165	5	172	6	127	7	158	8	158	9	192	
	0	171	1	178	2	198	3	184	4	177	5	186	6	116	7	110	8	114	9	186	
	0	160	1	155	2	159	3	105	4	181	5	179	6	157	7	161	8	149	9	158	
	0	136	1	174	2	129	3	167	4	100	5	190	6	111	7	182	8	130	9	155	
	0	131	1	144	2	136	3	197	4	170	5	122	6	145	7	184	8	154	9	151	
	0	188	1	169	2	179	3	162	4	139	5	145	6	122	7	100	8	179	9	107	
	0	133	1	123	2	143	3	163	4	190	5	161	6	147	7	165	8	186	9	192	
	0	160	1	199	2	194	3	162	4	121	5	187	6	148	7	175	8	109	9	141	
	0	192	1	170	2	156	3	189	4	153	5	169	6	167	7	138	8	124	9	185	
	0	193	1	102	2	180	3	189	4	148	5	110	6	137	7	131	8	197	9	190	
	0	148	1	129	2	144	3	139	4	187	5	183	6	136	7	125	8	130	9	139	
	0	147	1	167	2	169	3	149	4	145	5	193	6	164	7	144	8	180	9	193	
	0	114	1	142	2	161	3	175	4	186	5	144	6	121	7	148	8	102	9	167	
	0	175	1	146	2	138	3	188	4	198	5	133	6	187	7	198	8	198	9	118	
	0	141	1	161	2	153	3	157	4	186	5	163	6	148	7	186	8	138	9	135	
	0	168	1	112	2	169	3	172	4	139	5	117	6	115	7	167	8	132	9	127	
	0	152	1	113	2	132	3	137	4	155	5	196	6	166	7	186	8	109	9	103	
	0	110	1	126	2	181	3	106	4	157	5	142	6	158	7	193	8	141	9	187	
	0	121	1	146	2	197	3	164	4	115	5	117	6	193	7	157	8	199	9	143	
	0	132	1	124	2	195	3	183	4	125	5	102	6	177	7	174	8	128	9	131	
	0	190	1	167	2	178	3	115	4	194	5	167	6	165	7	132	8	129	9	169	
	0	124	1	189	2	178	3	184	4	182	5	194	6	115	7	168	8	145	9	143	
	0	130	1	180	2	105	3	143	4	123	5	115	6	162	7	117	8	115	9	194	
	0	196	1	198	2	105	3	125	4	147	5	106	6	167	7	193	8	188	9	170	
	0	160	1	165	2	128	3	123	4	197	5	155	6	119	7	108	8	115	9	138	
	0	151	1	190	2	132	3	154	4	147	5	104	6	125	7	132	8	199	9	131	
	0	192	1	143	2	107	3	192	4	178	5	193	6	144	7	142	8	166	9	131	
	0	151	1	132	2	166	3	105	4	161	5	174	6	102	7	129	8	136	9	144	
	0	127	1	105	2	177	3	191	4	185	5	173	6	130	7	136	8	193	9	183	
	0	139	1	168	2	130	3	147	4	108	5	158	6	126	7	139	8	146	9	133	
	0	118	1	144	2	156	3	177	4	100	5	179	6	181	7	101	8	161	9	122	
	0	141	1	132	2	175	3	168	4	133	5	121	6	168	7	164	8	115	9	125	
	0	190	1	107	2	158	3	183	4	159	5	108	6	150	7	190	8	125	9	188	
	0	193	1	107	2	198	3	127	4	160	5	163	6	169	7	121	8	182	9	117	
	0	122	1	140	2	190	3	177	4	168	5	163	6	107	7	140	8	119	9	116	
	0	100	1	104	2	172	3	156	4	146	5	105	6	109	7	199	8	167	9	186	
	0	125	1	155	2	121	3	121	4	140	5	193	6	148	7	141	8	141	9	138	
	0	161	1	126	2	137	3	173	4	104	5	184	6	142	7	167	8	132	9	113	
	0	148	1	109	2	111	3	118	4	103	5	118	6	145	7	181	8	150	9	196	
	0	103	1	164	2	152	3	112	4	109	5	150	6	150	7	138	8	195	9	123	
	0	113	1	115	2	185	3	151	4	158	5	166	6	146	7	156	8	132	9	135	
	0	136	1	124	2	168	3	139	4	179	5	189	6	192	7	177	8	120	9	148	
	0	167	1	166	2	184	3	190	4	138	5	119	6	138	7	143	8	169	9	153	
	0	113	1	189	2	188	3	150	4	147	5	184	6	172	7	155	8	168	9	184	
	0	106	1	175	2	191	3	180	4	199	5	193	6	164	7	175	8	115	9	174	
	0	190	1	165	2	152	3	166	4	147	5	195	6	186	7	153	8	155	9	108	
	0	105	1	196	2	114	3	151	4	175	5	149	6	159	7	182	8	173	9	192	
	0	102	1	170	2	136	3	143	4	120	5	150	6	125	7	117	8	162	9	150	
	0	155	1	120	2	164	3	169	4	117	5	112	6	101	7	194	8	120	9	141	
	0	105	1	124	2	134	3	165	4	106	5	161	6	109	7	160	8	112	9	165	
	0	155	1	168	2	164	3	124	4	183	5	180	6	152	7	173	8	106	9	105	
	0	153	1	100	2	196	3	104	4	190	5	195	6	114	7	140	8	193	9	133	
	0	133	1	152	2	120	3	167	4	192	5	137	6	170	7	191	8	178	9	193	
	0	147	1	176	2	187	3	165	4	126	5	156	6	151	7	189	8	163	9	194	
	0	182	1	129	2	146	3	171	4	107	5	185	6	147	7	108	8	146	9	174	
	0	167	1	114	2	104	3	180	4	183	5	123	6	123	7	103	8	100	9	133	
	0	127	1	182	2	144	3	143	4	193	5	197	6	137	7	137	8	171	9	166	
	0	188	1	129	2	109	3	163	4	100	5	105	6	199	7	154	8	104	9	115	
	0	183	1	181	2	171	3	127	4	105	5	147	6	179	7	105	8	119	9	117	
	0	146	1	131	2	115	3	162	4	186	5	143	6	178	7	144	8	100	9	158	
	0	155	1	144	2	160	3	117	4	179	5	137	6	103	7	108	8	120	9	182	
	0	177	1	181	2	196	3	154	4	157	5	167	6	101	7	148	8	140	9	167	
	0	183	1	197	2	107	3	197	4	163	5	162	6	138	7	180	8	168	9	164	
	0	170	1	161	2	179	3	166	4	174	5	130	6	139	7	156	8	127	9	170	
	0	163	1	198	2	153	3	177	4	120	5	105	6	190	7	198	8	176	9	196	
	0	121	1	125	2	113	3	136	4	167	5	187	6	178	7	184	8	192	9	101	
	0	159	1	151	2	105	3	161	4	181	5	156	6	123	7	177	8	199	9	148	
	0	132	1	114	2	183	3	108	4	145	5	176	6	188	7	146	8	124	9	120	
	0	100	1	130	2	159	3	150	4	107	5	166	6	158	7	170	8	145	9	186	
	0	135	1	139	2	177	3	131	4	117	5	190	6	174	7	178	8	103	9	189	
	0	161	1	169	2	146	3	132	4	145	5	155	6	189	7	138	8	125	9	189	
	0	113	1	180	2	128	3	174	4	182	5	159	6	123	7	179	8	101	9	112	
	0	138	1	167	2	128	3	189	4	129	5	137	6	196	7	136	8	160	9	185	
	0	154	1	107	2	159	3	175	4	162	5	123	6	112	7	124	8	112	9	142	
	0	109	1	129	2	136	3	120	4	133	5	148	6	193	7	139	8	163	9	162	
	0	110	1	146	2	184	3	168	4	159	5	156	6	175	7	132	8	135	9	159	
	0	186	1	104	2	171	3	131	4	171	5	185	6	186	7	157	8	148	9	113	
	0	179	1	104	2	169	3	143	4	133	5	123	6	133	7	177	8	149	9	187	
	0	196	1	124	2	151	3	160	4	164	5	188	6	115	7	147	8	158	9	115	
	0	115	1	142	2	193	3	127	4	183	5	176	6	178	7	132	8	172	9	141	
	0	166	1	176	2	129	3	150	4	145	5	171	6	192	7	169	8	148	9	115	
	0	114	1	194	2	194	3	189	4	147	5	123	6	157	7	135	8	165	9	175	
	0	184	1	105	2	151	3	171	4	172	5	178	6	165	7	199	8	164	9	156	
	0	199	1	107	2	138	3	184	4	136	5	105	6	149	7	113	8	121	9	162	
	0	180	1	109	2	119	3	169	4	153	5	101	6	138	7	169	8	180	9	181	
	0	120	1	164	2	115	3	143	4	139	5	153	6	163	7	126	8	122	9	127	
	0	137	1	104	2	127	3	111	4	190	5	114	6	101	7	111	8	133	9	164	
	0	165	1	178	2	155	3	180	4	137	5	168	6	185	7	115	8	152	9	139	
	0	107	1	127	2	106	3	153	4	160	5	137	6	123	7	164	8	155	9	138	
	0	146	1	157	2	165	3	162	4	164	5	196	6	188	7	109	8	131	9	160	
	0	188	1	165	2	187	3	137	4	177	5	190	6	172	7	178	8	186	9	121	
	0	110	1	106	2	145	3	164	4	100	5	126	6	135	7	138	8	163	9	180	
	0	180	1	175	2	188	3	108	4	175	5	184	6	107	7	124	8	188	9	149	
	0	184	1	171	2	196	3	132	4	170	5	179	6	177	7	138	8	143	9	187	
	0	136	1	105	2	150	3	172	4	195	5	120	6	101	7	116	8	180	9	128	
	0	167	1	198	2	152	3	127	4	181	5	180	6	165	7	163	8	126	9	118	
	0	121	1	118	2	109	3	177	4	167	5	161	6	144	7	144	8	195	9	128	
	0	111	1	112	2	158	3	171	4	102	5	159	6	148	7	143	8	151	9	191	
	0	167	1	193	2	176	3	124	4	121	5	192	6	113	7	199	8	174	9	107	
	0	183	1	114	2	103	3	121	4	118	5	137	6	143	7	104	8	129	9	136	
	0	156	1	169	2	187	3	121	4	142	5	177	6	148	7	197	8	133	9	154	
	0	187	1	134	2	132	3	110	4	109	5	159	6	199	7	186	8	176	9	135	
	0	125	1	191	2	117	3	188	4	187	5	177	6	166	7	100	8	162	9	180	
	0	199	1	132	2	164	3	103	4	165	5	105	6	182	7	162	8	166	9	120	
	0	105	1	160	2	145	3	117	4	111	5	195	6	174	7	119	8	153	9	159	
	0	153	1	164	2	180	3	117	4	124	5	188	6	172	7	146	8	198	9	157	
	0	197	1	194	2	179	3	190	4	197	5	165	6	126	7	152	8	160	9	101	
	0	196	1	162	2	164	3	170	4	156	5	161	6	180	7	195	8	127	9	120	
	0	143	1	189	2	172	3	127	4	197	5	111	6	124	7	190	8	167	9	164	
	0	189	1	181	2	180	3	106	4	146	5	119	6	177	7	112	8	189	9	111	
	0	142	1	143	2	172	3	157	4	183	5	182	6	193	7	106	8	198	9	179	
	0	152	1	166	2	150	3	171	4	127	5	147	6	113	7	174	8	129	9	151	
	0	159	1	112	2	196	3	176	4	163	5	148	6	159	7	103	8	140	9	190	
	0	128	1	166	2	105	3	127	4	159	5	128	6	109	7	166	8	131	9	183	
	0	171	1	104	2	133	3	114	4	105	5	101	6	144	7	169	8	140	9	153	
	0	136	1	145	2	136	3	145	4	167	5	145	6	134	7	135	8	118	9	118	
	0	116	1	126	2	152	3	192	4	189	5	187	6	190	7	102	8	175	9	165	
	0	103	1	105	2	157	3	127	4	155	5	158	6	129	7	196	8	139	9	100	
	0	114	1	142	2	176	3	109	4	107	5	147	6	146	7	176	8	177	9	197	
	0	131	1	113	2	124	3	144	4	157	5	138	6	178	7	169	8	152	9	153	
	0	128	1	112	2	133	3	131	4	141	5	195	6	144	7	175	8	193	9	199	
	0	194	1	161	2	123	3	139	4	180	5	135	6	191	7	123	8	100	9	142	
	0	164	1	132	2	114	3	142	4	177	5	164	6	166	7	119	8	152	9	118	
	0	128	1	116	2	136	3	129	4	132	5	178	6	108	7	135	8	130	9	170	
	0	153	1	194	2	107	3	112	4	179	5	181	6	122	7	163	8	189	9	136	
	0	186	1	123	2	159	3	184	4	151	5	158	6	145	7	183	8	107	9	152	
	0	163	1	146	2	141	3	126	4	192	5	178	6	122	7	197	8	128	9	122	
	0	120	1	185	2	174	3	141	4	110	5	172	6	122	7	192	8	106	9	146	
	0	184	1	190	2	183	3	142	4	109	5	159	6	135	7	182	8	128	9	124	
	0	134	1	148	2	150	3	177	4	196	5	197	6	147	7	135	8	108	9	137	
	0	154	1	193	2	158	3	117	4	191	5	117	6	193	7	158	8	179	9	151	
	0	182	1	158	2	128	3	165	4	124	5	171	6	128	7	143	8	173	9	120	
	0	141	1	168	2	125	3	128	4	163	5	194	6	190	7	168	8	117	9	134	
	0	149	1	185	2	162	3	183	4	180	5	139	6	184	7	177	8	190	9	137	
	0	184	1	191	2	131	3	160	4	130	5	154	6	193	7	103	8	174	9	118	
	0	168	1	146	2	108	3	125	4	121	5	188	6	180	7	183	8	104	9	119	
	0	127	1	185	2	159	3	186	4	164	5	126	6	187	7	181	8	138	9	141	
	0	165	1	141	2	167	3	189	4	150	5	177	6	125	7	124	8	161	9	138	
	0	184	1	189	2	174	3	154	4	122	5	161	6	157	7	143	8	127	9	194	
	0	104	1	134	2	117	3	183	4	170	5	148	6	111	7	112	8	113	9	169	
	0	169	1	182	2	164	3	184	4	110	5	155	6	114	7	183	8	162	9	155	
	0	149	1	199	2	183	3	195	4	107	5	122	6	102	7	176	8	170	9	197	
	0	154	1	103	2	160	3	113	4	162	5	189	6	164	7	169	8	129	9	102	
	0	180	1	177	2	164	3	139	4	116	5	187	6	191	7	173	8	147	9	171	
	0	168	1	160	2	125	3	139	4	101	5	135	6	101	7	112	8	176	9	192	
	0	152	1	139	2	110	3	192	4	143	5	148	6	106	7	153	8	171	9	156	
	0	181	1	184	2	163	3	131	4	159	5	192	6	156	7	192	8	187	9	117	
	0	117	1	110	2	111	3	138	4	176	5	105	6	143	7	180	8	113	9	182	
	0	169	1	135	2	139	3	144	4	159	5	155	6	141	7	131	8	186	9	177	
	0	148	1	151	2	162	3	194	4	178	5	166	6	190	7	153	8	126	9	151	
	0	198	1	181	2	180	3	190	4	168	5	161	6	119	7	126	8	129	9	103	
	0	168	1	163	2	193	3	184	4	182	5	181	6	121	7	158	8	179	9	130	
	0	177	1	105	2	106	3	166	4	189	5	151	6	161	7	105	8	198	9	127	
	0	183	1	152	2	156	3	134	4	104	5	169	6	194	7	169	8	134	9	157	
	0	199	1	140	2	157	3	166	4	102	5	199	6	109	7	158	8	176	9	102	
	0	123	1	157	2	103	3	191	4	170	5	131	6	151	7	161	8	173	9	138	
	0	179	1	177	2	115	3	181	4	189	5	188	6	106	7	181	8	198	9	191	
	0	132	1	107	2	108	3	115	4	172	5	165	6	170	7	141	8	122	9	178	
	0	168	1	142	2	159	3	152	4	181	5	129	6	148	7	115	8	158	9	118	
	0	192	1	108	2	188	3	127	4	133	5	141	6	109	7	194	8	188	9	124	
	0	115	1	146	2	106	3	111	4	114	5	107	6	153	7	123	8	117	9	149	
	0	187	1	126	2	109	3	121	4	109	5	143	6	146	7	178	8	135	9	152	
	0	115	1	139	2	192	3	106	4	185	5	106	6	194	7	114	8	151	9	194	
	0	116	1	141	2	105	3	194	4	160	5	106	6	107	7	129	8	164	9	179	
	0	130	1	159	2	144	3	173	4	123	5	142	6	115	7	138	8	183	9	111	
	0	108	1	166	2	138	3	191	4	152	5	122	6	139	7	173	8	141	9	108	
	0	133	1	198	2	141	3	135	4	177	5	196	6	161	7	124	8	193	9	185	
	0	130	1	163	2	137	3	104	4	183	5	168	6	125	7	126	8	100	9	145	
	0	195	1	106	2	159	3	100	4	183	5	100	6	100	7	167	8	105	9	152	
	0	123	1	148	2	173	3	191	4	135	5	136	6	178	7	151	8	142	9	156	
	0	158	1	107	2	101	3	170	4	147	5	178	6	170	7	134	8	197	9	189	
	0	113	1	156	2	162	3	177	4	199	5	115	6	134	7	196	8	140	9	177	
	0	139	1	187	2	140	3	137	4	137	5	184	6	119	7	139	8	105	9	147	
	0	163	1	138	2	196	3	106	4	191	5	172	6	127	7	147	8	197	9	152	
	0	121	1	166	2	196	3	184	4	185	5	175	6	109	7	118	8	142	9	112	
	0	108	1	156	2	118	3	163	4	100	5	129	6	119	7	167	8	167	9	143	
	0	185	1	156	2	163	3	191	4	113	5	172	6	183	7	177	8	178	9	119	
	0	190	1	165	2	170	3	199	4	139	5	183	6	192	7	189	8	136	9	174	
	0	173	1	143	2	185	3	100	4	189	5	179	6	170	7	145	8	168	9	190	
	0	157	1	134	2	143	3	111	4	199	5	143	6	134	7	111	8	105	9	189	
	0	179	1	108	2	123	3	106	4	132	5	122	6	188	7	102	8	101	9	114	
	0	134	1	142	2	122	3	123	4	101	5	148	6	153	7	111	8	187	9	187	
	0	105	1	158	2	120	3	139	4	150	5	159	6	107	7	105	8	159	9	152	
	0	181	1	152	2	130	3	116	4	100	5	190	6	103	7	172	8	113	9	117	
	0	170	1	126	2	133	3	199	4	124	5	114	6	166	7	182	8	145	9	124	
	0	198	1	171	2	116	3	159	4	160	5	186	6	142	7	176	8	134	9	177	
	0	156	1	186	2	195	3	153	4	128	5	106	6	103	7	198	8	119	9	125	
	0	133	1	113	2	143	3	121	4	137	5	140	6	124	7	101	8	163	9	185	
	0	113	1	145	2	176	3	152	4	102	5	173	6	189	7	103	8	136	9	114	
	0	181	1	169	2	152	3	119	4	100	5	106	6	112	7	127	8	190	9	117	
	0	192	1	124	2	164	3	180	4	171	5	148	6	167	7	150	8	111	9	164	
	0	172	1	105	2	162	3	126	4	105	5	195	6	146	7	111	8	171	9	190	
	0	187	1	114	2	143	3	122	4	121	5	165	6	155	7	147	8	123	9	110	
	0	109	1	124	2	106	3	130	4	123	5	116	6	158	7	126	8	187	9	173	
	0	143	1	191	2	189	3	142	4	112	5	143	6	197	7	115	8	142	9	110	
	0	146	1	151	2	183	3	191	4	106	5	175	6	158	7	197	8	131	9	114	
	0	172	1	139	2	141	3	163	4	197	5	116	6	112	7	155	8	101	9	147	
	0	149	1	140	2	153	3	181	4	179	5	172	6	181	7	185	8	175	9	169	
	0	141	1	142	2	147	3	146	4	157	5	150	6	199	7	177	8	114	9	195	
	0	154	1	172	2	159	3	106	4	122	5	173	6	144	7	115	8	189	9	127	
	0	179	1	159	2	104	3	103	4	197	5	127	6	192	7	140	8	163	9	195	
	0	143	1	120	2	146	3	115	4	153	5	107	6	129	7	153	8	109	9	123	
	0	155	1	186	2	144	3	193	4	173	5	147	6	112	7	182	8	169	9	146	
	0	109	1	150	2	173	3	139	4	173	5	119	6	103	7	153	8	198	9	160	
	0	190	1	129	2	163	3	149	4	199	5	161	6	144	7	102	8	181	9	190	
	0	190	1	166	2	183	3	160	4	195	5	169	6	173	7	191	8	142	9	175	
	0	170	1	123	2	188	3	182	4	185	5	194	6	147	7	140	8	146	9	167	
	0	172	1	181	2	157	3	183	4	121	5	147	6	198	7	127	8	124	9	199	
	0	163	1	188	2	187	3	181	4	195	5	191	6	160	7	132	8	116	9	153	
	0	157	1	172	2	121	3	172	4	158	5	169	6	194	7	101	8	104	9	161	
	0	112	1	164	2	130	3	187	4	180	5	146	6	109	7	195	8	104	9	158	
	0	165	1	102	2	123	3	172	4	164	5	158	6	139	7	168	8	132	9	114	
	0	153	1	102	2	189	3	100	4	152	5	131	6	187	7	165	8	158	9	134	
	0	137	1	167	2	140	3	178	4	152	5	186	6	124	7	189	8	141	9	128	
	0	150	1	106	2	107	3	179	4	116	5	120	6	128	7	109	8	151	9	162	
	0	118	1	196	2	128	3	104	4	117	5	180	6	116	7	164	8	184	9	108	
	0	105	1	119	2	105	3	149	4	189	5	135	6	179	7	131	8	148	9	104	
	0	127	1	139	2	106	3	127	4	179	5	198	6	150	7	171	8	131	9	191	
	0	115	1	107	2	102	3	168	4	102	5	137	6	130	7	183	8	165	9	181	
	0	171	1	108	2	167	3	131	4	106	5	156	6	105	7	196	8	141	9	168	
	0	177	1	192	2	192	3	116	4	125	5	156	6	183	7	123	8	154	9	166	
	0	199	1	143	2	139	3	113	4	172	5	171	6	118	7	165	8	139	9	170	
	0	111	1	156	2	110	3	188	4	101	5	115	6	153	7	111	8	150	9	184	
	0	136	1	122	2	158	3	160	4	147	5	110	6	147	7	154	8	193	9	182	
	0	167	1	158	2	138	3	106	4	143	5	105	6	128	7	194	8	189	9	126	
	0	125	1	140	2	114	3	118	4	108	5	147	6	111	7	153	8	197	9	135	
	0	177	1	193	2	123	3	170	4	107	5	104	6	109	7	109	8	148	9	121	
	0	120	1	136	2	182	3	156	4	189	5	188	6	135	7	183	8	190	9	155	
	0	142	1	142	2	132	3	122	4	134	5	183	6	113	7	127	8	195	9	163	
	0	183	1	171	2	138	3	101	4	118	5	138	6	177	7	189	8	177	9	118	
	0	183	1	169	2	140	3	127	4	138	5	103	6	135	7	112	8	134	9	159	
	0	163	1	187	2	125	3	156	4	120	5	175	6	186	7	147	8	125	9	175	
	0	164	1	173	2	147	3	164	4	157	5	101	6	149	7	183	8	195	9	153	
	0	129	1	157	2	118	3	142	4	190	5	128	6	167	7	184	8	121	9	127	
	0	186	1	120	2	173	3	123	4	123	5	181	6	148	7	164	8	136	9	141	
	0	184	1	111	2	111	3	141	4	133	5	149	6	162	7	189	8	176	9	122	
	0	121	1	130	2	123	3	161	4	187	5	155	6	176	7	175	8	102	9	146	
	0	175	1	188	2	129	3	119	4	182	5	113	6	184	7	119	8	100	9	168	
	0	151	1	187	2	151	3	191	4	106	5	157	6	108	7	187	8	173	9	112	
	0	163	1	109	2	136	3	180	4	127	5	154	6	164	7	121	8	152	9	137	
	0	122	1	145	2	181	3	143	4	144	5	132	6	121	7	143	8	150	9	152	
	0	182	1	148	2	154	3	111	4	145	5	179	6	121	7	176	8	116	9	109	
	0	138	1	199	2	163	3	102	4	152	5	141	6	123	7	130	8	135	9	172	
	0	100	1	120	2	128	3	165	4	118	5	165	6	164	7	195	8	139	9	107	
	0	167	1	175	2	180	3	156	4	134	5	161	6	121	7	174	8	187	9	139	
	0	143	1	172	2	152	3	123	4	107	5	191	6	132	7	199	8	189	9	126	
	0	153	1	112	2	146	3	186	4	143	5	158	6	194	7	158	8	107	9	131	
	0	134	1	167	2	175	3	185	4	127	5	150	6	187	7	139	8	129	9	122	
	0	164	1	168	2	139	3	164	4	149	5	105	6	107	7	182	8	104	9	117	
	0	193	1	145	2	139	3	144	4	173	5	121	6	143	7	101	8	147	9	125	
	0	134	1	170	2	139	3	101	4	193	5	125	6	182	7	149	8	138	9	179	
	0	189	1	102	2	176	3	177	4	136	5	152	6	123	7	160	8	123	9	106	
	0	128	1	180	2	188	3	144	4	107	5	153	6	154	7	179	8	117	9	137	
	0	131	1	119	2	169	3	174	4	103	5	167	6	129	7	179	8	182	9	139	
	0	185	1	138	2	195	3	194	4	164	5	114	6	196	7	108	8	108	9	119	
	0	115	1	146	2	153	3	166	4	138	5	134	6	150	7	115	8	159	9	142	
	0	116	1	127	2	142	3	136	4	187	5	168	6	169	7	192	8	188	9	127	
	0	187	1	185	2	156	3	192	4	160	5	162	6	116	7	149	8	165	9	177	
	0	198	1	153	2	139	3	176	4	135	5	121	6	127	7	136	8	140	9	178	
	0	109	1	136	2	153	3	178	4	162	5	110	6	190	7	171	8	189	9	163	
	0	149	1	198	2	100	3	134	4	185	5	193	6	169	7	186	8	175	9	196	
	0	116	1	199	2	198	3	175	4	168	5	159	6	177	7	109	8	122	9	145	
	0	132	1	154	2	169	3	163	4	119	5	197	6	133	7	132	8	173	9	157	
	0	199	1	130	2	196	3	167	4	146	5	166	6	151	7	165	8	177	9	135	
	0	181	1	150	2	128	3	137	4	156	5	133	6	148	7	186	8	151	9	112	
	0	136	1	127	2	156	3	134	4	134	5	157	6	147	7	163	8	179	9	132	
	0	183	1	148	2	183	3	172	4	118	5	178	6	113	7	154	8	150	9	135	
	0	124	1	159	2	107	3	192	4	126	5	160	6	120	7	134	8	141	9	151	
	0	190	1	176	2	148	3	194	4	187	5	179	6	188	7	185	8	128	9	161	
	0	190	1	182	2	194	3	185	4	182	5	189	6	151	7	147	8	104	9	150	
	0	149	1	140	2	178	3	175	4	168	5	192	6	189	7	191	8	154	9	128	
	0	154	1	161	2	193	3	184	4	196	5	123	6	108	7	113	8	135	9	186	
	0	138	1	165	2	192	3	171	4	192	5	199	6	154	7	164	8	114	9	135	
	0	152	1	105	2	114	3	120	4	163	5	147	6	108	7	184	8	183	9	139	
	0	190	1	141	2	187	3	156	4	124	5	181	6	109	7	106	8	185	9	104	
	0	183	1	158	2	157	3	118	4	101	5	183	6	138	7	104	8	181	9	107	
	0	107	1	165	2	141	3	100	4	103	5	138	6	159	7	183	8	180	9	187	
	0	142	1	103	2	124	3	190	4	189	5	160	6	104	7	137	8	102	9	138	
	0	120	1	195	2	105	3	108	4	111	5	189	6	111	7	109	8	105	9	106	
	0	106	1	141	2	178	3	145	4	154	5	102	6	193	7	184	8	175	9	168	
	0	123	1	198	2	102	3	180	4	119	5	146	6	174	7	104	8	108	9	150	
	0	197	1	191	2	178	3	176	4	104	5	175	6	193	7	164	8	147	9	113	
	0	115	1	194	2	149	3	138	4	140	5	144	6	164	7	152	8	149	9	160	
	0	106	1	160	2	178	3	180	4	169	5	165	6	121	7	115	8	136	9	142	
	0	157	1	135	2	171	3	130	4	167	5	149	6	147	7	121	8	165	9	193	
	0	120	1	124	2	173	3	168	4	130	5	110	6	149	7	129	8	155	9	174	
	0	125	1	195	2	123	3	188	4	188	5	129	6	120	7	171	8	188	9	191	
	0	194	1	193	2	106	3	113	4	175	5	155	6	119	7	143	8	124	9	117	
	0	194	1	123	2	192	3	142	4	195	5	104	6	125	7	177	8	151	9	136	
	0	130	1	198	2	146	3	197	4	180	5	192	6	154	7	185	8	130	9	141	
	0	146	1	143	2	112	3	121	4	135	5	139	6	130	7	129	8	174	9	161	
	0	150	1	119	2	101	3	195	4	140	5	162	6	180	7	149	8	139	9	195	
	0	133	1	166	2	118	3	119	4	123	5	177	6	197	7	173	8	119	9	161	
	0	197	1	180	2	149	3	159	4	174	5	102	6	177	7	109	8	152	9	157	
	0	176	1	185	2	162	3	175	4	109	5	116	6	188	7	117	8	130	9	141	
	0	195	1	168	2	136	3	117	4	107	5	171	6	118	7	164	8	128	9	193	
	0	155	1	116	2	110	3	124	4	102	5	107	6	116	7	108	8	164	9	179	
	0	189	1	182	2	181	3	109	4	190	5	193	6	107	7	194	8	175	9	126	
	0	100	1	138	2	156	3	180	4	126	5	191	6	156	7	134	8	122	9	142	
	0	162	1	174	2	179	3	170	4	105	5	176	6	129	7	138	8	166	9	143	
	0	138	1	154	2	144	3	185	4	184	5	186	6	148	7	169	8	198	9	165	
	0	146	1	190	2	169	3	148	4	156	5	175	6	127	7	172	8	122	9	105	
	0	115	1	135	2	140	3	106	4	126	5	139	6	169	7	148	8	158	9	197	
	0	197	1	100	2	109	3	129	4	165	5	105	6	155	7	103	8	130	9	175	
	0	122	1	178	2	196	3	164	4	183	5	165	6	114	7	145	8	117	9	138	
	0	137	1	144	2	196	3	195	4	193	5	195	6	196	7	112	8	199	9	101	
	0	157	1	188	2	184	3	101	4	101	5	168	6	170	7	151	8	192	9	150	
	0	170	1	187	2	120	3	144	4	159	5	185	6	152	7	131	8	107	9	150	
	0	131	1	163	2	104	3	150	4	163	5	101	6	137	7	123	8	162	9	168	
	0	170	1	183	2	182	3	151	4	170	5	131	6	149	7	184	8	125	9	110	
	0	133	1	149	2	139	3	129	4	155	5	179	6	164	7	184	8	189	9	135	
	0	125	1	143	2	170	3	170	4	164	5	103	6	122	7	127	8	104	9	160	
	0	100	1	160	2	135	3	101	4	132	5	173	6	154	7	194	8	157	9	127	
	0	127	1	179	2	184	3	101	4	170	5	145	6	187	7	103	8	194	9	150	
	0	102	1	181	2	138	3	134	4	188	5	192	6	100	7	145	8	122	9	134	
	0	150	1	164	2	176	3	158	4	150	5	108	6	161	7	184	8	109	9	154	
	0	134	1	167	2	183	3	181	4	110	5	162	6	133	7	163	8	113	9	113	
	0	147	1	122	2	159	3	125	4	197	5	148	6	113	7	135	8	133	9	149	
	0	179	1	153	2	188	3	157	4	169	5	104	6	131	7	183	8	188	9	178	
	0	192	1	164	2	191	3	160	4	182	5	181	6	147	7	168	8	101	9	143	
	0	129	1	140	2	156	3	141	4	184	5	195	6	142	7	197	8	100	9	145	
	0	199	1	165	2	105	3	107	4	140	5	174	6	180	7	117	8	177	9	182	
	0	180	1	100	2	188	3	166	4	181	5	192	6	176	7	179	8	107	9	198	
	0	155	1	137	2	197	3	100	4	156	5	127	6	105	7	134	8	137	9	118	
	0	137	1	177	2	122	3	189	4	136	5	187	6	144	7	134	8	143	9	122	
	0	177	1	127	2	182	3	193	4	123	5	145	6	191	7	161	8	104	9	130	
	0	126	1	158	2	118	3	198	4	112	5	162	6	136	7	163	8	138	9	123	
	0	130	1	173	2	104	3	168	4	165	5	132	6	104	7	146	8	147	9	115	
	0	121	1	177	2	150	3	159	4	106	5	155	6	195	7	194	8	121	9	130	
	0	175	1	178	2	140	3	102	4	194	5	168	6	111	7	133	8	196	9	157	
	0	123	1	114	2	137	3	155	4	163	5	117	6	169	7	163	8	129	9	140	
	0	173	1	108	2	143	3	160	4	145	5	149	6	181	7	160	8	187	9	175	
	0	132	1	188	2	185	3	192	4	113	5	118	6	195	7	124	8	176	9	121	
	0	112	1	114	2	103	3	158	4	127	5	169	6	127	7	104	8	137	9	166	
	0	143	1	129	2	126	3	149	4	188	5	131	6	170	7	110	8	197	9	189	
	0	115	1	109	2	163	3	150	4	145	5	116	6	197	7	100	8	145	9	150	
	0	131	1	118	2	119	3	138	4	100	5	145	6	154	7	161	8	122	9	137	
	0	198	1	119	2	121	3	180	4	199	5	133	6	105	7	120	8	128	9	105	
	0	179	1	142	2	175	3	105	4	174	5	136	6	156	7	133	8	171	9	198	
	0	141	1	195	2	150	3	105	4	121	5	116	6	124	7	169	8	100	9	113	
	0	135	1	129	2	152	3	121	4	117	5	142	6	142	7	154	8	177	9	125	
	0	176	1	180	2	150	3	170	4	100	5	153	6	114	7	114	8	181	9	188	
	0	145	1	137	2	145	3	133	4	132	5	177	6	152	7	181	8	152	9	127	
	0	128	1	111	2	139	3	143	4	167	5	198	6	101	7	103	8	125	9	103	
	0	128	1	113	2	154	3	127	4	156	5	179	6	116	7	127	8	159	9	104	
	0	170	1	128	2	161	3	113	4	111	5	149	6	150	7	194	8	130	9	172	
	0	161	1	194	2	179	3	165	4	165	5	175	6	102	7	130	8	186	9	123	
	0	163	1	176	2	171	3	125	4	134	5	179	6	100	7	139	8	177	9	101	
	0	120	1	199	2	129	3	133	4	132	5	194	6	166	7	128	8	190	9	109	
	0	136	1	174	2	161	3	152	4	171	5	129	6	193	7	114	8	117	9	122	
	0	125	1	118	2	180	3	181	4	190	5	171	6	167	7	136	8	129	9	199	
	0	142	1	105	2	133	3	159	4	198	5	193	6	126	7	195	8	122	9	120	
	0	160	1	189	2	189	3	170	4	109	5	171	6	125	7	169	8	100	9	182	
	0	130	1	158	2	180	3	191	4	136	5	182	6	131	7	185	8	193	9	113	
	0	141	1	186	2	163	3	118	4	158	5	106	6	118	7	153	8	167	9	134	
	0	175	1	151	2	131	3	114	4	118	5	169	6	181	7	104	8	170	9	155	
	0	122	1	194	2	147	3	173	4	136	5	139	6	159	7	123	8	112	9	191	
	0	110	1	174	2	122	3	190	4	140	5	183	6	172	7	162	8	197	9	116	
	0	155	1	133	2	150	3	127	4	167	5	128	6	167	7	186	8	184	9	151	
	0	109	1	189	2	117	3	151	4	137	5	163	6	113	7	150	8	110	9	172	
	0	149	1	131	2	168	3	152	4	133	5	129	6	130	7	114	8	159	9	162	
	0	143	1	112	2	194	3	160	4	141	5	114	6	108	7	132	8	163	9	150	
	0	156	1	108	2	106	3	130	4	156	5	118	6	139	7	197	8	178	9	156	
	0	135	1	197	2	197	3	107	4	179	5	183	6	103	7	128	8	103	9	190	
	0	138	1	170	2	167	3	165	4	188	5	185	6	126	7	174	8	119	9	189	
	0	191	1	136	2	128	3	190	4	109	5	102	6	148	7	172	8	174	9	127	
	0	121	1	156	2	128	3	162	4	164	5	162	6	105	7	186	8	122	9	199	
	0	141	1	162	2	169	3	198	4	170	5	144	6	145	7	186	8	136	9	129	
	0	128	1	147	2	127	3	193	4	151	5	118	6	122	7	184	8	107	9	177	
	0	110	1	100	2	105	3	188	4	132	5	115	6	178	7	105	8	140	9	158	
	0	167	1	189	2	199	3	172	4	165	5	135	6	144	7	144	8	100	9	161	
	0	103	1	166	2	182	3	199	4	106	5	168	6	159	7	100	8	170	9	194	
	0	148	1	147	2	142	3	105	4	153	5	198	6	127	7	129	8	141	9	106	
	0	136	1	170	2	154	3	152	4	161	5	175	6	193	7	140	8	104	9	170	
	0	147	1	112	2	159	3	184	4	197	5	196	6	141	7	162	8	186	9	172	
	0	171	1	115	2	172	3	172	4	151	5	193	6	199	7	183	8	113	9	142	
	0	178	1	187	2	143	3	111	4	114	5	102	6	143	7	123	8	189	9	170	
	0	195	1	126	2	140	3	147	4	120	5	181	6	166	7	198	8	136	9	195	
	0	105	1	118	2	127	3	179	4	182	5	147	6	153	7	117	8	125	9	130	
	0	163	1	159	2	167	3	195	4	187	5	196	6	173	7	176	8	153	9	104	
	0	198	1	100	2	164	3	183	4	197	5	116	6	155	7	124	8	128	9	141	
	0	114	1	146	2	101	3	117	4	109	5	138	6	191	7	196	8	167	9	100	
	0	113	1	161	2	115	3	144	4	131	5	199	6	124	7	134	8	198	9	166	
	0	108	1	189	2	179	3	181	4	124	5	185	6	132	7	173	8	154	9	117	
	0	167	1	174	2	108	3	195	4	184	5	122	6	181	7	179	8	162	9	160	
	0	198	1	123	2	189	3	134	4	127	5	174	6	195	7	198	8	143	9	128	
	0	124	1	187	2	162	3	196	4	161	5	140	6	123	7	141	8	190	9	171	
	0	183	1	147	2	108	3	168	4	137	5	116	6	115	7	141	8	171	9	188	
	0	131	1	126	2	138	3	185	4	174	5	114	6	174	7	175	8	166	9	172	
	0	100	1	155	2	177	3	148	4	105	5	136	6	127	7	114	8	148	9	103	
	0	147	1	158	2	165	3	184	4	115	5	103	6	111	7	134	8	101	9	178	
	0	199	1	164	2	171	3	122	4	106	5	199	6	172	7	124	8	100	9	100	
	0	168	1	117	2	179	3	186	4	159	5	101	6	196	7	157	8	109	9	101	
	0	109	1	126	2	123	3	154	4	188	5	159	6	186	7	175	8	164	9	159	
	0	160	1	164	2	134	3	159	4	125	5	164	6	127	7	136	8	135	9	190	
	0	185	1	102	2	110	3	122	4	187	5	118	6	143	7	174	8	123	9	159	
	0	196	1	156	2	179	3	127	4	170	5	190	6	104	7	180	8	183	9	113	
	0	128	1	135	2	115	3	140	4	171	5	101	6	166	7	189	8	156	9	177	
	0	154	1	138	2	193	3	119	4	148	5	154	6	161	7	107	8	118	9	155	
	0	174	1	190	2	148	3	127	4	125	5	157	6	199	7	175	8	162	9	147	
	0	162	1	144	2	180	3	197	4	178	5	150	6	169	7	162	8	125	9	116	
	0	175	1	106	2	163	3	169	4	193	5	108	6	140	7	173	8	113	9	155	
	0	194	1	191	2	198	3	138	4	103	5	147	6	113	7	145	8	152	9	117	
	0	144	1	152	2	170	3	197	4	120	5	170	6	152	7	162	8	182	9	175	
	0	126	1	145	2	134	3	154	4	141	5	115	6	119	7	122	8	149	9	127	
	0	102	1	161	2	168	3	111	4	145	5	135	6	155	7	135	8	172	9	182	
	0	152	1	180	2	180	3	163	4	191	5	110	6	128	7	145	8	106	9	172	
	0	185	1	150	2	106	3	161	4	177	5	185	6	167	7	164	8	189	9	103	
	0	116	1	133	2	173	3	111	4	143	5	139	6	105	7	122	8	188	9	175	
	0	153	1	137	2	154	3	195	4	165	5	104	6	186	7	193	8	151	9	167	
	0	105	1	123	2	195	3	116	4	192	5	195	6	161	7	100	8	171	9	199	
	0	174	1	117	2	151	3	102	4	125	5	138	6	105	7	195	8	153	9	121	
	0	153	1	100	2	193	3	117	4	128	5	152	6	139	7	167	8	110	9	157	
	0	138	1	107	2	123	3	100	4	194	5	197	6	109	7	139	8	106	9	115	
	0	199	1	173	2	170	3	199	4	101	5	131	6	171	7	125	8	157	9	139	
	0	113	1	105	2	158	3	153	4	120	5	155	6	120	7	149	8	102	9	128	
	0	152	1	187	2	172	3	170	4	169	5	167	6	140	7	137	8	124	9	157	
	0	176	1	149	2	152	3	166	4	122	5	124	6	111	7	198	8	103	9	128	
	0	114	1	134	2	173	3	194	4	128	5	102	6	169	7	198	8	131	9	123	
	0	123	1	183	2	115	3	109	4	122	5	160	6	147	7	144	8	140	9	108	
	0	121	1	110	2	114	3	123	4	118	5	114	6	156	7	138	8	124	9	125	
	0	185	1	185	2	150	3	185	4	110	5	193	6	198	7	131	8	185	9	107	
	0	197	1	141	2	116	3	188	4	115	5	110	6	136	7	120	8	109	9	106	
	0	186	1	139	2	173	3	169	4	193	5	128	6	154	7	141	8	154	9	155	
	0	189	1	191	2	100	3	141	4	103	5	112	6	170	7	196	8	117	9	193	
	0	192	1	166	2	190	3	165	4	155	5	176	6	109	7	199	8	150	9	130	
	0	103	1	158	2	138	3	112	4	131	5	158	6	128	7	125	8	117	9	194	
	0	134	1	153	2	133	3	169	4	141	5	182	6	139	7	114	8	171	9	192	
	0	184	1	170	2	181	3	166	4	134	5	125	6	163	7	181	8	168	9	113	
	0	103	1	139	2	129	3	132	4	196	5	128	6	168	7	114	8	148	9	117	
	0	162	1	138	2	146	3	175	4	100	5	193	6	131	7	164	8	180	9	133	
	0	147	1	149	2	103	3	117	4	137	5	179	6	173	7	130	8	156	9	128	
	0	104	1	189	2	100	3	139	4	166	5	116	6	124	7	196	8	191	9	180	
	0	177	1	137	2	108	3	161	4	149	5	121	6	115	7	133	8	159	9	198	
	0	119	1	175	2	160	3	164	4	111	5	107	6	188	7	118	8	127	9	180	
	0	178	1	185	2	198	3	150	4	132	5	189	6	116	7	146	8	171	9	190	
	0	157	1	144	2	195	3	168	4	199	5	171	6	151	7	114	8	153	9	177	
	0	129	1	197	2	168	3	157	4	178	5	175	6	131	7	150	8	157	9	175	
	0	123	1	154	2	157	3	137	4	194	5	121	6	164	7	117	8	130	9	189	
	0	175	1	184	2	148	3	166	4	121	5	187	6	118	7	119	8	161	9	184	
	0	135	1	111	2	192	3	125	4	191	5	159	6	135	7	132	8	144	9	165	
	0	125	1	161	2	139	3	126	4	133	5	158	6	179	7	165	8	164	9	132	
	0	179	1	138	2	190	3	136	4	167	5	187	6	168	7	129	8	103	9	162	
	0	173	1	102	2	128	3	133	4	129	5	145	6	112	7	188	8	188	9	157	
	0	136	1	140	2	180	3	117	4	157	5	126	6	135	7	121	8	137	9	146	
	0	135	1	118	2	132	3	193	4	127	5	132	6	179	7	158	8	139	9	115	
	0	160	1	192	2	173	3	148	4	132	5	102	6	104	7	181	8	159	9	106	
	0	154	1	156	2	118	3	192	4	125	5	166	6	179	7	103	8	198	9	151	
	0	137	1	156	2	126	3	166	4	161	5	150	6	170	7	102	8	178	9	151	
	0	155	1	185	2	179	3	121	4	132	5	110	6	104	7	171	8	108	9	174	
	0	199	1	127	2	112	3	175	4	120	5	184	6	177	7	164	8	171	9	120	
	0	110	1	198	2	146	3	159	4	121	5	161	6	155	7	197	8	168	9	196	
	0	148	1	106	2	188	3	110	4	150	5	113	6	114	7	112	8	131	9	198	
	0	134	1	107	2	186	3	112	4	170	5	128	6	154	7	188	8	127	9	109	
	0	190	1	155	2	163	3	136	4	124	5	188	6	103	7	198	8	120	9	185	
	0	187	1	160	2	100	3	192	4	141	5	170	6	190	7	135	8	127	9	154	
	0	194	1	101	2	102	3	173	4	110	5	140	6	140	7	189	8	156	9	132	
	0	141	1	162	2	164	3	138	4	189	5	107	6	148	7	162	8	161	9	114	
	0	176	1	187	2	145	3	192	4	162	5	108	6	123	7	122	8	151	9	164	
	0	187	1	196	2	112	3	196	4	188	5	156	6	169	7	145	8	162	9	164	
	0	144	1	185	2	100	3	198	4	149	5	182	6	128	7	197	8	161	9	182	
	0	163	1	168	2	105	3	175	4	109	5	159	6	179	7	151	8	198	9	122	
	0	193	1	128	2	167	3	110	4	101	5	161	6	119	7	199	8	117	9	193	
	0	152	1	160	2	151	3	142	4	123	5	179	6	129	7	115	8	101	9	160	
	0	156	1	103	2	176	3	117	4	182	5	108	6	171	7	144	8	114	9	183	
	0	178	1	137	2	164	3	191	4	121	5	108	6	198	7	198	8	143	9	115	
	0	115	1	197	2	147	3	172	4	139	5	187	6	144	7	185	8	144	9	148	
	0	155	1	174	2	136	3	105	4	101	5	192	6	111	7	132	8	139	9	105	
	0	192	1	194	2	102	3	119	4	107	5	112	6	199	7	198	8	195	9	118	
	0	118	1	155	2	139	3	181	4	157	5	110	6	119	7	117	8	188	9	165	
	0	133	1	191	2	117	3	197	4	197	5	124	6	150	7	194	8	151	9	157	
	0	105	1	169	2	156	3	135	4	150	5	114	6	148	7	177	8	108	9	124	
	0	102	1	166	2	106	3	167	4	141	5	165	6	192	7	169	8	160	9	127	
	0	143	1	126	2	134	3	110	4	173	5	139	6	112	7	120	8	142	9	111	
	0	188	1	148	2	125	3	167	4	178	5	183	6	156	7	123	8	162	9	180	
	0	184	1	170	2	121	3	176	4	111	5	149	6	129	7	148	8	179	9	157	
	0	113	1	121	2	180	3	169	4	145	5	186	6	151	7	111	8	108	9	138	
	0	150	1	190	2	196	3	129	4	140	5	137	6	107	7	121	8	174	9	177	
	0	148	1	117	2	119	3	100	4	184	5	174	6	198	7	146	8	183	9	123	
	0	150	1	182	2	110	3	179	4	144	5	102	6	108	7	103	8	117	9	112	
	0	162	1	173	2	154	3	107	4	160	5	199	6	185	7	194	8	174	9	177	
	0	180	1	177	2	155	3	134	4	190	5	119	6	110	7	199	8	119	9	169	
	0	155	1	138	2	182	3	151	4	184	5	150	6	150	7	132	8	145	9	196	
	0	156	1	172	2	193	3	186	4	193	5	115	6	168	7	100	8	108	9	110	
	0	123	1	107	2	168	3	178	4	168	5	177	6	171	7	121	8	127	9	160	
	0	130	1	159	2	156	3	137	4	197	5	130	6	110	7	149	8	131	9	163	
	0	173	1	186	2	149	3	158	4	154	5	155	6	184	7	134	8	173	9	130	
	0	129	1	141	2	147	3	184	4	108	5	125	6	169	7	100	8	184	9	143	
	0	168	1	196	2	190	3	107	4	108	5	139	6	133	7	194	8	181	9	124	
	0	191	1	164	2	165	3	153	4	163	5	138	6	140	7	186	8	191	9	103	
	0	124	1	106	2	140	3	199	4	122	5	186	6	128	7	173	8	183	9	141	
	0	168	1	130	2	172	3	195	4	116	5	183	6	101	7	109	8	193	9	107	
	0	136	1	103	2	138	3	179	4	183	5	165	6	174	7	179	8	143	9	158	
	0	197	1	102	2	124	3	139	4	165	5	112	6	118	7	148	8	149	9	188	
	0	150	1	180	2	171	3	128	4	107	5	117	6	128	7	155	8	113	9	167	
	0	193	1	197	2	136	3	131	4	195	5	119	6	180	7	138	8	138	9	139	
	0	108	1	180	2	187	3	137	4	100	5	187	6	197	7	184	8	114	9	107	
	0	175	1	102	2	102	3	139	4	137	5	162	6	114	7	147	8	181	9	148	
	0	122	1	121	2	137	3	140	4	131	5	191	6	134	7	197	8	103	9	155	
	0	139	1	189	2	150	3	179	4	180	5	133	6	192	7	184	8	102	9	159	
	0	171	1	105	2	114	3	112	4	107	5	192	6	142	7	185	8	160	9	168	
	0	196	1	109	2	149	3	115	4	165	5	164	6	140	7	188	8	173	9	148	
	0	170	1	114	2	194	3	125	4	117	5	199	6	126	7	124	8	115	9	143	
	0	106	1	113	2	167	3	149	4	193	5	189	6	136	7	132	8	103	9	147	
	0	162	1	196	2	184	3	119	4	190	5	188	6	161	7	137	8	112	9	196	
	0	170	1	177	2	160	3	176	4	121	5	183	6	170	7	136	8	103	9	178	
	0	195	1	140	2	176	3	106	4	146	5	111	6	149	7	118	8	111	9	151	
	0	151	1	110	2	127	3	175	4	115	5	186	6	153	7	186	8	110	9	191	
	0	150	1	169	2	170	3	199	4	100	5	116	6	138	7	175	8	104	9	135	
	0	115	1	155	2	166	3	106	4	112	5	174	6	166	7	152	8	118	9	103	
	0	134	1	105	2	145	3	112	4	112	5	166	6	166	7	153	8	122	9	198	
	0	171	1	179	2	167	3	175	4	188	5	167	6	192	7	101	8	156	9	181	
	0	128	1	159	2	159	3	181	4	138	5	127	6	123	7	117	8	178	9	122	
	0	143	1	115	2	123	3	125	4	123	5	195	6	136	7	124	8	136	9	156	
	0	109	1	155	2	111	3	115	4	101	5	136	6	165	7	140	8	186	9	118	
	0	199	1	109	2	101	3	184	4	179	5	147	6	197	7	173	8	195	9	183	
	0	135	1	196	2	101	3	131	4	196	5	128	6	100	7	113	8	131	9	106	
	0	187	1	193	2	161	3	184	4	188	5	192	6	179	7	146	8	193	9	119	
	0	115	1	108	2	191	3	175	4	116	5	170	6	199	7	199	8	104	9	101	
	0	130	1	197	2	155	3	135	4	175	5	134	6	114	7	102	8	121	9	168	
	0	194	1	110	2	180	3	137	4	160	5	124	6	114	7	138	8	170	9	144	
	0	171	1	139	2	156	3	183	4	148	5	135	6	152	7	142	8	134	9	177	
	0	135	1	146	2	147	3	181	4	138	5	113	6	163	7	156	8	170	9	127	
	0	132	1	170	2	108	3	154	4	158	5	118	6	168	7	172	8	135	9	161	
	0	145	1	102	2	184	3	189	4	147	5	127	6	199	7	146	8	161	9	103	
	0	185	1	110	2	118	3	158	4	101	5	132	6	199	7	101	8	158	9	167	
	0	170	1	119	2	179	3	125	4	182	5	141	6	171	7	148	8	147	9	116	
	0	128	1	158	2	177	3	145	4	100	5	117	6	109	7	163	8	102	9	126	
	0	172	1	165	2	167	3	113	4	169	5	151	6	103	7	135	8	118	9	195	
	0	147	1	168	2	135	3	169	4	177	5	108	6	111	7	148	8	196	9	154	
	0	131	1	152	2	150	3	179	4	141	5	116	6	154	7	170	8	154	9	152	
	0	151	1	192	2	100	3	113	4	161	5	127	6	168	7	190	8	162	9	120	
	0	136	1	100	2	108	3	126	4	136	5	194	6	125	7	191	8	187	9	113	
	0	148	1	173	2	141	3	199	4	188	5	109	6	169	7	171	8	191	9	184	
	0	178	1	182	2	173	3	100	4	146	5	158	6	147	7	104	8	170	9	143	
	0	103	1	124	2	124	3	122	4	134	5	114	6	187	7	102	8	177	9	177	
	0	155	1	150	2	181	3	196	4	185	5	190	6	138	7	141	8	146	9	130	
	0	147	1	132	2	196	3	157	4	108	5	110	6	169	7	164	8	128	9	179	
	0	189	1	114	2	107	3	188	4	150	5	163	6	104	7	199	8	143	9	141	
	0	113	1	132	2	154	3	151	4	140	5	104	6	187	7	113	8	120	9	121	
	0	147	1	110	2	197	3	190	4	170	5	189	6	193	7	163	8	149	9	147	
	0	173	1	144	2	143	3	198	4	156	5	158	6	127	7	107	8	127	9	123	
	0	140	1	130	2	155	3	171	4	149	5	154	6	148	7	144	8	147	9	124	
	0	174	1	151	2	145	3	150	4	178	5	165	6	106	7	105	8	118	9	161	
	0	107	1	176	2	190	3	145	4	122	5	112	6	136	7	184	8	142	9	128	
	0	195	1	138	2	189	3	174	4	105	5	190	6	111	7	193	8	190	9	169	
	0	133	1	115	2	189	3	137	4	179	5	166	6	142	7	174	8	166	9	186	
	0	141	1	177	2	182	3	186	4	151	5	143	6	172	7	156	8	110	9	192	
	0	124	1	188	2	144	3	141	4	131	5	113	6	169	7	113	8	132	9	119	
	0	198	1	163	2	161	3	153	4	171	5	109	6	121	7	187	8	120	9	148	
	0	148	1	116	2	177	3	168	4	159	5	169	6	155	7	160	8	158	9	138	
	0	166	1	188	2	196	3	195	4	181	5	199	6	179	7	143	8	137	9	124	
	0	141	1	113	2	155	3	101	4	195	5	123	6	138	7	193	8	188	9	112	
	0	133	1	136	2	121	3	103	4	189	5	164	6	157	7	174	8	178	9	112	
	0	144	1	181	2	193	3	118	4	171	5	155	6	119	7	133	8	111	9	172	
	0	116	1	158	2	141	3	145	4	130	5	127	6	198	7	197	8	105	9	191	
	0	139	1	141	2	100	3	177	4	126	5	114	6	111	7	155	8	112	9	196	
	0	102	1	130	2	178	3	167	4	153	5	116	6	115	7	142	8	137	9	143	
	0	132	1	167	2	170	3	109	4	173	5	137	6	111	7	190	8	196	9	147	
	0	100	1	169	2	155	3	166	4	191	5	124	6	193	7	190	8	163	9	107	
	0	169	1	123	2	101	3	151	4	172	5	126	6	168	7	100	8	167	9	163	
	0	176	1	136	2	114	3	117	4	112	5	152	6	128	7	153	8	129	9	110	
	0	139	1	184	2	115	3	153	4	163	5	172	6	152	7	196	8	175	9	119	
	0	155	1	130	2	179	3	115	4	107	5	162	6	178	7	134	8	173	9	160	
	0	120	1	166	2	180	3	152	4	101	5	194	6	180	7	163	8	190	9	127	
	0	125	1	182	2	128	3	105	4	183	5	134	6	175	7	126	8	187	9	170	
	0	128	1	181	2	149	3	178	4	103	5	101	6	106	7	168	8	100	9	165	
	0	196	1	151	2	117	3	132	4	160	5	188	6	165	7	174	8	160	9	103	
	0	144	1	173	2	163	3	110	4	148	5	166	6	154	7	183	8	156	9	196	
	0	145	1	153	2	131	3	164	4	163	5	189	6	152	7	144	8	196	9	189	
	0	170	1	121	2	165	3	168	4	151	5	176	6	117	7	116	8	154	9	112	
	0	146	1	122	2	141	3	130	4	134	5	160	6	105	7	131	8	190	9	174	
	0	193	1	175	2	146	3	154	4	198	5	199	6	187	7	109	8	115	9	184	
	0	161	1	196	2	187	3	196	4	164	5	185	6	180	7	198	8	175	9	111	
	0	199	1	137	2	124	3	165	4	146	5	147	6	199	7	109	8	120	9	184	
	0	154	1	198	2	131	3	138	4	166	5	116	6	112	7	115	8	112	9	176	
	0	154	1	154	2	187	3	149	4	141	5	152	6	193	7	157	8	147	9	147	
	0	173	1	114	2	166	3	129	4	197	5	176	6	126	7	190	8	190	9	151	
	0	140	1	108	2	178	3	167	4	125	5	137	6	116	7	120	8	172	9	152	
	0	114	1	109	2	136	3	161	4	192	5	173	6	194	7	137	8	121	9	120	
	0	117	1	121	2	188	3	104	4	121	5	172	6	110	7	147	8	146	9	197	
	0	130	1	122	2	191	3	116	4	162	5	153	6	171	7	148	8	165	9	142	
	0	152	1	114	2	182	3	120	4	134	5	197	6	108	7	171	8	183	9	113	
	0	171	1	170	2	169	3	146	4	184	5	170	6	126	7	158	8	137	9	186	
	0	128	1	115	2	124	3	101	4	196	5	104	6	166	7	135	8	114	9	100	
	0	184	1	113	2	178	3	165	4	114	5	192	6	174	7	114	8	129	9	145	
	0	148	1	110	2	131	3	106	4	156	5	170	6	112	7	115	8	107	9	198	
	0	112	1	114	2	187	3	105	4	164	5	189	6	103	7	160	8	127	9	115	
	0	113	1	140	2	162	3	165	4	159	5	172	6	188	7	111	8	192	9	185	
	0	137	1	132	2	173	3	121	4	133	5	158	6	161	7	111	8	189	9	128	
	0	157	1	129	2	169	3	141	4	124	5	166	6	157	7	142	8	167	9	143	
	0	159	1	188	2	197	3	104	4	187	5	111	6	191	7	140	8	139	9	176	
	0	183	1	113	2	172	3	118	4	102	5	106	6	141	7	109	8	124	9	107	
	0	167	1	196	2	148	3	103	4	126	5	112	6	186	7	150	8	120	9	194	
	0	190	1	115	2	104	3	166	4	181	5	121	6	171	7	155	8	126	9	137	
	0	195	1	107	2	127	3	190	4	179	5	163	6	171	7	177	8	187	9	123	
	0	138	1	105	2	141	3	168	4	192	5	148	6	134	7	144	8	150	9	105	
	0	137	1	148	2	114	3	146	4	137	5	109	6	118	7	146	8	189	9	100	
	0	184	1	174	2	144	3	140	4	141	5	152	6	114	7	134	8	116	9	101	
	0	152	1	156	2	130	3	190	4	188	5	160	6	109	7	116	8	165	9	111	
	0	166	1	164	2	195	3	122	4	124	5	172	6	134	7	125	8	102	9	159	
	0	133	1	179	2	113	3	117	4	158	5	154	6	160	7	136	8	129	9	132	
	0	137	1	148	2	178	3	168	4	129	5	165	6	144	7	115	8	179	9	170	
	0	120	1	198	2	125	3	150	4	131	5	136	6	172	7	135	8	199	9	166	
	0	176	1	128	2	165	3	183	4	129	5	196	6	129	7	199	8	152	9	125	
	0	171	1	152	2	197	3	192	4	111	5	139	6	170	7	138	8	172	9	109	
	0	113	1	187	2	157	3	142	4	180	5	195	6	192	7	175	8	174	9	193	
	0	153	1	140	2	169	3	190	4	115	5	117	6	139	7	164	8	122	9	154	
	0	106	1	140	2	185	3	191	4	190	5	145	6	198	7	113	8	189	9	121	
	0	121	1	167	2	169	3	155	4	122	5	121	6	150	7	103	8	183	9	135	
	0	106	1	108	2	122	3	123	4	112	5	196	6	124	7	156	8	173	9	145	
	0	196	1	179	2	102	3	143	4	182	5	148	6	158	7	129	8	115	9	199	
	0	143	1	158	2	154	3	105	4	170	5	190	6	174	7	117	8	176	9	143	
	0	108	1	139	2	120	3	118	4	100	5	140	6	118	7	110	8	159	9	113	
	0	129	1	126	2	186	3	158	4	158	5	120	6	136	7	164	8	163	9	146	
	0	123	1	123	2	167	3	142	4	133	5	190	6	155	7	151	8	121	9	100	
	0	157	1	182	2	143	3	107	4	148	5	103	6	150	7	189	8	185	9	160	
	0	193	1	119	2	125	3	144	4	163	5	171	6	169	7	126	8	124	9	114	
	0	135	1	101	2	124	3	102	4	126	5	140	6	127	7	190	8	125	9	123	
	0	155	1	100	2	185	3	193	4	179	5	124	6	190	7	149	8	124	9	191	
	0	128	1	155	2	118	3	119	4	131	5	164	6	176	7	118	8	196	9	110	
	0	137	1	175	2	187	3	130	4	112	5	148	6	143	7	121	8	171	9	126	
	0	189	1	178	2	132	3	136	4	125	5	114	6	181	7	110	8	121	9	162	
	0	106	1	182	2	180	3	162	4	129	5	120	6	196	7	155	8	102	9	176	
	0	117	1	103	2	177	3	194	4	159	5	169	6	182	7	185	8	166	9	195	
	0	195	1	122	2	137	3	188	4	172	5	143	6	120	7	123	8	152	9	112	
	0	103	1	167	2	184	3	174	4	120	5	165	6	131	7	111	8	100	9	164	
	0	186	1	147	2	188	3	149	4	177	5	112	6	107	7	185	8	161	9	134	
	0	164	1	188	2	104	3	197	4	126	5	192	6	196	7	167	8	110	9	107	
	0	145	1	183	2	106	3	108	4	163	5	172	6	161	7	169	8	124	9	132	
	0	163	1	170	2	186	3	140	4	183	5	124	6	116	7	105	8	107	9	136	
	0	116	1	125	2	128	3	188	4	178	5	172	6	132	7	120	8	123	9	182	
	0	176	1	167	2	156	3	174	4	132	5	169	6	150	7	130	8	130	9	145	
	0	115	1	114	2	129	3	140	4	120	5	103	6	128	7	164	8	143	9	132	
	0	159	1	164	2	128	3	175	4	123	5	129	6	140	7	102	8	139	9	130	
	0	109	1	142	2	186	3	157	4	117	5	126	6	195	7	189	8	140	9	161	
	0	155	1	109	2	193	3	125	4	194	5	191	6	183	7	128	8	187	9	186	
	0	106	1	185	2	150	3	154	4	182	5	145	6	116	7	145	8	170	9	132	
	0	154	1	135	2	114	3	102	4	119	5	147	6	139	7	182	8	116	9	161	
	0	127	1	146	2	185	3	154	4	190	5	134	6	162	7	170	8	171	9	120	
	0	115	1	197	2	145	3	101	4	146	5	121	6	155	7	101	8	104	9	115	
	0	146	1	181	2	183	3	114	4	186	5	126	6	151	7	145	8	131	9	127	
	0	175	1	133	2	191	3	103	4	123	5	154	6	105	7	173	8	169	9	103	
	0	136	1	173	2	148	3	170	4	167	5	108	6	129	7	119	8	129	9	165	
	0	197	1	112	2	186	3	142	4	161	5	193	6	133	7	110	8	106	9	165	
	0	176	1	112	2	152	3	129	4	178	5	178	6	198	7	135	8	127	9	125	
	0	102	1	168	2	179	3	168	4	111	5	144	6	109	7	169	8	145	9	138	
	0	130	1	167	2	186	3	106	4	103	5	106	6	171	7	170	8	164	9	185	
	0	137	1	177	2	199	3	106	4	107	5	113	6	117	7	113	8	133	9	165	
	0	192	1	107	2	195	3	179	4	190	5	182	6	123	7	143	8	182	9	153	
	0	172	1	107	2	181	3	188	4	136	5	139	6	136	7	122	8	135	9	110	
	0	165	1	113	2	144	3	148	4	176	5	181	6	131	7	196	8	121	9	170	
	0	172	1	186	2	155	3	134	4	190	5	101	6	127	7	109	8	101	9	171	
	0	183	1	135	2	111	3	189	4	134	5	105	6	126	7	158	8	174	9	162	
	0	127	1	193	2	198	3	177	4	146	5	199	6	122	7	120	8	142	9	179	
	0	145	1	103	2	192	3	108	4	161	5	127	6	148	7	117	8	185	9	106	
	0	188	1	120	2	156	3	183	4	194	5	138	6	118	7	117	8	109	9	160	
	0	101	1	121	2	116	3	102	4	178	5	181	6	139	7	124	8	158	9	111	
	0	151	1	178	2	177	3	150	4	120	5	114	6	146	7	141	8	197	9	182	
	0	140	1	130	2	113	3	123	4	108	5	199	6	109	7	192	8	111	9	187	
	0	179	1	136	2	153	3	199	4	134	5	199	6	181	7	105	8	188	9	165	
	0	128	1	175	2	117	3	193	4	113	5	173	6	149	7	181	8	169	9	197	
	0	161	1	131	2	116	3	123	4	162	5	191	6	140	7	192	8	104	9	188	
	0	135	1	117	2	155	3	162	4	185	5	129	6	125	7	126	8	124	9	197	
	0	128	1	150	2	195	3	108	4	137	5	159	6	105	7	118	8	146	9	171	
	0	167	1	186	2	132	3	117	4	106	5	127	6	166	7	117	8	132	9	157	
	0	195	1	194	2	161	3	161	4	106	5	154	6	101	7	163	8	157	9	128	
	0	121	1	185	2	135	3	177	4	156	5	121	6	104	7	197	8	109	9	168	
	0	159	1	186	2	171	3	125	4	190	5	108	6	152	7	136	8	166	9	156	
	0	163	1	124	2	114	3	182	4	153	5	157	6	115	7	121	8	103	9	196	
	0	178	1	189	2	186	3	181	4	158	5	140	6	163	7	146	8	172	9	179	
	0	154	1	118	2	181	3	194	4	118	5	129	6	147	7	167	8	124	9	108	
	0	164	1	124	2	170	3	121	4	108	5	155	6	171	7	132	8	123	9	122	
	0	177	1	105	2	176	3	152	4	182	5	181	6	132	7	174	8	183	9	132	
	0	170	1	113	2	150	3	150	4	199	5	101	6	116	7	187	8	131	9	128	
	0	113	1	182	2	152	3	125	4	137	5	173	6	123	7	126	8	195	9	162	
	0	113	1	117	2	175	3	169	4	186	5	170	6	169	7	181	8	138	9	188	
	0	149	1	115	2	190	3	127	4	183	5	115	6	198	7	117	8	153	9	158	
	0	169	1	173	2	135	3	113	4	161	5	187	6	147	7	139	8	141	9	199	
	0	133	1	174	2	125	3	198	4	187	5	192	6	118	7	103	8	131	9	138	
	0	191	1	148	2	165	3	118	4	160	5	136	6	188	7	177	8	113	9	165	
	0	112	1	179	2	159	3	191	4	118	5	191	6	107	7	187	8	149	9	144	
	0	160	1	182	2	182	3	154	4	112	5	134	6	127	7	188	8	142	9	111	
	0	116	1	122	2	195	3	120	4	134	5	182	6	192	7	153	8	149	9	167	
	0	172	1	126	2	182	3	170	4	151	5	193	6	178	7	183	8	139	9	132	
	0	167	1	148	2	162	3	183	4	117	5	137	6	121	7	112	8	191	9	194	
	0	132	1	174	2	168	3	142	4	163	5	119	6	153	7	186	8	181	9	118	
	0	111	1	191	2	152	3	174	4	110	5	162	6	115	7	165	8	140	9	132	
	0	104	1	131	2	168	3	174	4	188	5	117	6	122	7	195	8	128	9	192	
	0	117	1	101	2	198	3	151	4	120	5	106	6	199	7	178	8	178	9	171	
	0	157	1	195	2	132	3	144	4	164	5	155	6	125	7	195	8	105	9	105	
	0	139	1	148	2	142	3	106	4	193	5	158	6	194	7	161	8	197	9	132	
	0	130	1	103	2	151	3	163	4	189	5	107	6	143	7	191	8	153	9	112	
	0	104	1	180	2	155	3	127	4	174	5	138	6	149	7	156	8	135	9	102	
	0	186	1	134	2	122	3	158	4	118	5	127	6	137	7	157	8	116	9	103	
	0	186	1	108	2	159	3	196	4	153	5	132	6	121	7	142	8	176	9	103	
	0	195	1	157	2	172	3	194	4	178	5	108	6	108	7	181	8	166	9	166	
	0	192	1	123	2	134	3	164	4	191	5	138	6	127	7	113	8	138	9	135	
	0	170	1	143	2	193	3	123	4	190	5	107	6	181	7	157	8	178	9	172	