1000 10 1
10
	0	148	1	122	2	144	3	183	4	194	5	100	6	139	7	120	8	192	9	126	
	0	186	1	129	2	193	3	118	4	136	5	116	6	137	7	175	8	138	9	103	
	0	128	1	143	2	139	3	179	4	156	5	147	6	188	7	186	8	173	9	135	
	0	153	1	116	2	173	3	190	4	148	5	182	6	185	7	147	8	130	9	154	
	0	113	1	174	2	164	3	199	4	128	5	160	6	143	7	144	8	161	9	181	
	0	160	1	191	2	102	3	100	4	136	5	176	6	182	7	158	8	107	9	121	
	0	138	1	189	2	124	3	188	4	132	5	164	6	113	7	131	8	108	9	124	
	0	133	1	149	2	156	3	137	4	157	5	123	6	112	7	195	8	179	9	184	
	0	123	1	172	2	154	3	170	4	126	5	118	6	186	7	139	8	111	9	167	
	0	111	1	135	2	126	3	117	4	190	5	101	6	171	7	165	8	128	9	170	
	0	167	1	155	2	144	3	195	4	169	5	199	6	104	7	117	8	165	9	196	
	0	180	1	130	2	117	3	171	4	167	5	144	6	160	7	156	8	186	9	179	
	0	197	1	168	2	199	3	126	4	180	5	106	6	127	7	154	8	184	9	199	
	0	100	1	137	2	101	3	125	4	123	5	146	6	156	7	173	8	118	9	166	
	0	130	1	169	2	174	3	163	4	106	5	169	6	115	7	174	8	156	9	139	
	0	149	1	118	2	151	3	194	4	119	5	189	6	149	7	124	8	119	9	108	
	0	114	1	103	2	162	3	178	4	199	5	110	6	118	7	126	8	182	9	197	
	0	118	1	165	2	128	3	106	4	176	5	107	6	146	7	100	8	167	9	199	
	0	165	1	154	2	105	3	138	4	117	5	146	6	120	7	177	8	112	9	124	
	0	181	1	119	2	129	3	157	4	133	5	160	6	140	7	105	8	128	9	169	
	0	117	1	105	2	196	3	170	4	194	5	107	6	180	7	182	8	105	9	175	
	0	150	1	127	2	187	3	146	4	127	5	117	6	139	7	122	8	145	9	169	
	0	139	1	162	2	191	3	126	4	109	5	162	6	145	7	128	8	157	9	194	
	0	123	1	109	2	143	3	103	4	109	5	129	6	101	7	118	8	109	9	135	
	0	196	1	122	2	181	3	179	4	156	5	122	6	195	7	147	8	109	9	132	
	0	127	1	105	2	104	3	165	4	144	5	174	6	151	7	120	8	103	9	105	
	0	158	1	151	2	137	3	131	4	139	5	128	6	108	7	147	8	137	9	122	
	0	146	1	160	2	129	3	117	4	139	5	106	6	178	7	115	8	132	9	198	
	0	143	1	194	2	169	3	145	4	187	5	122	6	103	7	188	8	133	9	196	
	0	170	1	155	2	138	3	149	4	127	5	115	6	165	7	129	8	118	9	171	
	0	193	1	165	2	101	3	183	4	126	5	172	6	184	7	132	8	158	9	141	
	0	148	1	108	2	150	3	102	4	199	5	189	6	102	7	132	8	185	9	173	
	0	153	1	131	2	135	3	174	4	166	5	106	6	166	7	165	8	157	9	105	
	0	174	1	161	2	115	3	131	4	192	5	148	6	118	7	178	8	177	9	161	
	0	115	1	167	2	122	3	182	4	129	5	194	6	190	7	158	8	135	9	103	
	0	143	1	144	2	170	3	123	4	161	5	186	6	158	7	162	8	128	9	129	
	0	103	1	179	2	177	3	142	4	108	5	189	6	152	7	165	8	153	9	101	
	0	165	1	182	2	158	3	197	4	165	5	144	6	104	7	196	8	157	9	195	
	0	126	1	189	2	123	3	160	4	180	5	126	6	108	7	192	8	117	9	168	
	0	182	1	166	2	168	3	133	4	150	5	108	6	127	7	151	8	173	9	112	
	0	163	1	112	2	185	3	142	4	179	5	132	6	179	7	122	8	179	9	190	
	0	133	1	185	2	104	3	143	4	174	5	172	6	175	7	154	8	189	9	155	
	0	184	1	105	2	160	3	169	4	119	5	117	6	165	7	105	8	198	9	112	
	0	163	1	191	2	176	3	199	4	144	5	121	6	105	7	120	8	166	9	119	
	0	106	1	182	2	149	3	139	4	125	5	140	6	132	7	169	8	112	9	165	
	0	152	1	140	2	179	3	192	4	137	5	186	6	199	7	125	8	127	9	185	
	0	129	1	112	2	146	3	139	4	185	5	150	6	198	7	176	8	101	9	132	
	0	164	1	177	2	153	3	139	4	161	5	181	6	141	7	106	8	161	9	159	
	0	141	1	189	2	187	3	197	4	157	5	150	6	107	7	128	8	190	9	100	
	0	151	1	134	2	110	3	132	4	106	5	163	6	108	7	161	8	116	9	190	
	0	195	1	160	2	123	3	174	4	133	5	160	6	182	7	183	8	199	9	141	
	0	157	1	141	2	160	3	192	4	184	5	192	6	179	7	147	8	177	9	161	
	0	171	1	197	2	185	3	198	4	191	5	192	6	151	7	150	8	127	9	185	
	0	194	1	123	2	110	3	170	4	140	5	107	6	141	7	199	8	147	9	173	
	0	160	1	198	2	119	3	189	4	176	5	184	6	131	7	141	8	113	9	186	
	0	190	1	155	2	135	3	130	4	114	5	161	6	117	7	139	8	164	9	163	
	0	189	1	176	2	146	3	139	4	191	5	191	6	159	7	123	8	156	9	187	
	0	141	1	148	2	183	3	108	4	185	5	149	6	181	7	151	8	135	9	178	
	0	118	1	147	2	180	3	171	4	140	5	126	6	178	7	169	8	119	9	158	
	0	107	1	127	2	154	3	163	4	158	5	179	6	166	7	189	8	132	9	123	
	0	144	1	124	2	111	3	175	4	114	5	136	6	173	7	118	8	103	9	108	
	0	136	1	133	2	111	3	155	4	105	5	169	6	108	7	161	8	159	9	132	
	0	178	1	140	2	126	3	174	4	162	5	178	6	170	7	194	8	154	9	120	
	0	158	1	172	2	129	3	169	4	193	5	175	6	198	7	190	8	145	9	127	
	0	102	1	198	2	171	3	149	4	168	5	197	6	106	7	144	8	177	9	159	
	0	139	1	197	2	194	3	110	4	163	5	103	6	174	7	189	8	193	9	100	
	0	172	1	195	2	131	3	168	4	153	5	100	6	168	7	162	8	126	9	129	
	0	131	1	114	2	115	3	131	4	111	5	151	6	192	7	194	8	176	9	182	
	0	145	1	167	2	182	3	152	4	162	5	131	6	160	7	136	8	188	9	149	
	0	183	1	129	2	176	3	111	4	182	5	183	6	177	7	160	8	127	9	154	
	0	100	1	109	2	108	3	181	4	112	5	158	6	176	7	161	8	120	9	138	
	0	161	1	193	2	103	3	195	4	111	5	106	6	123	7	168	8	170	9	127	
	0	106	1	100	2	153	3	190	4	145	5	123	6	186	7	119	8	158	9	197	
	0	139	1	151	2	121	3	115	4	164	5	117	6	139	7	131	8	183	9	153	
	0	176	1	152	2	122	3	174	4	132	5	134	6	134	7	106	8	116	9	112	
	0	169	1	145	2	143	3	199	4	162	5	110	6	176	7	176	8	145	9	114	
	0	155	1	119	2	147	3	171	4	108	5	167	6	199	7	142	8	151	9	114	
	0	115	1	118	2	115	3	165	4	110	5	144	6	178	7	180	8	128	9	176	
	0	199	1	128	2	113	3	154	4	187	5	127	6	170	7	198	8	144	9	146	
	0	177	1	161	2	140	3	146	4	132	5	160	6	134	7	132	8	109	9	108	
	0	176	1	178	2	125	3	169	4	198	5	104	6	187	7	149	8	182	9	149	
	0	128	1	124	2	122	3	180	4	154	5	137	6	138	7	102	8	114	9	152	
	0	131	1	172	2	175	3	112	4	161	5	190	6	117	7	113	8	139	9	151	
	0	178	1	142	2	139	3	177	4	128	5	185	6	100	7	102	8	180	9	147	
	0	113	1	197	2	199	3	111	4	173	5	170	6	100	7	147	8	160	9	105	
	0	137	1	166	2	122	3	118	4	176	5	115	6	174	7	167	8	118	9	110	
	0	175	1	175	2	126	3	133	4	190	5	126	6	101	7	118	8	187	9	182	
	0	189	1	127	2	122	3	168	4	180	5	144	6	138	7	121	8	135	9	108	
	0	118	1	145	2	148	3	183	4	132	5	109	6	162	7	185	8	171	9	193	
	0	192	1	128	2	105	3	113	4	181	5	109	6	183	7	161	8	179	9	140	
	0	145	1	196	2	185	3	185	4	185	5	150	6	135	7	107	8	198	9	155	
	0	126	1	108	2	199	3	124	4	190	5	172	6	175	7	101	8	154	9	171	
	0	133	1	112	2	138	3	102	4	101	5	136	6	110	7	158	8	112	9	186	
	0	122	1	184	2	114	3	186	4	110	5	132	6	194	7	180	8	173	9	177	
	0	180	1	172	2	195	3	175	4	194	5	128	6	180	7	168	8	184	9	133	
	0	127	1	161	2	175	3	164	4	188	5	116	6	109	7	105	8	119	9	108	
	0	131	1	121	2	171	3	181	4	175	5	166	6	114	7	194	8	181	9	128	
	0	153	1	137	2	122	3	190	4	132	5	128	6	181	7	187	8	165	9	199	
	0	167	1	193	2	167	3	163	4	165	5	122	6	159	7	103	8	167	9	195	
	0	194	1	114	2	167	3	122	4	117	5	103	6	152	7	120	8	130	9	109	
	0	171	1	195	2	192	3	163	4	145	5	198	6	119	7	121	8	111	9	159	
	0	133	1	157	2	103	3	150	4	157	5	184	6	139	7	128	8	135	9	165	
	0	184	1	187	2	196	3	101	4	164	5	157	6	164	7	194	8	157	9	117	
	0	122	1	118	2	134	3	145	4	129	5	191	6	153	7	110	8	142	9	156	
	0	137	1	102	2	165	3	139	4	156	5	116	6	184	7	102	8	129	9	147	
	0	106	1	101	2	115	3	176	4	130	5	121	6	143	7	111	8	165	9	159	
	0	101	1	136	2	142	3	176	4	136	5	190	6	109	7	162	8	161	9	166	
	0	170	1	177	2	117	3	166	4	176	5	184	6	136	7	138	8	154	9	107	
	0	163	1	167	2	166	3	160	4	169	5	183	6	146	7	186	8	110	9	130	
	0	184	1	133	2	157	3	174	4	106	5	141	6	136	7	159	8	166	9	191	
	0	182	1	121	2	111	3	122	4	193	5	114	6	191	7	196	8	101	9	129	
	0	153	1	148	2	146	3	125	4	187	5	104	6	150	7	176	8	153	9	119	
	0	151	1	111	2	139	3	160	4	172	5	103	6	154	7	183	8	170	9	122	
	0	183	1	122	2	179	3	104	4	101	5	105	6	147	7	113	8	185	9	135	
	0	124	1	156	2	183	3	104	4	124	5	163	6	108	7	191	8	105	9	162	
	0	151	1	117	2	121	3	178	4	137	5	169	6	103	7	162	8	162	9	119	
	0	150	1	116	2	137	3	108	4	121	5	150	6	116	7	187	8	193	9	117	
	0	178	1	170	2	160	3	188	4	190	5	161	6	151	7	126	8	105	9	172	
	0	163	1	129	2	155	3	104	4	168	5	195	6	163	7	143	8	186	9	103	
	0	137	1	177	2	197	3	194	4	182	5	112	6	108	7	108	8	152	9	136	
	0	126	1	105	2	167	3	180	4	102	5	156	6	155	7	145	8	158	9	139	
	0	139	1	100	2	140	3	118	4	167	5	116	6	104	7	171	8	167	9	186	
	0	176	1	115	2	177	3	189	4	161	5	146	6	170	7	198	8	104	9	165	
	0	192	1	188	2	127	3	169	4	103	5	181	6	106	7	189	8	190	9	185	
	0	133	1	160	2	109	3	109	4	119	5	121	6	122	7	148	8	161	9	148	
	0	129	1	134	2	134	3	102	4	145	5	190	6	160	7	193	8	100	9	194	
	0	184	1	110	2	194	3	186	4	170	5	109	6	151	7	102	8	152	9	138	
	0	195	1	177	2	117	3	183	4	148	5	158	6	109	7	181	8	179	9	130	
	0	132	1	147	2	139	3	120	4	132	5	195	6	128	7	121	8	149	9	196	
	0	164	1	141	2	193	3	150	4	104	5	104	6	172	7	120	8	102	9	122	
	0	171	1	192	2	126	3	148	4	152	5	198	6	175	7	195	8	117	9	127	
	0	116	1	108	2	119	3	173	4	132	5	183	6	198	7	111	8	195	9	130	
	0	140	1	189	2	159	3	198	4	118	5	170	6	144	7	184	8	114	9	192	
	0	120	1	169	2	199	3	191	4	103	5	123	6	188	7	115	8	130	9	129	
	0	165	1	126	2	179	3	155	4	100	5	140	6	165	7	167	8	127	9	105	
	0	146	1	165	2	117	3	182	4	108	5	109	6	160	7	150	8	188	9	134	
	0	191	1	104	2	190	3	119	4	182	5	197	6	193	7	107	8	103	9	144	
	0	134	1	115	2	199	3	151	4	105	5	103	6	102	7	109	8	164	9	181	
	0	139	1	165	2	110	3	137	4	148	5	186	6	195	7	166	8	147	9	169	
	0	189	1	136	2	143	3	172	4	187	5	129	6	110	7	197	8	146	9	153	
	0	175	1	179	2	158	3	129	4	167	5	149	6	158	7	175	8	101	9	193	
	0	169	1	196	2	112	3	193	4	133	5	160	6	198	7	156	8	161	9	130	
	0	170	1	123	2	115	3	140	4	106	5	148	6	116	7	146	8	120	9	101	
	0	132	1	108	2	171	3	142	4	135	5	123	6	174	7	141	8	171	9	164	
	0	181	1	170	2	119	3	140	4	192	5	134	6	119	7	108	8	174	9	106	
	0	141	1	196	2	114	3	169	4	174	5	195	6	144	7	176	8	160	9	106	
	0	115	1	118	2	141	3	191	4	187	5	139	6	168	7	122	8	152	9	154	
	0	158	1	110	2	111	3	162	4	130	5	141	6	183	7	199	8	150	9	165	
	0	191	1	190	2	104	3	173	4	131	5	155	6	154	7	101	8	118	9	136	
	0	155	1	122	2	144	3	175	4	139	5	141	6	104	7	169	8	141	9	129	
	0	169	1	193	2	191	3	197	4	177	5	135	6	166	7	172	8	131	9	122	
	0	125	1	177	2	107	3	162	4	193	5	115	6	184	7	144	8	151	9	154	
	0	163	1	112	2	174	3	137	4	119	5	180	6	131	7	155	8	196	9	195	
	0	187	1	144	2	148	3	105	4	188	5	133	6	149	7	103	8	137	9	136	
	0	114	1	119	2	168	3	151	4	117	5	105	6	145	7	196	8	102	9	197	
	0	105	1	118	2	106	3	140	4	180	5	195	6	167	7	166	8	129	9	153	
	0	101	1	167	2	117	3	152	4	174	5	107	6	152	7	133	8	182	9	109	
	0	176	1	101	2	188	3	135	4	194	5	110	6	154	7	115	8	151	9	147	
	0	197	1	153	2	192	3	172	4	121	5	164	6	198	7	116	8	153	9	165	
	0	129	1	170	2	150	3	108	4	104	5	172	6	158	7	138	8	102	9	134	
	0	176	1	148	2	193	3	132	4	103	5	133	6	173	7	143	8	112	9	131	
	0	187	1	149	2	181	3	144	4	195	5	153	6	127	7	157	8	195	9	117	
	0	157	1	100	2	155	3	168	4	107	5	162	6	107	7	128	8	106	9	103	
	0	140	1	172	2	103	3	138	4	119	5	168	6	141	7	174	8	183	9	161	
	0	137	1	123	2	118	3	117	4	169	5	192	6	112	7	161	8	161	9	125	
	0	188	1	121	2	170	3	128	4	135	5	105	6	160	7	184	8	134	9	180	
	0	112	1	142	2	144	3	123	4	183	5	122	6	151	7	101	8	150	9	198	
	0	197	1	142	2	103	3	182	4	123	5	151	6	169	7	102	8	125	9	115	
	0	181	1	173	2	111	3	148	4	185	5	144	6	161	7	154	8	181	9	164	
	0	134	1	133	2	140	3	106	4	172	5	126	6	117	7	103	8	120	9	151	
	0	156	1	128	2	151	3	144	4	140	5	120	6	179	7	179	8	110	9	161	
	0	159	1	129	2	184	3	173	4	107	5	138	6	161	7	173	8	140	9	162	
	0	187	1	129	2	143	3	134	4	119	5	191	6	138	7	163	8	171	9	139	
	0	142	1	183	2	185	3	192	4	150	5	148	6	147	7	161	8	113	9	166	
	0	196	1	138	2	102	3	117	4	135	5	126	6	117	7	160	8	156	9	146	
	0	166	1	147	2	164	3	127	4	167	5	123	6	105	7	138	8	131	9	168	
	0	147	1	101	2	134	3	172	4	105	5	123	6	180	7	118	8	125	9	153	
	0	157	1	110	2	163	3	176	4	114	5	140	6	117	7	134	8	116	9	105	
	0	124	1	188	2	125	3	163	4	198	5	106	6	140	7	120	8	141	9	147	
	0	171	1	146	2	104	3	101	4	184	5	122	6	105	7	145	8	161	9	198	
	0	120	1	172	2	160	3	158	4	162	5	181	6	159	7	177	8	126	9	178	
	0	185	1	118	2	133	3	119	4	143	5	191	6	168	7	158	8	142	9	134	
	0	169	1	133	2	158	3	160	4	142	5	167	6	118	7	125	8	137	9	161	
	0	195	1	123	2	105	3	170	4	121	5	159	6	134	7	165	8	153	9	186	
	0	178	1	127	2	174	3	109	4	112	5	193	6	198	7	183	8	138	9	163	
	0	144	1	104	2	130	3	173	4	156	5	156	6	169	7	111	8	134	9	122	
	0	177	1	144	2	105	3	167	4	125	5	115	6	125	7	191	8	171	9	141	
	0	156	1	121	2	154	3	123	4	158	5	100	6	189	7	153	8	135	9	155	
	0	125	1	157	2	194	3	135	4	175	5	190	6	113	7	124	8	162	9	132	
	0	180	1	156	2	112	3	189	4	170	5	148	6	195	7	135	8	183	9	113	
	0	108	1	104	2	168	3	119	4	164	5	151	6	138	7	158	8	128	9	149	
	0	150	1	126	2	103	3	176	4	141	5	109	6	118	7	113	8	128	9	113	
	0	107	1	104	2	131	3	124	4	163	5	141	6	112	7	134	8	115	9	198	
	0	103	1	153	2	166	3	179	4	176	5	144	6	102	7	128	8	129	9	116	
	0	156	1	133	2	103	3	133	4	141	5	104	6	116	7	160	8	152	9	177	
	0	199	1	190	2	146	3	114	4	139	5	180	6	145	7	147	8	165	9	195	
	0	149	1	100	2	150	3	120	4	165	5	190	6	158	7	156	8	103	9	112	
	0	192	1	113	2	142	3	142	4	130	5	192	6	132	7	137	8	163	9	127	
	0	184	1	171	2	104	3	177	4	194	5	178	6	169	7	178	8	192	9	100	
	0	107	1	157	2	177	3	125	4	131	5	140	6	132	7	116	8	112	9	186	
	0	163	1	157	2	158	3	193	4	101	5	112	6	119	7	187	8	183	9	176	
	0	159	1	143	2	163	3	106	4	193	5	156	6	171	7	161	8	144	9	169	
	0	125	1	135	2	160	3	161	4	180	5	137	6	175	7	136	8	152	9	154	
	0	180	1	123	2	150	3	130	4	183	5	116	6	111	7	110	8	129	9	109	
	0	122	1	175	2	192	3	179	4	165	5	175	6	188	7	148	8	197	9	109	
	0	101	1	142	2	151	3	109	4	113	5	163	6	124	7	177	8	141	9	153	
	0	148	1	115	2	176	3	187	4	128	5	150	6	124	7	119	8	153	9	161	
	0	186	1	180	2	105	3	151	4	120	5	163	6	157	7	101	8	146	9	149	
	0	144	1	107	2	195	3	107	4	132	5	178	6	118	7	139	8	191	9	139	
	0	173	1	117	2	141	3	195	4	105	5	138	6	125	7	131	8	116	9	105	
	0	126	1	196	2	116	3	142	4	185	5	132	6	105	7	107	8	148	9	125	
	0	199	1	199	2	181	3	195	4	106	5	138	6	145	7	112	8	103	9	193	
	0	108	1	168	2	176	3	151	4	123	5	168	6	107	7	164	8	102	9	163	
	0	171	1	162	2	108	3	128	4	157	5	132	6	144	7	199	8	115	9	108	
	0	138	1	167	2	135	3	109	4	139	5	145	6	155	7	199	8	121	9	158	
	0	196	1	116	2	163	3	124	4	141	5	191	6	178	7	191	8	106	9	144	
	0	138	1	104	2	162	3	178	4	156	5	112	6	103	7	189	8	180	9	194	
	0	197	1	153	2	118	3	134	4	170	5	113	6	189	7	105	8	165	9	172	
	0	110	1	194	2	185	3	177	4	132	5	116	6	185	7	173	8	129	9	155	
	0	174	1	155	2	101	3	173	4	137	5	182	6	121	7	141	8	183	9	195	
	0	148	1	126	2	135	3	102	4	129	5	166	6	100	7	185	8	149	9	159	
	0	193	1	195	2	177	3	116	4	181	5	100	6	148	7	162	8	111	9	138	
	0	145	1	141	2	131	3	101	4	135	5	198	6	187	7	169	8	168	9	158	
	0	169	1	116	2	112	3	100	4	158	5	127	6	107	7	104	8	149	9	177	
	0	131	1	152	2	194	3	119	4	141	5	185	6	122	7	148	8	197	9	111	
	0	159	1	181	2	197	3	160	4	144	5	122	6	192	7	150	8	156	9	119	
	0	137	1	108	2	113	3	169	4	176	5	126	6	153	7	185	8	179	9	168	
	0	108	1	135	2	121	3	170	4	160	5	137	6	120	7	153	8	170	9	103	
	0	145	1	104	2	134	3	119	4	146	5	106	6	155	7	197	8	116	9	103	
	0	180	1	189	2	143	3	114	4	179	5	138	6	180	7	190	8	169	9	115	
	0	170	1	137	2	103	3	105	4	124	5	198	6	196	7	104	8	135	9	131	
	0	199	1	143	2	183	3	171	4	191	5	190	6	180	7	195	8	163	9	111	
	0	136	1	128	2	184	3	146	4	124	5	193	6	147	7	154	8	104	9	154	
	0	109	1	165	2	152	3	104	4	164	5	100	6	121	7	141	8	117	9	148	
	0	125	1	160	2	143	3	181	4	123	5	138	6	167	7	132	8	159	9	176	
	0	103	1	120	2	102	3	141	4	156	5	182	6	129	7	136	8	197	9	163	
	0	193	1	100	2	101	3	116	4	128	5	184	6	117	7	100	8	123	9	129	
	0	128	1	177	2	199	3	111	4	167	5	192	6	161	7	123	8	101	9	189	
	0	134	1	100	2	196	3	136	4	184	5	158	6	171	7	121	8	157	9	184	
	0	129	1	155	2	166	3	102	4	182	5	183	6	151	7	138	8	172	9	137	
	0	182	1	148	2	184	3	199	4	117	5	193	6	107	7	146	8	105	9	184	
	0	126	1	135	2	173	3	184	4	166	5	147	6	117	7	199	8	109	9	144	
	0	126	1	121	2	174	3	163	4	111	5	182	6	147	7	174	8	148	9	193	
	0	158	1	198	2	174	3	116	4	125	5	167	6	158	7	133	8	127	9	189	
	0	124	1	144	2	117	3	104	4	146	5	136	6	194	7	168	8	197	9	152	
	0	155	1	166	2	188	3	154	4	170	5	134	6	112	7	198	8	149	9	177	
	0	141	1	146	2	139	3	149	4	171	5	171	6	192	7	140	8	111	9	124	
	0	151	1	130	2	177	3	182	4	150	5	111	6	123	7	155	8	190	9	128	
	0	141	1	109	2	196	3	187	4	113	5	123	6	135	7	138	8	169	9	112	
	0	187	1	153	2	115	3	172	4	155	5	168	6	169	7	159	8	132	9	175	
	0	144	1	137	2	111	3	121	4	103	5	116	6	170	7	136	8	189	9	161	
	0	198	1	183	2	123	3	106	4	112	5	192	6	111	7	141	8	114	9	113	
	0	186	1	159	2	193	3	185	4	189	5	120	6	182	7	107	8	193	9	178	
	0	158	1	130	2	172	3	153	4	163	5	130	6	148	7	117	8	176	9	112	
	0	111	1	135	2	172	3	157	4	109	5	107	6	108	7	104	8	110	9	104	
	0	156	1	104	2	156	3	106	4	184	5	125	6	145	7	109	8	196	9	124	
	0	141	1	194	2	165	3	155	4	128	5	159	6	131	7	144	8	131	9	136	
	0	104	1	154	2	178	3	153	4	131	5	181	6	138	7	184	8	131	9	111	
	0	136	1	147	2	139	3	143	4	166	5	159	6	179	7	122	8	124	9	108	
	0	109	1	113	2	131	3	185	4	109	5	142	6	144	7	168	8	158	9	184	
	0	129	1	115	2	135	3	162	4	102	5	174	6	183	7	141	8	101	9	173	
	0	182	1	197	2	143	3	167	4	104	5	145	6	107	7	185	8	199	9	187	
	0	174	1	180	2	112	3	144	4	174	5	157	6	119	7	141	8	183	9	104	
	0	190	1	150	2	184	3	153	4	149	5	157	6	110	7	159	8	187	9	119	
	0	149	1	198	2	180	3	179	4	147	5	187	6	191	7	124	8	149	9	120	
	0	187	1	160	2	190	3	150	4	135	5	123	6	142	7	132	8	134	9	122	
	0	182	1	194	2	121	3	146	4	122	5	106	6	100	7	125	8	131	9	171	
	0	181	1	176	2	163	3	183	4	145	5	112	6	154	7	184	8	199	9	166	
	0	156	1	171	2	147	3	165	4	153	5	122	6	116	7	114	8	132	9	101	
	0	139	1	140	2	145	3	194	4	108	5	172	6	109	7	145	8	147	9	184	
	0	177	1	187	2	139	3	139	4	164	5	177	6	106	7	136	8	154	9	165	
	0	174	1	164	2	130	3	140	4	164	5	195	6	130	7	103	8	148	9	199	
	0	106	1	116	2	141	3	124	4	147	5	121	6	163	7	147	8	167	9	148	
	0	147	1	174	2	123	3	138	4	106	5	154	6	101	7	170	8	154	9	107	
	0	155	1	107	2	139	3	122	4	156	5	186	6	186	7	153	8	106	9	165	
	0	112	1	128	2	142	3	192	4	169	5	140	6	141	7	163	8	154	9	108	
	0	163	1	146	2	106	3	117	4	134	5	181	6	107	7	183	8	160	9	171	
	0	190	1	122	2	158	3	141	4	197	5	111	6	159	7	161	8	135	9	127	
	0	181	1	134	2	102	3	118	4	151	5	127	6	166	7	182	8	170	9	183	
	0	185	1	179	2	118	3	155	4	143	5	135	6	118	7	175	8	128	9	167	
	0	155	1	137	2	117	3	152	4	175	5	108	6	122	7	152	8	158	9	105	
	0	101	1	154	2	150	3	103	4	199	5	193	6	101	7	116	8	140	9	181	
	0	140	1	125	2	144	3	168	4	198	5	127	6	155	7	107	8	158	9	153	
	0	186	1	197	2	141	3	142	4	108	5	194	6	142	7	191	8	136	9	145	
	0	141	1	134	2	180	3	125	4	163	5	126	6	159	7	129	8	128	9	163	
	0	168	1	178	2	181	3	159	4	163	5	190	6	156	7	102	8	121	9	190	
	0	163	1	199	2	109	3	131	4	110	5	159	6	146	7	122	8	170	9	135	
	0	100	1	178	2	104	3	148	4	119	5	184	6	185	7	139	8	114	9	113	
	0	132	1	180	2	145	3	132	4	193	5	102	6	106	7	118	8	173	9	160	
	0	118	1	190	2	113	3	112	4	148	5	123	6	171	7	197	8	111	9	166	
	0	156	1	148	2	166	3	131	4	175	5	199	6	162	7	167	8	111	9	161	
	0	191	1	190	2	165	3	155	4	163	5	191	6	125	7	120	8	128	9	144	
	0	188	1	125	2	197	3	189	4	131	5	140	6	173	7	162	8	134	9	170	
	0	116	1	121	2	156	3	117	4	134	5	163	6	126	7	155	8	122	9	187	
	0	131	1	165	2	104	3	164	4	116	5	148	6	107	7	143	8	113	9	117	
	0	199	1	196	2	129	3	133	4	186	5	163	6	150	7	132	8	135	9	172	
	0	157	1	100	2	168	3	148	4	185	5	178	6	104	7	139	8	122	9	184	
	0	134	1	187	2	138	3	182	4	120	5	119	6	168	7	139	8	189	9	129	
	0	133	1	124	2	141	3	138	4	192	5	148	6	174	7	126	8	121	9	164	
	0	105	1	189	2	127	3	129	4	139	5	158	6	136	7	140	8	112	9	139	
	0	134	1	186	2	174	3	171	4	195	5	153	6	146	7	110	8	121	9	132	
	0	167	1	188	2	148	3	186	4	152	5	189	6	165	7	119	8	132	9	156	
	0	197	1	107	2	193	3	192	4	164	5	183	6	118	7	123	8	160	9	111	
	0	194	1	119	2	170	3	102	4	199	5	139	6	183	7	101	8	131	9	183	
	0	183	1	155	2	171	3	116	4	167	5	119	6	186	7	134	8	141	9	124	
	0	125	1	136	2	106	3	133	4	189	5	194	6	172	7	188	8	153	9	187	
	0	114	1	134	2	134	3	187	4	158	5	142	6	121	7	196	8	186	9	107	
	0	108	1	148	2	162	3	132	4	141	5	105	6	165	7	141	8	108	9	173	
	0	190	1	176	2	104	3	191	4	124	5	187	6	138	7	175	8	171	9	182	
	0	191	1	143	2	194	3	178	4	187	5	194	6	182	7	127	8	134	9	117	
	0	115	1	155	2	135	3	182	4	142	5	159	6	156	7	144	8	147	9	167	
	0	118	1	154	2	166	3	115	4	182	5	135	6	114	7	197	8	128	9	147	
	0	170	1	139	2	156	3	162	4	104	5	174	6	155	7	185	8	186	9	181	
	0	140	1	182	2	155	3	123	4	165	5	144	6	156	7	164	8	128	9	104	
	0	125	1	111	2	140	3	160	4	124	5	145	6	149	7	174	8	169	9	122	
	0	163	1	138	2	107	3	177	4	124	5	140	6	127	7	118	8	112	9	116	
	0	135	1	129	2	123	3	196	4	190	5	118	6	166	7	120	8	194	9	195	
	0	198	1	133	2	195	3	177	4	146	5	192	6	160	7	119	8	180	9	148	
	0	184	1	183	2	163	3	131	4	116	5	147	6	180	7	101	8	196	9	184	
	0	196	1	126	2	127	3	165	4	162	5	178	6	187	7	118	8	110	9	120	
	0	102	1	124	2	133	3	184	4	128	5	150	6	124	7	114	8	126	9	171	
	0	104	1	187	2	121	3	151	4	136	5	159	6	180	7	141	8	172	9	106	
	0	182	1	157	2	161	3	133	4	184	5	106	6	161	7	172	8	183	9	191	
	0	117	1	157	2	171	3	116	4	130	5	108	6	113	7	106	8	193	9	130	
	0	119	1	135	2	187	3	173	4	145	5	119	6	118	7	198	8	199	9	126	
	0	106	1	122	2	158	3	176	4	164	5	183	6	165	7	145	8	149	9	131	
	0	110	1	162	2	186	3	195	4	117	5	141	6	116	7	117	8	101	9	152	
	0	167	1	132	2	173	3	173	4	133	5	197	6	175	7	190	8	117	9	136	
	0	101	1	164	2	193	3	161	4	184	5	123	6	197	7	165	8	186	9	152	
	0	113	1	141	2	183	3	195	4	159	5	105	6	101	7	140	8	119	9	183	
	0	161	1	160	2	156	3	171	4	158	5	138	6	121	7	180	8	185	9	197	
	0	140	1	172	2	162	3	102	4	106	5	172	6	139	7	170	8	180	9	147	
	0	155	1	144	2	138	3	196	4	171	5	137	6	171	7	105	8	185	9	114	
	0	176	1	139	2	193	3	104	4	118	5	168	6	105	7	191	8	187	9	124	
	0	188	1	192	2	145	3	147	4	123	5	136	6	175	7	122	8	148	9	194	
	0	113	1	152	2	141	3	114	4	139	5	152	6	190	7	173	8	149	9	153	
	0	139	1	157	2	158	3	120	4	180	5	121	6	143	7	131	8	194	9	198	
	0	188	1	155	2	151	3	157	4	170	5	117	6	119	7	158	8	180	9	187	
	0	115	1	158	2	179	3	130	4	194	5	112	6	144	7	127	8	115	9	194	
	0	138	1	126	2	121	3	186	4	134	5	114	6	175	7	125	8	112	9	108	
	0	181	1	141	2	183	3	180	4	107	5	147	6	132	7	134	8	145	9	176	
	0	163	1	143	2	168	3	107	4	160	5	103	6	180	7	188	8	126	9	155	
	0	127	1	169	2	131	3	199	4	117	5	146	6	107	7	138	8	114	9	124	
	0	109	1	107	2	178	3	114	4	188	5	176	6	152	7	192	8	116	9	182	
	0	147	1	169	2	175	3	163	4	182	5	105	6	115	7	168	8	158	9	133	
	0	132	1	103	2	177	3	185	4	162	5	162	6	198	7	167	8	141	9	143	
	0	108	1	149	2	114	3	159	4	162	5	123	6	176	7	110	8	109	9	188	
	0	164	1	184	2	185	3	151	4	149	5	198	6	169	7	179	8	191	9	112	
	0	136	1	146	2	199	3	100	4	175	5	199	6	164	7	137	8	145	9	155	
	0	149	1	181	2	118	3	161	4	115	5	181	6	152	7	159	8	187	9	130	
	0	176	1	104	2	133	3	137	4	129	5	129	6	199	7	176	8	135	9	177	
	0	181	1	197	2	178	3	101	4	142	5	152	6	155	7	194	8	105	9	189	
	0	132	1	124	2	126	3	152	4	168	5	175	6	136	7	189	8	123	9	153	
	0	111	1	152	2	194	3	156	4	123	5	189	6	192	7	184	8	173	9	114	
	0	194	1	124	2	150	3	145	4	113	5	160	6	117	7	197	8	161	9	103	
	0	105	1	170	2	133	3	108	4	105	5	117	6	170	7	136	8	141	9	166	
	0	161	1	195	2	174	3	153	4	174	5	175	6	133	7	188	8	167	9	166	
	0	170	1	179	2	174	3	132	4	196	5	141	6	163	7	109	8	141	9	199	
	0	166	1	193	2	151	3	123	4	134	5	181	6	193	7	139	8	195	9	140	
	0	197	1	118	2	121	3	160	4	184	5	104	6	198	7	174	8	161	9	113	
	0	109	1	136	2	146	3	167	4	169	5	112	6	148	7	169	8	122	9	155	
	0	161	1	184	2	106	3	101	4	153	5	122	6	169	7	149	8	179	9	134	
	0	179	1	137	2	122	3	195	4	132	5	131	6	176	7	185	8	102	9	156	
	0	146	1	194	2	146	3	122	4	150	5	146	6	117	7	161	8	194	9	109	
	0	153	1	106	2	118	3	118	4	193	5	102	6	122	7	145	8	169	9	139	
	0	185	1	119	2	191	3	190	4	130	5	106	6	136	7	122	8	154	9	120	
	0	120	1	142	2	111	3	109	4	106	5	152	6	121	7	193	8	154	9	114	
	0	134	1	120	2	184	3	197	4	159	5	128	6	198	7	113	8	109	9	173	
	0	118	1	170	2	138	3	101	4	195	5	165	6	179	7	131	8	103	9	132	
	0	191	1	190	2	178	3	163	4	134	5	106	6	129	7	166	8	155	9	155	
	0	174	1	104	2	184	3	103	4	111	5	138	6	104	7	151	8	170	9	174	
	0	168	1	186	2	189	3	188	4	163	5	160	6	191	7	122	8	151	9	133	
	0	151	1	157	2	186	3	134	4	160	5	191	6	173	7	123	8	107	9	160	
	0	189	1	112	2	106	3	174	4	187	5	162	6	130	7	144	8	194	9	149	
	0	160	1	136	2	153	3	151	4	176	5	148	6	126	7	144	8	186	9	190	
	0	187	1	182	2	194	3	189	4	156	5	120	6	144	7	184	8	142	9	162	
	0	149	1	147	2	194	3	100	4	133	5	129	6	125	7	193	8	154	9	155	
	0	109	1	136	2	193	3	163	4	121	5	173	6	113	7	170	8	187	9	198	
	0	189	1	137	2	155	3	112	4	127	5	176	6	144	7	145	8	168	9	104	
	0	143	1	185	2	170	3	145	4	139	5	156	6	141	7	184	8	109	9	167	
	0	145	1	187	2	111	3	115	4	197	5	193	6	116	7	144	8	134	9	173	
	0	137	1	189	2	104	3	146	4	131	5	140	6	103	7	102	8	186	9	116	
	0	104	1	159	2	189	3	194	4	166	5	159	6	131	7	143	8	119	9	112	
	0	150	1	153	2	117	3	164	4	110	5	151	6	156	7	103	8	170	9	148	
	0	177	1	103	2	172	3	141	4	182	5	106	6	155	7	133	8	160	9	139	
	0	147	1	157	2	102	3	134	4	196	5	133	6	113	7	118	8	107	9	174	
	0	167	1	192	2	153	3	163	4	133	5	182	6	194	7	183	8	149	9	143	
	0	191	1	153	2	169	3	183	4	137	5	106	6	116	7	168	8	143	9	121	
	0	195	1	175	2	150	3	101	4	168	5	160	6	140	7	100	8	143	9	148	
	0	150	1	111	2	104	3	185	4	167	5	109	6	165	7	161	8	102	9	123	
	0	160	1	193	2	127	3	190	4	159	5	121	6	151	7	129	8	170	9	189	
	0	195	1	166	2	181	3	154	4	188	5	146	6	102	7	154	8	120	9	189	
	0	140	1	122	2	120	3	140	4	131	5	139	6	186	7	175	8	125	9	173	
	0	146	1	159	2	103	3	196	4	134	5	140	6	185	7	105	8	115	9	125	
	0	127	1	112	2	138	3	177	4	133	5	136	6	128	7	154	8	197	9	140	
	0	114	1	129	2	181	3	141	4	106	5	112	6	175	7	157	8	163	9	148	
	0	178	1	114	2	175	3	136	4	180	5	145	6	172	7	151	8	137	9	179	
	0	147	1	139	2	128	3	189	4	126	5	174	6	123	7	141	8	178	9	173	
	0	137	1	165	2	185	3	140	4	188	5	175	6	183	7	172	8	178	9	135	
	0	134	1	109	2	142	3	192	4	148	5	133	6	168	7	143	8	136	9	111	
	0	109	1	111	2	190	3	109	4	136	5	158	6	173	7	108	8	135	9	145	
	0	175	1	181	2	134	3	189	4	192	5	178	6	115	7	114	8	103	9	123	
	0	186	1	178	2	183	3	194	4	183	5	167	6	189	7	122	8	114	9	107	
	0	152	1	156	2	187	3	105	4	114	5	129	6	132	7	193	8	141	9	133	
	0	117	1	164	2	178	3	120	4	195	5	145	6	149	7	106	8	113	9	196	
	0	131	1	121	2	119	3	194	4	185	5	115	6	168	7	111	8	111	9	147	
	0	123	1	156	2	162	3	125	4	130	5	149	6	179	7	198	8	196	9	118	
	0	164	1	159	2	186	3	190	4	156	5	101	6	129	7	117	8	198	9	101	
	0	122	1	167	2	123	3	114	4	150	5	182	6	198	7	192	8	125	9	153	
	0	114	1	197	2	155	3	175	4	107	5	115	6	135	7	151	8	189	9	181	
	0	104	1	142	2	171	3	131	4	172	5	167	6	168	7	189	8	143	9	148	
	0	100	1	195	2	134	3	174	4	145	5	111	6	111	7	122	8	153	9	192	
	0	178	1	111	2	156	3	115	4	161	5	192	6	192	7	166	8	160	9	111	
	0	125	1	152	2	131	3	156	4	110	5	144	6	117	7	176	8	170	9	110	
	0	127	1	127	2	123	3	180	4	146	5	112	6	179	7	175	8	106	9	136	
	0	165	1	152	2	120	3	110	4	196	5	118	6	130	7	102	8	139	9	150	
	0	110	1	149	2	151	3	102	4	158	5	105	6	149	7	112	8	100	9	183	
	0	163	1	154	2	163	3	133	4	192	5	180	6	128	7	175	8	133	9	114	
	0	154	1	173	2	196	3	184	4	153	5	118	6	103	7	120	8	114	9	165	
	0	181	1	162	2	142	3	197	4	101	5	120	6	180	7	121	8	192	9	177	
	0	141	1	185	2	170	3	132	4	187	5	123	6	152	7	158	8	178	9	162	
	0	174	1	104	2	139	3	195	4	172	5	168	6	143	7	184	8	107	9	147	
	0	188	1	166	2	150	3	179	4	131	5	100	6	150	7	147	8	178	9	175	
	0	179	1	140	2	168	3	143	4	100	5	185	6	176	7	124	8	150	9	147	
	0	151	1	132	2	122	3	150	4	147	5	166	6	114	7	147	8	173	9	190	
	0	107	1	190	2	169	3	124	4	137	5	145	6	101	7	196	8	107	9	160	
	0	140	1	195	2	125	3	121	4	158	5	107	6	160	7	104	8	186	9	165	
	0	189	1	135	2	111	3	155	4	170	5	163	6	136	7	138	8	118	9	186	
	0	115	1	162	2	148	3	142	4	117	5	125	6	108	7	120	8	184	9	146	
	0	194	1	102	2	189	3	162	4	176	5	179	6	197	7	106	8	126	9	185	
	0	152	1	121	2	149	3	194	4	118	5	174	6	109	7	195	8	163	9	117	
	0	100	1	137	2	101	3	126	4	137	5	190	6	115	7	154	8	198	9	148	
	0	164	1	186	2	147	3	130	4	123	5	104	6	174	7	136	8	167	9	113	
	0	135	1	164	2	108	3	189	4	113	5	183	6	141	7	113	8	128	9	147	
	0	159	1	146	2	140	3	188	4	163	5	195	6	171	7	134	8	112	9	101	
	0	146	1	196	2	130	3	141	4	100	5	175	6	199	7	120	8	161	9	182	
	0	199	1	158	2	171	3	178	4	115	5	132	6	183	7	191	8	142	9	195	
	0	126	1	114	2	173	3	183	4	198	5	143	6	121	7	190	8	189	9	110	
	0	148	1	174	2	130	3	165	4	192	5	197	6	152	7	189	8	136	9	178	
	0	135	1	162	2	145	3	107	4	120	5	154	6	188	7	199	8	101	9	106	
	0	195	1	194	2	147	3	104	4	137	5	100	6	162	7	145	8	136	9	177	
	0	147	1	194	2	106	3	108	4	156	5	115	6	112	7	152	8	104	9	152	
	0	108	1	112	2	177	3	184	4	185	5	102	6	148	7	124	8	117	9	169	
	0	169	1	168	2	183	3	109	4	172	5	169	6	146	7	166	8	183	9	191	
	0	179	1	182	2	174	3	195	4	179	5	164	6	137	7	154	8	169	9	116	
	0	134	1	108	2	111	3	151	4	171	5	187	6	131	7	185	8	115	9	129	
	0	111	1	163	2	181	3	141	4	162	5	176	6	136	7	138	8	169	9	152	
	0	195	1	173	2	134	3	172	4	181	5	148	6	123	7	113	8	165	9	109	
	0	139	1	186	2	146	3	122	4	171	5	110	6	105	7	172	8	140	9	182	
	0	112	1	135	2	185	3	193	4	142	5	144	6	120	7	191	8	156	9	106	
	0	106	1	131	2	153	3	119	4	149	5	190	6	169	7	198	8	117	9	196	
	0	141	1	105	2	166	3	183	4	190	5	149	6	110	7	194	8	179	9	112	
	0	191	1	159	2	163	3	192	4	184	5	118	6	192	7	134	8	145	9	126	
	0	131	1	197	2	132	3	139	4	120	5	160	6	100	7	166	8	137	9	108	
	0	126	1	136	2	146	3	126	4	115	5	141	6	141	7	102	8	129	9	138	
	0	157	1	120	2	151	3	159	4	181	5	164	6	156	7	187	8	183	9	191	
	0	130	1	105	2	198	3	124	4	100	5	187	6	125	7	149	8	107	9	146	
	0	177	1	130	2	105	3	174	4	199	5	120	6	108	7	134	8	116	9	100	
	0	175	1	180	2	199	3	179	4	110	5	189	6	129	7	129	8	124	9	147	
	0	115	1	167	2	161	3	172	4	123	5	110	6	166	7	180	8	160	9	198	
	0	175	1	136	2	186	3	152	4	103	5	149	6	187	7	103	8	187	9	141	
	0	101	1	134	2	145	3	144	4	116	5	107	6	111	7	103	8	159	9	137	
	0	149	1	182	2	147	3	189	4	172	5	127	6	141	7	179	8	181	9	133	
	0	101	1	179	2	166	3	191	4	155	5	150	6	176	7	150	8	114	9	158	
	0	103	1	153	2	196	3	171	4	159	5	103	6	138	7	126	8	143	9	128	
	0	140	1	160	2	183	3	113	4	149	5	170	6	130	7	191	8	117	9	191	
	0	146	1	110	2	176	3	184	4	118	5	119	6	117	7	105	8	140	9	133	
	0	107	1	126	2	120	3	112	4	184	5	144	6	168	7	180	8	155	9	186	
	0	116	1	192	2	112	3	136	4	137	5	148	6	108	7	114	8	199	9	142	
	0	137	1	199	2	153	3	105	4	145	5	196	6	174	7	103	8	195	9	140	
	0	170	1	185	2	188	3	187	4	186	5	149	6	189	7	115	8	105	9	112	
	0	177	1	135	2	140	3	134	4	185	5	155	6	124	7	162	8	179	9	105	
	0	135	1	197	2	189	3	106	4	109	5	115	6	132	7	128	8	130	9	153	
	0	142	1	180	2	167	3	110	4	159	5	185	6	161	7	155	8	116	9	107	
	0	193	1	131	2	158	3	139	4	193	5	132	6	130	7	144	8	136	9	104	
	0	107	1	119	2	111	3	144	4	136	5	192	6	127	7	151	8	121	9	176	
	0	127	1	152	2	176	3	159	4	154	5	129	6	198	7	111	8	126	9	136	
	0	196	1	105	2	106	3	108	4	107	5	108	6	197	7	197	8	180	9	111	
	0	124	1	173	2	117	3	119	4	197	5	119	6	198	7	197	8	187	9	178	
	0	155	1	128	2	107	3	128	4	180	5	171	6	176	7	130	8	175	9	159	
	0	183	1	131	2	145	3	183	4	142	5	175	6	100	7	107	8	131	9	189	
	0	145	1	193	2	197	3	174	4	135	5	142	6	103	7	159	8	188	9	150	
	0	148	1	115	2	196	3	135	4	188	5	101	6	175	7	152	8	117	9	180	
	0	123	1	139	2	150	3	180	4	172	5	107	6	197	7	101	8	117	9	196	
	0	132	1	160	2	193	3	145	4	167	5	139	6	194	7	148	8	164	9	114	
	0	137	1	182	2	111	3	144	4	130	5	107	6	181	7	139	8	111	9	152	
	0	185	1	167	2	134	3	184	4	186	5	122	6	180	7	104	8	152	9	198	
	0	106	1	131	2	122	3	114	4	126	5	155	6	177	7	174	8	150	9	169	
	0	184	1	117	2	161	3	130	4	112	5	169	6	103	7	102	8	130	9	166	
	0	192	1	125	2	175	3	176	4	100	5	193	6	167	7	151	8	154	9	151	
	0	147	1	185	2	107	3	199	4	146	5	131	6	191	7	187	8	124	9	146	
	0	183	1	133	2	187	3	101	4	169	5	152	6	174	7	143	8	133	9	152	
	0	151	1	126	2	165	3	166	4	120	5	143	6	189	7	176	8	197	9	186	
	0	157	1	143	2	138	3	171	4	100	5	190	6	133	7	167	8	161	9	154	
	0	108	1	105	2	129	3	115	4	149	5	104	6	169	7	166	8	178	9	177	
	0	113	1	131	2	132	3	163	4	186	5	127	6	183	7	119	8	173	9	143	
	0	113	1	103	2	170	3	176	4	180	5	163	6	132	7	166	8	178	9	130	
	0	134	1	107	2	120	3	127	4	119	5	120	6	115	7	112	8	195	9	135	
	0	107	1	124	2	143	3	193	4	101	5	149	6	104	7	153	8	165	9	193	
	0	163	1	123	2	117	3	138	4	160	5	166	6	198	7	134	8	189	9	131	
	0	157	1	116	2	178	3	130	4	133	5	145	6	171	7	108	8	183	9	107	
	0	113	1	108	2	163	3	160	4	135	5	124	6	187	7	188	8	174	9	163	
	0	158	1	116	2	125	3	104	4	115	5	199	6	127	7	166	8	128	9	155	
	0	165	1	167	2	142	3	121	4	195	5	180	6	198	7	171	8	183	9	139	
	0	179	1	111	2	171	3	184	4	123	5	168	6	117	7	158	8	153	9	196	
	0	188	1	129	2	177	3	157	4	193	5	129	6	138	7	190	8	172	9	183	
	0	101	1	107	2	189	3	140	4	161	5	173	6	148	7	180	8	113	9	180	
	0	121	1	152	2	194	3	190	4	136	5	179	6	114	7	128	8	105	9	147	
	0	131	1	133	2	139	3	184	4	179	5	155	6	105	7	183	8	102	9	159	
	0	150	1	185	2	146	3	197	4	162	5	187	6	155	7	189	8	134	9	130	
	0	196	1	188	2	111	3	176	4	160	5	154	6	140	7	105	8	106	9	174	
	0	167	1	113	2	165	3	144	4	135	5	127	6	196	7	135	8	151	9	127	
	0	107	1	150	2	158	3	124	4	126	5	150	6	182	7	128	8	178	9	187	
	0	143	1	198	2	179	3	125	4	190	5	179	6	102	7	165	8	136	9	199	
	0	152	1	123	2	158	3	134	4	123	5	199	6	162	7	130	8	135	9	185	
	0	128	1	110	2	138	3	171	4	194	5	129	6	174	7	165	8	130	9	151	
	0	104	1	140	2	143	3	185	4	199	5	108	6	195	7	185	8	158	9	185	
	0	139	1	124	2	135	3	109	4	104	5	119	6	101	7	123	8	159	9	105	
	0	129	1	196	2	120	3	107	4	133	5	134	6	197	7	163	8	118	9	143	
	0	122	1	127	2	112	3	184	4	109	5	134	6	116	7	115	8	160	9	189	
	0	194	1	193	2	102	3	124	4	145	5	120	6	151	7	132	8	152	9	132	
	0	155	1	101	2	134	3	112	4	131	5	156	6	170	7	152	8	109	9	182	
	0	185	1	116	2	186	3	146	4	190	5	160	6	137	7	141	8	186	9	162	
	0	114	1	133	2	176	3	180	4	152	5	143	6	155	7	127	8	104	9	181	
	0	110	1	127	2	100	3	108	4	113	5	198	6	189	7	147	8	112	9	151	
	0	138	1	171	2	149	3	171	4	157	5	122	6	158	7	154	8	139	9	119	
	0	192	1	164	2	180	3	135	4	190	5	128	6	197	7	138	8	136	9	151	
	0	104	1	173	2	137	3	110	4	153	5	125	6	143	7	102	8	102	9	138	
	0	127	1	144	2	176	3	101	4	175	5	116	6	197	7	188	8	125	9	139	
	0	132	1	131	2	151	3	110	4	172	5	132	6	119	7	108	8	186	9	124	
	0	170	1	135	2	121	3	129	4	168	5	190	6	199	7	153	8	152	9	195	
	0	198	1	173	2	115	3	131	4	108	5	160	6	150	7	180	8	121	9	103	
	0	193	1	160	2	140	3	145	4	110	5	127	6	197	7	171	8	119	9	199	
	0	114	1	165	2	102	3	132	4	148	5	157	6	115	7	156	8	137	9	194	
	0	167	1	161	2	104	3	110	4	148	5	101	6	194	7	100	8	176	9	119	
	0	108	1	148	2	156	3	103	4	114	5	177	6	186	7	148	8	199	9	114	
	0	155	1	155	2	154	3	178	4	187	5	134	6	165	7	101	8	134	9	110	
	0	192	1	123	2	101	3	113	4	110	5	159	6	190	7	192	8	145	9	170	
	0	158	1	148	2	124	3	128	4	109	5	186	6	114	7	108	8	175	9	129	
	0	173	1	131	2	117	3	175	4	145	5	190	6	134	7	111	8	192	9	185	
	0	110	1	154	2	151	3	116	4	106	5	199	6	130	7	149	8	158	9	193	
	0	153	1	149	2	123	3	128	4	115	5	161	6	132	7	159	8	181	9	181	
	0	124	1	153	2	108	3	187	4	179	5	115	6	119	7	169	8	187	9	114	
	0	164	1	188	2	121	3	178	4	118	5	114	6	101	7	138	8	138	9	160	
	0	127	1	181	2	122	3	177	4	112	5	146	6	170	7	151	8	185	9	192	
	0	102	1	124	2	163	3	156	4	141	5	190	6	116	7	119	8	161	9	147	
	0	145	1	165	2	151	3	167	4	149	5	128	6	142	7	172	8	123	9	151	
	0	108	1	124	2	165	3	138	4	125	5	135	6	153	7	179	8	109	9	168	
	0	196	1	159	2	197	3	197	4	141	5	179	6	122	7	131	8	160	9	179	
	0	166	1	177	2	193	3	120	4	155	5	102	6	169	7	154	8	178	9	110	
	0	164	1	121	2	181	3	197	4	124	5	126	6	174	7	166	8	173	9	198	
	0	176	1	158	2	146	3	126	4	155	5	189	6	153	7	169	8	104	9	164	
	0	127	1	179	2	147	3	162	4	159	5	124	6	130	7	193	8	113	9	142	
	0	155	1	144	2	163	3	149	4	125	5	194	6	108	7	179	8	184	9	146	
	0	137	1	184	2	179	3	142	4	189	5	172	6	152	7	155	8	129	9	160	
	0	163	1	191	2	177	3	103	4	163	5	186	6	170	7	177	8	158	9	187	
	0	137	1	179	2	128	3	115	4	193	5	178	6	184	7	104	8	185	9	107	
	0	171	1	107	2	109	3	164	4	162	5	124	6	199	7	156	8	138	9	124	
	0	189	1	105	2	103	3	113	4	103	5	123	6	110	7	170	8	147	9	102	
	0	129	1	153	2	106	3	100	4	149	5	102	6	105	7	129	8	110	9	111	
	0	192	1	172	2	160	3	150	4	104	5	151	6	133	7	176	8	115	9	156	
	0	191	1	198	2	171	3	146	4	156	5	134	6	135	7	179	8	193	9	113	
	0	162	1	171	2	169	3	123	4	118	5	127	6	111	7	185	8	105	9	141	
	0	195	1	194	2	168	3	116	4	190	5	106	6	123	7	120	8	191	9	161	
	0	185	1	159	2	127	3	111	4	189	5	163	6	102	7	157	8	143	9	155	
	0	143	1	123	2	102	3	186	4	103	5	193	6	159	7	171	8	117	9	193	
	0	154	1	131	2	131	3	143	4	153	5	157	6	181	7	199	8	154	9	140	
	0	174	1	168	2	114	3	180	4	161	5	190	6	140	7	127	8	176	9	167	
	0	138	1	119	2	169	3	120	4	168	5	104	6	191	7	155	8	148	9	188	
	0	120	1	145	2	199	3	115	4	153	5	184	6	191	7	165	8	110	9	102	
	0	168	1	179	2	188	3	125	4	132	5	169	6	193	7	160	8	103	9	199	
	0	180	1	144	2	136	3	159	4	110	5	145	6	132	7	143	8	145	9	156	
	0	109	1	157	2	179	3	121	4	162	5	124	6	151	7	146	8	110	9	175	
	0	168	1	194	2	146	3	164	4	195	5	140	6	101	7	109	8	148	9	124	
	0	103	1	134	2	144	3	136	4	117	5	164	6	127	7	125	8	109	9	155	
	0	197	1	113	2	134	3	148	4	107	5	197	6	120	7	106	8	171	9	124	
	0	162	1	126	2	100	3	199	4	116	5	179	6	165	7	117	8	119	9	104	
	0	125	1	170	2	128	3	125	4	190	5	103	6	134	7	112	8	179	9	156	
	0	168	1	143	2	118	3	102	4	171	5	160	6	170	7	102	8	152	9	126	
	0	158	1	172	2	123	3	136	4	181	5	105	6	101	7	165	8	175	9	195	
	0	172	1	186	2	157	3	154	4	185	5	151	6	196	7	152	8	133	9	124	
	0	154	1	186	2	173	3	152	4	154	5	187	6	105	7	153	8	175	9	163	
	0	112	1	168	2	141	3	160	4	122	5	100	6	100	7	137	8	174	9	142	
	0	193	1	115	2	175	3	183	4	183	5	169	6	131	7	125	8	167	9	188	
	0	120	1	192	2	129	3	160	4	139	5	182	6	163	7	191	8	162	9	163	
	0	167	1	160	2	165	3	115	4	190	5	109	6	162	7	190	8	151	9	114	
	0	107	1	193	2	111	3	157	4	168	5	118	6	131	7	181	8	105	9	138	
	0	195	1	167	2	182	3	177	4	175	5	185	6	111	7	155	8	155	9	108	
	0	112	1	150	2	160	3	157	4	130	5	187	6	146	7	187	8	135	9	138	
	0	125	1	136	2	139	3	130	4	169	5	164	6	160	7	173	8	106	9	109	
	0	181	1	191	2	176	3	101	4	111	5	161	6	116	7	186	8	101	9	178	
	0	156	1	180	2	134	3	118	4	194	5	127	6	101	7	125	8	141	9	114	
	0	177	1	111	2	155	3	115	4	191	5	158	6	183	7	170	8	149	9	123	
	0	143	1	110	2	169	3	159	4	186	5	186	6	175	7	185	8	101	9	189	
	0	156	1	169	2	107	3	196	4	192	5	135	6	196	7	113	8	139	9	109	
	0	151	1	121	2	108	3	187	4	176	5	164	6	194	7	129	8	161	9	129	
	0	177	1	140	2	123	3	122	4	157	5	107	6	141	7	161	8	155	9	110	
	0	105	1	100	2	129	3	180	4	189	5	155	6	170	7	117	8	130	9	148	
	0	195	1	118	2	107	3	129	4	113	5	137	6	165	7	174	8	161	9	182	
	0	158	1	194	2	183	3	181	4	145	5	108	6	123	7	143	8	125	9	103	
	0	165	1	102	2	137	3	158	4	139	5	188	6	196	7	175	8	105	9	172	
	0	169	1	186	2	198	3	161	4	123	5	146	6	114	7	185	8	116	9	194	
	0	180	1	190	2	140	3	101	4	199	5	168	6	153	7	144	8	148	9	102	
	0	157	1	100	2	195	3	107	4	160	5	132	6	175	7	129	8	161	9	130	
	0	151	1	140	2	188	3	109	4	188	5	117	6	174	7	188	8	141	9	135	
	0	196	1	154	2	147	3	180	4	133	5	137	6	101	7	118	8	188	9	135	
	0	119	1	180	2	115	3	151	4	143	5	183	6	199	7	137	8	193	9	186	
	0	152	1	193	2	122	3	153	4	115	5	141	6	132	7	187	8	103	9	106	
	0	129	1	139	2	110	3	140	4	169	5	173	6	114	7	132	8	193	9	127	
	0	137	1	195	2	198	3	122	4	157	5	114	6	103	7	124	8	189	9	105	
	0	197	1	143	2	168	3	147	4	177	5	155	6	191	7	176	8	171	9	102	
	0	187	1	162	2	106	3	109	4	185	5	159	6	163	7	129	8	112	9	180	
	0	156	1	131	2	197	3	183	4	154	5	104	6	104	7	159	8	159	9	156	
	0	110	1	176	2	138	3	189	4	139	5	154	6	132	7	163	8	152	9	188	
	0	137	1	151	2	163	3	174	4	132	5	173	6	178	7	156	8	112	9	170	
	0	177	1	118	2	120	3	178	4	103	5	128	6	115	7	161	8	149	9	179	
	0	169	1	157	2	175	3	183	4	177	5	164	6	136	7	140	8	155	9	151	
	0	188	1	136	2	185	3	162	4	113	5	139	6	179	7	103	8	120	9	177	
	0	134	1	179	2	126	3	170	4	159	5	141	6	107	7	176	8	156	9	174	
	0	102	1	118	2	178	3	110	4	143	5	157	6	157	7	183	8	142	9	178	
	0	107	1	140	2	182	3	100	4	124	5	102	6	130	7	116	8	124	9	156	
	0	143	1	133	2	190	3	182	4	163	5	103	6	196	7	118	8	134	9	130	
	0	146	1	142	2	152	3	179	4	199	5	174	6	195	7	134	8	123	9	151	
	0	178	1	120	2	194	3	198	4	195	5	169	6	138	7	123	8	178	9	191	
	0	174	1	126	2	180	3	149	4	175	5	199	6	140	7	186	8	107	9	146	
	0	123	1	138	2	192	3	170	4	103	5	124	6	179	7	143	8	126	9	138	
	0	115	1	179	2	181	3	146	4	130	5	134	6	117	7	114	8	166	9	194	
	0	133	1	138	2	140	3	114	4	134	5	126	6	131	7	103	8	180	9	191	
	0	156	1	145	2	107	3	152	4	119	5	181	6	151	7	147	8	137	9	120	
	0	160	1	150	2	129	3	164	4	145	5	111	6	166	7	166	8	191	9	159	
	0	129	1	119	2	115	3	178	4	140	5	172	6	150	7	189	8	147	9	162	
	0	137	1	102	2	196	3	104	4	125	5	117	6	187	7	108	8	167	9	173	
	0	192	1	124	2	122	3	153	4	100	5	173	6	123	7	132	8	149	9	139	
	0	110	1	176	2	103	3	181	4	107	5	183	6	153	7	181	8	195	9	185	
	0	138	1	179	2	142	3	123	4	141	5	137	6	129	7	140	8	188	9	198	
	0	125	1	109	2	145	3	177	4	127	5	131	6	188	7	179	8	123	9	113	
	0	186	1	158	2	185	3	142	4	195	5	144	6	175	7	104	8	144	9	183	
	0	181	1	179	2	157	3	162	4	154	5	125	6	173	7	154	8	156	9	130	
	0	101	1	156	2	184	3	109	4	165	5	162	6	108	7	133	8	119	9	149	
	0	125	1	142	2	118	3	165	4	189	5	172	6	114	7	165	8	154	9	139	
	0	159	1	191	2	157	3	146	4	184	5	116	6	159	7	165	8	195	9	197	
	0	106	1	177	2	147	3	149	4	171	5	119	6	185	7	155	8	112	9	186	
	0	183	1	144	2	149	3	155	4	194	5	194	6	177	7	150	8	104	9	164	
	0	139	1	178	2	132	3	194	4	130	5	110	6	142	7	181	8	199	9	131	
	0	175	1	120	2	149	3	103	4	177	5	130	6	172	7	164	8	131	9	148	
	0	175	1	178	2	121	3	120	4	175	5	155	6	171	7	159	8	169	9	193	
	0	104	1	160	2	167	3	118	4	102	5	146	6	137	7	135	8	112	9	116	
	0	163	1	163	2	165	3	101	4	159	5	192	6	152	7	163	8	101	9	116	
	0	133	1	177	2	162	3	189	4	120	5	128	6	134	7	143	8	100	9	134	
	0	114	1	120	2	131	3	122	4	171	5	150	6	144	7	156	8	153	9	153	
	0	146	1	122	2	151	3	184	4	161	5	170	6	144	7	198	8	148	9	131	
	0	107	1	126	2	146	3	102	4	196	5	156	6	169	7	188	8	144	9	131	
	0	101	1	197	2	119	3	195	4	145	5	165	6	185	7	196	8	189	9	149	
	0	126	1	197	2	104	3	158	4	115	5	148	6	132	7	165	8	107	9	183	
	0	160	1	154	2	190	3	172	4	182	5	183	6	154	7	154	8	148	9	137	
	0	107	1	183	2	154	3	178	4	121	5	174	6	125	7	182	8	138	9	102	
	0	110	1	127	2	105	3	130	4	121	5	105	6	107	7	149	8	116	9	192	
	0	140	1	134	2	145	3	157	4	162	5	144	6	134	7	176	8	179	9	143	
	0	172	1	123	2	165	3	198	4	151	5	128	6	143	7	134	8	188	9	108	
	0	130	1	105	2	184	3	128	4	117	5	169	6	157	7	106	8	155	9	172	
	0	191	1	178	2	160	3	151	4	131	5	128	6	159	7	103	8	140	9	153	
	0	147	1	168	2	118	3	153	4	112	5	198	6	160	7	118	8	173	9	150	
	0	157	1	120	2	101	3	157	4	168	5	154	6	167	7	157	8	186	9	178	
	0	107	1	120	2	116	3	166	4	126	5	127	6	189	7	182	8	157	9	184	
	0	142	1	142	2	119	3	112	4	198	5	147	6	109	7	173	8	126	9	190	
	0	168	1	154	2	134	3	137	4	134	5	198	6	164	7	155	8	162	9	177	
	0	138	1	125	2	142	3	195	4	191	5	178	6	139	7	193	8	180	9	167	
	0	144	1	169	2	146	3	175	4	146	5	135	6	175	7	162	8	120	9	187	
	0	119	1	159	2	167	3	151	4	168	5	132	6	155	7	147	8	150	9	190	
	0	122	1	184	2	105	3	189	4	158	5	179	6	101	7	129	8	177	9	145	
	0	132	1	133	2	171	3	100	4	126	5	116	6	145	7	133	8	126	9	186	
	0	185	1	166	2	149	3	185	4	155	5	148	6	122	7	149	8	159	9	125	
	0	165	1	146	2	176	3	147	4	113	5	153	6	117	7	177	8	100	9	179	
	0	131	1	160	2	169	3	173	4	192	5	114	6	197	7	157	8	187	9	195	
	0	191	1	130	2	116	3	116	4	127	5	147	6	107	7	161	8	138	9	199	
	0	189	1	140	2	121	3	165	4	112	5	124	6	115	7	167	8	177	9	189	
	0	166	1	111	2	147	3	168	4	158	5	145	6	161	7	171	8	172	9	162	
	0	168	1	192	2	177	3	131	4	145	5	190	6	101	7	119	8	164	9	170	
	0	113	1	198	2	143	3	124	4	123	5	146	6	180	7	162	8	138	9	143	
	0	176	1	102	2	121	3	163	4	185	5	179	6	171	7	117	8	172	9	103	
	0	145	1	163	2	169	3	140	4	185	5	104	6	128	7	140	8	132	9	168	
	0	156	1	164	2	159	3	175	4	115	5	184	6	145	7	108	8	122	9	162	
	0	132	1	166	2	199	3	173	4	171	5	134	6	189	7	117	8	101	9	168	
	0	159	1	197	2	150	3	153	4	162	5	119	6	107	7	106	8	152	9	142	
	0	154	1	194	2	134	3	170	4	167	5	146	6	198	7	114	8	153	9	165	
	0	170	1	110	2	174	3	168	4	154	5	155	6	179	7	172	8	104	9	140	
	0	140	1	155	2	187	3	118	4	189	5	138	6	161	7	150	8	186	9	148	
	0	175	1	132	2	161	3	149	4	191	5	132	6	177	7	182	8	192	9	124	
	0	194	1	160	2	175	3	152	4	100	5	180	6	137	7	193	8	141	9	173	
	0	130	1	146	2	184	3	142	4	112	5	154	6	116	7	187	8	152	9	128	
	0	199	1	167	2	171	3	169	4	136	5	133	6	177	7	183	8	195	9	159	
	0	133	1	154	2	152	3	181	4	129	5	115	6	189	7	135	8	180	9	198	
	0	110	1	197	2	101	3	186	4	116	5	112	6	114	7	137	8	158	9	137	
	0	127	1	186	2	161	3	191	4	146	5	126	6	107	7	182	8	184	9	130	
	0	199	1	159	2	181	3	198	4	127	5	116	6	145	7	168	8	126	9	160	
	0	119	1	193	2	152	3	168	4	112	5	189	6	101	7	169	8	109	9	170	
	0	199	1	138	2	105	3	174	4	186	5	187	6	154	7	187	8	142	9	192	
	0	139	1	181	2	158	3	123	4	172	5	134	6	111	7	101	8	186	9	198	
	0	199	1	159	2	129	3	137	4	125	5	126	6	172	7	174	8	143	9	170	
	0	137	1	199	2	168	3	119	4	190	5	106	6	124	7	123	8	112	9	167	
	0	173	1	103	2	138	3	112	4	147	5	189	6	146	7	144	8	100	9	151	
	0	108	1	161	2	159	3	146	4	176	5	115	6	172	7	175	8	195	9	177	
	0	137	1	134	2	134	3	158	4	119	5	189	6	139	7	113	8	167	9	180	
	0	152	1	180	2	164	3	103	4	150	5	104	6	155	7	165	8	155	9	142	
	0	195	1	140	2	144	3	149	4	143	5	106	6	151	7	123	8	185	9	167	
	0	181	1	138	2	164	3	174	4	159	5	100	6	134	7	198	8	187	9	192	
	0	172	1	173	2	126	3	184	4	192	5	180	6	182	7	112	8	150	9	130	
	0	134	1	172	2	107	3	159	4	106	5	191	6	138	7	118	8	149	9	104	
	0	152	1	142	2	120	3	117	4	168	5	198	6	174	7	108	8	196	9	100	
	0	103	1	138	2	151	3	120	4	186	5	124	6	188	7	130	8	178	9	176	
	0	187	1	193	2	181	3	128	4	124	5	164	6	168	7	110	8	165	9	148	
	0	155	1	135	2	117	3	164	4	103	5	191	6	168	7	145	8	173	9	192	
	0	153	1	165	2	110	3	167	4	180	5	130	6	112	7	112	8	139	9	181	
	0	135	1	168	2	175	3	158	4	106	5	184	6	154	7	183	8	149	9	162	
	0	104	1	100	2	154	3	161	4	105	5	142	6	187	7	131	8	157	9	176	
	0	158	1	106	2	101	3	187	4	156	5	111	6	166	7	173	8	183	9	179	
	0	143	1	122	2	101	3	149	4	174	5	151	6	182	7	157	8	125	9	133	
	0	134	1	155	2	199	3	167	4	108	5	124	6	130	7	106	8	130	9	154	
	0	198	1	162	2	135	3	107	4	144	5	113	6	182	7	111	8	110	9	141	
	0	189	1	142	2	128	3	183	4	130	5	130	6	176	7	123	8	130	9	131	
	0	145	1	144	2	165	3	118	4	177	5	188	6	158	7	164	8	170	9	173	
	0	192	1	102	2	140	3	119	4	173	5	195	6	186	7	146	8	167	9	178	
	0	151	1	161	2	160	3	181	4	124	5	141	6	177	7	119	8	192	9	132	
	0	196	1	146	2	195	3	121	4	137	5	118	6	175	7	148	8	192	9	195	
	0	108	1	163	2	108	3	165	4	135	5	101	6	164	7	125	8	148	9	180	
	0	183	1	160	2	118	3	174	4	194	5	172	6	105	7	160	8	103	9	117	
	0	170	1	122	2	149	3	157	4	117	5	192	6	183	7	167	8	128	9	123	
	0	130	1	147	2	156	3	109	4	182	5	199	6	135	7	121	8	184	9	114	
	0	113	1	158	2	123	3	173	4	159	5	107	6	197	7	151	8	117	9	105	
	0	154	1	135	2	112	3	194	4	157	5	181	6	181	7	141	8	182	9	146	
	0	137	1	156	2	183	3	145	4	138	5	161	6	191	7	110	8	127	9	193	
	0	101	1	171	2	149	3	107	4	191	5	182	6	117	7	165	8	122	9	117	
	0	154	1	118	2	181	3	185	4	160	5	132	6	143	7	130	8	106	9	196	
	0	199	1	146	2	190	3	143	4	137	5	157	6	151	7	184	8	174	9	192	
	0	108	1	113	2	131	3	149	4	104	5	153	6	158	7	106	8	170	9	115	
	0	142	1	124	2	195	3	180	4	153	5	176	6	170	7	111	8	149	9	140	
	0	160	1	186	2	157	3	187	4	126	5	145	6	139	7	170	8	193	9	107	
	0	167	1	148	2	189	3	137	4	165	5	159	6	194	7	103	8	136	9	113	
	0	179	1	174	2	179	3	102	4	136	5	112	6	165	7	126	8	167	9	195	
	0	170	1	155	2	107	3	149	4	132	5	113	6	119	7	198	8	120	9	190	
	0	122	1	164	2	123	3	151	4	199	5	155	6	169	7	180	8	147	9	177	
	0	173	1	100	2	111	3	113	4	101	5	131	6	169	7	100	8	110	9	153	
	0	187	1	113	2	129	3	138	4	144	5	126	6	137	7	137	8	110	9	121	
	0	133	1	167	2	121	3	133	4	149	5	111	6	166	7	178	8	101	9	171	
	0	196	1	127	2	110	3	102	4	132	5	109	6	134	7	141	8	163	9	158	
	0	131	1	109	2	146	3	137	4	108	5	190	6	166	7	106	8	119	9	146	
	0	102	1	110	2	163	3	190	4	154	5	156	6	166	7	146	8	130	9	156	
	0	183	1	113	2	176	3	180	4	155	5	143	6	159	7	145	8	141	9	198	
	0	112	1	132	2	132	3	156	4	139	5	114	6	189	7	107	8	140	9	179	
	0	155	1	136	2	149	3	171	4	136	5	123	6	113	7	191	8	101	9	107	
	0	162	1	153	2	109	3	174	4	126	5	122	6	163	7	119	8	199	9	138	
	0	114	1	147	2	194	3	168	4	130	5	188	6	195	7	181	8	117	9	181	
	0	160	1	123	2	156	3	160	4	159	5	161	6	189	7	145	8	130	9	108	
	0	126	1	107	2	194	3	178	4	168	5	161	6	144	7	124	8	114	9	159	
	0	125	1	188	2	128	3	160	4	132	5	176	6	112	7	128	8	174	9	121	
	0	112	1	187	2	133	3	180	4	118	5	153	6	158	7	199	8	118	9	189	
	0	166	1	181	2	170	3	197	4	168	5	143	6	108	7	112	8	185	9	134	
	0	120	1	182	2	157	3	162	4	133	5	153	6	162	7	186	8	135	9	137	
	0	127	1	183	2	163	3	195	4	119	5	128	6	194	7	127	8	136	9	190	
	0	123	1	175	2	195	3	184	4	125	5	105	6	134	7	147	8	109	9	193	
	0	130	1	172	2	126	3	180	4	130	5	168	6	119	7	125	8	168	9	109	
	0	118	1	141	2	199	3	178	4	115	5	171	6	159	7	177	8	100	9	198	
	0	186	1	181	2	104	3	103	4	115	5	119	6	185	7	123	8	121	9	134	
	0	151	1	161	2	133	3	114	4	156	5	190	6	105	7	136	8	187	9	134	
	0	179	1	156	2	149	3	174	4	122	5	119	6	195	7	187	8	183	9	173	
	0	130	1	119	2	159	3	106	4	145	5	197	6	157	7	101	8	113	9	144	
	0	168	1	121	2	138	3	131	4	196	5	136	6	153	7	143	8	174	9	107	
	0	178	1	118	2	149	3	189	4	121	5	188	6	171	7	177	8	122	9	117	
	0	121	1	126	2	190	3	141	4	108	5	133	6	105	7	128	8	189	9	129	
	0	110	1	111	2	108	3	156	4	162	5	193	6	174	7	110	8	153	9	167	
	0	100	1	119	2	186	3	149	4	184	5	183	6	133	7	121	8	167	9	101	
	0	104	1	115	2	140	3	138	4	168	5	152	6	113	7	147	8	130	9	126	
	0	124	1	121	2	150	3	104	4	133	5	134	6	139	7	141	8	155	9	197	
	0	101	1	142	2	128	3	164	4	128	5	177	6	147	7	149	8	118	9	143	
	0	117	1	107	2	184	3	122	4	188	5	111	6	111	7	141	8	177	9	179	
	0	190	1	100	2	156	3	156	4	120	5	115	6	146	7	116	8	120	9	156	
	0	167	1	151	2	124	3	129	4	198	5	177	6	160	7	104	8	190	9	117	
	0	191	1	157	2	130	3	146	4	164	5	170	6	165	7	103	8	123	9	159	
	0	125	1	126	2	135	3	141	4	131	5	114	6	121	7	117	8	196	9	133	
	0	179	1	102	2	162	3	109	4	170	5	143	6	133	7	155	8	157	9	112	
	0	125	1	118	2	133	3	124	4	142	5	134	6	174	7	171	8	135	9	117	
	0	189	1	138	2	148	3	156	4	107	5	100	6	155	7	115	8	184	9	157	
	0	115	1	106	2	126	3	163	4	184	5	155	6	116	7	100	8	158	9	153	
	0	161	1	158	2	188	3	192	4	119	5	194	6	137	7	196	8	172	9	169	
	0	183	1	133	2	128	3	102	4	116	5	120	6	103	7	140	8	110	9	131	
	0	190	1	183	2	118	3	146	4	142	5	158	6	154	7	109	8	137	9	160	
	0	116	1	168	2	199	3	177	4	168	5	131	6	109	7	173	8	174	9	148	
	0	192	1	115	2	164	3	122	4	140	5	172	6	195	7	198	8	115	9	170	
	0	167	1	181	2	158	3	144	4	162	5	118	6	107	7	140	8	147	9	148	
	0	154	1	196	2	173	3	191	4	162	5	160	6	135	7	143	8	115	9	168	
	0	154	1	129	2	171	3	158	4	133	5	166	6	102	7	123	8	105	9	183	
	0	135	1	186	2	186	3	183	4	132	5	171	6	131	7	197	8	129	9	125	
	0	170	1	146	2	134	3	103	4	115	5	155	6	144	7	114	8	143	9	132	
	0	195	1	152	2	148	3	151	4	177	5	102	6	120	7	196	8	129	9	131	
	0	164	1	115	2	139	3	112	4	172	5	180	6	145	7	124	8	156	9	124	
	0	116	1	101	2	109	3	192	4	166	5	182	6	142	7	139	8	119	9	136	
	0	123	1	114	2	158	3	184	4	101	5	156	6	102	7	138	8	100	9	180	
	0	182	1	184	2	189	3	161	4	119	5	191	6	167	7	144	8	124	9	156	
	0	186	1	107	2	172	3	167	4	160	5	103	6	197	7	175	8	163	9	132	
	0	152	1	138	2	159	3	109	4	106	5	148	6	129	7	181	8	134	9	144	
	0	142	1	162	2	180	3	111	4	119	5	118	6	170	7	128	8	101	9	187	
	0	118	1	189	2	173	3	168	4	113	5	165	6	169	7	125	8	147	9	116	
	0	118	1	198	2	147	3	147	4	191	5	141	6	190	7	172	8	159	9	192	
	0	161	1	142	2	160	3	110	4	168	5	191	6	172	7	133	8	110	9	183	
	0	177	1	109	2	190	3	197	4	112	5	166	6	159	7	173	8	129	9	160	
	0	177	1	140	2	147	3	140	4	108	5	157	6	160	7	178	8	187	9	185	
	0	172	1	129	2	178	3	153	4	196	5	184	6	193	7	129	8	117	9	151	
	0	101	1	100	2	159	3	195	4	100	5	196	6	120	7	119	8	117	9	156	
	0	125	1	170	2	170	3	140	4	117	5	190	6	111	7	154	8	180	9	104	
	0	112	1	122	2	152	3	143	4	119	5	177	6	140	7	176	8	127	9	107	
	0	114	1	155	2	157	3	167	4	107	5	111	6	173	7	164	8	176	9	171	
	0	169	1	161	2	184	3	149	4	158	5	103	6	121	7	117	8	184	9	143	
	0	105	1	179	2	142	3	111	4	119	5	183	6	186	7	193	8	154	9	194	
	0	195	1	107	2	130	3	154	4	156	5	195	6	153	7	138	8	160	9	103	
	0	193	1	184	2	193	3	198	4	166	5	147	6	174	7	145	8	134	9	189	
	0	127	1	148	2	110	3	123	4	107	5	165	6	180	7	145	8	161	9	131	
	0	177	1	134	2	164	3	100	4	146	5	111	6	195	7	165	8	182	9	160	
	0	114	1	164	2	171	3	131	4	171	5	185	6	135	7	178	8	106	9	102	
	0	166	1	137	2	176	3	116	4	179	5	144	6	130	7	190	8	167	9	179	
	0	110	1	193	2	109	3	148	4	130	5	167	6	185	7	167	8	187	9	121	
	0	196	1	189	2	178	3	112	4	190	5	194	6	161	7	187	8	199	9	108	
	0	188	1	187	2	182	3	170	4	126	5	141	6	108	7	135	8	105	9	168	
	0	182	1	120	2	178	3	188	4	163	5	184	6	110	7	135	8	136	9	149	
	0	146	1	159	2	189	3	141	4	180	5	105	6	153	7	157	8	144	9	148	
	0	179	1	167	2	195	3	159	4	157	5	107	6	107	7	145	8	157	9	118	
	0	172	1	199	2	123	3	110	4	161	5	171	6	121	7	142	8	184	9	188	
	0	131	1	122	2	137	3	170	4	108	5	161	6	153	7	177	8	133	9	191	
	0	156	1	115	2	161	3	178	4	108	5	186	6	129	7	153	8	177	9	120	
	0	171	1	166	2	115	3	101	4	194	5	101	6	131	7	120	8	173	9	138	
	0	155	1	146	2	186	3	198	4	143	5	144	6	113	7	123	8	180	9	111	
	0	101	1	157	2	141	3	197	4	175	5	192	6	137	7	192	8	183	9	183	
	0	118	1	100	2	145	3	152	4	115	5	152	6	177	7	154	8	140	9	169	
	0	102	1	188	2	147	3	125	4	140	5	116	6	162	7	139	8	140	9	164	
	0	150	1	180	2	199	3	182	4	127	5	158	6	188	7	107	8	134	9	194	
	0	106	1	182	2	132	3	168	4	114	5	138	6	192	7	111	8	178	9	113	
	0	116	1	115	2	192	3	153	4	164	5	154	6	109	7	128	8	153	9	151	
	0	142	1	173	2	122	3	139	4	184	5	103	6	186	7	170	8	196	9	106	
	0	189	1	107	2	191	3	141	4	104	5	143	6	148	7	145	8	112	9	139	
	0	117	1	169	2	199	3	102	4	103	5	199	6	107	7	188	8	143	9	175	
	0	123	1	142	2	153	3	100	4	141	5	108	6	179	7	155	8	157	9	133	
	0	131	1	141	2	133	3	147	4	186	5	149	6	170	7	186	8	199	9	110	
	0	177	1	107	2	164	3	114	4	156	5	197	6	111	7	175	8	140	9	112	
	0	168	1	153	2	178	3	186	4	127	5	103	6	137	7	179	8	190	9	199	
	0	114	1	194	2	190	3	155	4	103	5	123	6	135	7	161	8	138	9	145	
	0	157	1	115	2	171	3	147	4	117	5	130	6	153	7	126	8	161	9	198	
	0	157	1	193	2	125	3	117	4	128	5	165	6	123	7	140	8	157	9	101	
	0	186	1	162	2	192	3	115	4	159	5	194	6	193	7	146	8	105	9	142	
	0	172	1	139	2	123	3	110	4	189	5	151	6	148	7	106	8	144	9	187	
	0	127	1	154	2	113	3	143	4	173	5	196	6	191	7	161	8	161	9	109	
	0	130	1	149	2	126	3	165	4	146	5	166	6	196	7	117	8	107	9	136	
	0	180	1	187	2	171	3	189	4	138	5	117	6	147	7	136	8	190	9	152	
	0	163	1	109	2	163	3	172	4	149	5	158	6	125	7	125	8	137	9	154	
	0	137	1	180	2	171	3	111	4	127	5	156	6	189	7	108	8	156	9	104	
	0	119	1	169	2	114	3	141	4	133	5	116	6	113	7	158	8	198	9	132	
	0	115	1	148	2	148	3	179	4	128	5	153	6	179	7	118	8	177	9	137	
	0	179	1	166	2	119	3	131	4	173	5	116	6	113	7	138	8	101	9	184	
	0	183	1	195	2	180	3	134	4	101	5	124	6	185	7	193	8	180	9	135	
	0	129	1	142	2	167	3	117	4	112	5	167	6	174	7	111	8	123	9	132	
	0	100	1	139	2	101	3	143	4	172	5	160	6	122	7	122	8	195	9	147	
	0	119	1	135	2	189	3	126	4	107	5	154	6	130	7	199	8	114	9	183	
	0	139	1	114	2	133	3	139	4	105	5	100	6	191	7	195	8	101	9	140	
	0	156	1	123	2	179	3	144	4	147	5	126	6	166	7	125	8	169	9	164	
	0	163	1	180	2	193	3	146	4	198	5	185	6	114	7	169	8	144	9	122	
	0	166	1	113	2	178	3	130	4	101	5	169	6	130	7	156	8	181	9	164	
	0	122	1	186	2	146	3	124	4	114	5	163	6	185	7	115	8	171	9	141	
	0	111	1	135	2	166	3	169	4	135	5	107	6	186	7	100	8	153	9	172	
	0	164	1	114	2	183	3	126	4	137	5	134	6	189	7	135	8	118	9	106	
	0	130	1	138	2	151	3	183	4	157	5	150	6	124	7	141	8	182	9	194	
	0	154	1	103	2	187	3	193	4	103	5	153	6	123	7	150	8	174	9	147	
	0	159	1	158	2	198	3	115	4	182	5	143	6	145	7	156	8	102	9	121	
	0	152	1	106	2	194	3	124	4	146	5	105	6	111	7	193	8	166	9	125	
	0	120	1	150	2	151	3	193	4	170	5	156	6	160	7	153	8	156	9	113	
	0	177	1	190	2	176	3	131	4	197	5	124	6	139	7	136	8	148	9	183	
	0	108	1	115	2	153	3	106	4	153	5	100	6	182	7	198	8	125	9	141	
	0	136	1	128	2	142	3	140	4	119	5	174	6	195	7	163	8	125	9	148	
	0	102	1	130	2	199	3	141	4	153	5	127	6	198	7	110	8	190	9	160	
	0	172	1	178	2	117	3	114	4	164	5	113	6	102	7	112	8	167	9	185	
	0	149	1	158	2	157	3	102	4	167	5	124	6	196	7	149	8	170	9	171	
	0	164	1	182	2	108	3	118	4	144	5	164	6	189	7	183	8	124	9	160	
	0	131	1	113	2	112	3	127	4	199	5	173	6	178	7	157	8	191	9	157	
	0	145	1	133	2	166	3	161	4	194	5	113	6	132	7	114	8	152	9	100	
	0	164	1	118	2	139	3	145	4	160	5	177	6	108	7	176	8	156	9	134	
	0	157	1	155	2	178	3	185	4	112	5	169	6	102	7	193	8	115	9	174	
	0	134	1	111	2	100	3	108	4	113	5	173	6	199	7	116	8	186	9	169	
	0	137	1	126	2	108	3	195	4	174	5	130	6	180	7	142	8	144	9	159	
	0	143	1	196	2	119	3	122	4	195	5	137	6	133	7	164	8	109	9	161	
	0	111	1	161	2	184	3	101	4	189	5	145	6	165	7	115	8	187	9	157	
	0	123	1	103	2	117	3	179	4	186	5	150	6	139	7	108	8	149	9	147	
	0	122	1	118	2	153	3	141	4	146	5	118	6	101	7	196	8	177	9	148	
	0	164	1	156	2	129	3	114	4	130	5	176	6	110	7	136	8	102	9	145	
	0	195	1	185	2	120	3	162	4	131	5	195	6	111	7	172	8	140	9	184	
	0	148	1	174	2	132	3	141	4	183	5	142	6	196	7	150	8	166	9	192	
	0	198	1	145	2	119	3	185	4	158	5	164	6	178	7	156	8	133	9	188	
	0	105	1	141	2	171	3	187	4	161	5	183	6	107	7	170	8	195	9	152	
	0	133	1	121	2	135	3	104	4	113	5	165	6	100	7	114	8	155	9	163	
	0	196	1	131	2	183	3	155	4	104	5	157	6	117	7	136	8	177	9	101	
	0	141	1	187	2	126	3	190	4	134	5	183	6	154	7	193	8	162	9	180	
	0	185	1	118	2	132	3	181	4	147	5	173	6	105	7	188	8	109	9	190	
	0	195	1	120	2	132	3	114	4	172	5	178	6	124	7	106	8	159	9	157	
	0	199	1	191	2	194	3	184	4	147	5	109	6	189	7	106	8	151	9	198	
	0	118	1	145	2	109	3	158	4	195	5	112	6	163	7	164	8	176	9	187	
	0	164	1	120	2	101	3	106	4	147	5	177	6	121	7	118	8	121	9	151	
	0	120	1	139	2	172	3	185	4	148	5	175	6	158	7	185	8	191	9	124	
	0	159	1	136	2	141	3	101	4	187	5	169	6	110	7	135	8	121	9	102	
	0	146	1	135	2	160	3	170	4	129	5	157	6	115	7	140	8	182	9	171	
	0	118	1	145	2	115	3	104	4	187	5	196	6	192	7	132	8	123	9	182	
	0	166	1	148	2	196	3	172	4	146	5	196	6	188	7	170	8	158	9	113	
	0	128	1	156	2	160	3	118	4	187	5	143	6	107	7	128	8	125	9	174	
	0	139	1	145	2	128	3	118	4	101	5	193	6	122	7	176	8	156	9	163	
	0	165	1	136	2	147	3	147	4	184	5	150	6	181	7	102	8	116	9	165	
	0	115	1	151	2	128	3	127	4	108	5	170	6	101	7	144	8	186	9	139	
	0	157	1	124	2	149	3	168	4	142	5	160	6	158	7	169	8	156	9	185	
	0	186	1	104	2	144	3	196	4	149	5	148	6	105	7	185	8	130	9	155	
	0	190	1	171	2	141	3	157	4	116	5	182	6	168	7	125	8	110	9	116	
	0	131	1	195	2	167	3	102	4	143	5	168	6	137	7	142	8	106	9	129	
	0	188	1	167	2	165	3	167	4	197	5	165	6	166	7	172	8	129	9	163	
	0	133	1	115	2	198	3	127	4	163	5	138	6	106	7	103	8	127	9	113	
	0	131	1	135	2	101	3	192	4	175	5	176	6	192	7	157	8	151	9	133	
	0	140	1	156	2	123	3	197	4	117	5	172	6	171	7	143	8	167	9	174	
	0	105	1	194	2	179	3	134	4	100	5	129	6	178	7	111	8	152	9	176	
	0	169	1	120	2	107	3	157	4	181	5	197	6	160	7	153	8	178	9	167	
	0	147	1	152	2	136	3	184	4	110	5	108	6	130	7	103	8	183	9	198	
	0	139	1	163	2	142	3	155	4	174	5	165	6	101	7	149	8	165	9	191	
	0	111	1	107	2	114	3	184	4	147	5	183	6	195	7	170	8	172	9	143	
	0	125	1	147	2	131	3	115	4	192	5	125	6	115	7	116	8	121	9	132	
	0	148	1	171	2	108	3	131	4	174	5	141	6	184	7	170	8	177	9	132	
	0	110	1	154	2	167	3	120	4	111	5	108	6	178	7	180	8	175	9	197	
	0	133	1	196	2	123	3	179	4	155	5	126	6	178	7	120	8	179	9	185	
	0	192	1	151	2	102	3	177	4	135	5	105	6	190	7	162	8	124	9	114	
	0	111	1	165	2	143	3	126	4	100	5	197	6	118	7	155	8	121	9	156	
	0	108	1	171	2	117	3	113	4	197	5	184	6	139	7	142	8	130	9	112	
	0	174	1	198	2	181	3	168	4	138	5	104	6	151	7	105	8	133	9	100	
	0	166	1	177	2	199	3	124	4	140	5	132	6	162	7	180	8	165	9	127	
	0	167	1	155	2	155	3	143	4	114	5	113	6	148	7	151	8	116	9	161	
	0	102	1	194	2	180	3	152	4	143	5	180	6	195	7	121	8	170	9	140	
	0	125	1	192	2	110	3	180	4	154	5	114	6	174	7	191	8	197	9	122	
	0	135	1	199	2	192	3	158	4	115	5	150	6	177	7	146	8	119	9	110	
	0	154	1	110	2	144	3	198	4	177	5	119	6	134	7	185	8	142	9	111	
	0	169	1	154	2	153	3	150	4	129	5	133	6	127	7	162	8	153	9	112	
	0	161	1	107	2	120	3	162	4	125	5	188	6	189	7	191	8	150	9	198	
	0	122	1	178	2	135	3	158	4	120	5	107	6	192	7	183	8	118	9	140	
	0	122	1	122	2	183	3	134	4	124	5	194	6	197	7	162	8	194	9	120	
	0	184	1	130	2	106	3	111	4	132	5	158	6	125	7	181	8	141	9	151	
	0	125	1	186	2	121	3	156	4	133	5	151	6	180	7	169	8	171	9	132	
	0	135	1	153	2	159	3	194	4	133	5	116	6	160	7	163	8	168	9	197	
	0	188	1	164	2	145	3	107	4	195	5	137	6	192	7	122	8	153	9	162	
	0	122	1	141	2	142	3	178	4	164	5	174	6	144	7	152	8	162	9	142	
	0	157	1	133	2	141	3	117	4	146	5	120	6	135	7	173	8	131	9	154	
	0	145	1	135	2	156	3	199	4	165	5	159	6	142	7	191	8	198	9	126	
	0	172	1	190	2	194	3	195	4	153	5	113	6	196	7	122	8	143	9	145	
	0	138	1	167	2	125	3	175	4	197	5	170	6	170	7	195	8	140	9	189	
	0	135	1	139	2	152	3	173	4	111	5	116	6	171	7	159	8	177	9	171	
	0	140	1	118	2	198	3	145	4	130	5	145	6	142	7	109	8	103	9	146	
	0	118	1	127	2	102	3	186	4	104	5	118	6	194	7	182	8	104	9	179	
	0	153	1	103	2	126	3	194	4	153	5	102	6	124	7	107	8	145	9	110	
	0	129	1	165	2	145	3	134	4	148	5	191	6	165	7	144	8	149	9	196	
	0	195	1	152	2	186	3	129	4	103	5	151	6	183	7	170	8	124	9	127	
	0	187	1	101	2	142	3	152	4	133	5	122	6	108	7	101	8	180	9	176	
	0	192	1	193	2	115	3	155	4	161	5	122	6	161	7	145	8	101	9	104	
	0	153	1	199	2	119	3	174	4	198	5	135	6	156	7	101	8	148	9	190	
	0	135	1	190	2	131	3	196	4	107	5	163	6	136	7	185	8	190	9	108	
	0	141	1	164	2	127	3	188	4	153	5	111	6	164	7	114	8	182	9	198	
	0	178	1	116	2	176	3	105	4	199	5	130	6	163	7	157	8	159	9	197	
	0	184	1	195	2	127	3	140	4	153	5	120	6	103	7	121	8	111	9	117	
	0	177	1	197	2	194	3	110	4	103	5	122	6	112	7	126	8	182	9	166	
	0	118	1	102	2	174	3	104	4	108	5	120	6	127	7	118	8	156	9	116	
	0	101	1	118	2	179	3	101	4	192	5	199	6	148	7	177	8	126	9	145	
	0	142	1	119	2	171	3	166	4	104	5	139	6	188	7	131	8	128	9	168	
	0	116	1	162	2	158	3	118	4	115	5	109	6	138	7	150	8	124	9	136	
	0	174	1	155	2	182	3	125	4	153	5	112	6	139	7	101	8	169	9	124	
	0	150	1	100	2	120	3	118	4	179	5	130	6	154	7	125	8	105	9	116	
	0	156	1	125	2	168	3	122	4	108	5	121	6	145	7	147	8	146	9	144	
	0	188	1	135	2	199	3	102	4	129	5	130	6	189	7	156	8	111	9	137	
	0	115	1	196	2	109	3	150	4	199	5	160	6	161	7	156	8	113	9	190	
	0	139	1	197	2	134	3	169	4	168	5	162	6	195	7	155	8	142	9	105	
	0	189	1	158	2	125	3	163	4	146	5	110	6	147	7	171	8	145	9	164	
	0	195	1	186	2	118	3	101	4	103	5	157	6	162	7	167	8	130	9	110	
	0	143	1	125	2	154	3	101	4	137	5	163	6	199	7	142	8	132	9	124	
	0	168	1	104	2	113	3	151	4	170	5	187	6	120	7	162	8	143	9	163	
	0	100	1	189	2	165	3	102	4	191	5	192	6	158	7	172	8	124	9	132	
	0	124	1	119	2	199	3	183	4	109	5	141	6	104	7	100	8	141	9	190	
	0	113	1	109	2	163	3	163	4	102	5	193	6	131	7	149	8	167	9	134	
	0	186	1	144	2	101	3	123	4	129	5	115	6	165	7	108	8	112	9	161	
	0	154	1	139	2	197	3	163	4	190	5	123	6	165	7	188	8	125	9	160	
	0	198	1	150	2	110	3	125	4	193	5	122	6	110	7	130	8	184	9	100	
	0	119	1	130	2	108	3	146	4	146	5	106	6	189	7	147	8	109	9	137	
	0	157	1	184	2	101	3	139	4	147	5	130	6	159	7	101	8	118	9	139	
	0	182	1	162	2	187	3	111	4	186	5	108	6	120	7	103	8	168	9	115	
	0	121	1	124	2	191	3	183	4	125	5	114	6	129	7	125	8	178	9	197	
	0	162	1	103	2	190	3	166	4	107	5	181	6	188	7	143	8	167	9	121	
	0	179	1	149	2	145	3	140	4	182	5	155	6	149	7	198	8	196	9	156	
	0	180	1	155	2	123	3	197	4	179	5	124	6	140	7	152	8	179	9	122	
	0	153	1	177	2	117	3	123	4	151	5	195	6	125	7	141	8	175	9	116	
	0	193	1	184	2	185	3	191	4	196	5	104	6	157	7	143	8	136	9	188	
	0	166	1	121	2	193	3	160	4	180	5	115	6	144	7	153	8	110	9	159	
	0	124	1	127	2	105	3	123	4	117	5	136	6	196	7	186	8	175	9	143	
	0	168	1	120	2	133	3	196	4	196	5	180	6	140	7	135	8	127	9	171	
	0	142	1	177	2	190	3	143	4	169	5	120	6	118	7	122	8	113	9	199	
	0	146	1	152	2	192	3	141	4	178	5	126	6	130	7	106	8	136	9	160	
	0	197	1	195	2	104	3	115	4	176	5	124	6	187	7	197	8	181	9	101	