1000 10 1
10
	0	189	1	186	2	198	3	178	4	140	5	184	6	193	7	124	8	138	9	129	
	0	123	1	165	2	159	3	117	4	117	5	131	6	135	7	122	8	120	9	126	
	0	169	1	175	2	173	3	187	4	118	5	179	6	146	7	190	8	130	9	183	
	0	134	1	124	2	179	3	174	4	150	5	198	6	199	7	138	8	100	9	133	
	0	131	1	173	2	185	3	123	4	142	5	180	6	148	7	196	8	154	9	113	
	0	122	1	170	2	144	3	128	4	169	5	127	6	135	7	138	8	197	9	180	
	0	127	1	165	2	173	3	196	4	181	5	124	6	151	7	187	8	118	9	199	
	0	195	1	121	2	186	3	169	4	182	5	167	6	154	7	182	8	188	9	171	
	0	173	1	100	2	151	3	109	4	136	5	169	6	147	7	135	8	185	9	174	
	0	104	1	139	2	159	3	152	4	199	5	112	6	173	7	188	8	190	9	189	
	0	188	1	107	2	130	3	114	4	175	5	131	6	194	7	185	8	150	9	196	
	0	169	1	158	2	195	3	122	4	172	5	120	6	110	7	184	8	108	9	107	
	0	182	1	156	2	128	3	158	4	153	5	197	6	172	7	125	8	185	9	170	
	0	198	1	193	2	110	3	121	4	160	5	161	6	194	7	132	8	107	9	185	
	0	171	1	157	2	143	3	139	4	148	5	109	6	145	7	189	8	121	9	186	
	0	102	1	154	2	156	3	110	4	109	5	185	6	158	7	152	8	148	9	143	
	0	107	1	135	2	175	3	138	4	128	5	177	6	111	7	118	8	103	9	141	
	0	155	1	188	2	185	3	102	4	190	5	183	6	164	7	152	8	173	9	174	
	0	142	1	134	2	178	3	197	4	130	5	145	6	125	7	112	8	162	9	180	
	0	147	1	118	2	163	3	157	4	190	5	184	6	146	7	144	8	150	9	152	
	0	187	1	140	2	126	3	109	4	140	5	198	6	150	7	105	8	199	9	147	
	0	148	1	199	2	197	3	106	4	112	5	140	6	184	7	106	8	183	9	160	
	0	100	1	113	2	133	3	186	4	143	5	101	6	159	7	115	8	179	9	154	
	0	184	1	181	2	137	3	107	4	151	5	117	6	131	7	138	8	122	9	147	
	0	153	1	169	2	134	3	198	4	157	5	170	6	176	7	107	8	159	9	151	
	0	156	1	156	2	173	3	184	4	121	5	130	6	172	7	159	8	101	9	192	
	0	127	1	102	2	187	3	115	4	112	5	176	6	150	7	170	8	126	9	113	
	0	112	1	187	2	199	3	124	4	148	5	129	6	175	7	135	8	118	9	189	
	0	125	1	138	2	134	3	144	4	197	5	105	6	137	7	107	8	111	9	112	
	0	184	1	162	2	184	3	153	4	177	5	103	6	106	7	160	8	192	9	182	
	0	159	1	104	2	170	3	142	4	115	5	119	6	122	7	179	8	107	9	124	
	0	150	1	104	2	108	3	105	4	109	5	109	6	179	7	171	8	187	9	165	
	0	199	1	126	2	132	3	101	4	128	5	186	6	179	7	125	8	155	9	100	
	0	148	1	161	2	120	3	107	4	153	5	132	6	107	7	118	8	167	9	101	
	0	192	1	182	2	199	3	166	4	178	5	122	6	103	7	142	8	160	9	107	
	0	148	1	144	2	152	3	111	4	131	5	162	6	144	7	130	8	101	9	192	
	0	145	1	175	2	182	3	133	4	178	5	113	6	162	7	101	8	154	9	169	
	0	167	1	137	2	160	3	153	4	199	5	124	6	197	7	103	8	115	9	167	
	0	144	1	152	2	180	3	127	4	170	5	141	6	146	7	116	8	115	9	192	
	0	131	1	185	2	109	3	100	4	175	5	144	6	104	7	134	8	191	9	100	
	0	184	1	164	2	134	3	129	4	132	5	108	6	112	7	110	8	112	9	106	
	0	146	1	188	2	134	3	179	4	123	5	147	6	125	7	134	8	175	9	151	
	0	118	1	129	2	153	3	101	4	188	5	129	6	178	7	133	8	103	9	139	
	0	185	1	102	2	170	3	119	4	181	5	153	6	135	7	135	8	192	9	143	
	0	179	1	117	2	130	3	186	4	163	5	139	6	145	7	160	8	145	9	112	
	0	193	1	195	2	121	3	116	4	135	5	145	6	105	7	184	8	116	9	144	
	0	119	1	168	2	136	3	171	4	118	5	182	6	156	7	107	8	179	9	119	
	0	101	1	116	2	179	3	174	4	163	5	100	6	182	7	117	8	170	9	194	
	0	127	1	157	2	149	3	169	4	135	5	146	6	133	7	188	8	184	9	103	
	0	164	1	102	2	187	3	112	4	139	5	123	6	114	7	125	8	150	9	161	
	0	156	1	136	2	152	3	117	4	190	5	108	6	175	7	162	8	185	9	140	
	0	194	1	113	2	114	3	139	4	174	5	196	6	189	7	178	8	166	9	196	
	0	157	1	161	2	155	3	190	4	116	5	127	6	188	7	161	8	169	9	152	
	0	171	1	162	2	160	3	105	4	145	5	138	6	146	7	175	8	161	9	113	
	0	141	1	157	2	197	3	100	4	173	5	108	6	136	7	100	8	123	9	189	
	0	172	1	135	2	128	3	166	4	196	5	120	6	162	7	175	8	142	9	110	
	0	166	1	191	2	128	3	107	4	117	5	135	6	108	7	127	8	114	9	134	
	0	142	1	104	2	137	3	172	4	186	5	164	6	114	7	107	8	100	9	122	
	0	180	1	190	2	101	3	115	4	174	5	101	6	135	7	173	8	184	9	117	
	0	168	1	150	2	120	3	110	4	188	5	158	6	191	7	141	8	153	9	175	
	0	110	1	187	2	144	3	155	4	139	5	192	6	127	7	101	8	145	9	131	
	0	153	1	193	2	177	3	122	4	179	5	136	6	197	7	136	8	101	9	183	
	0	147	1	156	2	112	3	121	4	168	5	162	6	147	7	101	8	155	9	100	
	0	188	1	139	2	162	3	161	4	159	5	186	6	136	7	185	8	118	9	155	
	0	156	1	178	2	112	3	157	4	137	5	153	6	132	7	136	8	175	9	198	
	0	145	1	120	2	191	3	133	4	188	5	167	6	143	7	149	8	118	9	167	
	0	129	1	167	2	137	3	155	4	190	5	128	6	162	7	158	8	163	9	104	
	0	109	1	101	2	132	3	179	4	164	5	134	6	130	7	106	8	189	9	129	
	0	103	1	163	2	144	3	192	4	115	5	163	6	102	7	111	8	170	9	132	
	0	188	1	113	2	137	3	155	4	155	5	131	6	127	7	196	8	125	9	186	
	0	134	1	161	2	182	3	149	4	154	5	125	6	178	7	137	8	114	9	102	
	0	106	1	168	2	181	3	191	4	169	5	125	6	124	7	179	8	100	9	150	
	0	183	1	187	2	186	3	162	4	138	5	155	6	124	7	198	8	167	9	149	
	0	125	1	154	2	114	3	167	4	110	5	121	6	177	7	142	8	100	9	133	
	0	141	1	160	2	139	3	173	4	105	5	146	6	152	7	181	8	126	9	164	
	0	143	1	100	2	140	3	123	4	123	5	102	6	113	7	120	8	178	9	174	
	0	120	1	155	2	153	3	175	4	150	5	146	6	121	7	186	8	133	9	181	
	0	185	1	146	2	165	3	180	4	124	5	144	6	199	7	168	8	138	9	143	
	0	160	1	148	2	199	3	157	4	188	5	198	6	192	7	105	8	134	9	157	
	0	115	1	125	2	161	3	114	4	169	5	119	6	196	7	192	8	163	9	175	
	0	130	1	174	2	187	3	172	4	187	5	179	6	185	7	144	8	140	9	193	
	0	110	1	180	2	167	3	171	4	172	5	193	6	136	7	173	8	100	9	176	
	0	184	1	111	2	185	3	179	4	154	5	190	6	118	7	121	8	193	9	138	
	0	164	1	106	2	136	3	157	4	106	5	124	6	150	7	109	8	149	9	110	
	0	139	1	113	2	112	3	102	4	135	5	154	6	149	7	191	8	170	9	153	
	0	191	1	110	2	168	3	118	4	113	5	198	6	180	7	171	8	107	9	186	
	0	140	1	102	2	167	3	141	4	159	5	150	6	190	7	181	8	184	9	173	
	0	154	1	142	2	155	3	128	4	153	5	171	6	155	7	136	8	188	9	156	
	0	191	1	180	2	166	3	151	4	169	5	101	6	111	7	116	8	165	9	173	
	0	133	1	116	2	170	3	136	4	114	5	141	6	108	7	117	8	132	9	136	
	0	158	1	132	2	139	3	104	4	178	5	166	6	101	7	171	8	132	9	150	
	0	152	1	152	2	124	3	176	4	136	5	167	6	141	7	128	8	111	9	147	
	0	135	1	156	2	159	3	166	4	175	5	119	6	116	7	118	8	106	9	158	
	0	127	1	143	2	144	3	105	4	147	5	116	6	124	7	159	8	143	9	168	
	0	118	1	164	2	104	3	174	4	112	5	107	6	129	7	135	8	101	9	136	
	0	133	1	181	2	104	3	100	4	178	5	192	6	182	7	148	8	156	9	167	
	0	125	1	165	2	196	3	152	4	125	5	161	6	115	7	113	8	155	9	159	
	0	115	1	144	2	188	3	137	4	106	5	172	6	143	7	163	8	130	9	178	
	0	116	1	173	2	145	3	138	4	158	5	141	6	133	7	138	8	124	9	151	
	0	136	1	169	2	193	3	134	4	182	5	150	6	178	7	107	8	104	9	136	
	0	188	1	114	2	134	3	158	4	159	5	178	6	144	7	156	8	185	9	122	
	0	107	1	173	2	124	3	190	4	138	5	128	6	148	7	151	8	136	9	121	
	0	161	1	138	2	114	3	104	4	198	5	101	6	138	7	194	8	134	9	104	
	0	128	1	181	2	148	3	157	4	179	5	187	6	138	7	138	8	143	9	195	
	0	122	1	154	2	194	3	102	4	158	5	107	6	154	7	129	8	146	9	103	
	0	184	1	148	2	104	3	152	4	123	5	196	6	172	7	182	8	187	9	142	
	0	178	1	100	2	132	3	100	4	158	5	190	6	118	7	197	8	110	9	165	
	0	195	1	149	2	151	3	170	4	106	5	139	6	157	7	150	8	175	9	126	
	0	165	1	163	2	108	3	123	4	186	5	131	6	183	7	157	8	136	9	185	
	0	157	1	188	2	166	3	130	4	156	5	196	6	146	7	154	8	196	9	142	
	0	111	1	149	2	121	3	153	4	110	5	133	6	192	7	163	8	175	9	124	
	0	163	1	115	2	107	3	164	4	156	5	115	6	187	7	139	8	106	9	122	
	0	104	1	134	2	165	3	180	4	194	5	174	6	100	7	179	8	184	9	109	
	0	132	1	186	2	137	3	119	4	198	5	133	6	189	7	173	8	194	9	163	
	0	173	1	176	2	164	3	164	4	134	5	122	6	125	7	131	8	146	9	197	
	0	124	1	189	2	118	3	106	4	194	5	192	6	117	7	109	8	131	9	111	
	0	168	1	196	2	183	3	107	4	151	5	190	6	129	7	199	8	167	9	133	
	0	128	1	173	2	174	3	115	4	115	5	144	6	165	7	126	8	139	9	115	
	0	136	1	181	2	125	3	180	4	173	5	139	6	145	7	106	8	135	9	187	
	0	191	1	152	2	118	3	197	4	160	5	135	6	154	7	151	8	121	9	164	
	0	116	1	100	2	172	3	151	4	136	5	188	6	113	7	172	8	108	9	114	
	0	181	1	116	2	137	3	186	4	109	5	175	6	185	7	134	8	169	9	165	
	0	126	1	175	2	187	3	168	4	143	5	102	6	115	7	157	8	173	9	165	
	0	154	1	111	2	100	3	148	4	193	5	173	6	136	7	108	8	180	9	104	
	0	191	1	180	2	115	3	156	4	192	5	136	6	103	7	168	8	151	9	103	
	0	126	1	150	2	132	3	121	4	178	5	173	6	126	7	157	8	125	9	162	
	0	105	1	158	2	167	3	126	4	139	5	180	6	156	7	185	8	197	9	142	
	0	101	1	164	2	198	3	126	4	169	5	137	6	138	7	181	8	141	9	125	
	0	189	1	107	2	177	3	176	4	118	5	130	6	181	7	137	8	150	9	163	
	0	141	1	100	2	126	3	102	4	170	5	167	6	106	7	116	8	139	9	121	
	0	144	1	152	2	107	3	108	4	133	5	126	6	144	7	135	8	167	9	166	
	0	105	1	127	2	185	3	108	4	153	5	115	6	107	7	162	8	137	9	178	
	0	113	1	177	2	164	3	189	4	112	5	114	6	137	7	115	8	140	9	192	
	0	174	1	168	2	117	3	182	4	176	5	127	6	157	7	138	8	196	9	140	
	0	146	1	157	2	133	3	138	4	105	5	155	6	155	7	195	8	108	9	132	
	0	188	1	168	2	143	3	141	4	197	5	128	6	166	7	133	8	122	9	110	
	0	112	1	108	2	199	3	159	4	123	5	125	6	167	7	146	8	173	9	100	
	0	195	1	142	2	176	3	194	4	187	5	162	6	131	7	117	8	126	9	100	
	0	161	1	117	2	103	3	185	4	114	5	181	6	193	7	110	8	120	9	116	
	0	147	1	111	2	144	3	168	4	129	5	148	6	135	7	156	8	107	9	141	
	0	145	1	198	2	148	3	184	4	169	5	116	6	192	7	159	8	154	9	128	
	0	158	1	175	2	121	3	172	4	194	5	103	6	103	7	132	8	191	9	194	
	0	136	1	111	2	133	3	148	4	112	5	188	6	137	7	181	8	113	9	160	
	0	126	1	116	2	133	3	126	4	100	5	195	6	152	7	152	8	176	9	188	
	0	127	1	118	2	188	3	119	4	121	5	126	6	121	7	115	8	143	9	109	
	0	115	1	120	2	128	3	197	4	176	5	139	6	130	7	144	8	169	9	138	
	0	108	1	133	2	110	3	198	4	185	5	178	6	113	7	113	8	190	9	113	
	0	183	1	114	2	148	3	177	4	147	5	177	6	113	7	186	8	152	9	105	
	0	181	1	194	2	198	3	188	4	133	5	162	6	184	7	153	8	171	9	128	
	0	197	1	169	2	169	3	114	4	156	5	136	6	197	7	116	8	159	9	112	
	0	142	1	160	2	197	3	137	4	195	5	163	6	164	7	139	8	196	9	165	
	0	107	1	129	2	113	3	194	4	195	5	143	6	110	7	187	8	157	9	106	
	0	188	1	144	2	172	3	164	4	120	5	196	6	181	7	130	8	110	9	183	
	0	137	1	152	2	130	3	117	4	182	5	132	6	130	7	158	8	186	9	119	
	0	119	1	118	2	165	3	142	4	191	5	100	6	174	7	144	8	196	9	172	
	0	178	1	173	2	140	3	184	4	166	5	194	6	160	7	118	8	195	9	196	
	0	199	1	187	2	119	3	175	4	103	5	198	6	177	7	177	8	127	9	184	
	0	177	1	141	2	162	3	162	4	188	5	169	6	155	7	110	8	156	9	155	
	0	167	1	116	2	193	3	195	4	131	5	112	6	147	7	164	8	182	9	188	
	0	131	1	122	2	131	3	179	4	165	5	111	6	192	7	166	8	116	9	166	
	0	197	1	152	2	158	3	175	4	156	5	145	6	114	7	142	8	122	9	175	
	0	125	1	132	2	158	3	184	4	101	5	164	6	189	7	144	8	161	9	168	
	0	102	1	132	2	177	3	159	4	172	5	101	6	160	7	131	8	127	9	115	
	0	149	1	140	2	140	3	105	4	153	5	115	6	130	7	142	8	133	9	117	
	0	166	1	191	2	131	3	124	4	118	5	195	6	133	7	188	8	146	9	104	
	0	189	1	108	2	167	3	123	4	160	5	108	6	170	7	180	8	172	9	152	
	0	149	1	101	2	194	3	178	4	117	5	185	6	144	7	100	8	188	9	117	
	0	115	1	109	2	101	3	165	4	133	5	146	6	155	7	186	8	158	9	135	
	0	186	1	133	2	165	3	123	4	122	5	156	6	114	7	133	8	163	9	148	
	0	192	1	168	2	161	3	109	4	125	5	118	6	118	7	175	8	121	9	199	
	0	165	1	159	2	169	3	164	4	102	5	187	6	168	7	154	8	140	9	188	
	0	157	1	112	2	178	3	109	4	108	5	174	6	199	7	164	8	166	9	110	
	0	148	1	197	2	132	3	125	4	105	5	199	6	111	7	142	8	173	9	123	
	0	104	1	114	2	110	3	116	4	115	5	192	6	181	7	128	8	110	9	177	
	0	146	1	194	2	168	3	184	4	121	5	169	6	179	7	196	8	177	9	170	
	0	107	1	138	2	150	3	111	4	165	5	150	6	150	7	186	8	181	9	171	
	0	188	1	120	2	188	3	115	4	123	5	119	6	137	7	190	8	150	9	112	
	0	118	1	174	2	177	3	179	4	128	5	103	6	143	7	117	8	153	9	193	
	0	149	1	160	2	123	3	155	4	148	5	198	6	118	7	152	8	171	9	175	
	0	173	1	153	2	105	3	164	4	181	5	189	6	183	7	161	8	187	9	129	
	0	137	1	107	2	157	3	105	4	116	5	120	6	165	7	137	8	144	9	110	
	0	195	1	169	2	131	3	178	4	104	5	115	6	178	7	130	8	151	9	174	
	0	138	1	153	2	100	3	192	4	104	5	150	6	164	7	117	8	143	9	141	
	0	129	1	167	2	199	3	133	4	122	5	179	6	196	7	109	8	199	9	121	
	0	104	1	110	2	171	3	141	4	154	5	185	6	191	7	187	8	120	9	191	
	0	157	1	136	2	192	3	144	4	113	5	159	6	135	7	166	8	120	9	162	
	0	138	1	187	2	186	3	198	4	175	5	194	6	178	7	122	8	104	9	121	
	0	170	1	101	2	175	3	131	4	116	5	188	6	159	7	148	8	172	9	162	
	0	114	1	185	2	175	3	170	4	184	5	142	6	190	7	183	8	179	9	168	
	0	113	1	100	2	174	3	141	4	176	5	159	6	184	7	182	8	160	9	152	
	0	190	1	172	2	197	3	191	4	102	5	199	6	115	7	174	8	185	9	164	
	0	116	1	174	2	172	3	152	4	142	5	133	6	147	7	156	8	138	9	136	
	0	133	1	108	2	180	3	199	4	152	5	148	6	186	7	130	8	192	9	145	
	0	172	1	189	2	188	3	143	4	122	5	128	6	163	7	139	8	159	9	127	
	0	193	1	153	2	196	3	121	4	107	5	140	6	109	7	184	8	141	9	193	
	0	196	1	110	2	107	3	170	4	109	5	136	6	123	7	187	8	155	9	142	
	0	135	1	131	2	167	3	191	4	146	5	178	6	103	7	195	8	152	9	100	
	0	109	1	136	2	195	3	190	4	195	5	176	6	162	7	133	8	121	9	175	
	0	161	1	118	2	178	3	148	4	103	5	142	6	186	7	130	8	169	9	199	
	0	148	1	181	2	179	3	105	4	120	5	176	6	181	7	100	8	118	9	198	
	0	120	1	136	2	143	3	184	4	107	5	176	6	176	7	134	8	157	9	147	
	0	193	1	158	2	144	3	150	4	142	5	152	6	176	7	176	8	198	9	101	
	0	167	1	147	2	157	3	193	4	141	5	173	6	116	7	199	8	173	9	121	
	0	157	1	135	2	159	3	145	4	192	5	168	6	116	7	162	8	167	9	141	
	0	192	1	170	2	133	3	114	4	118	5	107	6	110	7	156	8	195	9	188	
	0	122	1	145	2	140	3	129	4	183	5	183	6	194	7	196	8	102	9	152	
	0	150	1	194	2	129	3	143	4	109	5	198	6	169	7	162	8	131	9	128	
	0	139	1	159	2	103	3	171	4	106	5	134	6	163	7	165	8	120	9	169	
	0	142	1	198	2	140	3	183	4	126	5	169	6	164	7	127	8	177	9	162	
	0	195	1	184	2	151	3	123	4	163	5	194	6	183	7	178	8	157	9	148	
	0	171	1	131	2	154	3	189	4	134	5	108	6	163	7	183	8	102	9	129	
	0	173	1	138	2	102	3	150	4	195	5	194	6	186	7	176	8	153	9	176	
	0	190	1	180	2	157	3	102	4	137	5	159	6	153	7	131	8	143	9	167	
	0	197	1	145	2	157	3	135	4	166	5	107	6	122	7	110	8	148	9	163	
	0	167	1	166	2	157	3	133	4	136	5	101	6	100	7	142	8	195	9	157	
	0	189	1	111	2	197	3	144	4	123	5	170	6	179	7	119	8	120	9	188	
	0	175	1	144	2	120	3	166	4	197	5	167	6	121	7	141	8	165	9	141	
	0	118	1	156	2	188	3	149	4	120	5	188	6	103	7	145	8	162	9	164	
	0	155	1	121	2	102	3	192	4	118	5	167	6	134	7	193	8	194	9	166	
	0	164	1	143	2	114	3	160	4	174	5	161	6	199	7	164	8	133	9	162	
	0	193	1	102	2	149	3	173	4	155	5	150	6	178	7	176	8	111	9	195	
	0	102	1	135	2	199	3	172	4	187	5	179	6	129	7	150	8	104	9	134	
	0	102	1	181	2	160	3	197	4	128	5	105	6	184	7	196	8	198	9	181	
	0	143	1	171	2	149	3	111	4	148	5	131	6	108	7	172	8	162	9	149	
	0	180	1	135	2	171	3	103	4	110	5	193	6	135	7	120	8	179	9	191	
	0	169	1	105	2	187	3	139	4	134	5	185	6	153	7	182	8	157	9	119	
	0	155	1	103	2	159	3	168	4	169	5	174	6	115	7	121	8	196	9	111	
	0	102	1	190	2	162	3	174	4	197	5	104	6	145	7	137	8	164	9	118	
	0	147	1	151	2	164	3	134	4	184	5	177	6	197	7	177	8	182	9	119	
	0	182	1	196	2	173	3	114	4	189	5	161	6	193	7	121	8	142	9	127	
	0	115	1	101	2	196	3	193	4	186	5	186	6	101	7	175	8	112	9	183	
	0	172	1	138	2	100	3	111	4	105	5	126	6	106	7	178	8	116	9	199	
	0	141	1	108	2	118	3	157	4	137	5	156	6	129	7	162	8	158	9	105	
	0	170	1	125	2	125	3	107	4	178	5	100	6	114	7	128	8	102	9	179	
	0	102	1	163	2	165	3	112	4	140	5	157	6	129	7	172	8	156	9	171	
	0	128	1	140	2	100	3	112	4	169	5	149	6	155	7	176	8	119	9	182	
	0	123	1	107	2	187	3	179	4	173	5	143	6	114	7	128	8	152	9	125	
	0	141	1	104	2	181	3	167	4	153	5	188	6	155	7	151	8	107	9	120	
	0	135	1	116	2	186	3	196	4	146	5	169	6	120	7	101	8	182	9	140	
	0	154	1	186	2	131	3	126	4	179	5	182	6	164	7	133	8	197	9	188	
	0	107	1	159	2	141	3	135	4	182	5	132	6	109	7	197	8	107	9	103	
	0	139	1	199	2	119	3	108	4	132	5	178	6	199	7	142	8	134	9	191	
	0	163	1	176	2	140	3	170	4	156	5	177	6	129	7	169	8	146	9	196	
	0	116	1	150	2	159	3	128	4	151	5	151	6	108	7	100	8	165	9	109	
	0	181	1	127	2	150	3	187	4	147	5	103	6	147	7	136	8	195	9	123	
	0	120	1	185	2	190	3	113	4	175	5	146	6	125	7	142	8	154	9	149	
	0	102	1	193	2	121	3	148	4	108	5	170	6	149	7	128	8	189	9	187	
	0	101	1	186	2	110	3	102	4	156	5	146	6	116	7	126	8	131	9	168	
	0	150	1	196	2	121	3	131	4	162	5	179	6	177	7	189	8	142	9	119	
	0	108	1	145	2	161	3	175	4	189	5	135	6	179	7	147	8	158	9	142	
	0	137	1	121	2	181	3	189	4	165	5	119	6	167	7	100	8	146	9	189	
	0	100	1	147	2	105	3	149	4	109	5	195	6	152	7	149	8	112	9	196	
	0	172	1	102	2	163	3	165	4	179	5	103	6	156	7	179	8	182	9	101	
	0	195	1	118	2	178	3	148	4	188	5	145	6	130	7	152	8	189	9	167	
	0	157	1	191	2	110	3	168	4	186	5	174	6	113	7	147	8	196	9	152	
	0	101	1	167	2	129	3	198	4	154	5	117	6	135	7	121	8	145	9	104	
	0	171	1	166	2	154	3	167	4	110	5	107	6	100	7	140	8	181	9	116	
	0	146	1	101	2	140	3	193	4	173	5	173	6	167	7	147	8	141	9	106	
	0	137	1	183	2	116	3	182	4	183	5	114	6	105	7	161	8	138	9	143	
	0	102	1	117	2	169	3	196	4	163	5	185	6	185	7	176	8	104	9	144	
	0	102	1	198	2	193	3	186	4	115	5	114	6	120	7	156	8	127	9	173	
	0	187	1	189	2	164	3	162	4	185	5	105	6	165	7	144	8	180	9	114	
	0	199	1	108	2	134	3	143	4	152	5	117	6	113	7	133	8	157	9	115	
	0	115	1	154	2	158	3	112	4	162	5	112	6	144	7	198	8	169	9	162	
	0	162	1	170	2	101	3	190	4	181	5	115	6	164	7	139	8	143	9	175	
	0	196	1	171	2	195	3	130	4	120	5	150	6	124	7	124	8	144	9	182	
	0	152	1	113	2	190	3	162	4	151	5	145	6	158	7	157	8	137	9	111	
	0	198	1	151	2	160	3	127	4	167	5	191	6	187	7	187	8	101	9	117	
	0	193	1	135	2	117	3	153	4	198	5	125	6	138	7	150	8	165	9	156	
	0	113	1	184	2	130	3	110	4	182	5	111	6	143	7	177	8	160	9	100	
	0	194	1	106	2	165	3	155	4	162	5	180	6	156	7	155	8	191	9	129	
	0	180	1	167	2	183	3	168	4	170	5	198	6	120	7	194	8	194	9	174	
	0	188	1	147	2	195	3	111	4	180	5	177	6	177	7	106	8	197	9	164	
	0	141	1	157	2	101	3	162	4	172	5	113	6	138	7	129	8	144	9	159	
	0	109	1	186	2	192	3	177	4	182	5	198	6	179	7	108	8	104	9	165	
	0	129	1	120	2	119	3	152	4	118	5	128	6	126	7	174	8	156	9	116	
	0	141	1	186	2	144	3	165	4	128	5	153	6	140	7	186	8	114	9	167	
	0	148	1	110	2	124	3	177	4	147	5	151	6	144	7	117	8	133	9	159	
	0	115	1	137	2	123	3	146	4	140	5	187	6	163	7	166	8	144	9	118	
	0	123	1	194	2	159	3	139	4	121	5	159	6	155	7	179	8	137	9	106	
	0	141	1	100	2	171	3	148	4	181	5	195	6	111	7	136	8	187	9	116	
	0	163	1	121	2	128	3	115	4	180	5	120	6	190	7	135	8	197	9	193	
	0	125	1	121	2	194	3	127	4	199	5	159	6	137	7	179	8	151	9	137	
	0	195	1	101	2	183	3	129	4	121	5	125	6	115	7	111	8	121	9	109	
	0	162	1	149	2	149	3	124	4	124	5	118	6	160	7	100	8	141	9	166	
	0	105	1	181	2	154	3	190	4	169	5	154	6	150	7	110	8	163	9	193	
	0	112	1	194	2	190	3	162	4	196	5	175	6	199	7	178	8	140	9	171	
	0	158	1	130	2	121	3	115	4	104	5	143	6	167	7	182	8	139	9	112	
	0	134	1	167	2	118	3	171	4	143	5	166	6	111	7	114	8	183	9	108	
	0	112	1	158	2	166	3	159	4	158	5	131	6	160	7	112	8	193	9	134	
	0	166	1	155	2	156	3	146	4	124	5	191	6	172	7	142	8	100	9	145	
	0	125	1	130	2	123	3	186	4	145	5	190	6	155	7	188	8	114	9	120	
	0	145	1	137	2	103	3	157	4	196	5	108	6	187	7	174	8	116	9	150	
	0	197	1	145	2	173	3	148	4	144	5	135	6	124	7	139	8	147	9	154	
	0	184	1	164	2	181	3	132	4	105	5	159	6	181	7	147	8	107	9	177	
	0	156	1	112	2	178	3	165	4	160	5	166	6	155	7	136	8	180	9	188	
	0	162	1	167	2	197	3	163	4	162	5	106	6	186	7	171	8	127	9	148	
	0	135	1	150	2	131	3	190	4	181	5	126	6	193	7	110	8	174	9	104	
	0	162	1	188	2	123	3	169	4	150	5	160	6	112	7	146	8	119	9	195	
	0	195	1	132	2	140	3	145	4	169	5	149	6	117	7	176	8	110	9	147	
	0	111	1	106	2	164	3	146	4	137	5	136	6	151	7	146	8	162	9	171	
	0	157	1	171	2	129	3	170	4	193	5	164	6	183	7	198	8	150	9	112	
	0	179	1	150	2	162	3	160	4	129	5	162	6	192	7	162	8	190	9	178	
	0	184	1	123	2	199	3	165	4	129	5	167	6	125	7	141	8	109	9	198	
	0	108	1	106	2	121	3	155	4	176	5	110	6	199	7	138	8	110	9	151	
	0	191	1	140	2	160	3	189	4	178	5	146	6	149	7	128	8	138	9	187	
	0	100	1	189	2	155	3	110	4	135	5	121	6	110	7	120	8	127	9	107	
	0	181	1	163	2	191	3	107	4	142	5	113	6	195	7	125	8	158	9	196	
	0	104	1	155	2	126	3	186	4	141	5	143	6	180	7	187	8	153	9	173	
	0	120	1	150	2	112	3	185	4	129	5	161	6	135	7	150	8	112	9	145	
	0	169	1	166	2	112	3	125	4	104	5	102	6	181	7	187	8	113	9	138	
	0	160	1	129	2	132	3	191	4	139	5	155	6	104	7	149	8	174	9	151	
	0	183	1	147	2	101	3	105	4	161	5	125	6	136	7	120	8	136	9	153	
	0	174	1	126	2	153	3	171	4	170	5	156	6	193	7	128	8	162	9	159	
	0	175	1	162	2	158	3	120	4	114	5	125	6	183	7	174	8	162	9	102	
	0	177	1	129	2	181	3	113	4	138	5	127	6	120	7	106	8	122	9	131	
	0	152	1	100	2	157	3	172	4	143	5	165	6	123	7	143	8	132	9	115	
	0	120	1	177	2	124	3	105	4	127	5	108	6	130	7	146	8	121	9	111	
	0	150	1	122	2	153	3	154	4	133	5	186	6	126	7	165	8	169	9	167	
	0	125	1	130	2	141	3	160	4	147	5	149	6	197	7	197	8	127	9	103	
	0	100	1	136	2	151	3	191	4	185	5	138	6	105	7	102	8	168	9	195	
	0	158	1	123	2	118	3	111	4	134	5	163	6	189	7	144	8	113	9	149	
	0	192	1	145	2	134	3	116	4	190	5	146	6	143	7	104	8	145	9	119	
	0	126	1	144	2	133	3	175	4	167	5	199	6	110	7	137	8	187	9	186	
	0	124	1	182	2	121	3	109	4	187	5	102	6	119	7	125	8	128	9	118	
	0	188	1	121	2	176	3	135	4	129	5	127	6	191	7	160	8	199	9	178	
	0	179	1	114	2	120	3	182	4	103	5	104	6	197	7	108	8	171	9	187	
	0	100	1	139	2	143	3	124	4	158	5	129	6	184	7	122	8	114	9	179	
	0	159	1	148	2	174	3	109	4	153	5	114	6	102	7	129	8	192	9	112	
	0	167	1	149	2	181	3	175	4	137	5	125	6	186	7	176	8	101	9	127	
	0	119	1	112	2	150	3	191	4	108	5	198	6	130	7	163	8	158	9	193	
	0	158	1	160	2	152	3	181	4	148	5	167	6	145	7	109	8	117	9	118	
	0	153	1	176	2	127	3	196	4	145	5	153	6	188	7	136	8	171	9	133	
	0	182	1	179	2	142	3	151	4	123	5	192	6	126	7	154	8	137	9	180	
	0	101	1	131	2	118	3	151	4	104	5	143	6	173	7	133	8	122	9	177	
	0	194	1	144	2	146	3	129	4	176	5	111	6	171	7	104	8	107	9	108	
	0	156	1	180	2	164	3	176	4	178	5	133	6	185	7	119	8	167	9	126	
	0	129	1	163	2	173	3	153	4	136	5	141	6	116	7	121	8	197	9	182	
	0	189	1	190	2	177	3	177	4	188	5	168	6	158	7	147	8	132	9	117	
	0	180	1	149	2	147	3	118	4	199	5	142	6	137	7	189	8	106	9	140	
	0	131	1	136	2	104	3	120	4	101	5	170	6	110	7	166	8	151	9	143	
	0	121	1	147	2	141	3	159	4	138	5	110	6	118	7	120	8	196	9	111	
	0	112	1	128	2	124	3	119	4	179	5	141	6	168	7	117	8	124	9	108	
	0	111	1	186	2	180	3	138	4	142	5	179	6	194	7	139	8	145	9	137	
	0	137	1	177	2	124	3	102	4	175	5	100	6	112	7	103	8	180	9	120	
	0	166	1	195	2	127	3	164	4	187	5	133	6	188	7	115	8	183	9	130	
	0	178	1	133	2	144	3	146	4	159	5	167	6	114	7	157	8	143	9	160	
	0	185	1	104	2	178	3	151	4	123	5	141	6	143	7	154	8	161	9	112	
	0	178	1	190	2	128	3	199	4	108	5	142	6	145	7	189	8	170	9	186	
	0	151	1	152	2	100	3	153	4	101	5	104	6	113	7	170	8	100	9	197	
	0	121	1	120	2	122	3	189	4	194	5	105	6	133	7	144	8	132	9	117	
	0	119	1	100	2	176	3	188	4	151	5	152	6	120	7	129	8	142	9	121	
	0	185	1	192	2	140	3	152	4	158	5	131	6	142	7	132	8	145	9	157	
	0	161	1	160	2	160	3	131	4	180	5	157	6	158	7	123	8	190	9	109	
	0	167	1	168	2	183	3	101	4	166	5	192	6	127	7	105	8	151	9	114	
	0	166	1	149	2	142	3	159	4	191	5	153	6	171	7	140	8	102	9	166	
	0	183	1	158	2	124	3	156	4	163	5	191	6	163	7	171	8	128	9	189	
	0	175	1	150	2	132	3	155	4	165	5	153	6	193	7	169	8	191	9	182	
	0	176	1	189	2	101	3	187	4	132	5	125	6	151	7	178	8	180	9	163	
	0	155	1	165	2	135	3	175	4	133	5	147	6	119	7	149	8	107	9	129	
	0	194	1	163	2	147	3	146	4	194	5	199	6	142	7	136	8	184	9	130	
	0	199	1	120	2	188	3	141	4	135	5	161	6	143	7	180	8	140	9	110	
	0	193	1	177	2	160	3	178	4	189	5	131	6	105	7	192	8	184	9	171	
	0	175	1	117	2	119	3	193	4	107	5	146	6	122	7	168	8	184	9	184	
	0	186	1	165	2	131	3	142	4	118	5	166	6	147	7	168	8	123	9	110	
	0	191	1	162	2	113	3	177	4	104	5	157	6	114	7	150	8	144	9	196	
	0	109	1	105	2	153	3	172	4	179	5	151	6	166	7	152	8	140	9	153	
	0	159	1	143	2	129	3	157	4	113	5	176	6	171	7	169	8	143	9	136	
	0	188	1	118	2	123	3	196	4	149	5	192	6	156	7	178	8	100	9	168	
	0	168	1	114	2	159	3	138	4	155	5	146	6	122	7	194	8	189	9	142	
	0	187	1	155	2	137	3	111	4	125	5	134	6	118	7	110	8	183	9	161	
	0	105	1	105	2	142	3	196	4	197	5	143	6	105	7	162	8	145	9	141	
	0	109	1	136	2	104	3	114	4	162	5	119	6	175	7	175	8	105	9	152	
	0	102	1	163	2	108	3	109	4	193	5	173	6	132	7	156	8	184	9	105	
	0	102	1	127	2	115	3	187	4	130	5	119	6	140	7	196	8	148	9	122	
	0	185	1	153	2	104	3	128	4	125	5	176	6	141	7	151	8	131	9	114	
	0	162	1	198	2	116	3	128	4	195	5	140	6	183	7	116	8	191	9	127	
	0	118	1	112	2	163	3	191	4	131	5	181	6	186	7	113	8	108	9	141	
	0	115	1	168	2	109	3	131	4	137	5	191	6	121	7	121	8	105	9	163	
	0	128	1	164	2	143	3	136	4	160	5	132	6	167	7	147	8	170	9	139	
	0	155	1	150	2	145	3	131	4	155	5	164	6	130	7	176	8	116	9	157	
	0	130	1	188	2	185	3	178	4	189	5	171	6	176	7	133	8	108	9	115	
	0	142	1	110	2	154	3	173	4	143	5	123	6	145	7	159	8	149	9	111	
	0	104	1	189	2	131	3	159	4	116	5	110	6	141	7	183	8	176	9	148	
	0	127	1	187	2	170	3	144	4	104	5	109	6	197	7	117	8	137	9	118	
	0	112	1	149	2	183	3	185	4	189	5	173	6	138	7	157	8	192	9	173	
	0	180	1	144	2	167	3	103	4	191	5	177	6	159	7	174	8	186	9	167	
	0	173	1	196	2	131	3	187	4	122	5	146	6	113	7	111	8	165	9	124	
	0	101	1	154	2	159	3	104	4	177	5	156	6	165	7	143	8	120	9	115	
	0	103	1	151	2	142	3	109	4	112	5	117	6	171	7	132	8	123	9	166	
	0	170	1	193	2	121	3	138	4	116	5	148	6	192	7	117	8	187	9	148	
	0	192	1	121	2	191	3	169	4	121	5	142	6	124	7	146	8	162	9	165	
	0	102	1	190	2	141	3	128	4	196	5	174	6	127	7	182	8	159	9	116	
	0	172	1	103	2	156	3	124	4	143	5	136	6	127	7	112	8	152	9	153	
	0	128	1	151	2	140	3	188	4	170	5	139	6	133	7	170	8	171	9	103	
	0	124	1	193	2	138	3	120	4	135	5	156	6	145	7	148	8	144	9	104	
	0	151	1	122	2	184	3	103	4	117	5	136	6	117	7	115	8	114	9	102	
	0	177	1	170	2	105	3	181	4	183	5	157	6	132	7	108	8	103	9	188	
	0	175	1	132	2	114	3	127	4	146	5	195	6	180	7	179	8	111	9	139	
	0	155	1	121	2	164	3	124	4	193	5	164	6	197	7	103	8	130	9	187	
	0	195	1	182	2	147	3	181	4	170	5	101	6	187	7	196	8	177	9	164	
	0	108	1	165	2	171	3	113	4	134	5	141	6	124	7	177	8	137	9	142	
	0	135	1	194	2	192	3	134	4	113	5	175	6	171	7	186	8	180	9	167	
	0	185	1	159	2	181	3	180	4	107	5	193	6	198	7	140	8	102	9	156	
	0	187	1	192	2	172	3	191	4	157	5	121	6	166	7	122	8	190	9	120	
	0	109	1	196	2	189	3	181	4	163	5	159	6	178	7	107	8	173	9	167	
	0	157	1	104	2	188	3	141	4	172	5	120	6	176	7	122	8	178	9	193	
	0	181	1	110	2	175	3	186	4	169	5	161	6	134	7	156	8	156	9	161	
	0	100	1	146	2	180	3	126	4	104	5	133	6	132	7	119	8	111	9	132	
	0	115	1	165	2	144	3	179	4	129	5	191	6	116	7	178	8	199	9	192	
	0	101	1	165	2	116	3	102	4	170	5	159	6	197	7	176	8	173	9	151	
	0	110	1	151	2	124	3	101	4	127	5	122	6	137	7	190	8	186	9	183	
	0	164	1	126	2	114	3	131	4	151	5	163	6	193	7	162	8	129	9	191	
	0	135	1	140	2	168	3	164	4	139	5	128	6	123	7	179	8	140	9	146	
	0	120	1	102	2	117	3	151	4	147	5	152	6	173	7	130	8	167	9	147	
	0	119	1	132	2	121	3	190	4	117	5	185	6	136	7	177	8	120	9	185	
	0	184	1	181	2	160	3	157	4	195	5	173	6	146	7	143	8	186	9	182	
	0	148	1	190	2	136	3	124	4	157	5	187	6	190	7	186	8	155	9	189	
	0	107	1	157	2	161	3	175	4	187	5	138	6	173	7	100	8	179	9	172	
	0	146	1	114	2	164	3	165	4	103	5	187	6	122	7	184	8	101	9	137	
	0	107	1	197	2	192	3	196	4	141	5	122	6	174	7	177	8	104	9	121	
	0	104	1	104	2	141	3	199	4	141	5	131	6	132	7	143	8	117	9	147	
	0	146	1	197	2	183	3	123	4	132	5	139	6	119	7	171	8	128	9	150	
	0	188	1	196	2	154	3	190	4	105	5	128	6	106	7	103	8	140	9	158	
	0	112	1	148	2	188	3	145	4	104	5	182	6	116	7	183	8	162	9	182	
	0	141	1	162	2	151	3	108	4	147	5	109	6	158	7	163	8	133	9	128	
	0	118	1	107	2	199	3	176	4	199	5	142	6	105	7	147	8	183	9	140	
	0	119	1	162	2	105	3	198	4	180	5	194	6	130	7	125	8	100	9	178	
	0	176	1	193	2	118	3	137	4	162	5	196	6	154	7	176	8	126	9	146	
	0	112	1	150	2	139	3	158	4	141	5	123	6	143	7	186	8	116	9	116	
	0	178	1	128	2	190	3	157	4	176	5	149	6	187	7	175	8	100	9	169	
	0	166	1	149	2	194	3	141	4	171	5	145	6	177	7	182	8	179	9	111	
	0	142	1	138	2	128	3	125	4	116	5	127	6	156	7	183	8	177	9	160	
	0	149	1	184	2	141	3	156	4	115	5	142	6	138	7	128	8	149	9	194	
	0	133	1	165	2	134	3	163	4	144	5	195	6	136	7	177	8	174	9	105	
	0	136	1	175	2	159	3	152	4	134	5	130	6	101	7	191	8	166	9	178	
	0	164	1	146	2	152	3	149	4	165	5	152	6	108	7	151	8	160	9	127	
	0	103	1	161	2	171	3	154	4	132	5	102	6	151	7	105	8	190	9	153	
	0	173	1	141	2	103	3	153	4	178	5	189	6	129	7	192	8	157	9	102	
	0	132	1	173	2	138	3	118	4	166	5	145	6	105	7	195	8	115	9	150	
	0	124	1	170	2	109	3	139	4	150	5	112	6	111	7	128	8	193	9	145	
	0	153	1	126	2	108	3	132	4	186	5	139	6	106	7	175	8	154	9	179	
	0	177	1	163	2	143	3	199	4	127	5	166	6	134	7	164	8	102	9	121	
	0	118	1	111	2	140	3	177	4	102	5	137	6	184	7	129	8	165	9	106	
	0	112	1	109	2	152	3	135	4	172	5	147	6	171	7	169	8	115	9	131	
	0	152	1	156	2	169	3	135	4	161	5	115	6	197	7	136	8	180	9	188	
	0	120	1	183	2	134	3	132	4	195	5	172	6	106	7	177	8	111	9	176	
	0	153	1	148	2	135	3	115	4	131	5	192	6	136	7	152	8	155	9	153	
	0	101	1	126	2	183	3	114	4	188	5	189	6	143	7	128	8	165	9	138	
	0	101	1	191	2	147	3	140	4	163	5	155	6	169	7	115	8	158	9	109	
	0	168	1	191	2	190	3	190	4	194	5	122	6	110	7	109	8	102	9	147	
	0	190	1	189	2	172	3	130	4	192	5	129	6	147	7	166	8	193	9	127	
	0	140	1	191	2	109	3	112	4	106	5	125	6	137	7	162	8	147	9	110	
	0	165	1	149	2	118	3	102	4	133	5	175	6	125	7	197	8	194	9	119	
	0	119	1	140	2	136	3	178	4	176	5	197	6	122	7	181	8	190	9	145	
	0	163	1	184	2	121	3	114	4	130	5	107	6	173	7	182	8	180	9	150	
	0	135	1	189	2	155	3	199	4	170	5	183	6	195	7	113	8	105	9	154	
	0	111	1	193	2	131	3	173	4	169	5	188	6	182	7	145	8	102	9	155	
	0	176	1	143	2	184	3	187	4	184	5	161	6	138	7	149	8	178	9	122	
	0	144	1	190	2	139	3	176	4	121	5	125	6	140	7	119	8	178	9	118	
	0	164	1	176	2	128	3	131	4	189	5	117	6	181	7	102	8	168	9	116	
	0	159	1	154	2	162	3	175	4	126	5	151	6	177	7	107	8	169	9	169	
	0	183	1	118	2	181	3	121	4	169	5	115	6	154	7	130	8	147	9	136	
	0	111	1	163	2	196	3	126	4	141	5	114	6	110	7	106	8	103	9	166	
	0	104	1	185	2	169	3	150	4	196	5	130	6	107	7	153	8	100	9	119	
	0	118	1	119	2	104	3	153	4	131	5	166	6	179	7	154	8	119	9	159	
	0	128	1	174	2	150	3	135	4	176	5	194	6	127	7	129	8	125	9	116	
	0	133	1	126	2	117	3	155	4	129	5	136	6	165	7	124	8	193	9	133	
	0	134	1	139	2	177	3	172	4	131	5	160	6	193	7	138	8	188	9	165	
	0	175	1	190	2	107	3	172	4	127	5	112	6	100	7	155	8	129	9	156	
	0	147	1	180	2	189	3	167	4	135	5	136	6	158	7	123	8	146	9	100	
	0	102	1	135	2	165	3	142	4	159	5	190	6	106	7	174	8	165	9	173	
	0	105	1	128	2	174	3	109	4	195	5	107	6	114	7	152	8	172	9	145	
	0	111	1	167	2	160	3	117	4	113	5	140	6	103	7	167	8	141	9	183	
	0	111	1	174	2	136	3	114	4	115	5	112	6	199	7	127	8	165	9	164	
	0	169	1	198	2	116	3	120	4	181	5	115	6	109	7	126	8	182	9	132	
	0	100	1	136	2	186	3	195	4	184	5	181	6	147	7	135	8	147	9	183	
	0	173	1	196	2	151	3	123	4	129	5	164	6	151	7	137	8	198	9	159	
	0	166	1	133	2	190	3	127	4	119	5	187	6	192	7	113	8	148	9	114	
	0	145	1	127	2	157	3	172	4	165	5	175	6	126	7	169	8	120	9	186	
	0	125	1	114	2	167	3	183	4	135	5	103	6	118	7	135	8	109	9	181	
	0	159	1	140	2	175	3	198	4	104	5	186	6	108	7	142	8	189	9	154	
	0	102	1	122	2	170	3	171	4	197	5	112	6	129	7	183	8	131	9	179	
	0	153	1	154	2	120	3	119	4	118	5	195	6	191	7	133	8	135	9	116	
	0	197	1	168	2	130	3	140	4	124	5	186	6	171	7	132	8	165	9	197	
	0	154	1	130	2	153	3	143	4	180	5	150	6	178	7	130	8	125	9	160	
	0	186	1	151	2	108	3	107	4	164	5	126	6	198	7	148	8	190	9	141	
	0	152	1	186	2	111	3	193	4	176	5	106	6	195	7	118	8	163	9	185	
	0	197	1	153	2	187	3	133	4	133	5	116	6	196	7	101	8	151	9	133	
	0	189	1	189	2	124	3	192	4	134	5	133	6	117	7	139	8	140	9	150	
	0	121	1	141	2	180	3	163	4	180	5	158	6	140	7	111	8	118	9	189	
	0	112	1	104	2	140	3	140	4	115	5	188	6	123	7	194	8	195	9	176	
	0	144	1	165	2	134	3	150	4	117	5	187	6	194	7	175	8	179	9	110	
	0	195	1	130	2	151	3	106	4	101	5	153	6	179	7	155	8	183	9	122	
	0	193	1	160	2	134	3	198	4	143	5	120	6	150	7	110	8	115	9	161	
	0	163	1	115	2	125	3	194	4	112	5	171	6	137	7	151	8	182	9	174	
	0	186	1	123	2	115	3	159	4	158	5	179	6	142	7	185	8	111	9	150	
	0	116	1	191	2	173	3	139	4	129	5	104	6	132	7	115	8	165	9	163	
	0	121	1	168	2	121	3	141	4	103	5	192	6	109	7	173	8	147	9	113	
	0	173	1	186	2	151	3	134	4	177	5	178	6	187	7	137	8	158	9	183	
	0	162	1	172	2	107	3	198	4	146	5	101	6	168	7	107	8	149	9	171	
	0	147	1	143	2	116	3	107	4	149	5	151	6	100	7	176	8	147	9	147	
	0	159	1	188	2	122	3	123	4	153	5	155	6	161	7	109	8	169	9	183	
	0	151	1	130	2	132	3	121	4	197	5	199	6	144	7	186	8	137	9	186	
	0	117	1	194	2	153	3	195	4	181	5	103	6	115	7	189	8	134	9	156	
	0	126	1	181	2	127	3	177	4	199	5	153	6	152	7	106	8	197	9	126	
	0	130	1	146	2	131	3	160	4	175	5	153	6	117	7	159	8	150	9	111	
	0	118	1	103	2	140	3	106	4	137	5	178	6	139	7	152	8	118	9	115	
	0	148	1	149	2	169	3	175	4	193	5	171	6	150	7	175	8	104	9	183	
	0	199	1	116	2	103	3	161	4	123	5	155	6	128	7	180	8	120	9	113	
	0	129	1	112	2	149	3	156	4	170	5	197	6	162	7	189	8	172	9	113	
	0	188	1	152	2	110	3	135	4	156	5	194	6	141	7	127	8	164	9	114	
	0	109	1	186	2	159	3	140	4	172	5	146	6	135	7	196	8	196	9	190	
	0	181	1	118	2	117	3	100	4	152	5	171	6	155	7	125	8	138	9	198	
	0	101	1	167	2	132	3	130	4	116	5	194	6	136	7	161	8	145	9	176	
	0	174	1	186	2	159	3	167	4	196	5	132	6	140	7	165	8	135	9	114	
	0	166	1	148	2	196	3	108	4	169	5	156	6	192	7	136	8	180	9	128	
	0	121	1	155	2	193	3	121	4	157	5	155	6	155	7	175	8	180	9	100	
	0	151	1	183	2	126	3	119	4	163	5	190	6	110	7	167	8	171	9	107	
	0	115	1	179	2	182	3	156	4	194	5	153	6	166	7	191	8	109	9	153	
	0	151	1	176	2	199	3	179	4	126	5	116	6	173	7	184	8	177	9	140	
	0	149	1	164	2	196	3	188	4	125	5	112	6	119	7	151	8	146	9	198	
	0	139	1	167	2	163	3	169	4	116	5	183	6	114	7	177	8	199	9	170	
	0	127	1	164	2	194	3	128	4	157	5	191	6	121	7	143	8	142	9	116	
	0	128	1	114	2	146	3	188	4	131	5	166	6	135	7	154	8	185	9	126	
	0	139	1	110	2	118	3	114	4	159	5	141	6	176	7	178	8	197	9	166	
	0	197	1	136	2	146	3	142	4	112	5	151	6	151	7	169	8	157	9	115	
	0	185	1	145	2	139	3	146	4	175	5	168	6	181	7	149	8	184	9	101	
	0	120	1	104	2	142	3	172	4	189	5	112	6	139	7	111	8	118	9	191	
	0	166	1	102	2	176	3	126	4	142	5	123	6	113	7	175	8	115	9	151	
	0	135	1	191	2	198	3	177	4	170	5	102	6	101	7	105	8	133	9	122	
	0	103	1	149	2	132	3	175	4	142	5	111	6	155	7	112	8	134	9	179	
	0	103	1	115	2	141	3	120	4	100	5	135	6	114	7	195	8	137	9	115	
	0	108	1	165	2	123	3	112	4	177	5	153	6	173	7	163	8	135	9	133	
	0	129	1	197	2	110	3	146	4	158	5	148	6	131	7	124	8	157	9	171	
	0	170	1	144	2	141	3	115	4	155	5	101	6	100	7	188	8	144	9	161	
	0	192	1	175	2	151	3	137	4	169	5	177	6	142	7	193	8	100	9	138	
	0	145	1	118	2	111	3	137	4	167	5	139	6	132	7	151	8	190	9	190	
	0	187	1	172	2	141	3	143	4	154	5	197	6	180	7	187	8	160	9	100	
	0	135	1	187	2	127	3	127	4	122	5	161	6	172	7	139	8	133	9	196	
	0	191	1	109	2	104	3	172	4	111	5	166	6	192	7	149	8	160	9	185	
	0	110	1	177	2	125	3	119	4	112	5	172	6	109	7	183	8	154	9	128	
	0	110	1	144	2	130	3	163	4	125	5	175	6	121	7	156	8	180	9	101	
	0	146	1	115	2	143	3	170	4	176	5	113	6	195	7	146	8	103	9	136	
	0	152	1	108	2	136	3	101	4	166	5	113	6	124	7	199	8	159	9	175	
	0	147	1	155	2	136	3	112	4	198	5	185	6	133	7	130	8	135	9	115	
	0	163	1	160	2	192	3	127	4	159	5	191	6	164	7	179	8	157	9	118	
	0	149	1	116	2	186	3	106	4	155	5	174	6	162	7	114	8	175	9	163	
	0	138	1	167	2	199	3	133	4	143	5	166	6	155	7	175	8	117	9	182	
	0	148	1	132	2	175	3	168	4	149	5	173	6	147	7	166	8	156	9	161	
	0	101	1	105	2	183	3	168	4	173	5	117	6	187	7	109	8	119	9	153	
	0	134	1	178	2	139	3	193	4	149	5	145	6	142	7	165	8	110	9	107	
	0	137	1	170	2	192	3	113	4	124	5	136	6	135	7	120	8	187	9	150	
	0	196	1	148	2	188	3	168	4	115	5	185	6	190	7	175	8	189	9	157	
	0	135	1	191	2	109	3	170	4	195	5	147	6	153	7	143	8	146	9	107	
	0	125	1	162	2	147	3	114	4	188	5	186	6	136	7	108	8	124	9	175	
	0	139	1	170	2	197	3	146	4	126	5	134	6	118	7	127	8	179	9	110	
	0	100	1	167	2	122	3	156	4	131	5	156	6	105	7	112	8	188	9	147	
	0	159	1	193	2	120	3	156	4	156	5	146	6	124	7	113	8	133	9	117	
	0	186	1	109	2	175	3	124	4	195	5	105	6	151	7	176	8	112	9	194	
	0	121	1	176	2	153	3	102	4	158	5	178	6	182	7	111	8	105	9	111	
	0	133	1	102	2	112	3	178	4	141	5	161	6	161	7	126	8	127	9	180	
	0	192	1	171	2	166	3	159	4	168	5	163	6	157	7	165	8	178	9	113	
	0	180	1	134	2	157	3	127	4	127	5	153	6	153	7	188	8	117	9	101	
	0	191	1	150	2	144	3	123	4	130	5	182	6	103	7	145	8	109	9	199	
	0	185	1	130	2	176	3	173	4	180	5	125	6	132	7	106	8	139	9	116	
	0	124	1	111	2	100	3	142	4	178	5	125	6	175	7	159	8	171	9	112	
	0	115	1	112	2	131	3	140	4	158	5	170	6	125	7	134	8	118	9	103	
	0	152	1	147	2	107	3	168	4	114	5	116	6	176	7	190	8	181	9	191	
	0	134	1	176	2	156	3	154	4	175	5	111	6	104	7	137	8	176	9	193	
	0	174	1	158	2	106	3	117	4	178	5	137	6	135	7	199	8	196	9	130	
	0	141	1	168	2	150	3	151	4	108	5	108	6	169	7	159	8	134	9	100	
	0	138	1	193	2	129	3	136	4	128	5	119	6	140	7	121	8	135	9	182	
	0	126	1	137	2	128	3	119	4	108	5	115	6	118	7	164	8	138	9	139	
	0	156	1	125	2	150	3	148	4	143	5	119	6	160	7	108	8	155	9	131	
	0	134	1	109	2	103	3	100	4	144	5	121	6	101	7	118	8	185	9	120	
	0	111	1	154	2	145	3	166	4	169	5	107	6	142	7	104	8	193	9	183	
	0	195	1	101	2	185	3	140	4	143	5	198	6	199	7	167	8	124	9	135	
	0	146	1	123	2	136	3	134	4	193	5	104	6	140	7	149	8	106	9	198	
	0	164	1	159	2	105	3	140	4	175	5	161	6	183	7	169	8	109	9	106	
	0	182	1	153	2	198	3	113	4	190	5	198	6	161	7	180	8	143	9	176	
	0	115	1	154	2	126	3	152	4	103	5	122	6	170	7	184	8	148	9	198	
	0	101	1	155	2	118	3	112	4	148	5	131	6	153	7	140	8	163	9	197	
	0	143	1	146	2	113	3	102	4	184	5	132	6	196	7	136	8	105	9	140	
	0	162	1	164	2	130	3	128	4	185	5	149	6	149	7	179	8	100	9	162	
	0	129	1	139	2	171	3	102	4	155	5	185	6	111	7	117	8	157	9	117	
	0	116	1	128	2	177	3	184	4	190	5	178	6	157	7	189	8	107	9	130	
	0	145	1	123	2	139	3	148	4	188	5	125	6	156	7	151	8	176	9	171	
	0	194	1	105	2	194	3	169	4	159	5	111	6	135	7	187	8	160	9	169	
	0	142	1	171	2	120	3	142	4	187	5	188	6	197	7	105	8	187	9	164	
	0	130	1	198	2	194	3	133	4	168	5	188	6	150	7	133	8	146	9	141	
	0	182	1	123	2	144	3	145	4	111	5	195	6	194	7	145	8	146	9	129	
	0	114	1	167	2	149	3	103	4	196	5	186	6	152	7	117	8	123	9	175	
	0	157	1	122	2	118	3	199	4	127	5	197	6	185	7	169	8	183	9	133	
	0	105	1	140	2	113	3	143	4	126	5	106	6	121	7	193	8	184	9	181	
	0	112	1	173	2	134	3	167	4	193	5	100	6	184	7	121	8	182	9	197	
	0	199	1	100	2	132	3	153	4	155	5	151	6	194	7	144	8	136	9	117	
	0	163	1	188	2	154	3	128	4	146	5	199	6	148	7	180	8	144	9	123	
	0	133	1	114	2	185	3	173	4	158	5	197	6	127	7	138	8	167	9	178	
	0	116	1	146	2	124	3	144	4	174	5	175	6	128	7	146	8	146	9	122	
	0	122	1	198	2	139	3	182	4	137	5	176	6	149	7	122	8	186	9	115	
	0	182	1	118	2	184	3	145	4	140	5	162	6	172	7	161	8	198	9	133	
	0	110	1	134	2	189	3	112	4	140	5	111	6	183	7	112	8	190	9	117	
	0	155	1	151	2	124	3	110	4	198	5	183	6	169	7	184	8	118	9	105	
	0	181	1	124	2	129	3	125	4	197	5	113	6	147	7	131	8	126	9	155	
	0	162	1	142	2	100	3	196	4	179	5	101	6	198	7	177	8	181	9	158	
	0	149	1	184	2	136	3	151	4	193	5	155	6	120	7	104	8	103	9	185	
	0	117	1	124	2	156	3	129	4	169	5	140	6	174	7	151	8	128	9	154	
	0	182	1	155	2	152	3	164	4	139	5	185	6	104	7	191	8	187	9	110	
	0	131	1	127	2	160	3	134	4	119	5	145	6	177	7	175	8	182	9	164	
	0	194	1	119	2	122	3	175	4	178	5	131	6	125	7	124	8	149	9	146	
	0	125	1	157	2	111	3	165	4	195	5	123	6	100	7	136	8	157	9	187	
	0	125	1	143	2	178	3	110	4	136	5	107	6	178	7	127	8	180	9	180	
	0	140	1	144	2	155	3	157	4	128	5	165	6	186	7	182	8	109	9	159	
	0	151	1	167	2	116	3	177	4	174	5	177	6	147	7	123	8	134	9	166	
	0	154	1	129	2	198	3	146	4	148	5	128	6	160	7	181	8	198	9	198	
	0	194	1	144	2	112	3	110	4	166	5	100	6	105	7	176	8	181	9	114	
	0	114	1	167	2	199	3	185	4	122	5	170	6	197	7	199	8	165	9	173	
	0	179	1	122	2	147	3	185	4	137	5	180	6	169	7	103	8	125	9	141	
	0	163	1	165	2	100	3	125	4	109	5	124	6	103	7	191	8	120	9	178	
	0	160	1	176	2	115	3	132	4	170	5	189	6	103	7	108	8	125	9	195	
	0	145	1	184	2	140	3	173	4	168	5	171	6	190	7	161	8	120	9	125	
	0	119	1	173	2	169	3	139	4	108	5	174	6	132	7	153	8	197	9	126	
	0	160	1	116	2	136	3	134	4	149	5	196	6	180	7	179	8	171	9	178	
	0	147	1	137	2	109	3	188	4	196	5	195	6	125	7	194	8	157	9	158	
	0	181	1	113	2	190	3	133	4	116	5	183	6	120	7	150	8	199	9	198	
	0	189	1	147	2	162	3	157	4	127	5	113	6	111	7	181	8	152	9	134	
	0	186	1	110	2	158	3	134	4	196	5	182	6	148	7	147	8	138	9	123	
	0	194	1	145	2	164	3	144	4	101	5	120	6	176	7	142	8	127	9	143	
	0	173	1	157	2	178	3	139	4	110	5	151	6	103	7	182	8	141	9	106	
	0	159	1	142	2	140	3	122	4	170	5	104	6	111	7	137	8	196	9	197	
	0	187	1	170	2	101	3	195	4	171	5	185	6	165	7	111	8	133	9	192	
	0	165	1	136	2	163	3	136	4	173	5	189	6	173	7	196	8	191	9	195	
	0	156	1	136	2	181	3	100	4	169	5	182	6	167	7	176	8	124	9	193	
	0	132	1	178	2	167	3	174	4	155	5	121	6	191	7	104	8	189	9	130	
	0	103	1	185	2	126	3	177	4	104	5	187	6	162	7	102	8	169	9	125	
	0	183	1	197	2	183	3	194	4	193	5	100	6	129	7	188	8	181	9	110	
	0	179	1	154	2	183	3	146	4	184	5	141	6	194	7	105	8	198	9	177	
	0	170	1	163	2	129	3	112	4	175	5	105	6	121	7	120	8	100	9	157	
	0	163	1	158	2	167	3	137	4	142	5	124	6	180	7	197	8	123	9	122	
	0	185	1	159	2	190	3	181	4	173	5	124	6	104	7	149	8	108	9	137	
	0	103	1	157	2	112	3	197	4	105	5	110	6	194	7	170	8	105	9	169	
	0	176	1	196	2	146	3	102	4	152	5	177	6	166	7	150	8	173	9	140	
	0	109	1	117	2	189	3	169	4	124	5	137	6	176	7	145	8	136	9	111	
	0	196	1	131	2	175	3	171	4	107	5	118	6	109	7	191	8	125	9	159	
	0	108	1	181	2	138	3	123	4	164	5	187	6	104	7	191	8	191	9	168	
	0	154	1	140	2	113	3	149	4	131	5	181	6	142	7	158	8	130	9	128	
	0	117	1	186	2	107	3	109	4	117	5	159	6	162	7	194	8	146	9	155	
	0	167	1	180	2	143	3	193	4	186	5	119	6	184	7	131	8	157	9	169	
	0	116	1	175	2	193	3	185	4	192	5	142	6	138	7	156	8	150	9	109	
	0	112	1	166	2	185	3	172	4	191	5	157	6	157	7	126	8	113	9	138	
	0	129	1	190	2	112	3	181	4	130	5	187	6	179	7	148	8	101	9	159	
	0	106	1	141	2	185	3	111	4	166	5	133	6	142	7	195	8	198	9	196	
	0	148	1	145	2	153	3	170	4	109	5	127	6	181	7	149	8	148	9	182	
	0	126	1	122	2	164	3	139	4	112	5	138	6	111	7	141	8	185	9	169	
	0	133	1	150	2	183	3	150	4	146	5	150	6	126	7	129	8	139	9	130	
	0	159	1	103	2	171	3	150	4	182	5	153	6	193	7	112	8	138	9	191	
	0	122	1	158	2	131	3	193	4	196	5	123	6	155	7	187	8	140	9	103	
	0	162	1	162	2	110	3	166	4	180	5	139	6	184	7	142	8	117	9	152	
	0	107	1	101	2	130	3	135	4	127	5	108	6	103	7	110	8	152	9	119	
	0	121	1	137	2	109	3	199	4	149	5	131	6	185	7	170	8	198	9	156	
	0	185	1	115	2	132	3	104	4	161	5	129	6	174	7	194	8	167	9	174	
	0	111	1	128	2	102	3	184	4	149	5	134	6	120	7	128	8	195	9	178	
	0	160	1	156	2	182	3	182	4	128	5	182	6	143	7	169	8	158	9	132	
	0	195	1	157	2	181	3	195	4	175	5	147	6	111	7	136	8	135	9	134	
	0	178	1	194	2	155	3	153	4	156	5	177	6	178	7	114	8	159	9	105	
	0	107	1	108	2	100	3	174	4	125	5	110	6	112	7	128	8	130	9	143	
	0	149	1	152	2	188	3	118	4	136	5	138	6	121	7	102	8	170	9	151	
	0	165	1	134	2	109	3	162	4	162	5	148	6	125	7	118	8	144	9	173	
	0	188	1	199	2	107	3	157	4	159	5	110	6	142	7	180	8	171	9	165	
	0	154	1	160	2	129	3	188	4	180	5	175	6	162	7	125	8	180	9	186	
	0	111	1	145	2	163	3	132	4	185	5	195	6	160	7	132	8	172	9	133	
	0	163	1	102	2	146	3	187	4	150	5	148	6	127	7	156	8	162	9	170	
	0	144	1	147	2	110	3	149	4	113	5	130	6	191	7	165	8	161	9	118	
	0	180	1	110	2	166	3	172	4	137	5	103	6	161	7	156	8	176	9	106	
	0	191	1	136	2	167	3	176	4	113	5	128	6	141	7	142	8	118	9	112	
	0	139	1	143	2	180	3	132	4	155	5	169	6	147	7	143	8	137	9	114	
	0	190	1	167	2	175	3	131	4	114	5	122	6	199	7	143	8	129	9	134	
	0	143	1	150	2	160	3	111	4	148	5	145	6	178	7	170	8	104	9	183	
	0	117	1	150	2	183	3	195	4	106	5	155	6	101	7	109	8	101	9	106	
	0	183	1	143	2	131	3	163	4	127	5	108	6	101	7	184	8	177	9	112	
	0	170	1	104	2	120	3	131	4	153	5	116	6	183	7	152	8	192	9	105	
	0	154	1	110	2	137	3	113	4	101	5	106	6	179	7	156	8	195	9	156	
	0	125	1	113	2	131	3	156	4	183	5	199	6	140	7	114	8	138	9	122	
	0	184	1	177	2	107	3	145	4	156	5	169	6	156	7	189	8	182	9	101	
	0	183	1	170	2	140	3	131	4	148	5	138	6	113	7	171	8	142	9	164	
	0	190	1	123	2	177	3	166	4	175	5	142	6	131	7	118	8	191	9	196	
	0	128	1	103	2	198	3	124	4	149	5	140	6	111	7	169	8	114	9	135	
	0	167	1	159	2	144	3	192	4	129	5	124	6	191	7	101	8	131	9	160	
	0	119	1	186	2	102	3	125	4	194	5	146	6	110	7	119	8	154	9	176	
	0	140	1	199	2	193	3	160	4	153	5	112	6	191	7	102	8	160	9	111	
	0	183	1	186	2	193	3	148	4	127	5	191	6	143	7	194	8	181	9	190	
	0	183	1	180	2	163	3	190	4	198	5	155	6	120	7	124	8	168	9	100	
	0	136	1	113	2	147	3	134	4	155	5	197	6	180	7	109	8	105	9	181	
	0	125	1	142	2	131	3	118	4	192	5	171	6	150	7	115	8	164	9	107	
	0	120	1	148	2	178	3	119	4	165	5	156	6	179	7	152	8	119	9	190	
	0	145	1	134	2	110	3	190	4	179	5	170	6	131	7	118	8	115	9	159	
	0	184	1	164	2	111	3	159	4	138	5	194	6	100	7	192	8	163	9	133	
	0	192	1	187	2	135	3	156	4	163	5	157	6	166	7	113	8	100	9	177	
	0	170	1	170	2	193	3	115	4	192	5	174	6	105	7	151	8	130	9	155	
	0	114	1	182	2	128	3	151	4	105	5	161	6	163	7	179	8	114	9	187	
	0	142	1	128	2	196	3	125	4	122	5	118	6	133	7	106	8	149	9	196	
	0	167	1	182	2	123	3	177	4	149	5	144	6	164	7	145	8	189	9	151	
	0	158	1	139	2	174	3	110	4	183	5	103	6	105	7	197	8	176	9	113	
	0	148	1	152	2	174	3	169	4	144	5	170	6	192	7	194	8	150	9	151	
	0	110	1	145	2	130	3	126	4	193	5	143	6	135	7	138	8	197	9	195	
	0	170	1	157	2	180	3	191	4	165	5	199	6	127	7	191	8	152	9	110	
	0	104	1	116	2	132	3	175	4	159	5	150	6	108	7	125	8	146	9	188	
	0	173	1	186	2	182	3	113	4	153	5	141	6	123	7	172	8	185	9	131	
	0	156	1	121	2	153	3	123	4	143	5	115	6	173	7	134	8	108	9	179	
	0	185	1	189	2	122	3	151	4	137	5	188	6	154	7	113	8	155	9	111	
	0	105	1	183	2	179	3	152	4	168	5	119	6	101	7	160	8	131	9	143	
	0	158	1	197	2	159	3	174	4	113	5	174	6	157	7	131	8	149	9	105	
	0	113	1	152	2	101	3	141	4	104	5	160	6	159	7	107	8	174	9	133	
	0	126	1	155	2	123	3	180	4	134	5	153	6	137	7	171	8	110	9	159	
	0	127	1	125	2	118	3	163	4	133	5	127	6	175	7	165	8	165	9	123	
	0	157	1	181	2	154	3	133	4	168	5	127	6	172	7	129	8	174	9	112	
	0	104	1	127	2	124	3	142	4	173	5	123	6	104	7	189	8	184	9	125	
	0	148	1	149	2	152	3	142	4	150	5	172	6	123	7	150	8	155	9	188	
	0	154	1	154	2	161	3	106	4	196	5	142	6	181	7	186	8	127	9	199	
	0	103	1	123	2	163	3	181	4	158	5	132	6	135	7	152	8	180	9	168	
	0	185	1	106	2	130	3	107	4	106	5	102	6	192	7	154	8	156	9	145	
	0	125	1	153	2	142	3	105	4	182	5	177	6	134	7	143	8	173	9	107	
	0	133	1	169	2	140	3	148	4	155	5	170	6	148	7	144	8	121	9	174	
	0	162	1	179	2	189	3	129	4	181	5	164	6	134	7	121	8	166	9	139	
	0	133	1	183	2	152	3	197	4	135	5	196	6	138	7	108	8	101	9	141	
	0	128	1	170	2	162	3	105	4	107	5	100	6	161	7	155	8	170	9	166	
	0	111	1	162	2	142	3	132	4	195	5	182	6	188	7	189	8	157	9	114	
	0	110	1	145	2	157	3	157	4	129	5	170	6	151	7	102	8	143	9	140	
	0	108	1	194	2	125	3	142	4	162	5	173	6	159	7	161	8	136	9	117	
	0	183	1	175	2	113	3	132	4	184	5	188	6	148	7	142	8	132	9	121	
	0	118	1	194	2	110	3	179	4	180	5	153	6	163	7	124	8	172	9	161	
	0	151	1	101	2	143	3	117	4	113	5	143	6	133	7	182	8	112	9	184	
	0	112	1	145	2	184	3	123	4	186	5	136	6	132	7	192	8	155	9	172	
	0	109	1	105	2	100	3	113	4	189	5	129	6	155	7	161	8	147	9	134	
	0	191	1	111	2	124	3	144	4	155	5	155	6	104	7	158	8	163	9	168	
	0	138	1	189	2	162	3	150	4	184	5	141	6	140	7	198	8	195	9	170	
	0	141	1	144	2	199	3	112	4	187	5	175	6	147	7	134	8	161	9	165	
	0	169	1	109	2	140	3	165	4	198	5	119	6	103	7	122	8	133	9	179	
	0	139	1	166	2	169	3	189	4	146	5	165	6	140	7	117	8	158	9	197	
	0	195	1	184	2	140	3	190	4	197	5	179	6	174	7	151	8	161	9	164	
	0	199	1	123	2	132	3	129	4	175	5	179	6	155	7	128	8	124	9	169	
	0	169	1	141	2	107	3	130	4	169	5	158	6	143	7	189	8	136	9	140	
	0	171	1	162	2	142	3	148	4	179	5	187	6	112	7	173	8	187	9	190	
	0	109	1	150	2	140	3	133	4	197	5	149	6	192	7	108	8	172	9	161	
	0	192	1	184	2	164	3	133	4	105	5	198	6	175	7	197	8	101	9	146	
	0	171	1	198	2	176	3	109	4	135	5	132	6	115	7	106	8	123	9	135	
	0	144	1	104	2	197	3	116	4	160	5	174	6	140	7	157	8	115	9	194	
	0	162	1	168	2	130	3	112	4	153	5	102	6	111	7	199	8	194	9	131	
	0	185	1	160	2	162	3	158	4	157	5	122	6	114	7	122	8	170	9	107	
	0	155	1	133	2	127	3	149	4	132	5	162	6	172	7	147	8	176	9	194	
	0	175	1	195	2	176	3	115	4	152	5	172	6	169	7	152	8	139	9	152	
	0	170	1	138	2	126	3	159	4	185	5	165	6	131	7	197	8	164	9	104	
	0	124	1	198	2	196	3	102	4	138	5	109	6	198	7	100	8	195	9	178	
	0	154	1	155	2	178	3	104	4	118	5	116	6	178	7	112	8	139	9	105	
	0	122	1	171	2	123	3	144	4	176	5	104	6	191	7	146	8	112	9	125	
	0	107	1	180	2	164	3	184	4	105	5	106	6	182	7	143	8	139	9	198	
	0	110	1	189	2	130	3	177	4	178	5	196	6	172	7	161	8	132	9	116	
	0	137	1	170	2	144	3	186	4	133	5	167	6	176	7	130	8	165	9	134	
	0	104	1	195	2	145	3	132	4	110	5	136	6	163	7	170	8	175	9	144	
	0	135	1	152	2	168	3	164	4	132	5	160	6	121	7	181	8	174	9	156	
	0	192	1	129	2	136	3	146	4	181	5	146	6	172	7	145	8	117	9	118	
	0	191	1	176	2	145	3	163	4	157	5	135	6	131	7	139	8	134	9	178	
	0	165	1	192	2	151	3	198	4	137	5	177	6	115	7	191	8	129	9	125	
	0	164	1	124	2	127	3	150	4	115	5	147	6	169	7	135	8	113	9	160	
	0	152	1	135	2	128	3	181	4	142	5	104	6	167	7	152	8	194	9	171	
	0	102	1	113	2	164	3	115	4	109	5	140	6	134	7	154	8	187	9	199	
	0	159	1	117	2	119	3	156	4	107	5	191	6	148	7	169	8	128	9	192	
	0	127	1	190	2	180	3	145	4	197	5	160	6	107	7	196	8	139	9	153	
	0	140	1	114	2	110	3	111	4	103	5	116	6	147	7	198	8	155	9	154	
	0	138	1	179	2	107	3	181	4	125	5	186	6	131	7	153	8	116	9	117	
	0	145	1	187	2	197	3	169	4	161	5	196	6	150	7	166	8	131	9	165	
	0	153	1	145	2	112	3	183	4	110	5	182	6	124	7	149	8	132	9	108	
	0	138	1	190	2	182	3	195	4	169	5	161	6	136	7	153	8	128	9	159	
	0	147	1	118	2	134	3	166	4	137	5	111	6	160	7	128	8	178	9	171	
	0	156	1	116	2	173	3	171	4	158	5	143	6	184	7	159	8	186	9	104	
	0	148	1	166	2	141	3	148	4	103	5	189	6	169	7	156	8	155	9	181	
	0	133	1	165	2	176	3	173	4	145	5	166	6	175	7	103	8	124	9	198	
	0	198	1	178	2	192	3	133	4	172	5	197	6	119	7	149	8	162	9	185	
	0	152	1	197	2	199	3	124	4	176	5	174	6	122	7	170	8	139	9	135	
	0	102	1	130	2	138	3	183	4	132	5	162	6	144	7	103	8	157	9	196	
	0	166	1	185	2	154	3	187	4	128	5	103	6	145	7	150	8	154	9	169	
	0	168	1	149	2	115	3	166	4	198	5	155	6	162	7	103	8	127	9	197	
	0	147	1	198	2	134	3	175	4	112	5	110	6	190	7	192	8	157	9	172	
	0	120	1	196	2	125	3	110	4	181	5	111	6	132	7	180	8	172	9	182	
	0	103	1	171	2	172	3	118	4	116	5	125	6	139	7	189	8	111	9	168	
	0	174	1	123	2	196	3	113	4	113	5	126	6	142	7	193	8	175	9	191	
	0	125	1	118	2	169	3	122	4	146	5	135	6	164	7	146	8	169	9	102	
	0	185	1	109	2	179	3	120	4	144	5	169	6	181	7	124	8	132	9	179	
	0	108	1	104	2	102	3	183	4	184	5	199	6	101	7	182	8	105	9	184	
	0	151	1	176	2	169	3	185	4	179	5	118	6	140	7	126	8	159	9	191	
	0	116	1	146	2	108	3	127	4	110	5	162	6	136	7	173	8	147	9	169	
	0	184	1	158	2	168	3	119	4	140	5	115	6	189	7	145	8	197	9	199	
	0	100	1	187	2	162	3	163	4	183	5	165	6	198	7	155	8	187	9	198	
	0	117	1	102	2	188	3	163	4	173	5	168	6	138	7	120	8	165	9	180	
	0	142	1	184	2	127	3	188	4	167	5	125	6	132	7	131	8	113	9	171	
	0	137	1	177	2	172	3	151	4	143	5	115	6	168	7	138	8	190	9	167	
	0	156	1	168	2	167	3	189	4	192	5	123	6	109	7	124	8	190	9	199	
	0	163	1	130	2	162	3	159	4	125	5	130	6	174	7	175	8	141	9	120	
	0	178	1	113	2	173	3	188	4	183	5	139	6	102	7	117	8	147	9	163	
	0	115	1	125	2	146	3	147	4	196	5	109	6	124	7	196	8	138	9	143	
	0	199	1	133	2	138	3	112	4	111	5	164	6	146	7	105	8	108	9	152	
	0	120	1	173	2	177	3	163	4	169	5	128	6	140	7	156	8	121	9	152	
	0	190	1	198	2	138	3	153	4	125	5	139	6	198	7	152	8	183	9	159	
	0	122	1	137	2	139	3	141	4	189	5	153	6	176	7	160	8	115	9	199	
	0	170	1	192	2	136	3	139	4	194	5	136	6	149	7	165	8	148	9	156	
	0	146	1	197	2	100	3	132	4	161	5	139	6	198	7	176	8	167	9	114	
	0	151	1	176	2	136	3	122	4	130	5	187	6	153	7	178	8	119	9	183	
	0	107	1	142	2	119	3	135	4	135	5	118	6	113	7	178	8	122	9	147	
	0	198	1	197	2	130	3	119	4	156	5	100	6	102	7	123	8	124	9	111	
	0	103	1	111	2	194	3	142	4	112	5	166	6	126	7	100	8	142	9	151	
	0	102	1	157	2	197	3	108	4	188	5	166	6	154	7	169	8	162	9	154	
	0	143	1	127	2	111	3	175	4	128	5	195	6	188	7	145	8	148	9	181	
	0	152	1	191	2	119	3	197	4	130	5	127	6	171	7	181	8	150	9	118	
	0	147	1	175	2	183	3	157	4	111	5	155	6	104	7	188	8	124	9	172	
	0	117	1	143	2	151	3	183	4	113	5	116	6	189	7	180	8	190	9	118	
	0	127	1	157	2	109	3	104	4	103	5	119	6	129	7	117	8	183	9	195	
	0	159	1	184	2	169	3	143	4	144	5	172	6	128	7	177	8	175	9	126	
	0	159	1	193	2	129	3	148	4	104	5	160	6	139	7	190	8	197	9	199	
	0	131	1	136	2	139	3	159	4	132	5	142	6	147	7	103	8	104	9	157	
	0	106	1	189	2	135	3	147	4	143	5	174	6	182	7	130	8	189	9	136	
	0	106	1	130	2	100	3	193	4	140	5	160	6	126	7	154	8	146	9	140	
	0	111	1	187	2	184	3	119	4	156	5	127	6	164	7	190	8	158	9	145	
	0	167	1	142	2	143	3	173	4	182	5	101	6	187	7	160	8	158	9	183	
	0	148	1	186	2	104	3	138	4	198	5	126	6	116	7	100	8	119	9	117	
	0	113	1	118	2	152	3	105	4	159	5	183	6	131	7	118	8	149	9	187	
	0	157	1	102	2	106	3	110	4	109	5	100	6	183	7	105	8	146	9	159	
	0	162	1	187	2	195	3	197	4	186	5	197	6	135	7	140	8	183	9	156	
	0	124	1	170	2	149	3	153	4	152	5	101	6	185	7	107	8	174	9	126	
	0	184	1	157	2	103	3	145	4	113	5	139	6	199	7	187	8	122	9	171	
	0	131	1	128	2	131	3	105	4	109	5	128	6	175	7	112	8	192	9	186	
	0	119	1	100	2	198	3	155	4	189	5	112	6	178	7	146	8	146	9	180	
	0	111	1	116	2	120	3	161	4	141	5	143	6	128	7	130	8	182	9	172	
	0	108	1	196	2	172	3	174	4	172	5	150	6	129	7	123	8	167	9	165	
	0	116	1	189	2	117	3	199	4	100	5	129	6	153	7	159	8	143	9	172	
	0	190	1	102	2	169	3	128	4	134	5	130	6	199	7	156	8	190	9	167	
	0	163	1	124	2	112	3	150	4	182	5	130	6	167	7	194	8	125	9	117	
	0	187	1	194	2	113	3	104	4	181	5	166	6	170	7	181	8	182	9	190	
	0	167	1	180	2	160	3	109	4	164	5	170	6	169	7	156	8	144	9	147	
	0	169	1	190	2	135	3	196	4	174	5	127	6	144	7	151	8	155	9	133	
	0	165	1	196	2	126	3	131	4	160	5	164	6	103	7	133	8	100	9	177	
	0	191	1	126	2	185	3	190	4	114	5	113	6	189	7	111	8	125	9	163	
	0	141	1	112	2	163	3	106	4	112	5	166	6	107	7	127	8	187	9	139	
	0	188	1	150	2	187	3	159	4	181	5	146	6	188	7	176	8	127	9	184	
	0	178	1	163	2	157	3	182	4	126	5	185	6	186	7	177	8	158	9	101	
	0	163	1	160	2	166	3	129	4	122	5	120	6	188	7	188	8	166	9	164	
	0	155	1	130	2	165	3	150	4	185	5	122	6	175	7	113	8	162	9	137	
	0	141	1	163	2	161	3	169	4	163	5	182	6	150	7	182	8	142	9	138	
	0	185	1	193	2	190	3	190	4	131	5	163	6	172	7	144	8	114	9	124	
	0	132	1	168	2	156	3	185	4	139	5	189	6	177	7	193	8	180	9	107	
	0	166	1	199	2	157	3	157	4	103	5	169	6	133	7	127	8	176	9	132	
	0	104	1	160	2	109	3	148	4	183	5	177	6	159	7	116	8	190	9	126	
	0	134	1	136	2	100	3	135	4	101	5	107	6	163	7	107	8	193	9	124	
	0	125	1	109	2	171	3	177	4	107	5	159	6	194	7	157	8	124	9	176	
	0	185	1	136	2	141	3	159	4	197	5	168	6	177	7	134	8	114	9	108	
	0	116	1	149	2	169	3	158	4	131	5	187	6	123	7	177	8	179	9	180	
	0	108	1	138	2	101	3	157	4	194	5	139	6	102	7	161	8	145	9	135	
	0	155	1	153	2	136	3	153	4	122	5	134	6	111	7	147	8	148	9	136	
	0	198	1	150	2	158	3	135	4	193	5	128	6	111	7	142	8	153	9	131	
	0	128	1	171	2	174	3	141	4	145	5	121	6	159	7	166	8	136	9	135	
	0	104	1	133	2	191	3	154	4	111	5	140	6	125	7	130	8	123	9	127	
	0	109	1	135	2	129	3	135	4	112	5	174	6	108	7	196	8	131	9	119	
	0	156	1	188	2	198	3	137	4	168	5	152	6	180	7	189	8	197	9	106	
	0	151	1	168	2	111	3	129	4	171	5	144	6	188	7	184	8	131	9	119	
	0	123	1	122	2	151	3	171	4	107	5	130	6	134	7	182	8	113	9	112	
	0	156	1	110	2	172	3	124	4	121	5	142	6	124	7	107	8	194	9	139	
	0	137	1	190	2	120	3	109	4	119	5	134	6	191	7	142	8	139	9	114	
	0	196	1	133	2	169	3	110	4	103	5	185	6	158	7	144	8	112	9	145	
	0	168	1	167	2	125	3	108	4	192	5	196	6	133	7	134	8	132	9	159	
	0	152	1	161	2	191	3	142	4	124	5	186	6	174	7	111	8	176	9	144	
	0	197	1	161	2	127	3	148	4	115	5	181	6	168	7	176	8	104	9	177	
	0	134	1	153	2	105	3	156	4	155	5	124	6	161	7	112	8	118	9	112	
	0	186	1	170	2	109	3	138	4	138	5	168	6	137	7	115	8	162	9	154	
	0	149	1	199	2	194	3	130	4	138	5	147	6	147	7	161	8	103	9	188	
	0	165	1	104	2	183	3	112	4	148	5	193	6	100	7	118	8	131	9	159	
	0	171	1	121	2	184	3	177	4	106	5	143	6	191	7	113	8	176	9	156	
	0	190	1	102	2	167	3	106	4	194	5	188	6	188	7	191	8	188	9	136	
	0	110	1	146	2	151	3	117	4	157	5	172	6	105	7	189	8	179	9	135	
	0	193	1	166	2	198	3	137	4	169	5	184	6	170	7	186	8	114	9	167	
	0	104	1	192	2	110	3	191	4	117	5	173	6	168	7	168	8	124	9	128	
	0	162	1	153	2	172	3	161	4	120	5	145	6	198	7	193	8	173	9	112	
	0	153	1	185	2	192	3	172	4	129	5	164	6	198	7	127	8	138	9	181	
	0	182	1	130	2	195	3	160	4	122	5	181	6	159	7	104	8	125	9	114	
	0	100	1	142	2	190	3	176	4	154	5	113	6	176	7	119	8	199	9	177	
	0	191	1	118	2	177	3	186	4	196	5	150	6	114	7	186	8	141	9	174	
	0	192	1	119	2	184	3	121	4	144	5	156	6	102	7	175	8	170	9	180	
	0	144	1	161	2	190	3	105	4	170	5	164	6	146	7	162	8	149	9	149	
	0	136	1	114	2	127	3	186	4	196	5	154	6	124	7	115	8	191	9	130	
	0	192	1	190	2	123	3	185	4	116	5	113	6	139	7	144	8	139	9	123	
	0	121	1	128	2	102	3	113	4	183	5	112	6	160	7	155	8	180	9	165	
	0	149	1	148	2	197	3	137	4	121	5	106	6	169	7	195	8	101	9	144	
	0	141	1	185	2	177	3	145	4	136	5	174	6	169	7	154	8	159	9	183	
	0	167	1	188	2	177	3	140	4	151	5	183	6	123	7	128	8	191	9	176	
	0	115	1	185	2	100	3	162	4	110	5	118	6	125	7	145	8	184	9	163	
	0	151	1	184	2	152	3	115	4	178	5	176	6	158	7	162	8	160	9	142	
	0	146	1	159	2	172	3	174	4	113	5	165	6	139	7	195	8	186	9	153	
	0	127	1	199	2	175	3	198	4	167	5	175	6	167	7	153	8	127	9	123	
	0	158	1	197	2	165	3	120	4	124	5	144	6	138	7	160	8	122	9	189	
	0	109	1	176	2	114	3	146	4	101	5	169	6	166	7	170	8	101	9	152	
	0	148	1	150	2	104	3	136	4	141	5	152	6	106	7	166	8	188	9	177	
	0	188	1	128	2	162	3	198	4	196	5	128	6	189	7	196	8	193	9	167	
	0	154	1	116	2	155	3	190	4	196	5	152	6	174	7	121	8	190	9	107	
	0	121	1	111	2	181	3	169	4	122	5	166	6	192	7	168	8	129	9	160	
	0	177	1	196	2	118	3	132	4	101	5	109	6	180	7	187	8	115	9	174	
	0	132	1	142	2	101	3	162	4	119	5	196	6	108	7	119	8	123	9	154	
	0	116	1	104	2	165	3	111	4	149	5	148	6	125	7	167	8	160	9	185	
	0	131	1	160	2	185	3	196	4	187	5	195	6	110	7	154	8	156	9	189	
	0	181	1	123	2	181	3	162	4	144	5	127	6	152	7	195	8	166	9	133	
	0	109	1	172	2	181	3	170	4	107	5	133	6	139	7	168	8	158	9	170	
	0	178	1	112	2	125	3	139	4	106	5	177	6	158	7	169	8	193	9	185	
	0	169	1	139	2	129	3	179	4	174	5	117	6	106	7	167	8	139	9	127	
	0	110	1	100	2	134	3	123	4	104	5	160	6	196	7	148	8	181	9	165	
	0	128	1	163	2	190	3	119	4	110	5	156	6	122	7	173	8	187	9	199	
	0	155	1	166	2	106	3	169	4	194	5	174	6	138	7	133	8	108	9	119	
	0	140	1	135	2	192	3	190	4	184	5	172	6	106	7	122	8	139	9	145	
	0	145	1	150	2	154	3	178	4	158	5	180	6	184	7	128	8	143	9	126	
	0	195	1	115	2	107	3	174	4	133	5	178	6	159	7	163	8	169	9	192	
	0	153	1	198	2	111	3	127	4	160	5	183	6	194	7	145	8	169	9	180	
	0	169	1	151	2	157	3	172	4	103	5	175	6	193	7	154	8	164	9	138	
	0	191	1	149	2	116	3	170	4	162	5	196	6	191	7	198	8	137	9	147	
	0	123	1	112	2	113	3	153	4	151	5	156	6	110	7	185	8	116	9	151	
	0	124	1	175	2	114	3	135	4	107	5	176	6	108	7	106	8	196	9	178	
	0	161	1	139	2	127	3	174	4	108	5	184	6	163	7	145	8	167	9	134	
	0	169	1	146	2	148	3	176	4	153	5	114	6	153	7	138	8	189	9	154	
	0	150	1	102	2	184	3	178	4	181	5	156	6	148	7	187	8	194	9	124	
	0	113	1	143	2	169	3	186	4	131	5	141	6	194	7	161	8	106	9	139	
	0	159	1	174	2	169	3	148	4	128	5	111	6	100	7	183	8	128	9	184	
	0	151	1	143	2	136	3	106	4	140	5	149	6	163	7	171	8	184	9	184	
	0	182	1	131	2	192	3	125	4	141	5	148	6	163	7	157	8	113	9	130	
	0	188	1	100	2	124	3	169	4	174	5	136	6	124	7	175	8	194	9	195	
	0	157	1	191	2	186	3	196	4	195	5	132	6	141	7	101	8	124	9	124	
	0	139	1	102	2	138	3	116	4	123	5	112	6	196	7	109	8	131	9	196	
	0	164	1	157	2	140	3	180	4	122	5	104	6	128	7	112	8	119	9	182	
	0	100	1	123	2	144	3	174	4	192	5	169	6	134	7	186	8	174	9	177	
	0	103	1	166	2	181	3	140	4	152	5	175	6	172	7	124	8	155	9	156	
	0	143	1	136	2	136	3	167	4	107	5	105	6	168	7	170	8	151	9	174	
	0	113	1	150	2	138	3	165	4	153	5	122	6	151	7	101	8	168	9	149	
	0	199	1	101	2	105	3	117	4	106	5	171	6	127	7	180	8	175	9	186	
	0	106	1	133	2	166	3	122	4	102	5	153	6	100	7	125	8	170	9	172	
	0	114	1	107	2	126	3	126	4	163	5	119	6	195	7	142	8	132	9	113	
	0	135	1	198	2	133	3	190	4	146	5	166	6	146	7	122	8	183	9	188	
	0	171	1	193	2	157	3	161	4	126	5	109	6	195	7	189	8	188	9	107	
	0	154	1	117	2	163	3	182	4	150	5	134	6	107	7	133	8	115	9	111	
	0	179	1	153	2	139	3	171	4	107	5	174	6	141	7	197	8	137	9	127	
	0	124	1	117	2	120	3	174	4	111	5	172	6	185	7	167	8	181	9	129	
	0	181	1	144	2	162	3	158	4	145	5	193	6	105	7	110	8	126	9	149	
	0	100	1	148	2	172	3	169	4	122	5	158	6	114	7	159	8	111	9	113	
	0	142	1	196	2	179	3	100	4	183	5	104	6	121	7	157	8	197	9	118	
	0	142	1	163	2	142	3	194	4	111	5	122	6	183	7	134	8	144	9	101	
	0	173	1	129	2	155	3	114	4	187	5	125	6	137	7	177	8	161	9	165	
	0	108	1	183	2	195	3	151	4	142	5	142	6	195	7	167	8	142	9	141	
	0	124	1	107	2	141	3	104	4	136	5	115	6	160	7	118	8	111	9	190	
	0	113	1	157	2	180	3	168	4	112	5	149	6	115	7	108	8	185	9	130	
	0	104	1	162	2	171	3	194	4	166	5	133	6	151	7	189	8	121	9	199	
	0	139	1	179	2	123	3	181	4	182	5	185	6	110	7	146	8	198	9	106	
	0	143	1	181	2	118	3	177	4	118	5	179	6	166	7	180	8	138	9	171	
	0	153	1	191	2	152	3	112	4	105	5	167	6	168	7	185	8	197	9	174	
	0	168	1	108	2	148	3	195	4	158	5	162	6	134	7	141	8	169	9	100	
	0	133	1	145	2	156	3	114	4	138	5	153	6	115	7	180	8	146	9	159	
	0	115	1	150	2	165	3	198	4	148	5	178	6	190	7	177	8	101	9	146	
	0	140	1	158	2	153	3	103	4	144	5	119	6	173	7	124	8	131	9	191	
	0	131	1	108	2	153	3	163	4	130	5	139	6	137	7	129	8	136	9	161	
	0	176	1	103	2	173	3	101	4	197	5	181	6	165	7	137	8	193	9	197	
	0	141	1	151	2	100	3	155	4	182	5	111	6	176	7	116	8	100	9	164	
	0	127	1	121	2	107	3	110	4	185	5	161	6	165	7	122	8	148	9	193	
	0	148	1	118	2	123	3	124	4	153	5	131	6	141	7	182	8	182	9	135	
	0	187	1	190	2	108	3	189	4	102	5	163	6	174	7	105	8	188	9	161	
	0	163	1	190	2	153	3	145	4	194	5	118	6	133	7	123	8	121	9	100	
	0	129	1	137	2	127	3	101	4	164	5	173	6	172	7	161	8	177	9	156	
	0	183	1	126	2	115	3	125	4	182	5	136	6	192	7	152	8	142	9	156	
	0	151	1	188	2	174	3	186	4	109	5	181	6	171	7	101	8	123	9	160	
	0	154	1	125	2	102	3	161	4	110	5	124	6	111	7	150	8	124	9	139	
	0	130	1	138	2	121	3	102	4	150	5	185	6	199	7	179	8	164	9	180	
	0	124	1	108	2	122	3	105	4	136	5	143	6	159	7	164	8	151	9	162	
	0	141	1	181	2	148	3	136	4	174	5	177	6	128	7	118	8	155	9	100	
	0	162	1	173	2	134	3	138	4	119	5	125	6	116	7	163	8	143	9	168	
	0	161	1	114	2	136	3	177	4	177	5	193	6	183	7	138	8	175	9	154	
	0	117	1	125	2	163	3	177	4	150	5	106	6	173	7	169	8	194	9	168	
	0	193	1	123	2	118	3	167	4	167	5	195	6	122	7	185	8	185	9	138	
	0	113	1	109	2	179	3	161	4	193	5	175	6	171	7	191	8	149	9	159	
	0	165	1	186	2	181	3	174	4	179	5	188	6	154	7	183	8	167	9	110	
	0	175	1	132	2	101	3	186	4	144	5	136	6	184	7	101	8	197	9	157	
	0	104	1	147	2	107	3	103	4	198	5	187	6	131	7	143	8	141	9	176	
	0	116	1	130	2	162	3	178	4	192	5	194	6	131	7	192	8	198	9	151	
	0	124	1	106	2	107	3	152	4	194	5	198	6	192	7	117	8	121	9	127	
	0	188	1	150	2	194	3	182	4	155	5	137	6	162	7	111	8	191	9	116	
	0	183	1	140	2	174	3	195	4	105	5	177	6	125	7	164	8	107	9	106	
	0	192	1	134	2	124	3	186	4	107	5	187	6	197	7	126	8	181	9	150	
	0	191	1	151	2	156	3	190	4	170	5	178	6	127	7	157	8	196	9	104	
	0	136	1	163	2	104	3	162	4	192	5	185	6	106	7	183	8	196	9	160	
	0	121	1	189	2	110	3	107	4	120	5	190	6	107	7	194	8	122	9	135	
	0	185	1	175	2	100	3	116	4	120	5	103	6	193	7	143	8	149	9	141	
	0	115	1	124	2	146	3	146	4	117	5	106	6	190	7	161	8	125	9	112	
	0	134	1	147	2	175	3	127	4	189	5	183	6	115	7	115	8	161	9	184	
	0	196	1	104	2	107	3	187	4	178	5	150	6	105	7	180	8	187	9	110	
	0	190	1	118	2	170	3	130	4	106	5	143	6	157	7	133	8	132	9	123	
	0	194	1	152	2	111	3	196	4	145	5	132	6	161	7	178	8	124	9	103	
	0	167	1	117	2	112	3	134	4	198	5	152	6	196	7	109	8	186	9	186	
	0	136	1	143	2	102	3	180	4	187	5	146	6	199	7	153	8	130	9	139	
	0	142	1	111	2	121	3	115	4	178	5	183	6	193	7	193	8	194	9	100	