500 20 1
20
	0	161	1	195	2	113	3	156	4	147	5	153	6	152	7	157	8	153	9	163	10	107	11	178	12	174	13	163	14	193	15	121	16	142	17	180	18	159	19	144	
	0	145	1	108	2	196	3	112	4	117	5	128	6	181	7	111	8	174	9	140	10	146	11	137	12	158	13	123	14	173	15	119	16	122	17	184	18	155	19	171	
	0	102	1	151	2	173	3	124	4	157	5	169	6	136	7	105	8	130	9	130	10	113	11	112	12	107	13	137	14	125	15	153	16	147	17	151	18	172	19	166	
	0	191	1	174	2	193	3	153	4	121	5	193	6	134	7	140	8	125	9	105	10	150	11	122	12	137	13	174	14	114	15	120	16	109	17	128	18	180	19	145	
	0	172	1	109	2	123	3	167	4	191	5	147	6	191	7	172	8	128	9	188	10	184	11	120	12	151	13	150	14	107	15	102	16	188	17	186	18	117	19	147	
	0	168	1	184	2	157	3	108	4	102	5	148	6	109	7	146	8	142	9	193	10	133	11	159	12	158	13	192	14	148	15	161	16	129	17	129	18	151	19	112	
	0	118	1	101	2	184	3	159	4	185	5	131	6	116	7	119	8	109	9	152	10	109	11	182	12	118	13	126	14	124	15	135	16	105	17	150	18	171	19	183	
	0	199	1	146	2	143	3	184	4	159	5	102	6	112	7	135	8	145	9	124	10	182	11	159	12	128	13	135	14	152	15	134	16	142	17	137	18	104	19	189	
	0	183	1	152	2	187	3	191	4	188	5	111	6	143	7	155	8	119	9	114	10	127	11	154	12	153	13	171	14	161	15	180	16	191	17	189	18	156	19	132	
	0	174	1	159	2	182	3	191	4	122	5	167	6	117	7	142	8	117	9	117	10	198	11	168	12	194	13	122	14	170	15	113	16	189	17	118	18	161	19	162	
	0	186	1	150	2	125	3	119	4	151	5	148	6	169	7	135	8	142	9	164	10	183	11	156	12	148	13	107	14	100	15	110	16	108	17	167	18	166	19	182	
	0	188	1	195	2	192	3	179	4	190	5	151	6	190	7	149	8	150	9	195	10	152	11	182	12	104	13	120	14	146	15	118	16	182	17	187	18	178	19	144	
	0	145	1	175	2	142	3	196	4	149	5	131	6	152	7	164	8	106	9	193	10	172	11	102	12	149	13	102	14	149	15	183	16	100	17	157	18	116	19	110	
	0	123	1	168	2	162	3	120	4	184	5	149	6	165	7	172	8	106	9	115	10	127	11	185	12	194	13	114	14	148	15	107	16	131	17	152	18	101	19	111	
	0	112	1	191	2	146	3	146	4	108	5	107	6	164	7	149	8	178	9	157	10	123	11	180	12	107	13	186	14	112	15	112	16	170	17	158	18	183	19	136	
	0	146	1	146	2	130	3	192	4	195	5	129	6	109	7	149	8	107	9	102	10	149	11	113	12	127	13	115	14	120	15	134	16	111	17	125	18	186	19	110	
	0	118	1	168	2	128	3	151	4	175	5	123	6	103	7	146	8	138	9	146	10	175	11	198	12	180	13	124	14	165	15	153	16	123	17	183	18	182	19	190	
	0	156	1	104	2	127	3	119	4	190	5	147	6	135	7	131	8	132	9	108	10	112	11	141	12	123	13	156	14	118	15	183	16	163	17	115	18	137	19	186	
	0	124	1	116	2	134	3	195	4	161	5	102	6	185	7	154	8	170	9	194	10	126	11	115	12	155	13	186	14	154	15	189	16	173	17	133	18	178	19	112	
	0	107	1	186	2	180	3	137	4	189	5	163	6	193	7	185	8	194	9	185	10	167	11	143	12	197	13	118	14	183	15	121	16	184	17	160	18	162	19	173	
	0	132	1	121	2	142	3	199	4	172	5	169	6	148	7	163	8	144	9	111	10	158	11	174	12	165	13	124	14	147	15	173	16	120	17	183	18	102	19	116	
	0	137	1	114	2	121	3	182	4	184	5	142	6	150	7	198	8	187	9	189	10	180	11	152	12	141	13	112	14	101	15	182	16	114	17	189	18	179	19	140	
	0	115	1	119	2	138	3	116	4	170	5	185	6	105	7	190	8	181	9	174	10	145	11	165	12	196	13	105	14	170	15	115	16	144	17	162	18	100	19	134	
	0	134	1	165	2	151	3	148	4	162	5	155	6	191	7	165	8	134	9	197	10	117	11	134	12	122	13	196	14	166	15	190	16	138	17	115	18	186	19	128	
	0	150	1	158	2	164	3	138	4	170	5	151	6	112	7	141	8	179	9	177	10	116	11	103	12	183	13	125	14	155	15	164	16	185	17	122	18	157	19	195	
	0	152	1	189	2	184	3	183	4	102	5	185	6	151	7	168	8	184	9	166	10	106	11	154	12	197	13	165	14	109	15	141	16	160	17	160	18	118	19	154	
	0	100	1	178	2	174	3	123	4	156	5	133	6	100	7	167	8	120	9	174	10	139	11	192	12	191	13	119	14	177	15	120	16	186	17	172	18	180	19	166	
	0	149	1	171	2	192	3	134	4	117	5	157	6	188	7	106	8	138	9	119	10	195	11	120	12	184	13	103	14	183	15	126	16	130	17	108	18	173	19	184	
	0	154	1	157	2	191	3	100	4	104	5	136	6	132	7	116	8	185	9	196	10	146	11	101	12	172	13	129	14	170	15	142	16	186	17	148	18	176	19	115	
	0	175	1	164	2	153	3	192	4	177	5	127	6	127	7	146	8	168	9	143	10	100	11	180	12	139	13	168	14	103	15	176	16	179	17	154	18	149	19	116	
	0	117	1	149	2	112	3	132	4	139	5	149	6	194	7	183	8	132	9	169	10	193	11	182	12	104	13	112	14	178	15	146	16	153	17	158	18	176	19	105	
	0	199	1	165	2	147	3	115	4	163	5	147	6	171	7	171	8	103	9	113	10	139	11	173	12	198	13	114	14	134	15	116	16	187	17	167	18	178	19	132	
	0	115	1	155	2	164	3	162	4	169	5	122	6	195	7	169	8	102	9	136	10	164	11	142	12	163	13	163	14	128	15	140	16	191	17	142	18	118	19	125	
	0	121	1	184	2	156	3	141	4	134	5	121	6	121	7	171	8	111	9	150	10	148	11	191	12	180	13	140	14	148	15	124	16	101	17	119	18	145	19	179	
	0	178	1	152	2	107	3	173	4	163	5	100	6	117	7	113	8	185	9	170	10	172	11	130	12	165	13	112	14	107	15	144	16	194	17	101	18	148	19	163	
	0	121	1	142	2	149	3	122	4	113	5	127	6	117	7	162	8	125	9	131	10	170	11	198	12	144	13	192	14	144	15	119	16	152	17	125	18	107	19	156	
	0	163	1	173	2	170	3	139	4	106	5	124	6	191	7	156	8	107	9	166	10	124	11	164	12	130	13	148	14	177	15	190	16	180	17	160	18	136	19	162	
	0	101	1	193	2	183	3	163	4	149	5	103	6	147	7	111	8	137	9	185	10	166	11	194	12	112	13	132	14	155	15	195	16	181	17	125	18	142	19	119	
	0	108	1	176	2	136	3	144	4	177	5	144	6	160	7	187	8	112	9	171	10	100	11	147	12	184	13	134	14	199	15	113	16	119	17	169	18	121	19	193	
	0	192	1	141	2	150	3	111	4	104	5	140	6	123	7	163	8	117	9	171	10	166	11	170	12	197	13	127	14	121	15	137	16	163	17	173	18	118	19	153	
	0	173	1	175	2	134	3	198	4	135	5	157	6	144	7	198	8	131	9	130	10	181	11	129	12	155	13	177	14	167	15	106	16	175	17	103	18	107	19	177	
	0	100	1	181	2	104	3	129	4	114	5	191	6	158	7	154	8	160	9	148	10	171	11	199	12	172	13	114	14	121	15	198	16	189	17	159	18	173	19	116	
	0	190	1	190	2	124	3	156	4	194	5	103	6	141	7	128	8	177	9	126	10	150	11	195	12	127	13	159	14	145	15	192	16	155	17	128	18	127	19	123	
	0	104	1	160	2	127	3	118	4	163	5	111	6	114	7	179	8	176	9	199	10	114	11	168	12	103	13	173	14	137	15	101	16	139	17	126	18	120	19	121	
	0	179	1	114	2	169	3	104	4	133	5	118	6	127	7	106	8	164	9	174	10	161	11	153	12	158	13	198	14	118	15	182	16	144	17	194	18	140	19	173	
	0	158	1	101	2	122	3	146	4	142	5	135	6	132	7	140	8	171	9	188	10	147	11	129	12	172	13	161	14	119	15	157	16	156	17	174	18	183	19	136	
	0	182	1	129	2	179	3	187	4	146	5	189	6	107	7	195	8	173	9	147	10	195	11	109	12	195	13	115	14	135	15	145	16	163	17	105	18	174	19	126	
	0	165	1	137	2	128	3	116	4	107	5	165	6	141	7	141	8	109	9	110	10	112	11	110	12	184	13	169	14	105	15	153	16	118	17	134	18	112	19	189	
	0	112	1	190	2	172	3	190	4	160	5	139	6	147	7	147	8	162	9	129	10	134	11	154	12	127	13	119	14	137	15	121	16	130	17	100	18	150	19	132	
	0	140	1	142	2	128	3	116	4	106	5	183	6	140	7	156	8	128	9	128	10	135	11	155	12	116	13	167	14	162	15	148	16	113	17	169	18	199	19	182	
	0	188	1	116	2	145	3	132	4	142	5	135	6	104	7	198	8	116	9	152	10	122	11	186	12	120	13	191	14	142	15	117	16	112	17	161	18	164	19	102	
	0	157	1	108	2	161	3	130	4	153	5	118	6	133	7	163	8	114	9	122	10	115	11	163	12	187	13	170	14	174	15	172	16	134	17	143	18	163	19	173	
	0	150	1	143	2	174	3	108	4	109	5	161	6	185	7	179	8	166	9	144	10	123	11	126	12	128	13	197	14	167	15	162	16	128	17	172	18	150	19	156	
	0	126	1	109	2	163	3	101	4	161	5	171	6	190	7	115	8	150	9	155	10	135	11	110	12	122	13	107	14	117	15	121	16	177	17	167	18	103	19	160	
	0	180	1	136	2	119	3	145	4	142	5	180	6	143	7	191	8	135	9	159	10	153	11	114	12	182	13	131	14	135	15	190	16	161	17	148	18	171	19	108	
	0	191	1	182	2	148	3	183	4	170	5	131	6	176	7	193	8	146	9	118	10	138	11	109	12	107	13	162	14	136	15	121	16	187	17	173	18	138	19	148	
	0	156	1	136	2	140	3	113	4	193	5	156	6	199	7	160	8	119	9	107	10	188	11	107	12	108	13	189	14	154	15	134	16	176	17	134	18	134	19	132	
	0	101	1	117	2	148	3	189	4	141	5	136	6	185	7	140	8	154	9	159	10	196	11	170	12	198	13	175	14	150	15	142	16	140	17	143	18	167	19	180	
	0	155	1	193	2	170	3	113	4	118	5	127	6	101	7	128	8	154	9	106	10	123	11	183	12	125	13	197	14	143	15	198	16	196	17	111	18	174	19	161	
	0	176	1	186	2	140	3	153	4	169	5	108	6	160	7	132	8	183	9	148	10	138	11	158	12	142	13	111	14	175	15	113	16	129	17	193	18	121	19	169	
	0	167	1	138	2	160	3	185	4	195	5	129	6	124	7	158	8	111	9	196	10	140	11	133	12	177	13	179	14	176	15	185	16	193	17	104	18	120	19	107	
	0	161	1	144	2	158	3	134	4	102	5	171	6	119	7	183	8	113	9	110	10	181	11	113	12	160	13	170	14	172	15	146	16	199	17	118	18	131	19	174	
	0	198	1	113	2	178	3	110	4	100	5	106	6	107	7	141	8	174	9	141	10	110	11	111	12	131	13	151	14	150	15	183	16	173	17	102	18	165	19	135	
	0	161	1	171	2	183	3	199	4	179	5	178	6	156	7	167	8	113	9	175	10	148	11	142	12	122	13	156	14	113	15	159	16	126	17	162	18	164	19	171	
	0	133	1	156	2	136	3	113	4	105	5	144	6	105	7	170	8	190	9	157	10	133	11	182	12	194	13	179	14	125	15	133	16	173	17	117	18	191	19	127	
	0	168	1	121	2	119	3	137	4	157	5	195	6	120	7	160	8	190	9	156	10	105	11	161	12	104	13	158	14	193	15	172	16	119	17	124	18	164	19	147	
	0	197	1	134	2	196	3	187	4	123	5	191	6	185	7	117	8	111	9	117	10	137	11	138	12	156	13	120	14	156	15	148	16	189	17	148	18	195	19	142	
	0	142	1	119	2	108	3	116	4	153	5	137	6	166	7	132	8	120	9	154	10	195	11	198	12	122	13	151	14	121	15	122	16	193	17	195	18	149	19	155	
	0	180	1	129	2	127	3	196	4	183	5	182	6	182	7	128	8	140	9	121	10	127	11	160	12	172	13	120	14	150	15	124	16	155	17	170	18	157	19	186	
	0	152	1	110	2	115	3	146	4	177	5	199	6	180	7	147	8	168	9	102	10	138	11	153	12	168	13	121	14	196	15	102	16	111	17	174	18	103	19	170	
	0	140	1	124	2	155	3	114	4	168	5	138	6	143	7	100	8	138	9	110	10	142	11	161	12	109	13	170	14	146	15	109	16	135	17	193	18	162	19	163	
	0	187	1	128	2	196	3	113	4	115	5	181	6	161	7	131	8	149	9	174	10	153	11	129	12	164	13	139	14	140	15	120	16	191	17	142	18	124	19	157	
	0	194	1	111	2	152	3	181	4	117	5	179	6	192	7	185	8	163	9	143	10	162	11	197	12	191	13	130	14	163	15	120	16	149	17	161	18	125	19	127	
	0	180	1	179	2	142	3	116	4	168	5	156	6	117	7	195	8	125	9	159	10	167	11	135	12	156	13	199	14	199	15	150	16	164	17	184	18	131	19	118	
	0	136	1	131	2	157	3	166	4	192	5	132	6	111	7	146	8	147	9	197	10	148	11	195	12	141	13	196	14	116	15	150	16	105	17	142	18	166	19	114	
	0	158	1	106	2	108	3	154	4	182	5	180	6	103	7	101	8	184	9	187	10	170	11	198	12	188	13	119	14	162	15	108	16	121	17	161	18	136	19	183	
	0	116	1	145	2	139	3	102	4	188	5	185	6	156	7	184	8	169	9	152	10	160	11	185	12	129	13	186	14	137	15	186	16	114	17	136	18	182	19	117	
	0	103	1	196	2	185	3	152	4	146	5	174	6	182	7	169	8	179	9	170	10	174	11	179	12	119	13	197	14	197	15	140	16	100	17	171	18	170	19	174	
	0	138	1	172	2	166	3	125	4	199	5	100	6	137	7	142	8	199	9	154	10	189	11	186	12	129	13	140	14	167	15	159	16	171	17	168	18	196	19	132	
	0	106	1	170	2	105	3	121	4	158	5	193	6	191	7	165	8	194	9	150	10	198	11	175	12	175	13	181	14	113	15	121	16	163	17	199	18	159	19	187	
	0	169	1	117	2	154	3	125	4	172	5	138	6	106	7	192	8	153	9	188	10	112	11	162	12	102	13	153	14	128	15	138	16	104	17	178	18	188	19	162	
	0	114	1	101	2	112	3	105	4	140	5	167	6	124	7	145	8	115	9	184	10	197	11	161	12	144	13	151	14	184	15	105	16	130	17	143	18	160	19	126	
	0	182	1	184	2	139	3	186	4	122	5	169	6	161	7	158	8	186	9	154	10	165	11	198	12	119	13	109	14	100	15	146	16	121	17	157	18	183	19	189	
	0	197	1	175	2	125	3	136	4	100	5	143	6	168	7	178	8	123	9	115	10	190	11	191	12	140	13	163	14	152	15	148	16	126	17	147	18	110	19	152	
	0	118	1	166	2	116	3	173	4	126	5	133	6	170	7	139	8	198	9	197	10	111	11	166	12	169	13	175	14	157	15	167	16	190	17	120	18	125	19	160	
	0	101	1	185	2	120	3	121	4	161	5	133	6	140	7	156	8	191	9	122	10	128	11	122	12	113	13	194	14	156	15	135	16	126	17	142	18	145	19	123	
	0	148	1	194	2	132	3	167	4	168	5	172	6	111	7	144	8	148	9	196	10	167	11	188	12	130	13	113	14	107	15	105	16	116	17	138	18	190	19	131	
	0	137	1	191	2	143	3	150	4	148	5	195	6	102	7	193	8	113	9	139	10	151	11	192	12	181	13	120	14	140	15	104	16	118	17	179	18	196	19	177	
	0	196	1	130	2	119	3	145	4	110	5	148	6	189	7	103	8	174	9	142	10	198	11	159	12	164	13	157	14	111	15	145	16	182	17	191	18	113	19	158	
	0	137	1	113	2	154	3	108	4	103	5	115	6	165	7	149	8	178	9	196	10	104	11	191	12	169	13	150	14	125	15	123	16	134	17	158	18	102	19	127	
	0	113	1	153	2	141	3	107	4	147	5	122	6	192	7	170	8	143	9	175	10	102	11	135	12	114	13	164	14	116	15	140	16	129	17	103	18	139	19	103	
	0	170	1	174	2	111	3	193	4	151	5	136	6	179	7	130	8	154	9	130	10	160	11	120	12	186	13	147	14	198	15	128	16	155	17	118	18	162	19	187	
	0	131	1	156	2	167	3	110	4	129	5	166	6	167	7	108	8	107	9	176	10	145	11	169	12	163	13	102	14	165	15	157	16	190	17	180	18	155	19	159	
	0	106	1	193	2	110	3	188	4	134	5	188	6	138	7	180	8	120	9	118	10	189	11	150	12	171	13	196	14	135	15	125	16	170	17	118	18	148	19	132	
	0	102	1	106	2	139	3	100	4	100	5	147	6	110	7	181	8	111	9	141	10	125	11	185	12	189	13	134	14	163	15	117	16	116	17	192	18	168	19	138	
	0	113	1	149	2	197	3	168	4	121	5	136	6	163	7	195	8	173	9	146	10	167	11	159	12	136	13	157	14	198	15	154	16	191	17	166	18	185	19	154	
	0	196	1	137	2	152	3	113	4	100	5	170	6	125	7	119	8	188	9	187	10	196	11	122	12	107	13	152	14	145	15	109	16	127	17	121	18	130	19	125	
	0	189	1	166	2	196	3	190	4	186	5	165	6	177	7	133	8	173	9	106	10	196	11	111	12	199	13	183	14	128	15	145	16	178	17	152	18	126	19	148	
	0	170	1	113	2	191	3	121	4	122	5	155	6	143	7	169	8	192	9	129	10	117	11	118	12	115	13	111	14	191	15	185	16	157	17	162	18	104	19	112	
	0	169	1	140	2	177	3	182	4	151	5	195	6	166	7	107	8	193	9	157	10	188	11	138	12	114	13	134	14	120	15	117	16	153	17	113	18	125	19	151	
	0	176	1	158	2	127	3	158	4	154	5	189	6	116	7	108	8	176	9	117	10	148	11	152	12	188	13	151	14	146	15	129	16	192	17	130	18	145	19	110	
	0	106	1	184	2	189	3	118	4	169	5	118	6	132	7	121	8	197	9	183	10	129	11	136	12	171	13	103	14	104	15	125	16	180	17	127	18	114	19	102	
	0	195	1	180	2	141	3	124	4	178	5	184	6	145	7	137	8	114	9	198	10	110	11	175	12	172	13	190	14	130	15	120	16	181	17	194	18	110	19	150	
	0	197	1	124	2	169	3	132	4	121	5	143	6	189	7	164	8	174	9	186	10	199	11	177	12	102	13	144	14	193	15	196	16	130	17	198	18	111	19	198	
	0	181	1	188	2	132	3	184	4	153	5	159	6	131	7	124	8	116	9	180	10	130	11	130	12	162	13	100	14	106	15	107	16	190	17	180	18	113	19	154	
	0	187	1	165	2	145	3	199	4	190	5	105	6	174	7	144	8	185	9	142	10	160	11	132	12	142	13	116	14	167	15	111	16	186	17	169	18	192	19	118	
	0	141	1	117	2	133	3	168	4	112	5	145	6	140	7	141	8	183	9	176	10	188	11	155	12	161	13	177	14	142	15	149	16	185	17	132	18	120	19	165	
	0	183	1	188	2	124	3	106	4	132	5	118	6	160	7	100	8	118	9	111	10	169	11	157	12	144	13	149	14	150	15	164	16	175	17	196	18	119	19	189	
	0	127	1	193	2	195	3	147	4	173	5	161	6	188	7	154	8	133	9	139	10	198	11	174	12	159	13	167	14	159	15	194	16	118	17	186	18	174	19	197	
	0	171	1	179	2	138	3	162	4	105	5	101	6	102	7	198	8	174	9	168	10	135	11	132	12	146	13	186	14	146	15	143	16	194	17	122	18	128	19	156	
	0	197	1	187	2	116	3	143	4	106	5	175	6	117	7	142	8	182	9	128	10	154	11	180	12	138	13	129	14	106	15	133	16	113	17	131	18	192	19	187	
	0	178	1	186	2	140	3	158	4	196	5	139	6	100	7	142	8	177	9	195	10	154	11	117	12	105	13	121	14	143	15	188	16	168	17	145	18	182	19	154	
	0	144	1	193	2	155	3	176	4	118	5	154	6	103	7	145	8	122	9	120	10	176	11	134	12	174	13	193	14	193	15	131	16	193	17	179	18	177	19	116	
	0	194	1	153	2	146	3	178	4	177	5	167	6	150	7	182	8	184	9	117	10	161	11	156	12	166	13	159	14	121	15	190	16	125	17	170	18	147	19	168	
	0	122	1	161	2	127	3	196	4	139	5	143	6	124	7	174	8	109	9	104	10	145	11	146	12	104	13	175	14	100	15	131	16	181	17	155	18	134	19	128	
	0	103	1	122	2	104	3	166	4	177	5	175	6	169	7	157	8	172	9	188	10	176	11	104	12	128	13	124	14	172	15	131	16	129	17	196	18	136	19	156	
	0	101	1	193	2	169	3	199	4	197	5	114	6	184	7	195	8	129	9	131	10	154	11	102	12	117	13	185	14	165	15	185	16	142	17	142	18	178	19	125	
	0	154	1	177	2	140	3	170	4	144	5	107	6	132	7	177	8	188	9	173	10	168	11	193	12	155	13	154	14	181	15	151	16	126	17	129	18	174	19	184	
	0	154	1	133	2	142	3	109	4	117	5	189	6	154	7	125	8	112	9	130	10	129	11	154	12	136	13	116	14	176	15	177	16	102	17	128	18	178	19	162	
	0	103	1	181	2	157	3	189	4	185	5	171	6	156	7	194	8	102	9	165	10	174	11	140	12	167	13	131	14	151	15	156	16	140	17	135	18	177	19	174	
	0	187	1	129	2	105	3	180	4	146	5	154	6	152	7	159	8	106	9	125	10	191	11	124	12	130	13	173	14	191	15	156	16	174	17	172	18	182	19	153	
	0	111	1	186	2	119	3	180	4	108	5	167	6	148	7	135	8	113	9	130	10	107	11	111	12	139	13	153	14	178	15	124	16	183	17	146	18	116	19	114	
	0	133	1	137	2	190	3	141	4	139	5	125	6	179	7	165	8	122	9	173	10	156	11	123	12	133	13	111	14	115	15	159	16	117	17	103	18	162	19	142	
	0	106	1	179	2	160	3	122	4	104	5	116	6	185	7	133	8	164	9	181	10	136	11	123	12	150	13	187	14	111	15	156	16	156	17	132	18	159	19	181	
	0	158	1	186	2	185	3	164	4	114	5	124	6	196	7	195	8	110	9	141	10	176	11	178	12	112	13	145	14	136	15	189	16	138	17	116	18	169	19	192	
	0	193	1	170	2	140	3	102	4	112	5	169	6	107	7	105	8	174	9	198	10	167	11	128	12	128	13	139	14	125	15	197	16	104	17	114	18	135	19	102	
	0	155	1	124	2	166	3	106	4	166	5	149	6	127	7	192	8	142	9	191	10	195	11	163	12	121	13	106	14	192	15	111	16	185	17	162	18	101	19	161	
	0	180	1	112	2	101	3	182	4	166	5	176	6	165	7	173	8	127	9	133	10	169	11	129	12	173	13	175	14	189	15	130	16	114	17	162	18	133	19	157	
	0	186	1	127	2	122	3	136	4	133	5	124	6	172	7	109	8	120	9	101	10	145	11	159	12	183	13	146	14	176	15	150	16	195	17	177	18	136	19	176	
	0	101	1	104	2	156	3	148	4	135	5	176	6	120	7	131	8	129	9	185	10	190	11	126	12	124	13	146	14	118	15	167	16	109	17	169	18	147	19	117	
	0	126	1	156	2	108	3	151	4	175	5	127	6	160	7	182	8	138	9	170	10	187	11	182	12	144	13	144	14	141	15	194	16	116	17	154	18	136	19	140	
	0	191	1	145	2	125	3	193	4	155	5	138	6	188	7	162	8	172	9	121	10	183	11	127	12	189	13	170	14	102	15	138	16	119	17	176	18	172	19	152	
	0	194	1	199	2	137	3	168	4	180	5	124	6	160	7	129	8	182	9	137	10	100	11	197	12	179	13	163	14	160	15	176	16	199	17	189	18	151	19	119	
	0	175	1	147	2	102	3	103	4	179	5	135	6	125	7	174	8	140	9	188	10	170	11	193	12	188	13	140	14	114	15	137	16	183	17	153	18	172	19	175	
	0	197	1	104	2	180	3	150	4	126	5	167	6	133	7	175	8	101	9	178	10	172	11	153	12	146	13	127	14	149	15	145	16	170	17	134	18	188	19	169	
	0	138	1	112	2	152	3	144	4	149	5	126	6	159	7	157	8	171	9	150	10	187	11	185	12	171	13	113	14	145	15	108	16	143	17	180	18	181	19	144	
	0	187	1	185	2	154	3	189	4	184	5	134	6	128	7	152	8	140	9	141	10	100	11	191	12	104	13	127	14	195	15	179	16	138	17	111	18	183	19	144	
	0	128	1	140	2	148	3	159	4	101	5	107	6	171	7	166	8	127	9	106	10	153	11	185	12	143	13	181	14	122	15	169	16	130	17	184	18	155	19	169	
	0	124	1	111	2	179	3	118	4	103	5	166	6	164	7	184	8	157	9	104	10	111	11	135	12	147	13	126	14	134	15	192	16	180	17	106	18	176	19	184	
	0	190	1	143	2	155	3	151	4	156	5	148	6	175	7	143	8	163	9	112	10	142	11	112	12	163	13	120	14	164	15	112	16	167	17	152	18	185	19	196	
	0	144	1	138	2	182	3	173	4	180	5	105	6	155	7	161	8	103	9	146	10	190	11	151	12	151	13	140	14	140	15	178	16	118	17	153	18	177	19	126	
	0	137	1	106	2	133	3	161	4	103	5	104	6	128	7	172	8	151	9	110	10	127	11	138	12	134	13	143	14	105	15	155	16	115	17	100	18	117	19	158	
	0	142	1	175	2	117	3	146	4	180	5	127	6	140	7	138	8	101	9	148	10	125	11	131	12	134	13	116	14	128	15	135	16	133	17	179	18	126	19	107	
	0	192	1	196	2	170	3	128	4	155	5	136	6	107	7	195	8	167	9	124	10	181	11	139	12	129	13	101	14	108	15	129	16	178	17	160	18	127	19	146	
	0	141	1	121	2	186	3	165	4	166	5	119	6	119	7	143	8	174	9	173	10	123	11	155	12	106	13	169	14	185	15	164	16	112	17	194	18	120	19	183	
	0	197	1	133	2	199	3	184	4	136	5	168	6	123	7	140	8	176	9	150	10	116	11	107	12	138	13	132	14	180	15	108	16	194	17	117	18	137	19	193	
	0	161	1	138	2	166	3	162	4	156	5	109	6	106	7	111	8	159	9	187	10	113	11	166	12	177	13	150	14	127	15	184	16	135	17	116	18	147	19	112	
	0	164	1	150	2	165	3	113	4	133	5	125	6	128	7	160	8	130	9	194	10	136	11	157	12	130	13	182	14	127	15	152	16	127	17	181	18	112	19	193	
	0	110	1	117	2	157	3	177	4	150	5	171	6	129	7	164	8	199	9	117	10	143	11	156	12	183	13	147	14	101	15	116	16	117	17	156	18	186	19	106	
	0	122	1	177	2	134	3	135	4	181	5	157	6	107	7	111	8	170	9	165	10	150	11	138	12	168	13	194	14	196	15	191	16	137	17	149	18	117	19	104	
	0	111	1	111	2	119	3	164	4	152	5	122	6	183	7	127	8	154	9	141	10	152	11	109	12	169	13	199	14	177	15	198	16	122	17	192	18	133	19	177	
	0	102	1	156	2	174	3	189	4	117	5	140	6	139	7	168	8	177	9	116	10	147	11	132	12	151	13	151	14	176	15	164	16	120	17	118	18	128	19	176	
	0	172	1	188	2	168	3	173	4	124	5	144	6	123	7	127	8	166	9	169	10	190	11	169	12	167	13	142	14	114	15	159	16	133	17	157	18	122	19	124	
	0	171	1	175	2	191	3	164	4	119	5	199	6	166	7	109	8	135	9	168	10	193	11	137	12	107	13	193	14	130	15	174	16	154	17	122	18	149	19	194	
	0	163	1	141	2	153	3	136	4	113	5	160	6	115	7	112	8	120	9	195	10	176	11	156	12	163	13	179	14	188	15	139	16	131	17	148	18	139	19	166	
	0	140	1	188	2	164	3	131	4	179	5	152	6	185	7	125	8	120	9	180	10	119	11	151	12	103	13	120	14	119	15	144	16	183	17	106	18	173	19	164	
	0	123	1	112	2	173	3	119	4	165	5	131	6	140	7	122	8	119	9	190	10	105	11	179	12	148	13	124	14	178	15	145	16	105	17	117	18	117	19	141	
	0	138	1	192	2	137	3	113	4	129	5	158	6	110	7	127	8	106	9	199	10	104	11	195	12	120	13	154	14	137	15	125	16	172	17	127	18	169	19	117	
	0	144	1	138	2	164	3	101	4	135	5	123	6	191	7	125	8	175	9	156	10	199	11	102	12	124	13	150	14	147	15	101	16	137	17	192	18	197	19	193	
	0	169	1	148	2	196	3	104	4	145	5	124	6	113	7	142	8	133	9	121	10	125	11	147	12	104	13	158	14	163	15	179	16	112	17	195	18	123	19	169	
	0	135	1	133	2	178	3	129	4	121	5	163	6	177	7	127	8	179	9	116	10	157	11	164	12	182	13	188	14	181	15	184	16	137	17	142	18	109	19	111	
	0	147	1	110	2	122	3	194	4	125	5	123	6	186	7	125	8	168	9	164	10	102	11	162	12	136	13	133	14	143	15	109	16	142	17	163	18	138	19	119	
	0	116	1	164	2	112	3	150	4	162	5	160	6	179	7	195	8	156	9	195	10	155	11	159	12	167	13	129	14	189	15	148	16	182	17	162	18	146	19	176	
	0	191	1	143	2	131	3	120	4	106	5	186	6	173	7	134	8	126	9	133	10	192	11	181	12	146	13	170	14	126	15	102	16	192	17	147	18	134	19	145	
	0	198	1	141	2	182	3	138	4	137	5	184	6	194	7	174	8	111	9	109	10	118	11	194	12	108	13	168	14	168	15	146	16	178	17	117	18	148	19	180	
	0	130	1	121	2	153	3	108	4	111	5	199	6	198	7	125	8	162	9	146	10	149	11	181	12	163	13	155	14	199	15	117	16	132	17	155	18	141	19	144	
	0	140	1	181	2	183	3	177	4	164	5	138	6	172	7	126	8	190	9	147	10	165	11	120	12	150	13	193	14	191	15	193	16	122	17	196	18	188	19	145	
	0	105	1	101	2	178	3	176	4	124	5	137	6	124	7	119	8	129	9	155	10	118	11	173	12	126	13	151	14	160	15	169	16	143	17	122	18	146	19	110	
	0	100	1	170	2	111	3	105	4	173	5	114	6	116	7	196	8	143	9	195	10	133	11	140	12	172	13	166	14	171	15	194	16	152	17	175	18	181	19	100	
	0	132	1	167	2	104	3	127	4	155	5	177	6	137	7	104	8	108	9	123	10	123	11	155	12	198	13	131	14	127	15	171	16	112	17	110	18	177	19	197	
	0	122	1	186	2	180	3	197	4	180	5	152	6	149	7	131	8	182	9	197	10	112	11	156	12	137	13	136	14	185	15	180	16	185	17	101	18	199	19	116	
	0	180	1	154	2	184	3	192	4	122	5	139	6	196	7	119	8	115	9	177	10	142	11	176	12	115	13	191	14	137	15	157	16	113	17	173	18	125	19	199	
	0	108	1	182	2	176	3	104	4	183	5	158	6	172	7	109	8	175	9	138	10	113	11	196	12	150	13	134	14	159	15	103	16	191	17	168	18	166	19	164	
	0	165	1	170	2	175	3	108	4	155	5	128	6	125	7	183	8	198	9	197	10	161	11	121	12	150	13	128	14	170	15	123	16	162	17	120	18	180	19	121	
	0	145	1	191	2	100	3	189	4	184	5	124	6	137	7	130	8	198	9	196	10	194	11	146	12	107	13	154	14	156	15	142	16	173	17	188	18	140	19	199	
	0	185	1	185	2	194	3	134	4	138	5	162	6	176	7	153	8	104	9	118	10	174	11	162	12	115	13	170	14	151	15	141	16	120	17	199	18	194	19	190	
	0	129	1	145	2	171	3	197	4	141	5	176	6	109	7	102	8	108	9	122	10	188	11	181	12	123	13	141	14	164	15	102	16	149	17	105	18	170	19	147	
	0	167	1	101	2	191	3	138	4	190	5	101	6	166	7	114	8	166	9	160	10	114	11	171	12	126	13	185	14	134	15	178	16	123	17	101	18	102	19	159	
	0	166	1	180	2	107	3	142	4	195	5	100	6	118	7	173	8	152	9	139	10	131	11	196	12	115	13	185	14	165	15	190	16	112	17	122	18	158	19	176	
	0	119	1	126	2	160	3	176	4	107	5	158	6	102	7	140	8	120	9	117	10	162	11	147	12	134	13	177	14	181	15	125	16	151	17	171	18	146	19	154	
	0	134	1	133	2	103	3	152	4	150	5	173	6	165	7	134	8	111	9	164	10	122	11	189	12	135	13	170	14	166	15	127	16	138	17	118	18	176	19	123	
	0	172	1	106	2	123	3	168	4	121	5	164	6	181	7	110	8	159	9	181	10	147	11	143	12	107	13	103	14	183	15	163	16	110	17	126	18	171	19	178	
	0	134	1	151	2	115	3	135	4	114	5	179	6	179	7	134	8	138	9	176	10	106	11	188	12	156	13	191	14	127	15	163	16	169	17	107	18	187	19	153	
	0	189	1	103	2	108	3	154	4	143	5	149	6	158	7	122	8	143	9	183	10	187	11	121	12	153	13	154	14	144	15	189	16	111	17	166	18	142	19	178	
	0	139	1	163	2	195	3	126	4	100	5	178	6	160	7	132	8	136	9	185	10	124	11	151	12	107	13	108	14	171	15	111	16	130	17	167	18	132	19	124	
	0	115	1	109	2	137	3	108	4	120	5	111	6	101	7	124	8	123	9	147	10	153	11	183	12	162	13	165	14	104	15	129	16	128	17	195	18	140	19	134	
	0	148	1	110	2	139	3	139	4	149	5	132	6	126	7	108	8	116	9	181	10	154	11	125	12	179	13	155	14	124	15	147	16	183	17	137	18	107	19	154	
	0	101	1	133	2	122	3	140	4	113	5	161	6	139	7	137	8	123	9	131	10	196	11	119	12	179	13	170	14	153	15	157	16	141	17	185	18	163	19	183	
	0	118	1	124	2	115	3	125	4	194	5	126	6	158	7	134	8	167	9	112	10	122	11	137	12	182	13	176	14	114	15	198	16	138	17	131	18	160	19	171	
	0	178	1	186	2	152	3	177	4	140	5	133	6	169	7	114	8	137	9	157	10	124	11	118	12	175	13	158	14	160	15	145	16	190	17	109	18	122	19	160	
	0	158	1	164	2	148	3	104	4	198	5	134	6	189	7	189	8	147	9	130	10	110	11	106	12	189	13	107	14	132	15	173	16	156	17	147	18	143	19	153	
	0	173	1	168	2	166	3	111	4	151	5	168	6	180	7	176	8	196	9	133	10	107	11	106	12	190	13	117	14	191	15	172	16	113	17	136	18	103	19	113	
	0	198	1	120	2	197	3	102	4	151	5	131	6	140	7	190	8	193	9	120	10	164	11	122	12	123	13	191	14	101	15	138	16	106	17	139	18	148	19	179	
	0	112	1	165	2	162	3	120	4	162	5	147	6	147	7	164	8	126	9	116	10	136	11	178	12	106	13	172	14	130	15	175	16	113	17	189	18	160	19	166	
	0	180	1	108	2	187	3	150	4	173	5	189	6	165	7	157	8	156	9	137	10	143	11	100	12	113	13	138	14	180	15	134	16	134	17	182	18	107	19	160	
	0	105	1	118	2	180	3	147	4	156	5	130	6	104	7	126	8	195	9	198	10	164	11	147	12	186	13	159	14	189	15	123	16	159	17	179	18	169	19	158	
	0	129	1	159	2	125	3	197	4	112	5	196	6	107	7	132	8	106	9	138	10	151	11	148	12	104	13	129	14	171	15	157	16	134	17	190	18	148	19	150	
	0	148	1	137	2	107	3	106	4	122	5	113	6	181	7	163	8	162	9	169	10	163	11	142	12	150	13	154	14	191	15	161	16	104	17	126	18	104	19	133	
	0	151	1	183	2	148	3	149	4	169	5	122	6	125	7	196	8	182	9	140	10	160	11	104	12	181	13	186	14	135	15	163	16	164	17	154	18	171	19	114	
	0	170	1	178	2	178	3	133	4	145	5	132	6	176	7	117	8	107	9	136	10	167	11	130	12	191	13	129	14	185	15	106	16	177	17	156	18	185	19	172	
	0	102	1	172	2	183	3	118	4	137	5	135	6	198	7	149	8	152	9	106	10	152	11	182	12	195	13	162	14	157	15	127	16	184	17	143	18	156	19	128	
	0	147	1	175	2	156	3	107	4	152	5	124	6	118	7	183	8	135	9	188	10	137	11	177	12	196	13	198	14	179	15	162	16	133	17	190	18	110	19	122	
	0	154	1	105	2	143	3	117	4	104	5	134	6	158	7	151	8	182	9	125	10	120	11	190	12	180	13	127	14	170	15	148	16	125	17	100	18	152	19	144	
	0	160	1	105	2	191	3	130	4	139	5	142	6	164	7	191	8	185	9	191	10	157	11	140	12	159	13	155	14	133	15	166	16	126	17	190	18	155	19	134	
	0	199	1	100	2	156	3	175	4	123	5	147	6	199	7	181	8	110	9	190	10	135	11	138	12	184	13	148	14	156	15	192	16	160	17	128	18	150	19	158	
	0	169	1	147	2	184	3	168	4	177	5	136	6	153	7	166	8	140	9	117	10	121	11	184	12	115	13	123	14	118	15	140	16	160	17	151	18	166	19	161	
	0	115	1	140	2	173	3	188	4	182	5	125	6	169	7	103	8	197	9	108	10	138	11	105	12	160	13	125	14	199	15	105	16	178	17	149	18	191	19	195	
	0	116	1	176	2	172	3	113	4	159	5	129	6	184	7	136	8	199	9	181	10	126	11	145	12	169	13	135	14	133	15	131	16	175	17	147	18	184	19	159	
	0	147	1	182	2	164	3	123	4	151	5	134	6	150	7	197	8	189	9	164	10	184	11	123	12	120	13	150	14	197	15	129	16	145	17	184	18	110	19	135	
	0	171	1	190	2	149	3	145	4	118	5	131	6	104	7	181	8	155	9	118	10	178	11	115	12	163	13	142	14	186	15	181	16	101	17	190	18	117	19	106	
	0	122	1	158	2	147	3	129	4	180	5	132	6	113	7	123	8	119	9	143	10	123	11	161	12	180	13	116	14	117	15	125	16	180	17	105	18	136	19	140	
	0	193	1	151	2	127	3	136	4	168	5	129	6	123	7	132	8	111	9	140	10	176	11	181	12	165	13	104	14	193	15	198	16	173	17	169	18	139	19	184	
	0	192	1	141	2	155	3	195	4	184	5	139	6	163	7	188	8	194	9	143	10	152	11	111	12	154	13	173	14	174	15	138	16	198	17	105	18	116	19	149	
	0	197	1	116	2	138	3	118	4	199	5	100	6	129	7	145	8	155	9	186	10	110	11	136	12	188	13	120	14	119	15	160	16	173	17	155	18	103	19	143	
	0	196	1	103	2	133	3	179	4	110	5	158	6	197	7	133	8	197	9	135	10	191	11	151	12	170	13	183	14	141	15	136	16	130	17	199	18	147	19	174	
	0	177	1	190	2	146	3	167	4	187	5	167	6	130	7	196	8	144	9	142	10	181	11	122	12	186	13	131	14	126	15	155	16	104	17	163	18	195	19	197	
	0	125	1	195	2	136	3	195	4	164	5	181	6	139	7	101	8	160	9	182	10	148	11	113	12	189	13	138	14	122	15	136	16	178	17	134	18	113	19	176	
	0	116	1	103	2	113	3	165	4	120	5	184	6	124	7	143	8	157	9	130	10	131	11	165	12	139	13	174	14	145	15	156	16	184	17	113	18	182	19	123	
	0	100	1	167	2	144	3	167	4	120	5	137	6	188	7	116	8	107	9	152	10	103	11	199	12	142	13	132	14	143	15	168	16	154	17	167	18	118	19	167	
	0	133	1	199	2	159	3	182	4	141	5	162	6	185	7	150	8	101	9	171	10	180	11	103	12	134	13	188	14	149	15	111	16	121	17	108	18	142	19	151	
	0	132	1	183	2	188	3	157	4	106	5	121	6	107	7	142	8	133	9	102	10	172	11	115	12	151	13	169	14	121	15	136	16	129	17	133	18	129	19	161	
	0	101	1	101	2	146	3	129	4	186	5	143	6	117	7	117	8	162	9	134	10	154	11	125	12	180	13	102	14	101	15	118	16	171	17	139	18	108	19	184	
	0	172	1	159	2	179	3	100	4	188	5	149	6	170	7	191	8	174	9	165	10	131	11	109	12	140	13	168	14	140	15	164	16	116	17	102	18	100	19	186	
	0	148	1	124	2	134	3	178	4	107	5	197	6	133	7	155	8	170	9	137	10	136	11	118	12	111	13	177	14	174	15	133	16	148	17	134	18	194	19	166	
	0	112	1	143	2	183	3	175	4	120	5	163	6	186	7	101	8	181	9	155	10	189	11	128	12	138	13	158	14	159	15	185	16	153	17	144	18	165	19	195	
	0	179	1	104	2	162	3	136	4	146	5	155	6	134	7	119	8	114	9	173	10	150	11	158	12	139	13	164	14	127	15	158	16	139	17	195	18	176	19	193	
	0	172	1	164	2	112	3	121	4	189	5	191	6	153	7	187	8	118	9	183	10	164	11	118	12	101	13	168	14	117	15	113	16	173	17	155	18	142	19	165	
	0	103	1	133	2	175	3	151	4	136	5	118	6	186	7	143	8	182	9	183	10	170	11	113	12	124	13	100	14	198	15	185	16	149	17	104	18	108	19	184	
	0	115	1	134	2	195	3	129	4	181	5	164	6	158	7	126	8	180	9	143	10	130	11	147	12	134	13	119	14	156	15	125	16	197	17	115	18	129	19	157	
	0	188	1	181	2	188	3	136	4	195	5	170	6	174	7	190	8	165	9	156	10	164	11	176	12	102	13	169	14	156	15	175	16	167	17	105	18	109	19	147	
	0	144	1	169	2	143	3	109	4	132	5	126	6	100	7	116	8	188	9	154	10	102	11	127	12	150	13	109	14	149	15	152	16	160	17	176	18	168	19	106	
	0	170	1	119	2	180	3	170	4	193	5	144	6	170	7	128	8	158	9	142	10	138	11	184	12	111	13	172	14	168	15	107	16	173	17	175	18	191	19	199	
	0	148	1	174	2	173	3	192	4	188	5	116	6	151	7	187	8	140	9	157	10	129	11	153	12	144	13	146	14	134	15	139	16	139	17	124	18	146	19	184	
	0	111	1	163	2	165	3	197	4	107	5	168	6	154	7	142	8	157	9	186	10	140	11	191	12	177	13	149	14	197	15	181	16	165	17	141	18	156	19	175	
	0	189	1	197	2	181	3	153	4	186	5	141	6	125	7	135	8	104	9	155	10	170	11	112	12	182	13	106	14	154	15	121	16	119	17	180	18	132	19	137	
	0	151	1	190	2	109	3	184	4	119	5	170	6	178	7	140	8	178	9	157	10	106	11	180	12	113	13	167	14	134	15	160	16	145	17	171	18	128	19	110	
	0	188	1	110	2	138	3	163	4	194	5	152	6	185	7	105	8	143	9	146	10	183	11	145	12	196	13	171	14	148	15	110	16	138	17	172	18	105	19	152	
	0	122	1	168	2	139	3	120	4	142	5	105	6	151	7	101	8	169	9	197	10	160	11	100	12	168	13	157	14	129	15	145	16	188	17	128	18	110	19	153	
	0	128	1	197	2	197	3	112	4	119	5	158	6	187	7	180	8	171	9	189	10	101	11	146	12	199	13	153	14	108	15	177	16	110	17	118	18	173	19	152	
	0	109	1	174	2	130	3	152	4	126	5	152	6	127	7	102	8	120	9	187	10	136	11	149	12	128	13	149	14	197	15	172	16	173	17	175	18	156	19	192	
	0	136	1	160	2	178	3	172	4	191	5	172	6	137	7	132	8	160	9	142	10	174	11	162	12	134	13	131	14	100	15	171	16	192	17	172	18	177	19	111	
	0	141	1	128	2	105	3	168	4	129	5	190	6	136	7	133	8	154	9	113	10	104	11	140	12	171	13	165	14	149	15	152	16	182	17	166	18	110	19	181	
	0	157	1	141	2	190	3	126	4	124	5	164	6	199	7	117	8	173	9	151	10	138	11	171	12	192	13	137	14	187	15	128	16	122	17	184	18	164	19	105	
	0	142	1	108	2	143	3	117	4	159	5	159	6	133	7	149	8	153	9	191	10	183	11	104	12	195	13	151	14	143	15	100	16	146	17	171	18	179	19	154	
	0	105	1	174	2	114	3	171	4	113	5	106	6	164	7	179	8	127	9	135	10	189	11	122	12	156	13	181	14	145	15	174	16	116	17	140	18	175	19	108	
	0	144	1	142	2	120	3	196	4	155	5	176	6	164	7	152	8	125	9	191	10	132	11	118	12	144	13	170	14	162	15	105	16	175	17	108	18	102	19	117	
	0	148	1	147	2	166	3	151	4	161	5	132	6	114	7	145	8	182	9	103	10	162	11	176	12	123	13	144	14	121	15	127	16	158	17	120	18	162	19	123	
	0	197	1	182	2	102	3	176	4	114	5	197	6	186	7	107	8	131	9	154	10	146	11	168	12	173	13	156	14	163	15	188	16	112	17	108	18	110	19	148	
	0	190	1	140	2	155	3	133	4	157	5	140	6	161	7	127	8	147	9	175	10	127	11	132	12	145	13	104	14	140	15	161	16	104	17	193	18	132	19	184	
	0	176	1	177	2	152	3	170	4	126	5	158	6	101	7	110	8	154	9	174	10	140	11	104	12	142	13	127	14	157	15	199	16	195	17	127	18	166	19	100	
	0	150	1	149	2	127	3	107	4	190	5	106	6	192	7	189	8	120	9	124	10	126	11	165	12	136	13	169	14	196	15	169	16	144	17	109	18	163	19	148	
	0	127	1	137	2	126	3	169	4	104	5	196	6	108	7	179	8	101	9	176	10	170	11	104	12	103	13	186	14	120	15	181	16	187	17	152	18	132	19	152	
	0	100	1	176	2	188	3	157	4	124	5	153	6	130	7	195	8	102	9	113	10	129	11	162	12	158	13	110	14	162	15	142	16	123	17	111	18	157	19	148	
	0	186	1	108	2	146	3	113	4	194	5	138	6	181	7	137	8	194	9	197	10	166	11	109	12	151	13	111	14	109	15	120	16	151	17	137	18	142	19	176	
	0	152	1	142	2	124	3	113	4	164	5	100	6	198	7	188	8	183	9	152	10	111	11	138	12	123	13	142	14	159	15	108	16	192	17	178	18	175	19	159	
	0	149	1	165	2	164	3	189	4	129	5	119	6	153	7	134	8	179	9	159	10	184	11	190	12	114	13	193	14	108	15	152	16	197	17	132	18	148	19	184	
	0	112	1	183	2	135	3	129	4	123	5	103	6	111	7	181	8	123	9	164	10	164	11	139	12	104	13	130	14	163	15	188	16	191	17	118	18	113	19	188	
	0	113	1	128	2	151	3	103	4	136	5	116	6	167	7	135	8	144	9	178	10	137	11	175	12	179	13	164	14	183	15	174	16	167	17	166	18	103	19	176	
	0	153	1	189	2	100	3	182	4	176	5	181	6	156	7	146	8	159	9	114	10	196	11	185	12	192	13	142	14	165	15	196	16	102	17	144	18	100	19	194	
	0	170	1	145	2	185	3	112	4	110	5	135	6	122	7	136	8	147	9	192	10	123	11	196	12	197	13	141	14	190	15	107	16	109	17	156	18	189	19	146	
	0	143	1	102	2	159	3	129	4	118	5	193	6	172	7	129	8	161	9	133	10	148	11	126	12	115	13	173	14	136	15	145	16	179	17	173	18	122	19	151	
	0	150	1	153	2	131	3	147	4	191	5	141	6	130	7	126	8	155	9	103	10	163	11	106	12	157	13	181	14	133	15	160	16	180	17	132	18	137	19	198	
	0	195	1	160	2	185	3	197	4	142	5	151	6	110	7	100	8	153	9	192	10	179	11	168	12	126	13	112	14	146	15	143	16	163	17	139	18	176	19	152	
	0	141	1	105	2	173	3	100	4	191	5	113	6	190	7	119	8	177	9	192	10	161	11	118	12	178	13	179	14	198	15	122	16	124	17	187	18	175	19	107	
	0	156	1	137	2	121	3	150	4	116	5	125	6	174	7	193	8	126	9	152	10	101	11	168	12	192	13	199	14	165	15	101	16	144	17	185	18	103	19	125	
	0	119	1	164	2	138	3	106	4	101	5	187	6	152	7	142	8	153	9	140	10	167	11	162	12	104	13	160	14	185	15	109	16	191	17	161	18	126	19	120	
	0	150	1	153	2	141	3	102	4	163	5	144	6	182	7	124	8	136	9	124	10	135	11	186	12	139	13	121	14	137	15	146	16	148	17	189	18	190	19	131	
	0	164	1	118	2	125	3	107	4	141	5	134	6	135	7	153	8	193	9	140	10	189	11	141	12	153	13	136	14	167	15	110	16	187	17	133	18	116	19	127	
	0	104	1	112	2	147	3	187	4	188	5	163	6	174	7	138	8	103	9	183	10	181	11	120	12	194	13	182	14	115	15	168	16	103	17	169	18	190	19	171	
	0	175	1	169	2	185	3	137	4	106	5	103	6	111	7	145	8	188	9	114	10	158	11	116	12	122	13	152	14	118	15	159	16	123	17	148	18	101	19	194	
	0	179	1	151	2	164	3	169	4	119	5	164	6	175	7	166	8	147	9	154	10	158	11	158	12	168	13	145	14	132	15	130	16	125	17	180	18	198	19	146	
	0	185	1	146	2	153	3	112	4	148	5	196	6	168	7	158	8	192	9	147	10	101	11	165	12	194	13	143	14	151	15	187	16	138	17	195	18	119	19	113	
	0	180	1	194	2	119	3	106	4	165	5	111	6	191	7	156	8	162	9	133	10	147	11	177	12	100	13	117	14	106	15	171	16	153	17	104	18	186	19	128	
	0	106	1	182	2	100	3	104	4	122	5	149	6	159	7	181	8	132	9	196	10	157	11	145	12	122	13	135	14	122	15	176	16	118	17	184	18	110	19	153	
	0	141	1	172	2	122	3	162	4	122	5	104	6	127	7	104	8	161	9	176	10	123	11	118	12	174	13	141	14	100	15	127	16	190	17	139	18	111	19	195	
	0	137	1	126	2	178	3	162	4	125	5	131	6	115	7	123	8	170	9	107	10	173	11	167	12	147	13	171	14	164	15	134	16	142	17	126	18	153	19	173	
	0	100	1	176	2	108	3	111	4	144	5	129	6	179	7	146	8	138	9	155	10	116	11	157	12	140	13	142	14	154	15	147	16	101	17	140	18	105	19	119	
	0	166	1	169	2	176	3	195	4	146	5	109	6	153	7	176	8	146	9	161	10	136	11	116	12	190	13	152	14	116	15	199	16	171	17	142	18	131	19	152	
	0	134	1	168	2	109	3	152	4	126	5	127	6	189	7	141	8	182	9	132	10	156	11	116	12	102	13	177	14	163	15	101	16	172	17	121	18	199	19	173	
	0	166	1	190	2	168	3	102	4	140	5	128	6	123	7	195	8	172	9	179	10	126	11	190	12	111	13	181	14	186	15	131	16	154	17	174	18	199	19	112	
	0	125	1	149	2	197	3	175	4	185	5	160	6	150	7	149	8	144	9	141	10	152	11	167	12	152	13	123	14	177	15	179	16	104	17	164	18	114	19	118	
	0	103	1	116	2	122	3	148	4	143	5	164	6	184	7	178	8	154	9	122	10	100	11	107	12	149	13	157	14	123	15	163	16	112	17	193	18	140	19	126	
	0	182	1	192	2	100	3	112	4	146	5	180	6	143	7	138	8	132	9	160	10	108	11	180	12	107	13	195	14	184	15	162	16	148	17	104	18	110	19	162	
	0	163	1	172	2	108	3	104	4	174	5	122	6	178	7	124	8	127	9	121	10	195	11	121	12	131	13	113	14	186	15	135	16	125	17	152	18	105	19	172	
	0	175	1	172	2	158	3	185	4	137	5	145	6	116	7	140	8	133	9	173	10	121	11	162	12	160	13	152	14	198	15	165	16	136	17	194	18	155	19	131	
	0	105	1	172	2	141	3	198	4	157	5	102	6	102	7	145	8	148	9	160	10	177	11	153	12	185	13	156	14	107	15	138	16	181	17	124	18	134	19	133	
	0	166	1	186	2	148	3	162	4	103	5	193	6	196	7	175	8	159	9	116	10	129	11	139	12	143	13	165	14	168	15	133	16	174	17	174	18	161	19	109	
	0	136	1	191	2	161	3	105	4	146	5	105	6	168	7	166	8	170	9	128	10	174	11	138	12	191	13	141	14	120	15	114	16	121	17	167	18	148	19	165	
	0	143	1	127	2	177	3	192	4	145	5	156	6	186	7	178	8	132	9	149	10	166	11	111	12	125	13	158	14	151	15	192	16	163	17	185	18	116	19	141	
	0	197	1	112	2	127	3	195	4	160	5	185	6	183	7	159	8	185	9	147	10	151	11	113	12	176	13	117	14	166	15	114	16	106	17	186	18	164	19	148	
	0	125	1	155	2	102	3	131	4	174	5	188	6	109	7	109	8	146	9	177	10	159	11	119	12	110	13	173	14	103	15	164	16	122	17	170	18	124	19	168	
	0	113	1	157	2	194	3	141	4	151	5	137	6	133	7	162	8	187	9	163	10	118	11	148	12	136	13	140	14	172	15	122	16	156	17	174	18	176	19	129	
	0	117	1	121	2	150	3	189	4	156	5	183	6	140	7	192	8	123	9	196	10	180	11	193	12	182	13	100	14	111	15	102	16	139	17	143	18	176	19	107	
	0	148	1	186	2	140	3	146	4	177	5	139	6	168	7	138	8	170	9	167	10	188	11	152	12	139	13	158	14	144	15	126	16	128	17	168	18	132	19	125	
	0	105	1	119	2	165	3	150	4	131	5	196	6	167	7	128	8	164	9	139	10	146	11	137	12	128	13	163	14	138	15	157	16	133	17	122	18	123	19	118	
	0	166	1	164	2	141	3	178	4	132	5	174	6	197	7	159	8	186	9	179	10	141	11	101	12	135	13	123	14	115	15	100	16	130	17	174	18	170	19	191	
	0	142	1	192	2	144	3	132	4	196	5	127	6	192	7	171	8	142	9	132	10	152	11	171	12	134	13	108	14	119	15	159	16	100	17	154	18	158	19	150	
	0	133	1	146	2	104	3	177	4	109	5	188	6	169	7	154	8	172	9	126	10	132	11	190	12	181	13	156	14	125	15	105	16	195	17	142	18	182	19	126	
	0	134	1	145	2	176	3	167	4	198	5	172	6	198	7	178	8	168	9	179	10	102	11	169	12	134	13	125	14	158	15	100	16	159	17	122	18	155	19	193	
	0	196	1	123	2	176	3	114	4	166	5	166	6	146	7	131	8	102	9	135	10	195	11	143	12	196	13	198	14	130	15	133	16	176	17	152	18	130	19	188	
	0	198	1	167	2	142	3	103	4	128	5	125	6	197	7	120	8	122	9	101	10	170	11	199	12	131	13	106	14	160	15	103	16	167	17	194	18	137	19	167	
	0	177	1	199	2	133	3	102	4	160	5	177	6	110	7	141	8	149	9	199	10	162	11	181	12	188	13	100	14	109	15	197	16	176	17	142	18	174	19	175	
	0	104	1	125	2	161	3	114	4	161	5	110	6	115	7	197	8	126	9	160	10	105	11	191	12	144	13	173	14	162	15	122	16	166	17	143	18	165	19	120	
	0	156	1	157	2	104	3	192	4	192	5	148	6	144	7	126	8	166	9	107	10	177	11	130	12	139	13	110	14	196	15	158	16	165	17	124	18	140	19	151	
	0	138	1	128	2	107	3	109	4	146	5	102	6	159	7	189	8	134	9	120	10	142	11	196	12	123	13	151	14	198	15	147	16	176	17	153	18	110	19	162	
	0	142	1	176	2	129	3	100	4	102	5	164	6	148	7	145	8	196	9	151	10	132	11	107	12	107	13	146	14	166	15	188	16	136	17	122	18	109	19	193	
	0	117	1	100	2	154	3	160	4	131	5	169	6	109	7	116	8	196	9	169	10	119	11	169	12	143	13	194	14	144	15	147	16	181	17	104	18	157	19	105	
	0	106	1	132	2	144	3	199	4	117	5	158	6	107	7	109	8	197	9	195	10	122	11	143	12	173	13	119	14	164	15	169	16	136	17	186	18	186	19	124	
	0	142	1	182	2	120	3	180	4	182	5	193	6	185	7	137	8	132	9	184	10	161	11	181	12	130	13	179	14	190	15	120	16	120	17	188	18	173	19	186	
	0	147	1	184	2	131	3	111	4	108	5	170	6	104	7	165	8	141	9	111	10	187	11	171	12	191	13	115	14	168	15	162	16	110	17	104	18	175	19	115	
	0	148	1	185	2	103	3	121	4	153	5	119	6	199	7	109	8	189	9	169	10	172	11	182	12	111	13	127	14	164	15	108	16	141	17	103	18	183	19	187	
	0	147	1	195	2	117	3	108	4	104	5	199	6	196	7	167	8	132	9	180	10	139	11	133	12	135	13	115	14	108	15	114	16	103	17	152	18	175	19	104	
	0	123	1	163	2	161	3	150	4	144	5	180	6	105	7	159	8	192	9	187	10	184	11	195	12	157	13	127	14	100	15	121	16	124	17	132	18	155	19	163	
	0	156	1	116	2	122	3	199	4	155	5	107	6	138	7	111	8	111	9	127	10	138	11	127	12	137	13	163	14	183	15	155	16	112	17	144	18	161	19	144	
	0	181	1	154	2	140	3	137	4	192	5	154	6	108	7	104	8	126	9	197	10	181	11	111	12	154	13	173	14	134	15	136	16	163	17	131	18	164	19	192	
	0	150	1	152	2	112	3	163	4	105	5	141	6	171	7	166	8	128	9	187	10	126	11	119	12	117	13	141	14	198	15	134	16	168	17	101	18	140	19	174	
	0	189	1	181	2	171	3	154	4	141	5	162	6	196	7	105	8	122	9	172	10	111	11	173	12	104	13	102	14	140	15	188	16	170	17	138	18	144	19	154	
	0	199	1	196	2	183	3	100	4	134	5	134	6	166	7	149	8	189	9	199	10	110	11	154	12	182	13	102	14	116	15	116	16	117	17	128	18	144	19	130	
	0	107	1	147	2	178	3	159	4	144	5	109	6	156	7	189	8	169	9	132	10	114	11	192	12	110	13	147	14	195	15	146	16	134	17	103	18	153	19	183	
	0	146	1	165	2	169	3	198	4	150	5	171	6	177	7	118	8	196	9	198	10	190	11	163	12	135	13	150	14	190	15	113	16	199	17	134	18	163	19	124	
	0	128	1	104	2	190	3	187	4	193	5	141	6	160	7	194	8	100	9	130	10	183	11	194	12	136	13	102	14	196	15	180	16	154	17	172	18	145	19	187	
	0	172	1	169	2	142	3	124	4	135	5	139	6	102	7	107	8	137	9	177	10	136	11	135	12	161	13	191	14	199	15	139	16	171	17	146	18	136	19	180	
	0	184	1	133	2	106	3	156	4	190	5	195	6	181	7	137	8	156	9	137	10	196	11	199	12	142	13	165	14	128	15	136	16	156	17	196	18	190	19	178	
	0	181	1	125	2	148	3	143	4	195	5	183	6	198	7	156	8	185	9	181	10	132	11	128	12	178	13	198	14	132	15	137	16	101	17	156	18	102	19	185	
	0	130	1	122	2	147	3	198	4	153	5	189	6	127	7	152	8	189	9	179	10	119	11	141	12	136	13	139	14	120	15	195	16	105	17	193	18	142	19	154	
	0	151	1	139	2	184	3	133	4	130	5	183	6	113	7	103	8	141	9	108	10	176	11	151	12	131	13	191	14	129	15	165	16	162	17	189	18	169	19	164	
	0	106	1	142	2	120	3	188	4	110	5	166	6	134	7	157	8	170	9	194	10	163	11	130	12	153	13	199	14	176	15	189	16	157	17	190	18	100	19	164	
	0	153	1	139	2	131	3	165	4	175	5	140	6	183	7	159	8	125	9	122	10	168	11	100	12	195	13	119	14	102	15	187	16	130	17	151	18	175	19	143	
	0	175	1	164	2	102	3	187	4	154	5	146	6	104	7	126	8	109	9	169	10	193	11	179	12	194	13	170	14	155	15	105	16	163	17	185	18	120	19	192	
	0	189	1	124	2	186	3	103	4	160	5	197	6	128	7	107	8	169	9	173	10	147	11	142	12	109	13	193	14	134	15	118	16	146	17	111	18	144	19	185	
	0	128	1	123	2	121	3	108	4	108	5	169	6	128	7	148	8	105	9	198	10	192	11	157	12	115	13	178	14	193	15	123	16	185	17	163	18	122	19	199	
	0	170	1	177	2	158	3	194	4	149	5	171	6	168	7	170	8	191	9	171	10	148	11	161	12	149	13	159	14	107	15	184	16	130	17	115	18	114	19	133	
	0	167	1	187	2	144	3	153	4	111	5	112	6	186	7	102	8	147	9	107	10	137	11	195	12	199	13	134	14	163	15	147	16	125	17	168	18	171	19	170	
	0	119	1	182	2	155	3	128	4	100	5	127	6	128	7	158	8	145	9	148	10	153	11	166	12	183	13	188	14	163	15	196	16	188	17	171	18	117	19	196	
	0	192	1	176	2	116	3	188	4	133	5	149	6	168	7	172	8	199	9	191	10	131	11	185	12	126	13	162	14	183	15	124	16	198	17	118	18	194	19	174	
	0	109	1	190	2	152	3	105	4	111	5	105	6	162	7	114	8	131	9	111	10	118	11	151	12	170	13	186	14	152	15	153	16	119	17	186	18	100	19	114	
	0	150	1	155	2	197	3	184	4	194	5	154	6	118	7	186	8	193	9	192	10	132	11	197	12	130	13	138	14	129	15	179	16	114	17	106	18	112	19	116	
	0	192	1	143	2	157	3	121	4	136	5	156	6	136	7	102	8	187	9	144	10	194	11	137	12	134	13	170	14	137	15	161	16	144	17	148	18	194	19	134	
	0	103	1	116	2	132	3	165	4	123	5	138	6	106	7	172	8	153	9	103	10	113	11	113	12	194	13	136	14	170	15	143	16	138	17	140	18	125	19	147	
	0	178	1	119	2	144	3	121	4	160	5	175	6	137	7	123	8	171	9	180	10	137	11	147	12	110	13	136	14	150	15	140	16	152	17	174	18	153	19	116	
	0	174	1	112	2	166	3	105	4	166	5	117	6	129	7	129	8	145	9	105	10	185	11	185	12	104	13	100	14	148	15	185	16	158	17	113	18	179	19	111	
	0	105	1	187	2	124	3	114	4	176	5	103	6	138	7	166	8	166	9	129	10	132	11	194	12	123	13	194	14	111	15	176	16	176	17	139	18	193	19	103	
	0	103	1	187	2	143	3	139	4	116	5	191	6	107	7	179	8	158	9	102	10	195	11	191	12	159	13	137	14	163	15	100	16	132	17	137	18	153	19	113	
	0	121	1	180	2	100	3	183	4	122	5	151	6	182	7	191	8	159	9	185	10	144	11	177	12	126	13	154	14	136	15	173	16	118	17	131	18	141	19	197	
	0	131	1	177	2	188	3	113	4	105	5	125	6	102	7	186	8	146	9	190	10	163	11	163	12	125	13	111	14	105	15	171	16	197	17	180	18	153	19	117	
	0	184	1	100	2	140	3	110	4	173	5	154	6	110	7	124	8	184	9	152	10	150	11	195	12	185	13	190	14	110	15	192	16	170	17	132	18	137	19	163	
	0	199	1	114	2	174	3	195	4	137	5	145	6	175	7	122	8	107	9	174	10	152	11	187	12	114	13	152	14	127	15	123	16	100	17	103	18	157	19	187	
	0	120	1	164	2	130	3	159	4	156	5	181	6	142	7	113	8	143	9	113	10	168	11	102	12	193	13	149	14	117	15	130	16	102	17	158	18	134	19	147	
	0	168	1	123	2	142	3	139	4	171	5	124	6	103	7	112	8	167	9	105	10	164	11	138	12	175	13	128	14	197	15	195	16	124	17	114	18	119	19	119	
	0	120	1	184	2	146	3	146	4	126	5	191	6	129	7	179	8	156	9	163	10	186	11	188	12	157	13	180	14	131	15	151	16	165	17	136	18	137	19	196	
	0	198	1	144	2	143	3	197	4	116	5	122	6	183	7	197	8	129	9	168	10	177	11	190	12	120	13	195	14	117	15	100	16	189	17	120	18	176	19	186	
	0	138	1	163	2	183	3	151	4	124	5	106	6	180	7	198	8	108	9	149	10	117	11	169	12	157	13	132	14	183	15	129	16	176	17	186	18	188	19	115	
	0	180	1	109	2	181	3	134	4	148	5	159	6	156	7	156	8	126	9	156	10	150	11	187	12	177	13	143	14	112	15	145	16	107	17	183	18	188	19	109	
	0	133	1	190	2	163	3	153	4	181	5	109	6	119	7	145	8	171	9	103	10	147	11	165	12	188	13	104	14	187	15	172	16	119	17	103	18	102	19	189	
	0	137	1	183	2	153	3	118	4	173	5	107	6	163	7	141	8	149	9	133	10	144	11	187	12	180	13	125	14	195	15	141	16	161	17	107	18	175	19	133	
	0	168	1	126	2	122	3	193	4	161	5	165	6	117	7	103	8	190	9	181	10	184	11	180	12	130	13	141	14	132	15	168	16	153	17	122	18	170	19	117	
	0	118	1	170	2	147	3	136	4	113	5	135	6	169	7	165	8	152	9	170	10	144	11	185	12	184	13	123	14	183	15	157	16	127	17	156	18	142	19	191	
	0	181	1	113	2	199	3	118	4	154	5	195	6	116	7	140	8	178	9	165	10	179	11	123	12	130	13	116	14	125	15	164	16	183	17	150	18	100	19	164	
	0	132	1	187	2	118	3	166	4	107	5	128	6	131	7	142	8	138	9	110	10	159	11	176	12	180	13	188	14	113	15	169	16	199	17	115	18	187	19	175	
	0	135	1	195	2	192	3	100	4	125	5	178	6	111	7	160	8	139	9	194	10	162	11	195	12	157	13	116	14	151	15	175	16	149	17	172	18	111	19	120	
	0	138	1	161	2	126	3	163	4	170	5	121	6	191	7	125	8	183	9	186	10	181	11	119	12	149	13	104	14	190	15	156	16	187	17	147	18	128	19	123	
	0	132	1	166	2	137	3	106	4	145	5	190	6	158	7	184	8	105	9	177	10	105	11	163	12	100	13	138	14	110	15	111	16	144	17	109	18	189	19	136	
	0	125	1	132	2	125	3	190	4	112	5	150	6	125	7	142	8	185	9	141	10	144	11	117	12	195	13	107	14	167	15	125	16	114	17	121	18	164	19	142	
	0	163	1	183	2	122	3	138	4	106	5	189	6	124	7	120	8	105	9	120	10	111	11	196	12	137	13	166	14	115	15	160	16	116	17	182	18	141	19	147	
	0	198	1	103	2	116	3	102	4	148	5	176	6	122	7	120	8	166	9	198	10	191	11	196	12	117	13	119	14	126	15	194	16	182	17	186	18	183	19	179	
	0	126	1	169	2	100	3	182	4	195	5	102	6	176	7	179	8	144	9	182	10	130	11	184	12	198	13	196	14	156	15	171	16	158	17	142	18	167	19	102	
	0	195	1	159	2	110	3	162	4	165	5	125	6	196	7	119	8	103	9	185	10	140	11	123	12	171	13	104	14	186	15	186	16	156	17	149	18	103	19	169	
	0	149	1	198	2	196	3	146	4	197	5	158	6	107	7	155	8	187	9	164	10	143	11	169	12	144	13	129	14	130	15	193	16	167	17	116	18	182	19	101	
	0	153	1	115	2	118	3	100	4	111	5	170	6	164	7	159	8	134	9	116	10	192	11	193	12	154	13	158	14	158	15	112	16	179	17	148	18	105	19	110	
	0	128	1	183	2	152	3	127	4	181	5	189	6	130	7	131	8	112	9	128	10	143	11	116	12	168	13	106	14	197	15	154	16	112	17	171	18	121	19	195	
	0	111	1	137	2	116	3	156	4	104	5	120	6	182	7	105	8	144	9	106	10	134	11	105	12	196	13	130	14	194	15	112	16	170	17	125	18	155	19	146	
	0	156	1	194	2	126	3	191	4	117	5	167	6	102	7	142	8	115	9	122	10	170	11	116	12	198	13	134	14	110	15	144	16	199	17	135	18	174	19	172	
	0	105	1	100	2	119	3	179	4	105	5	118	6	183	7	146	8	116	9	135	10	196	11	130	12	143	13	162	14	141	15	127	16	135	17	135	18	192	19	115	
	0	123	1	195	2	164	3	119	4	191	5	169	6	167	7	171	8	111	9	177	10	164	11	198	12	133	13	193	14	164	15	140	16	128	17	150	18	130	19	111	
	0	197	1	117	2	169	3	109	4	148	5	147	6	154	7	192	8	173	9	180	10	120	11	173	12	198	13	112	14	101	15	100	16	178	17	148	18	158	19	180	
	0	143	1	166	2	158	3	147	4	111	5	143	6	176	7	100	8	132	9	139	10	175	11	104	12	139	13	165	14	103	15	177	16	188	17	134	18	150	19	138	
	0	125	1	144	2	125	3	145	4	164	5	162	6	150	7	158	8	135	9	125	10	143	11	188	12	171	13	143	14	161	15	102	16	137	17	173	18	191	19	132	
	0	110	1	173	2	105	3	125	4	109	5	161	6	109	7	137	8	123	9	178	10	149	11	132	12	194	13	161	14	139	15	182	16	119	17	144	18	191	19	166	
	0	175	1	138	2	155	3	198	4	133	5	192	6	149	7	153	8	170	9	167	10	185	11	187	12	158	13	175	14	178	15	110	16	107	17	135	18	168	19	158	
	0	152	1	140	2	188	3	112	4	156	5	181	6	107	7	188	8	181	9	163	10	116	11	128	12	188	13	105	14	186	15	158	16	187	17	160	18	182	19	154	
	0	151	1	109	2	171	3	113	4	191	5	153	6	160	7	146	8	177	9	138	10	135	11	110	12	124	13	119	14	176	15	100	16	160	17	126	18	189	19	107	
	0	175	1	102	2	125	3	104	4	180	5	152	6	146	7	124	8	170	9	119	10	180	11	182	12	102	13	171	14	101	15	139	16	158	17	161	18	128	19	171	
	0	164	1	197	2	138	3	199	4	191	5	148	6	104	7	196	8	160	9	122	10	187	11	192	12	144	13	107	14	106	15	158	16	162	17	106	18	166	19	125	
	0	137	1	198	2	187	3	196	4	149	5	105	6	198	7	168	8	139	9	192	10	151	11	179	12	102	13	170	14	166	15	185	16	144	17	150	18	163	19	194	
	0	162	1	103	2	115	3	186	4	189	5	146	6	178	7	185	8	174	9	150	10	119	11	124	12	197	13	137	14	147	15	122	16	131	17	195	18	138	19	180	
	0	105	1	176	2	119	3	178	4	177	5	112	6	118	7	186	8	132	9	158	10	185	11	192	12	117	13	167	14	129	15	197	16	190	17	136	18	107	19	167	
	0	117	1	122	2	163	3	153	4	170	5	107	6	184	7	162	8	116	9	190	10	110	11	139	12	153	13	173	14	189	15	138	16	140	17	194	18	139	19	144	
	0	146	1	100	2	105	3	107	4	113	5	148	6	148	7	110	8	162	9	160	10	135	11	197	12	177	13	157	14	117	15	136	16	143	17	121	18	157	19	141	
	0	128	1	116	2	141	3	122	4	183	5	170	6	173	7	165	8	187	9	138	10	156	11	158	12	179	13	127	14	113	15	179	16	194	17	164	18	152	19	108	
	0	142	1	111	2	140	3	186	4	196	5	163	6	178	7	162	8	161	9	198	10	164	11	195	12	119	13	114	14	139	15	192	16	138	17	140	18	150	19	117	
	0	182	1	151	2	174	3	169	4	115	5	127	6	183	7	112	8	124	9	166	10	166	11	135	12	193	13	177	14	104	15	129	16	132	17	172	18	125	19	118	
	0	148	1	175	2	183	3	168	4	185	5	100	6	189	7	189	8	171	9	158	10	178	11	119	12	165	13	121	14	144	15	139	16	138	17	185	18	129	19	170	
	0	104	1	102	2	149	3	111	4	165	5	117	6	160	7	121	8	179	9	108	10	147	11	136	12	127	13	163	14	135	15	159	16	163	17	158	18	142	19	137	
	0	101	1	109	2	104	3	150	4	189	5	128	6	158	7	162	8	167	9	157	10	145	11	156	12	197	13	155	14	197	15	129	16	156	17	187	18	156	19	127	
	0	176	1	158	2	123	3	117	4	167	5	107	6	184	7	145	8	140	9	165	10	191	11	197	12	134	13	112	14	195	15	125	16	192	17	100	18	120	19	125	
	0	163	1	102	2	180	3	103	4	178	5	187	6	143	7	124	8	130	9	152	10	184	11	139	12	151	13	100	14	165	15	132	16	168	17	194	18	178	19	138	
	0	199	1	167	2	183	3	136	4	148	5	156	6	129	7	107	8	108	9	185	10	184	11	149	12	169	13	184	14	126	15	131	16	109	17	105	18	162	19	156	
	0	145	1	100	2	180	3	149	4	141	5	169	6	178	7	165	8	133	9	153	10	181	11	106	12	158	13	169	14	199	15	159	16	143	17	160	18	168	19	133	
	0	196	1	179	2	111	3	133	4	158	5	177	6	155	7	123	8	145	9	173	10	179	11	181	12	178	13	174	14	156	15	156	16	168	17	153	18	173	19	113	
	0	139	1	120	2	101	3	112	4	149	5	172	6	182	7	140	8	136	9	177	10	125	11	135	12	128	13	114	14	163	15	177	16	178	17	134	18	135	19	185	
	0	195	1	163	2	137	3	180	4	120	5	179	6	131	7	101	8	110	9	164	10	187	11	186	12	126	13	173	14	114	15	138	16	158	17	146	18	148	19	133	
	0	175	1	127	2	100	3	136	4	188	5	102	6	151	7	105	8	140	9	165	10	102	11	103	12	169	13	107	14	113	15	112	16	109	17	106	18	103	19	108	
	0	110	1	186	2	119	3	122	4	181	5	103	6	112	7	190	8	130	9	197	10	118	11	113	12	124	13	141	14	161	15	170	16	169	17	187	18	180	19	130	
	0	125	1	138	2	139	3	130	4	109	5	109	6	186	7	146	8	186	9	120	10	166	11	169	12	192	13	120	14	137	15	181	16	165	17	196	18	126	19	181	
	0	154	1	167	2	139	3	105	4	118	5	111	6	144	7	179	8	141	9	157	10	189	11	143	12	165	13	112	14	140	15	142	16	117	17	185	18	168	19	104	
	0	135	1	108	2	178	3	152	4	172	5	172	6	166	7	165	8	169	9	148	10	118	11	154	12	165	13	118	14	111	15	108	16	134	17	106	18	149	19	116	
	0	170	1	156	2	135	3	168	4	140	5	172	6	163	7	118	8	119	9	199	10	136	11	196	12	159	13	115	14	117	15	128	16	150	17	103	18	169	19	188	
	0	158	1	197	2	106	3	179	4	147	5	196	6	143	7	122	8	187	9	118	10	104	11	177	12	151	13	172	14	196	15	138	16	121	17	190	18	158	19	124	
	0	170	1	135	2	109	3	197	4	131	5	168	6	184	7	118	8	131	9	153	10	119	11	137	12	156	13	180	14	164	15	126	16	132	17	143	18	155	19	111	
	0	127	1	130	2	177	3	121	4	144	5	161	6	135	7	115	8	108	9	112	10	111	11	174	12	102	13	161	14	191	15	180	16	118	17	156	18	152	19	138	
	0	197	1	122	2	131	3	149	4	111	5	171	6	102	7	144	8	112	9	181	10	121	11	136	12	119	13	195	14	199	15	126	16	177	17	144	18	150	19	117	
	0	127	1	113	2	147	3	173	4	160	5	125	6	119	7	136	8	113	9	134	10	155	11	140	12	178	13	146	14	117	15	182	16	158	17	126	18	153	19	181	
	0	144	1	180	2	108	3	192	4	146	5	196	6	148	7	186	8	146	9	155	10	141	11	112	12	116	13	143	14	142	15	156	16	166	17	159	18	193	19	149	
	0	156	1	127	2	178	3	151	4	161	5	170	6	194	7	102	8	154	9	124	10	121	11	132	12	106	13	191	14	197	15	111	16	154	17	190	18	134	19	193	
	0	140	1	155	2	104	3	166	4	159	5	154	6	164	7	105	8	154	9	139	10	148	11	171	12	179	13	139	14	136	15	121	16	102	17	152	18	189	19	108	
	0	114	1	110	2	166	3	130	4	124	5	161	6	110	7	169	8	152	9	184	10	147	11	161	12	106	13	193	14	144	15	185	16	138	17	183	18	109	19	146	
	0	159	1	173	2	188	3	130	4	193	5	177	6	163	7	112	8	141	9	141	10	139	11	169	12	128	13	127	14	192	15	191	16	125	17	124	18	159	19	107	
	0	147	1	175	2	101	3	189	4	135	5	135	6	157	7	140	8	163	9	178	10	161	11	100	12	173	13	102	14	113	15	103	16	194	17	101	18	110	19	196	
	0	195	1	174	2	159	3	112	4	153	5	164	6	199	7	179	8	113	9	179	10	154	11	148	12	116	13	198	14	105	15	188	16	113	17	138	18	193	19	180	
	0	154	1	122	2	116	3	159	4	124	5	144	6	172	7	161	8	160	9	184	10	180	11	195	12	158	13	173	14	158	15	169	16	180	17	184	18	118	19	158	
	0	188	1	170	2	150	3	152	4	191	5	170	6	119	7	195	8	108	9	155	10	142	11	156	12	149	13	179	14	109	15	174	16	156	17	136	18	181	19	153	
	0	161	1	138	2	135	3	123	4	108	5	156	6	182	7	168	8	127	9	160	10	115	11	123	12	123	13	124	14	120	15	196	16	160	17	198	18	183	19	166	
	0	182	1	164	2	136	3	152	4	166	5	183	6	174	7	187	8	190	9	111	10	142	11	130	12	134	13	118	14	149	15	138	16	136	17	117	18	154	19	182	
	0	183	1	159	2	177	3	168	4	132	5	191	6	146	7	195	8	194	9	135	10	101	11	108	12	176	13	147	14	174	15	192	16	153	17	151	18	149	19	140	
	0	136	1	155	2	182	3	172	4	142	5	129	6	104	7	126	8	190	9	126	10	179	11	182	12	143	13	130	14	111	15	127	16	161	17	122	18	172	19	157	
	0	177	1	148	2	120	3	162	4	111	5	182	6	128	7	117	8	175	9	165	10	148	11	194	12	136	13	181	14	110	15	127	16	106	17	162	18	146	19	147	
	0	166	1	153	2	164	3	144	4	156	5	173	6	194	7	197	8	157	9	169	10	176	11	118	12	179	13	182	14	134	15	197	16	150	17	139	18	119	19	101	
	0	192	1	145	2	153	3	188	4	145	5	150	6	172	7	155	8	186	9	198	10	164	11	191	12	124	13	108	14	190	15	105	16	190	17	179	18	178	19	105	
	0	112	1	172	2	117	3	119	4	162	5	137	6	134	7	170	8	117	9	188	10	150	11	175	12	144	13	142	14	121	15	136	16	115	17	116	18	172	19	177	
	0	177	1	164	2	182	3	156	4	181	5	105	6	147	7	175	8	152	9	148	10	172	11	188	12	142	13	155	14	172	15	107	16	139	17	192	18	115	19	156	
	0	176	1	103	2	146	3	176	4	194	5	157	6	192	7	180	8	158	9	105	10	125	11	160	12	140	13	121	14	132	15	107	16	119	17	142	18	190	19	109	
	0	136	1	129	2	158	3	171	4	135	5	166	6	179	7	182	8	181	9	191	10	199	11	178	12	123	13	151	14	130	15	190	16	195	17	185	18	122	19	121	
	0	199	1	159	2	199	3	161	4	111	5	172	6	186	7	156	8	128	9	166	10	180	11	112	12	155	13	130	14	184	15	164	16	183	17	185	18	162	19	177	
	0	153	1	135	2	104	3	103	4	170	5	199	6	198	7	196	8	139	9	119	10	175	11	111	12	124	13	156	14	162	15	103	16	197	17	122	18	163	19	127	
	0	191	1	124	2	116	3	178	4	168	5	158	6	176	7	147	8	135	9	160	10	140	11	111	12	199	13	168	14	175	15	112	16	118	17	129	18	199	19	130	
	0	129	1	167	2	127	3	169	4	167	5	190	6	192	7	114	8	103	9	170	10	153	11	131	12	124	13	138	14	155	15	101	16	193	17	122	18	177	19	186	
	0	178	1	167	2	145	3	140	4	174	5	177	6	132	7	109	8	101	9	156	10	157	11	116	12	114	13	163	14	190	15	117	16	187	17	199	18	178	19	102	
	0	177	1	105	2	119	3	177	4	120	5	143	6	156	7	164	8	190	9	125	10	167	11	179	12	112	13	158	14	122	15	132	16	171	17	151	18	103	19	125	
	0	125	1	199	2	190	3	119	4	117	5	178	6	191	7	181	8	180	9	190	10	142	11	179	12	150	13	187	14	104	15	161	16	109	17	142	18	167	19	160	
	0	165	1	163	2	153	3	135	4	125	5	117	6	166	7	144	8	125	9	129	10	188	11	154	12	137	13	140	14	180	15	190	16	171	17	186	18	168	19	114	
	0	138	1	194	2	191	3	142	4	155	5	126	6	125	7	111	8	157	9	197	10	149	11	191	12	172	13	118	14	141	15	178	16	117	17	165	18	113	19	103	
	0	182	1	172	2	163	3	170	4	177	5	190	6	199	7	114	8	192	9	151	10	135	11	188	12	197	13	169	14	102	15	130	16	164	17	197	18	115	19	186	
	0	166	1	123	2	133	3	192	4	127	5	147	6	177	7	199	8	197	9	116	10	160	11	157	12	196	13	115	14	100	15	198	16	110	17	165	18	158	19	134	
	0	164	1	178	2	101	3	142	4	170	5	122	6	190	7	156	8	168	9	102	10	112	11	176	12	166	13	116	14	155	15	139	16	112	17	121	18	122	19	116	
	0	191	1	191	2	182	3	182	4	127	5	167	6	190	7	105	8	158	9	181	10	181	11	177	12	158	13	103	14	159	15	133	16	119	17	153	18	183	19	102	
	0	192	1	118	2	141	3	135	4	108	5	140	6	144	7	181	8	141	9	125	10	149	11	183	12	161	13	126	14	100	15	147	16	177	17	155	18	135	19	153	
	0	139	1	134	2	112	3	166	4	179	5	125	6	131	7	113	8	138	9	157	10	166	11	102	12	120	13	156	14	138	15	196	16	144	17	195	18	180	19	141	
	0	134	1	130	2	104	3	177	4	118	5	134	6	165	7	187	8	120	9	132	10	169	11	152	12	116	13	120	14	129	15	170	16	166	17	173	18	142	19	106	
	0	186	1	188	2	151	3	131	4	123	5	180	6	127	7	154	8	171	9	145	10	182	11	171	12	133	13	146	14	176	15	114	16	182	17	173	18	170	19	187	
	0	128	1	149	2	121	3	187	4	113	5	119	6	137	7	155	8	196	9	158	10	140	11	188	12	155	13	193	14	184	15	126	16	154	17	151	18	176	19	123	
	0	143	1	134	2	158	3	163	4	120	5	189	6	104	7	141	8	109	9	108	10	161	11	181	12	194	13	159	14	164	15	170	16	122	17	143	18	186	19	112	
	0	141	1	152	2	137	3	198	4	141	5	104	6	183	7	122	8	128	9	145	10	164	11	173	12	118	13	146	14	168	15	142	16	123	17	188	18	182	19	175	
	0	163	1	184	2	137	3	103	4	134	5	150	6	120	7	169	8	191	9	132	10	115	11	186	12	100	13	129	14	116	15	153	16	129	17	101	18	136	19	167	
	0	187	1	165	2	137	3	189	4	111	5	161	6	121	7	195	8	111	9	190	10	193	11	157	12	133	13	143	14	196	15	100	16	148	17	157	18	186	19	135	
	0	152	1	114	2	109	3	143	4	178	5	102	6	147	7	197	8	101	9	136	10	154	11	153	12	136	13	156	14	105	15	107	16	170	17	115	18	121	19	118	
	0	112	1	172	2	101	3	196	4	117	5	147	6	154	7	105	8	159	9	164	10	158	11	129	12	170	13	125	14	187	15	177	16	107	17	190	18	121	19	162	
	0	111	1	169	2	137	3	129	4	166	5	193	6	142	7	174	8	139	9	192	10	143	11	156	12	190	13	186	14	185	15	195	16	105	17	198	18	191	19	121	
	0	112	1	168	2	112	3	155	4	140	5	177	6	106	7	107	8	163	9	186	10	189	11	144	12	106	13	120	14	122	15	170	16	107	17	185	18	118	19	136	
	0	126	1	124	2	187	3	104	4	128	5	123	6	195	7	104	8	148	9	122	10	148	11	116	12	106	13	141	14	144	15	161	16	149	17	198	18	148	19	170	
	0	153	1	189	2	124	3	198	4	182	5	193	6	108	7	132	8	116	9	199	10	186	11	195	12	192	13	123	14	181	15	150	16	195	17	156	18	129	19	157	
	0	110	1	185	2	100	3	166	4	118	5	158	6	165	7	154	8	107	9	116	10	120	11	145	12	125	13	189	14	199	15	125	16	103	17	144	18	172	19	171	
	0	180	1	144	2	115	3	148	4	171	5	126	6	106	7	134	8	138	9	148	10	192	11	140	12	187	13	181	14	196	15	176	16	172	17	115	18	117	19	136	
	0	170	1	164	2	180	3	180	4	153	5	174	6	156	7	137	8	122	9	189	10	145	11	196	12	125	13	192	14	107	15	146	16	161	17	119	18	114	19	153	
	0	179	1	195	2	128	3	189	4	164	5	105	6	107	7	145	8	104	9	118	10	114	11	177	12	164	13	180	14	140	15	147	16	191	17	105	18	120	19	174	
	0	125	1	156	2	187	3	174	4	172	5	126	6	123	7	183	8	125	9	167	10	128	11	126	12	180	13	179	14	129	15	130	16	195	17	188	18	154	19	197	
	0	117	1	160	2	182	3	182	4	162	5	129	6	184	7	155	8	111	9	169	10	103	11	127	12	102	13	113	14	171	15	121	16	168	17	158	18	138	19	105	
	0	175	1	134	2	136	3	193	4	157	5	161	6	115	7	129	8	154	9	136	10	136	11	176	12	184	13	172	14	171	15	142	16	109	17	172	18	117	19	174	
	0	115	1	135	2	185	3	185	4	104	5	101	6	120	7	122	8	195	9	173	10	158	11	153	12	119	13	149	14	151	15	103	16	183	17	128	18	154	19	143	
	0	132	1	112	2	141	3	139	4	136	5	107	6	146	7	179	8	112	9	143	10	131	11	147	12	101	13	195	14	198	15	188	16	199	17	138	18	143	19	100	
	0	114	1	111	2	162	3	111	4	190	5	122	6	128	7	115	8	122	9	185	10	186	11	192	12	185	13	167	14	170	15	117	16	102	17	104	18	123	19	119	
	0	191	1	147	2	196	3	183	4	141	5	120	6	177	7	124	8	115	9	193	10	131	11	179	12	188	13	151	14	109	15	163	16	126	17	155	18	107	19	133	
	0	189	1	103	2	195	3	172	4	137	5	191	6	158	7	186	8	130	9	128	10	170	11	107	12	178	13	197	14	126	15	104	16	149	17	178	18	136	19	113	
	0	164	1	158	2	164	3	107	4	182	5	189	6	173	7	136	8	153	9	134	10	189	11	173	12	130	13	148	14	196	15	182	16	137	17	147	18	194	19	199	
	0	119	1	194	2	159	3	115	4	101	5	127	6	109	7	125	8	187	9	179	10	186	11	142	12	126	13	142	14	195	15	161	16	104	17	198	18	184	19	103	
	0	154	1	192	2	189	3	160	4	198	5	184	6	195	7	112	8	163	9	163	10	133	11	107	12	179	13	172	14	134	15	174	16	185	17	199	18	176	19	118	
	0	195	1	196	2	186	3	188	4	146	5	139	6	175	7	108	8	113	9	190	10	108	11	188	12	137	13	198	14	112	15	189	16	196	17	104	18	182	19	120	
	0	137	1	135	2	183	3	134	4	187	5	114	6	171	7	118	8	104	9	123	10	175	11	144	12	107	13	139	14	145	15	191	16	107	17	143	18	153	19	104	
	0	122	1	112	2	123	3	103	4	158	5	147	6	105	7	180	8	194	9	119	10	102	11	138	12	134	13	111	14	165	15	104	16	194	17	177	18	162	19	129	
	0	112	1	197	2	131	3	182	4	108	5	104	6	192	7	171	8	193	9	192	10	144	11	110	12	163	13	197	14	142	15	115	16	173	17	194	18	153	19	157	
	0	141	1	194	2	184	3	168	4	198	5	195	6	122	7	134	8	118	9	197	10	146	11	164	12	104	13	127	14	123	15	100	16	109	17	106	18	113	19	123	
	0	108	1	115	2	196	3	129	4	108	5	188	6	173	7	186	8	111	9	145	10	114	11	101	12	144	13	177	14	126	15	140	16	161	17	155	18	163	19	191	
	0	123	1	185	2	157	3	174	4	164	5	187	6	136	7	118	8	156	9	162	10	145	11	188	12	108	13	105	14	170	15	153	16	188	17	126	18	188	19	178	
	0	158	1	118	2	179	3	131	4	116	5	191	6	125	7	131	8	111	9	159	10	167	11	187	12	171	13	105	14	157	15	105	16	196	17	159	18	125	19	149	
	0	146	1	195	2	136	3	178	4	197	5	192	6	105	7	166	8	139	9	166	10	119	11	152	12	180	13	187	14	181	15	124	16	133	17	160	18	109	19	129	
	0	169	1	139	2	199	3	175	4	120	5	174	6	111	7	195	8	141	9	157	10	131	11	108	12	199	13	134	14	170	15	137	16	160	17	194	18	162	19	129	
	0	167	1	137	2	165	3	175	4	108	5	123	6	163	7	150	8	138	9	137	10	169	11	118	12	161	13	195	14	141	15	146	16	162	17	116	18	131	19	197	
	0	169	1	180	2	128	3	131	4	154	5	191	6	154	7	157	8	164	9	170	10	144	11	165	12	158	13	199	14	136	15	117	16	186	17	181	18	126	19	147	
	0	136	1	138	2	103	3	102	4	141	5	147	6	164	7	104	8	175	9	102	10	114	11	155	12	122	13	156	14	139	15	155	16	196	17	140	18	170	19	161	
	0	128	1	199	2	107	3	198	4	164	5	146	6	135	7	152	8	103	9	151	10	108	11	110	12	119	13	166	14	186	15	156	16	188	17	199	18	125	19	133	
	0	173	1	129	2	150	3	196	4	171	5	164	6	173	7	179	8	116	9	108	10	189	11	182	12	170	13	167	14	180	15	185	16	115	17	185	18	101	19	161	
	0	193	1	108	2	100	3	172	4	186	5	186	6	169	7	117	8	118	9	195	10	118	11	182	12	160	13	160	14	127	15	194	16	120	17	134	18	192	19	127	
	0	167	1	181	2	142	3	172	4	138	5	116	6	178	7	193	8	173	9	126	10	131	11	192	12	154	13	116	14	155	15	108	16	134	17	105	18	114	19	185	
	0	135	1	139	2	171	3	110	4	122	5	115	6	107	7	123	8	141	9	141	10	152	11	135	12	129	13	167	14	175	15	155	16	142	17	112	18	150	19	174	
	0	146	1	149	2	110	3	144	4	192	5	171	6	116	7	166	8	115	9	192	10	127	11	187	12	164	13	148	14	111	15	185	16	193	17	136	18	133	19	152	
	0	186	1	125	2	192	3	148	4	170	5	119	6	138	7	146	8	167	9	126	10	135	11	144	12	111	13	131	14	124	15	146	16	177	17	148	18	152	19	130	
	0	136	1	194	2	158	3	193	4	187	5	120	6	118	7	151	8	157	9	161	10	177	11	180	12	100	13	146	14	192	15	133	16	149	17	129	18	168	19	183	
	0	142	1	174	2	114	3	148	4	140	5	100	6	122	7	182	8	184	9	133	10	150	11	109	12	150	13	116	14	129	15	181	16	146	17	116	18	149	19	145	
	0	147	1	158	2	170	3	145	4	189	5	168	6	105	7	118	8	139	9	168	10	157	11	184	12	170	13	184	14	190	15	129	16	129	17	179	18	132	19	116	
	0	141	1	105	2	174	3	145	4	133	5	189	6	185	7	132	8	180	9	156	10	187	11	186	12	115	13	128	14	150	15	193	16	107	17	179	18	102	19	136	
	0	167	1	153	2	109	3	162	4	179	5	163	6	187	7	187	8	189	9	193	10	102	11	132	12	117	13	112	14	189	15	125	16	180	17	130	18	186	19	194	