500 20 1
20
	0	131	1	148	2	136	3	120	4	154	5	158	6	195	7	114	8	160	9	171	10	105	11	135	12	133	13	175	14	103	15	117	16	157	17	180	18	178	19	104	
	0	195	1	113	2	179	3	149	4	140	5	125	6	104	7	156	8	196	9	153	10	172	11	146	12	173	13	100	14	188	15	136	16	105	17	124	18	130	19	183	
	0	141	1	135	2	183	3	149	4	180	5	194	6	142	7	122	8	172	9	107	10	108	11	152	12	170	13	106	14	115	15	153	16	161	17	192	18	163	19	130	
	0	189	1	171	2	163	3	134	4	163	5	158	6	133	7	149	8	128	9	165	10	101	11	139	12	164	13	179	14	196	15	177	16	172	17	140	18	138	19	113	
	0	179	1	158	2	109	3	195	4	150	5	131	6	129	7	157	8	147	9	152	10	182	11	193	12	169	13	198	14	157	15	118	16	167	17	154	18	112	19	191	
	0	186	1	193	2	104	3	104	4	125	5	109	6	180	7	135	8	112	9	130	10	115	11	184	12	177	13	128	14	106	15	130	16	172	17	134	18	170	19	137	
	0	136	1	150	2	182	3	100	4	115	5	107	6	122	7	115	8	123	9	132	10	124	11	147	12	112	13	155	14	150	15	131	16	104	17	158	18	141	19	171	
	0	197	1	151	2	189	3	109	4	158	5	123	6	131	7	171	8	183	9	144	10	196	11	144	12	150	13	100	14	179	15	111	16	144	17	134	18	122	19	165	
	0	189	1	113	2	145	3	172	4	198	5	135	6	185	7	148	8	109	9	115	10	145	11	158	12	175	13	156	14	108	15	169	16	130	17	118	18	171	19	120	
	0	156	1	100	2	184	3	143	4	116	5	167	6	139	7	110	8	124	9	190	10	157	11	160	12	121	13	187	14	192	15	146	16	156	17	166	18	100	19	102	
	0	181	1	190	2	124	3	123	4	178	5	140	6	144	7	151	8	185	9	109	10	170	11	109	12	179	13	124	14	198	15	106	16	178	17	152	18	121	19	158	
	0	182	1	167	2	183	3	188	4	153	5	199	6	129	7	189	8	169	9	104	10	154	11	107	12	139	13	113	14	117	15	167	16	101	17	184	18	144	19	133	
	0	123	1	183	2	148	3	184	4	199	5	140	6	106	7	129	8	157	9	197	10	162	11	194	12	123	13	118	14	167	15	148	16	166	17	133	18	195	19	166	
	0	169	1	132	2	169	3	125	4	122	5	170	6	164	7	132	8	168	9	183	10	122	11	189	12	133	13	114	14	198	15	139	16	109	17	177	18	120	19	195	
	0	159	1	192	2	176	3	182	4	131	5	191	6	147	7	129	8	141	9	122	10	182	11	180	12	198	13	115	14	135	15	181	16	124	17	198	18	166	19	188	
	0	193	1	186	2	152	3	144	4	165	5	149	6	136	7	149	8	121	9	186	10	128	11	170	12	170	13	179	14	143	15	187	16	193	17	173	18	109	19	167	
	0	197	1	104	2	162	3	183	4	142	5	192	6	105	7	135	8	189	9	166	10	186	11	155	12	146	13	165	14	123	15	194	16	113	17	196	18	117	19	123	
	0	182	1	104	2	137	3	180	4	124	5	144	6	137	7	100	8	194	9	101	10	170	11	106	12	142	13	161	14	121	15	164	16	154	17	168	18	183	19	138	
	0	123	1	153	2	148	3	187	4	100	5	199	6	180	7	115	8	156	9	119	10	141	11	123	12	150	13	187	14	189	15	102	16	159	17	125	18	173	19	101	
	0	138	1	138	2	138	3	197	4	188	5	115	6	192	7	146	8	101	9	138	10	161	11	131	12	195	13	126	14	101	15	170	16	182	17	108	18	129	19	158	
	0	134	1	130	2	140	3	119	4	186	5	122	6	102	7	104	8	114	9	120	10	124	11	166	12	100	13	137	14	125	15	149	16	119	17	136	18	101	19	173	
	0	156	1	111	2	191	3	179	4	194	5	115	6	180	7	195	8	173	9	121	10	135	11	104	12	148	13	181	14	163	15	131	16	169	17	177	18	106	19	157	
	0	197	1	167	2	164	3	108	4	189	5	149	6	171	7	110	8	199	9	166	10	115	11	101	12	147	13	166	14	121	15	171	16	103	17	170	18	154	19	170	
	0	153	1	110	2	122	3	189	4	188	5	168	6	106	7	161	8	173	9	129	10	199	11	118	12	105	13	164	14	189	15	114	16	100	17	115	18	144	19	112	
	0	121	1	111	2	139	3	135	4	153	5	128	6	151	7	122	8	114	9	125	10	154	11	148	12	157	13	150	14	181	15	165	16	144	17	175	18	120	19	199	
	0	166	1	114	2	146	3	195	4	196	5	170	6	193	7	172	8	183	9	186	10	188	11	135	12	128	13	137	14	116	15	198	16	183	17	192	18	108	19	150	
	0	199	1	167	2	185	3	100	4	102	5	109	6	170	7	183	8	135	9	126	10	185	11	168	12	134	13	115	14	155	15	124	16	192	17	133	18	147	19	195	
	0	175	1	143	2	103	3	142	4	159	5	146	6	146	7	178	8	177	9	183	10	142	11	197	12	154	13	164	14	182	15	142	16	172	17	157	18	164	19	176	
	0	172	1	189	2	146	3	161	4	151	5	129	6	130	7	101	8	116	9	160	10	160	11	166	12	139	13	138	14	168	15	130	16	156	17	101	18	134	19	136	
	0	134	1	176	2	191	3	149	4	168	5	143	6	141	7	119	8	106	9	187	10	166	11	196	12	106	13	176	14	166	15	144	16	145	17	155	18	123	19	181	
	0	148	1	165	2	158	3	101	4	185	5	186	6	145	7	103	8	167	9	173	10	123	11	191	12	143	13	184	14	117	15	154	16	115	17	162	18	147	19	189	
	0	121	1	138	2	166	3	171	4	178	5	152	6	153	7	171	8	117	9	182	10	186	11	145	12	196	13	155	14	101	15	180	16	158	17	131	18	180	19	165	
	0	146	1	152	2	198	3	135	4	107	5	167	6	106	7	154	8	109	9	156	10	171	11	166	12	169	13	159	14	138	15	141	16	129	17	195	18	144	19	105	
	0	127	1	181	2	159	3	117	4	168	5	138	6	184	7	136	8	109	9	102	10	139	11	175	12	190	13	125	14	170	15	100	16	192	17	144	18	155	19	187	
	0	137	1	173	2	174	3	158	4	121	5	177	6	160	7	137	8	112	9	146	10	158	11	191	12	151	13	149	14	117	15	109	16	153	17	178	18	171	19	112	
	0	184	1	163	2	180	3	183	4	112	5	151	6	152	7	175	8	168	9	148	10	196	11	130	12	163	13	105	14	167	15	107	16	166	17	105	18	162	19	132	
	0	145	1	185	2	124	3	164	4	112	5	165	6	134	7	160	8	109	9	167	10	187	11	192	12	136	13	185	14	120	15	163	16	163	17	132	18	194	19	159	
	0	103	1	122	2	185	3	155	4	103	5	112	6	194	7	199	8	116	9	114	10	149	11	122	12	190	13	129	14	113	15	172	16	115	17	146	18	188	19	164	
	0	174	1	153	2	187	3	145	4	120	5	112	6	183	7	100	8	131	9	115	10	119	11	180	12	135	13	106	14	158	15	162	16	165	17	190	18	116	19	109	
	0	166	1	186	2	149	3	103	4	154	5	156	6	190	7	171	8	124	9	159	10	193	11	131	12	115	13	172	14	111	15	117	16	158	17	118	18	189	19	105	
	0	144	1	132	2	157	3	142	4	161	5	117	6	159	7	190	8	174	9	195	10	100	11	158	12	181	13	133	14	134	15	107	16	174	17	171	18	198	19	110	
	0	122	1	185	2	171	3	181	4	148	5	192	6	136	7	119	8	167	9	188	10	190	11	188	12	150	13	191	14	104	15	182	16	132	17	115	18	147	19	104	
	0	101	1	199	2	182	3	168	4	189	5	144	6	183	7	141	8	172	9	119	10	129	11	136	12	178	13	152	14	135	15	196	16	170	17	165	18	125	19	156	
	0	142	1	100	2	169	3	163	4	101	5	136	6	156	7	115	8	198	9	183	10	100	11	148	12	129	13	154	14	183	15	133	16	177	17	106	18	142	19	142	
	0	197	1	154	2	144	3	165	4	151	5	139	6	197	7	182	8	135	9	179	10	187	11	138	12	168	13	122	14	172	15	107	16	110	17	175	18	174	19	186	
	0	108	1	114	2	117	3	142	4	176	5	188	6	135	7	121	8	162	9	152	10	186	11	122	12	190	13	126	14	126	15	141	16	139	17	186	18	197	19	141	
	0	161	1	186	2	161	3	188	4	157	5	121	6	122	7	160	8	172	9	164	10	189	11	109	12	186	13	183	14	105	15	178	16	110	17	109	18	165	19	154	
	0	164	1	114	2	150	3	188	4	166	5	133	6	139	7	137	8	155	9	154	10	135	11	115	12	166	13	118	14	176	15	150	16	164	17	190	18	130	19	161	
	0	191	1	111	2	154	3	106	4	119	5	115	6	181	7	171	8	101	9	197	10	145	11	126	12	102	13	183	14	128	15	158	16	153	17	161	18	116	19	128	
	0	182	1	139	2	111	3	184	4	148	5	171	6	179	7	160	8	166	9	117	10	142	11	191	12	135	13	140	14	172	15	104	16	104	17	145	18	102	19	106	
	0	190	1	196	2	152	3	124	4	137	5	104	6	150	7	130	8	119	9	104	10	133	11	159	12	186	13	148	14	168	15	138	16	190	17	149	18	142	19	195	
	0	123	1	128	2	164	3	150	4	152	5	131	6	108	7	156	8	104	9	170	10	138	11	187	12	182	13	151	14	137	15	165	16	188	17	132	18	105	19	121	
	0	160	1	100	2	100	3	144	4	188	5	117	6	108	7	139	8	104	9	161	10	142	11	182	12	170	13	158	14	145	15	186	16	190	17	152	18	117	19	132	
	0	152	1	190	2	198	3	134	4	100	5	128	6	148	7	119	8	164	9	183	10	153	11	199	12	149	13	100	14	164	15	149	16	179	17	104	18	141	19	176	
	0	151	1	121	2	146	3	161	4	116	5	137	6	133	7	107	8	154	9	131	10	171	11	150	12	112	13	196	14	106	15	182	16	184	17	104	18	126	19	100	
	0	137	1	123	2	151	3	123	4	108	5	163	6	126	7	109	8	177	9	110	10	161	11	105	12	157	13	130	14	154	15	193	16	185	17	189	18	180	19	148	
	0	198	1	168	2	187	3	194	4	148	5	152	6	106	7	189	8	122	9	183	10	146	11	152	12	151	13	169	14	116	15	103	16	131	17	179	18	184	19	129	
	0	171	1	134	2	166	3	170	4	108	5	180	6	123	7	145	8	116	9	155	10	170	11	175	12	176	13	136	14	116	15	138	16	199	17	163	18	169	19	165	
	0	150	1	162	2	185	3	141	4	181	5	140	6	167	7	145	8	109	9	167	10	130	11	175	12	120	13	109	14	153	15	182	16	163	17	196	18	157	19	181	
	0	158	1	151	2	107	3	186	4	147	5	121	6	187	7	176	8	161	9	189	10	153	11	146	12	180	13	147	14	186	15	153	16	100	17	193	18	179	19	122	
	0	186	1	194	2	126	3	145	4	186	5	154	6	147	7	154	8	134	9	120	10	175	11	186	12	111	13	160	14	167	15	157	16	111	17	148	18	191	19	175	
	0	120	1	153	2	197	3	130	4	185	5	108	6	145	7	183	8	171	9	167	10	168	11	193	12	170	13	138	14	135	15	175	16	110	17	134	18	102	19	110	
	0	165	1	110	2	193	3	174	4	118	5	122	6	117	7	130	8	109	9	105	10	196	11	148	12	138	13	131	14	104	15	123	16	168	17	183	18	147	19	152	
	0	143	1	128	2	165	3	176	4	173	5	158	6	134	7	171	8	191	9	168	10	107	11	198	12	120	13	140	14	103	15	155	16	116	17	155	18	195	19	191	
	0	163	1	145	2	127	3	114	4	112	5	164	6	147	7	151	8	196	9	137	10	115	11	198	12	148	13	100	14	192	15	177	16	136	17	102	18	173	19	155	
	0	142	1	138	2	101	3	110	4	139	5	128	6	130	7	181	8	169	9	188	10	195	11	149	12	127	13	134	14	147	15	157	16	161	17	160	18	135	19	104	
	0	163	1	191	2	126	3	191	4	138	5	168	6	191	7	185	8	122	9	138	10	172	11	102	12	159	13	168	14	186	15	141	16	191	17	180	18	170	19	122	
	0	116	1	187	2	187	3	156	4	103	5	189	6	193	7	173	8	154	9	150	10	138	11	182	12	161	13	123	14	183	15	146	16	152	17	199	18	104	19	116	
	0	190	1	166	2	113	3	153	4	161	5	143	6	113	7	128	8	143	9	150	10	193	11	112	12	110	13	148	14	169	15	176	16	165	17	107	18	116	19	138	
	0	199	1	183	2	169	3	111	4	180	5	155	6	143	7	132	8	170	9	186	10	197	11	113	12	110	13	150	14	175	15	126	16	193	17	146	18	153	19	119	
	0	187	1	148	2	118	3	158	4	111	5	182	6	170	7	177	8	160	9	114	10	176	11	193	12	183	13	102	14	148	15	121	16	185	17	174	18	117	19	144	
	0	118	1	133	2	199	3	150	4	122	5	178	6	199	7	199	8	111	9	182	10	152	11	158	12	123	13	160	14	170	15	101	16	166	17	102	18	182	19	154	
	0	109	1	196	2	134	3	149	4	135	5	136	6	151	7	121	8	157	9	123	10	109	11	130	12	178	13	135	14	178	15	105	16	168	17	114	18	119	19	148	
	0	114	1	175	2	116	3	124	4	103	5	176	6	195	7	171	8	168	9	167	10	129	11	108	12	190	13	159	14	165	15	179	16	119	17	104	18	126	19	131	
	0	199	1	160	2	100	3	154	4	127	5	104	6	174	7	175	8	153	9	146	10	155	11	123	12	167	13	108	14	182	15	178	16	139	17	126	18	169	19	134	
	0	168	1	194	2	131	3	147	4	177	5	141	6	102	7	153	8	150	9	191	10	189	11	199	12	183	13	188	14	149	15	133	16	124	17	117	18	187	19	156	
	0	134	1	142	2	118	3	182	4	166	5	130	6	115	7	144	8	100	9	129	10	103	11	158	12	148	13	183	14	108	15	106	16	140	17	164	18	160	19	185	
	0	109	1	196	2	171	3	136	4	141	5	110	6	144	7	118	8	114	9	174	10	104	11	171	12	182	13	162	14	152	15	132	16	106	17	100	18	137	19	130	
	0	101	1	133	2	145	3	105	4	117	5	128	6	111	7	147	8	169	9	158	10	131	11	163	12	176	13	180	14	102	15	139	16	113	17	140	18	138	19	177	
	0	145	1	186	2	147	3	173	4	125	5	158	6	161	7	166	8	176	9	102	10	105	11	120	12	165	13	185	14	191	15	189	16	190	17	140	18	154	19	156	
	0	107	1	146	2	176	3	181	4	186	5	103	6	104	7	120	8	176	9	109	10	111	11	130	12	140	13	102	14	195	15	126	16	127	17	146	18	191	19	134	
	0	112	1	114	2	195	3	181	4	170	5	143	6	182	7	181	8	189	9	173	10	127	11	122	12	150	13	103	14	175	15	169	16	144	17	168	18	111	19	127	
	0	172	1	165	2	117	3	150	4	100	5	177	6	179	7	118	8	176	9	158	10	179	11	154	12	133	13	109	14	182	15	138	16	144	17	114	18	146	19	150	
	0	107	1	103	2	196	3	144	4	111	5	115	6	174	7	114	8	178	9	175	10	193	11	135	12	103	13	167	14	191	15	196	16	189	17	152	18	120	19	121	
	0	112	1	159	2	131	3	149	4	124	5	150	6	112	7	191	8	117	9	166	10	198	11	162	12	171	13	103	14	107	15	188	16	104	17	165	18	147	19	197	
	0	123	1	161	2	179	3	158	4	192	5	177	6	146	7	124	8	102	9	174	10	127	11	198	12	184	13	115	14	106	15	168	16	169	17	154	18	136	19	172	
	0	186	1	191	2	194	3	151	4	195	5	173	6	149	7	176	8	183	9	173	10	198	11	192	12	140	13	138	14	173	15	190	16	107	17	198	18	152	19	175	
	0	152	1	164	2	118	3	138	4	175	5	107	6	113	7	154	8	159	9	136	10	185	11	140	12	192	13	189	14	155	15	136	16	144	17	144	18	147	19	185	
	0	158	1	154	2	134	3	109	4	193	5	161	6	147	7	120	8	184	9	150	10	128	11	140	12	187	13	137	14	178	15	125	16	165	17	103	18	131	19	179	
	0	119	1	186	2	189	3	157	4	146	5	192	6	120	7	134	8	197	9	137	10	139	11	127	12	167	13	102	14	123	15	131	16	145	17	111	18	113	19	175	
	0	135	1	109	2	155	3	163	4	154	5	170	6	143	7	179	8	118	9	180	10	105	11	127	12	101	13	120	14	154	15	165	16	124	17	164	18	177	19	160	
	0	144	1	127	2	102	3	134	4	118	5	112	6	130	7	151	8	149	9	135	10	151	11	133	12	165	13	163	14	112	15	161	16	158	17	175	18	105	19	191	
	0	134	1	140	2	181	3	107	4	136	5	179	6	193	7	189	8	106	9	137	10	103	11	118	12	150	13	182	14	167	15	121	16	137	17	144	18	174	19	108	
	0	192	1	177	2	164	3	120	4	169	5	100	6	160	7	120	8	174	9	151	10	184	11	183	12	109	13	141	14	194	15	102	16	181	17	174	18	182	19	176	
	0	100	1	131	2	193	3	132	4	166	5	156	6	148	7	117	8	197	9	182	10	179	11	162	12	156	13	199	14	114	15	169	16	194	17	156	18	186	19	186	
	0	196	1	158	2	151	3	101	4	184	5	121	6	189	7	196	8	103	9	154	10	190	11	136	12	146	13	162	14	148	15	123	16	173	17	130	18	108	19	114	
	0	107	1	166	2	194	3	181	4	118	5	134	6	144	7	112	8	134	9	187	10	170	11	171	12	174	13	177	14	152	15	178	16	101	17	129	18	129	19	197	
	0	151	1	163	2	150	3	111	4	145	5	114	6	139	7	166	8	151	9	143	10	102	11	180	12	193	13	140	14	139	15	154	16	181	17	165	18	161	19	104	
	0	177	1	161	2	193	3	181	4	128	5	168	6	169	7	161	8	178	9	198	10	111	11	186	12	137	13	104	14	121	15	170	16	196	17	127	18	107	19	149	
	0	123	1	160	2	116	3	150	4	189	5	156	6	140	7	172	8	131	9	141	10	158	11	163	12	193	13	175	14	126	15	150	16	159	17	182	18	112	19	124	
	0	154	1	134	2	161	3	150	4	141	5	170	6	102	7	120	8	187	9	177	10	111	11	168	12	122	13	108	14	152	15	178	16	142	17	146	18	188	19	143	
	0	121	1	101	2	175	3	123	4	127	5	131	6	110	7	165	8	199	9	171	10	119	11	153	12	173	13	191	14	170	15	106	16	130	17	120	18	169	19	135	
	0	190	1	128	2	175	3	116	4	128	5	125	6	184	7	166	8	129	9	166	10	176	11	111	12	198	13	179	14	113	15	101	16	184	17	146	18	112	19	150	
	0	184	1	192	2	155	3	133	4	183	5	164	6	175	7	104	8	149	9	102	10	157	11	165	12	137	13	141	14	192	15	100	16	189	17	171	18	166	19	151	
	0	152	1	192	2	118	3	161	4	152	5	151	6	182	7	145	8	199	9	132	10	185	11	110	12	177	13	113	14	173	15	144	16	129	17	172	18	139	19	174	
	0	121	1	105	2	152	3	111	4	176	5	174	6	197	7	169	8	108	9	151	10	171	11	124	12	124	13	188	14	193	15	140	16	148	17	186	18	163	19	130	
	0	132	1	126	2	179	3	168	4	179	5	165	6	147	7	101	8	153	9	149	10	107	11	187	12	131	13	185	14	192	15	161	16	104	17	168	18	190	19	173	
	0	157	1	188	2	183	3	103	4	102	5	183	6	174	7	156	8	137	9	167	10	139	11	185	12	171	13	166	14	141	15	160	16	153	17	101	18	150	19	174	
	0	197	1	178	2	118	3	176	4	163	5	125	6	127	7	119	8	103	9	115	10	136	11	102	12	126	13	175	14	102	15	190	16	149	17	171	18	180	19	138	
	0	149	1	139	2	148	3	130	4	168	5	129	6	180	7	187	8	132	9	140	10	134	11	137	12	156	13	190	14	144	15	167	16	113	17	182	18	179	19	144	
	0	187	1	156	2	139	3	139	4	117	5	172	6	156	7	190	8	149	9	113	10	112	11	129	12	113	13	158	14	149	15	137	16	195	17	180	18	190	19	108	
	0	108	1	127	2	150	3	151	4	174	5	155	6	142	7	174	8	168	9	191	10	165	11	189	12	159	13	157	14	198	15	181	16	102	17	178	18	156	19	143	
	0	194	1	113	2	165	3	197	4	120	5	119	6	117	7	142	8	113	9	153	10	107	11	151	12	101	13	117	14	156	15	175	16	123	17	128	18	119	19	145	
	0	105	1	181	2	181	3	114	4	167	5	188	6	109	7	167	8	122	9	193	10	168	11	136	12	136	13	160	14	167	15	162	16	199	17	147	18	162	19	140	
	0	173	1	153	2	118	3	176	4	194	5	139	6	159	7	115	8	148	9	193	10	124	11	118	12	103	13	140	14	131	15	155	16	183	17	159	18	180	19	137	
	0	181	1	131	2	146	3	179	4	108	5	116	6	111	7	165	8	190	9	161	10	186	11	104	12	174	13	117	14	111	15	172	16	112	17	172	18	186	19	141	
	0	187	1	170	2	188	3	199	4	135	5	130	6	175	7	112	8	180	9	159	10	176	11	191	12	199	13	185	14	140	15	142	16	140	17	198	18	140	19	129	
	0	128	1	141	2	115	3	182	4	118	5	103	6	155	7	134	8	130	9	165	10	194	11	154	12	134	13	106	14	103	15	183	16	109	17	130	18	129	19	144	
	0	173	1	169	2	125	3	125	4	159	5	169	6	140	7	186	8	174	9	143	10	139	11	114	12	191	13	137	14	139	15	106	16	101	17	105	18	165	19	174	
	0	137	1	154	2	120	3	170	4	116	5	187	6	198	7	199	8	148	9	146	10	120	11	180	12	169	13	156	14	113	15	176	16	106	17	111	18	131	19	174	
	0	105	1	117	2	183	3	193	4	176	5	118	6	123	7	151	8	157	9	129	10	149	11	149	12	157	13	126	14	150	15	188	16	149	17	184	18	148	19	145	
	0	173	1	114	2	158	3	144	4	170	5	159	6	139	7	191	8	192	9	158	10	102	11	140	12	173	13	154	14	189	15	193	16	126	17	154	18	107	19	195	
	0	155	1	141	2	152	3	125	4	189	5	141	6	129	7	154	8	137	9	117	10	186	11	167	12	112	13	183	14	101	15	184	16	147	17	196	18	192	19	195	
	0	172	1	151	2	123	3	150	4	194	5	152	6	115	7	102	8	111	9	169	10	135	11	168	12	176	13	148	14	170	15	168	16	154	17	136	18	173	19	174	
	0	116	1	154	2	187	3	157	4	120	5	161	6	139	7	123	8	156	9	169	10	166	11	199	12	147	13	137	14	143	15	197	16	177	17	137	18	172	19	172	
	0	155	1	147	2	107	3	163	4	199	5	169	6	157	7	114	8	160	9	103	10	134	11	145	12	119	13	131	14	175	15	133	16	182	17	115	18	178	19	126	
	0	126	1	188	2	133	3	155	4	121	5	189	6	138	7	153	8	124	9	131	10	185	11	112	12	100	13	162	14	194	15	199	16	132	17	122	18	131	19	161	
	0	171	1	177	2	164	3	198	4	120	5	100	6	135	7	185	8	110	9	182	10	139	11	117	12	147	13	132	14	192	15	179	16	177	17	171	18	139	19	154	
	0	197	1	160	2	112	3	181	4	180	5	189	6	182	7	122	8	135	9	186	10	180	11	151	12	142	13	131	14	183	15	171	16	105	17	157	18	151	19	112	
	0	187	1	173	2	102	3	160	4	137	5	148	6	195	7	151	8	188	9	181	10	104	11	191	12	187	13	182	14	113	15	187	16	143	17	106	18	126	19	170	
	0	136	1	160	2	195	3	168	4	121	5	140	6	194	7	118	8	129	9	199	10	101	11	123	12	154	13	192	14	123	15	123	16	175	17	134	18	142	19	172	
	0	101	1	106	2	116	3	129	4	102	5	191	6	167	7	167	8	147	9	185	10	121	11	120	12	164	13	142	14	152	15	174	16	146	17	180	18	199	19	108	
	0	124	1	188	2	131	3	120	4	127	5	157	6	142	7	125	8	197	9	137	10	150	11	133	12	129	13	116	14	194	15	136	16	190	17	110	18	166	19	128	
	0	194	1	143	2	168	3	112	4	141	5	119	6	112	7	163	8	183	9	109	10	172	11	133	12	130	13	125	14	189	15	197	16	137	17	117	18	159	19	167	
	0	151	1	165	2	199	3	163	4	152	5	103	6	172	7	144	8	183	9	170	10	191	11	118	12	172	13	152	14	124	15	193	16	161	17	175	18	174	19	114	
	0	140	1	180	2	179	3	125	4	100	5	118	6	166	7	101	8	125	9	195	10	166	11	121	12	157	13	146	14	188	15	124	16	150	17	100	18	116	19	112	
	0	170	1	161	2	141	3	173	4	118	5	135	6	195	7	188	8	187	9	186	10	143	11	187	12	179	13	188	14	142	15	179	16	128	17	155	18	174	19	101	
	0	115	1	164	2	134	3	123	4	176	5	108	6	185	7	194	8	142	9	179	10	147	11	178	12	153	13	154	14	136	15	182	16	112	17	164	18	142	19	150	
	0	155	1	116	2	106	3	139	4	154	5	183	6	118	7	184	8	180	9	125	10	178	11	112	12	150	13	139	14	105	15	141	16	134	17	107	18	127	19	153	
	0	189	1	151	2	185	3	156	4	110	5	193	6	109	7	112	8	102	9	132	10	113	11	120	12	125	13	105	14	127	15	129	16	193	17	109	18	171	19	152	
	0	107	1	146	2	189	3	186	4	151	5	117	6	145	7	146	8	129	9	162	10	157	11	123	12	170	13	141	14	186	15	174	16	188	17	105	18	199	19	179	
	0	163	1	135	2	176	3	197	4	125	5	145	6	183	7	189	8	177	9	115	10	141	11	111	12	133	13	191	14	191	15	159	16	145	17	189	18	107	19	155	
	0	196	1	163	2	183	3	110	4	130	5	156	6	126	7	126	8	123	9	112	10	115	11	167	12	172	13	184	14	151	15	188	16	140	17	124	18	181	19	187	
	0	126	1	132	2	124	3	160	4	190	5	117	6	121	7	160	8	150	9	129	10	140	11	176	12	195	13	109	14	154	15	117	16	169	17	172	18	109	19	174	
	0	192	1	169	2	132	3	141	4	153	5	128	6	133	7	164	8	105	9	138	10	130	11	144	12	156	13	197	14	144	15	117	16	194	17	146	18	111	19	172	
	0	184	1	113	2	118	3	172	4	150	5	145	6	118	7	156	8	118	9	191	10	179	11	148	12	141	13	156	14	163	15	164	16	185	17	186	18	156	19	182	
	0	183	1	163	2	101	3	123	4	194	5	126	6	181	7	128	8	142	9	148	10	167	11	163	12	107	13	134	14	122	15	145	16	142	17	157	18	129	19	120	
	0	194	1	142	2	155	3	194	4	123	5	197	6	167	7	197	8	173	9	159	10	158	11	138	12	108	13	179	14	146	15	188	16	105	17	118	18	146	19	190	
	0	140	1	125	2	147	3	165	4	160	5	160	6	120	7	105	8	121	9	170	10	173	11	100	12	173	13	156	14	123	15	144	16	119	17	124	18	176	19	158	
	0	168	1	158	2	189	3	131	4	140	5	174	6	170	7	100	8	193	9	141	10	121	11	122	12	106	13	147	14	115	15	183	16	127	17	126	18	124	19	149	
	0	165	1	180	2	162	3	196	4	187	5	146	6	141	7	176	8	188	9	181	10	159	11	185	12	195	13	140	14	111	15	166	16	161	17	152	18	156	19	142	
	0	129	1	184	2	120	3	150	4	155	5	136	6	194	7	180	8	124	9	140	10	182	11	197	12	113	13	195	14	195	15	125	16	147	17	159	18	111	19	100	
	0	118	1	116	2	163	3	121	4	138	5	120	6	197	7	128	8	176	9	137	10	137	11	114	12	190	13	179	14	184	15	132	16	159	17	114	18	168	19	161	
	0	198	1	191	2	193	3	188	4	137	5	195	6	164	7	106	8	189	9	117	10	167	11	109	12	125	13	161	14	180	15	119	16	173	17	199	18	120	19	126	
	0	194	1	117	2	164	3	164	4	115	5	161	6	158	7	113	8	183	9	135	10	122	11	128	12	102	13	115	14	123	15	111	16	145	17	188	18	150	19	199	
	0	111	1	140	2	118	3	171	4	122	5	100	6	103	7	137	8	123	9	104	10	190	11	175	12	178	13	145	14	113	15	197	16	110	17	127	18	172	19	173	
	0	145	1	185	2	107	3	183	4	171	5	159	6	130	7	162	8	126	9	179	10	132	11	172	12	191	13	173	14	156	15	198	16	139	17	134	18	144	19	177	
	0	189	1	156	2	140	3	138	4	156	5	119	6	173	7	156	8	176	9	104	10	127	11	171	12	123	13	175	14	176	15	101	16	198	17	112	18	192	19	197	
	0	110	1	154	2	119	3	126	4	185	5	123	6	141	7	129	8	138	9	125	10	194	11	123	12	186	13	191	14	137	15	198	16	132	17	124	18	167	19	137	
	0	144	1	152	2	179	3	128	4	155	5	128	6	184	7	151	8	135	9	117	10	151	11	128	12	135	13	106	14	161	15	139	16	107	17	107	18	133	19	145	
	0	106	1	186	2	117	3	129	4	171	5	112	6	123	7	168	8	178	9	105	10	172	11	133	12	124	13	125	14	124	15	177	16	103	17	150	18	151	19	195	
	0	106	1	131	2	152	3	142	4	176	5	136	6	133	7	130	8	155	9	161	10	188	11	138	12	151	13	105	14	149	15	149	16	192	17	151	18	165	19	156	
	0	138	1	148	2	195	3	199	4	161	5	120	6	129	7	199	8	118	9	152	10	102	11	115	12	198	13	129	14	155	15	177	16	129	17	150	18	181	19	168	
	0	101	1	116	2	186	3	160	4	125	5	174	6	163	7	118	8	129	9	153	10	118	11	169	12	113	13	150	14	128	15	107	16	170	17	196	18	184	19	101	
	0	101	1	126	2	156	3	195	4	111	5	132	6	136	7	163	8	162	9	118	10	153	11	131	12	167	13	173	14	143	15	127	16	196	17	122	18	175	19	181	
	0	153	1	166	2	132	3	133	4	162	5	180	6	192	7	165	8	100	9	111	10	124	11	158	12	170	13	179	14	106	15	157	16	191	17	175	18	111	19	168	
	0	155	1	142	2	145	3	106	4	103	5	155	6	174	7	114	8	161	9	135	10	152	11	105	12	136	13	113	14	149	15	154	16	124	17	196	18	103	19	182	
	0	199	1	185	2	124	3	197	4	186	5	109	6	131	7	119	8	196	9	131	10	108	11	186	12	176	13	139	14	130	15	157	16	125	17	154	18	177	19	146	
	0	138	1	122	2	146	3	170	4	160	5	179	6	151	7	129	8	117	9	108	10	195	11	141	12	155	13	151	14	102	15	119	16	122	17	191	18	119	19	100	
	0	187	1	100	2	147	3	183	4	146	5	106	6	188	7	165	8	190	9	103	10	166	11	171	12	161	13	100	14	157	15	168	16	191	17	155	18	192	19	110	
	0	101	1	114	2	162	3	118	4	179	5	148	6	132	7	180	8	133	9	149	10	163	11	185	12	119	13	193	14	188	15	116	16	168	17	134	18	194	19	189	
	0	170	1	198	2	146	3	153	4	109	5	195	6	162	7	131	8	110	9	154	10	185	11	116	12	158	13	116	14	188	15	165	16	128	17	173	18	171	19	127	
	0	143	1	111	2	110	3	116	4	169	5	178	6	114	7	121	8	114	9	186	10	140	11	173	12	137	13	138	14	169	15	119	16	126	17	161	18	145	19	132	
	0	184	1	103	2	186	3	100	4	169	5	157	6	116	7	139	8	153	9	130	10	171	11	110	12	120	13	129	14	145	15	171	16	173	17	116	18	147	19	142	
	0	180	1	120	2	110	3	145	4	138	5	172	6	127	7	103	8	180	9	100	10	137	11	106	12	162	13	195	14	155	15	110	16	175	17	152	18	106	19	187	
	0	155	1	166	2	192	3	155	4	160	5	131	6	167	7	170	8	174	9	131	10	101	11	142	12	130	13	146	14	109	15	162	16	122	17	167	18	192	19	123	
	0	107	1	118	2	102	3	146	4	168	5	157	6	132	7	150	8	139	9	195	10	167	11	182	12	198	13	129	14	194	15	155	16	124	17	197	18	116	19	167	
	0	113	1	150	2	153	3	119	4	176	5	106	6	181	7	123	8	165	9	168	10	188	11	159	12	164	13	169	14	133	15	111	16	193	17	130	18	196	19	152	
	0	113	1	160	2	178	3	162	4	185	5	153	6	129	7	105	8	118	9	171	10	125	11	192	12	146	13	173	14	167	15	135	16	187	17	195	18	129	19	108	
	0	198	1	191	2	103	3	185	4	142	5	135	6	145	7	124	8	162	9	193	10	177	11	131	12	185	13	157	14	159	15	181	16	117	17	139	18	189	19	151	
	0	196	1	185	2	133	3	156	4	180	5	141	6	136	7	158	8	134	9	160	10	129	11	130	12	134	13	155	14	141	15	111	16	157	17	158	18	186	19	176	
	0	175	1	163	2	102	3	156	4	143	5	129	6	155	7	146	8	122	9	117	10	157	11	187	12	197	13	127	14	169	15	148	16	188	17	154	18	198	19	174	
	0	116	1	143	2	153	3	188	4	180	5	104	6	161	7	122	8	133	9	144	10	129	11	108	12	195	13	103	14	190	15	163	16	116	17	132	18	166	19	178	
	0	187	1	119	2	107	3	126	4	133	5	113	6	100	7	130	8	106	9	195	10	113	11	189	12	131	13	191	14	175	15	162	16	185	17	103	18	153	19	150	
	0	178	1	120	2	149	3	118	4	151	5	166	6	150	7	116	8	114	9	198	10	114	11	112	12	177	13	168	14	145	15	152	16	100	17	164	18	195	19	192	
	0	101	1	173	2	195	3	181	4	115	5	160	6	132	7	196	8	189	9	131	10	107	11	151	12	156	13	174	14	123	15	133	16	131	17	180	18	167	19	179	
	0	187	1	186	2	150	3	100	4	128	5	165	6	177	7	101	8	123	9	182	10	156	11	117	12	158	13	139	14	183	15	119	16	170	17	146	18	142	19	119	
	0	108	1	109	2	117	3	117	4	128	5	185	6	106	7	110	8	146	9	128	10	175	11	171	12	138	13	138	14	127	15	130	16	191	17	129	18	189	19	184	
	0	156	1	124	2	126	3	158	4	169	5	150	6	109	7	194	8	137	9	157	10	144	11	170	12	105	13	109	14	117	15	135	16	164	17	195	18	198	19	155	
	0	189	1	118	2	187	3	145	4	135	5	185	6	131	7	131	8	107	9	121	10	122	11	178	12	141	13	142	14	134	15	162	16	165	17	197	18	172	19	165	
	0	189	1	108	2	167	3	193	4	165	5	150	6	128	7	102	8	158	9	115	10	180	11	170	12	115	13	104	14	119	15	141	16	166	17	179	18	182	19	101	
	0	116	1	132	2	160	3	115	4	169	5	157	6	155	7	185	8	151	9	117	10	122	11	155	12	157	13	109	14	178	15	144	16	103	17	189	18	162	19	106	
	0	177	1	117	2	184	3	158	4	198	5	131	6	147	7	159	8	131	9	144	10	130	11	171	12	157	13	155	14	191	15	123	16	132	17	187	18	174	19	171	
	0	106	1	194	2	101	3	189	4	157	5	123	6	177	7	168	8	152	9	185	10	143	11	178	12	101	13	145	14	128	15	168	16	127	17	145	18	119	19	174	
	0	111	1	156	2	129	3	122	4	103	5	182	6	119	7	193	8	194	9	197	10	137	11	185	12	112	13	171	14	186	15	107	16	177	17	178	18	153	19	144	
	0	172	1	103	2	143	3	176	4	150	5	154	6	166	7	147	8	133	9	126	10	170	11	147	12	181	13	175	14	151	15	128	16	190	17	156	18	104	19	127	
	0	160	1	176	2	199	3	174	4	142	5	108	6	105	7	168	8	169	9	130	10	170	11	133	12	118	13	170	14	129	15	114	16	161	17	118	18	174	19	127	
	0	190	1	129	2	102	3	150	4	136	5	121	6	131	7	180	8	117	9	121	10	142	11	115	12	180	13	174	14	101	15	102	16	179	17	118	18	186	19	106	
	0	161	1	100	2	170	3	109	4	167	5	134	6	131	7	133	8	144	9	100	10	187	11	172	12	199	13	199	14	193	15	175	16	194	17	150	18	153	19	110	
	0	197	1	130	2	152	3	153	4	184	5	101	6	162	7	197	8	133	9	129	10	185	11	147	12	158	13	150	14	111	15	146	16	131	17	101	18	148	19	177	
	0	129	1	168	2	169	3	107	4	108	5	155	6	129	7	154	8	159	9	114	10	170	11	195	12	141	13	179	14	108	15	179	16	198	17	159	18	175	19	144	
	0	145	1	120	2	106	3	192	4	179	5	181	6	109	7	120	8	174	9	161	10	163	11	141	12	167	13	166	14	157	15	115	16	100	17	182	18	140	19	126	
	0	173	1	138	2	106	3	133	4	135	5	175	6	124	7	196	8	128	9	150	10	195	11	150	12	155	13	103	14	145	15	169	16	120	17	193	18	111	19	133	
	0	179	1	198	2	174	3	191	4	146	5	102	6	170	7	196	8	132	9	151	10	123	11	104	12	165	13	104	14	191	15	155	16	176	17	102	18	194	19	135	
	0	126	1	104	2	114	3	120	4	118	5	167	6	118	7	177	8	109	9	174	10	105	11	147	12	118	13	149	14	167	15	197	16	122	17	188	18	125	19	174	
	0	131	1	107	2	126	3	192	4	104	5	185	6	191	7	142	8	195	9	153	10	180	11	137	12	178	13	191	14	129	15	120	16	179	17	168	18	120	19	173	
	0	142	1	136	2	132	3	133	4	117	5	121	6	199	7	196	8	179	9	169	10	105	11	146	12	194	13	106	14	145	15	102	16	185	17	121	18	122	19	164	
	0	114	1	136	2	143	3	165	4	145	5	114	6	155	7	192	8	121	9	133	10	121	11	142	12	155	13	132	14	171	15	147	16	162	17	179	18	182	19	107	
	0	174	1	187	2	178	3	179	4	193	5	143	6	164	7	173	8	172	9	128	10	182	11	152	12	130	13	142	14	199	15	173	16	132	17	108	18	121	19	131	
	0	121	1	159	2	187	3	149	4	117	5	192	6	179	7	106	8	129	9	182	10	144	11	136	12	130	13	131	14	181	15	105	16	136	17	134	18	183	19	187	
	0	133	1	131	2	194	3	118	4	159	5	168	6	188	7	111	8	146	9	199	10	122	11	154	12	187	13	181	14	147	15	197	16	178	17	113	18	103	19	189	
	0	136	1	155	2	153	3	129	4	118	5	141	6	181	7	157	8	190	9	172	10	142	11	138	12	172	13	104	14	115	15	118	16	184	17	173	18	138	19	164	
	0	166	1	158	2	194	3	115	4	198	5	128	6	170	7	149	8	136	9	164	10	107	11	108	12	117	13	186	14	133	15	155	16	128	17	185	18	135	19	174	
	0	152	1	141	2	105	3	154	4	105	5	148	6	143	7	165	8	133	9	146	10	137	11	176	12	159	13	196	14	150	15	192	16	136	17	195	18	194	19	156	
	0	190	1	179	2	108	3	127	4	116	5	162	6	132	7	162	8	176	9	136	10	102	11	164	12	177	13	104	14	107	15	157	16	145	17	176	18	146	19	186	
	0	196	1	162	2	144	3	183	4	110	5	191	6	193	7	157	8	198	9	171	10	128	11	167	12	128	13	139	14	125	15	127	16	127	17	160	18	113	19	141	
	0	108	1	124	2	154	3	159	4	162	5	113	6	138	7	193	8	155	9	174	10	143	11	158	12	171	13	198	14	121	15	124	16	128	17	178	18	123	19	140	
	0	127	1	111	2	192	3	169	4	154	5	193	6	162	7	199	8	180	9	195	10	194	11	169	12	137	13	154	14	164	15	128	16	191	17	181	18	116	19	136	
	0	130	1	180	2	154	3	119	4	163	5	182	6	190	7	173	8	146	9	177	10	149	11	127	12	105	13	128	14	126	15	184	16	137	17	175	18	116	19	187	
	0	115	1	179	2	169	3	159	4	132	5	183	6	159	7	114	8	175	9	160	10	130	11	175	12	104	13	140	14	148	15	103	16	151	17	165	18	117	19	164	
	0	122	1	196	2	119	3	177	4	172	5	174	6	157	7	126	8	155	9	163	10	151	11	128	12	194	13	194	14	168	15	197	16	128	17	101	18	172	19	157	
	0	159	1	113	2	193	3	117	4	165	5	124	6	116	7	166	8	160	9	155	10	168	11	137	12	102	13	199	14	112	15	199	16	106	17	183	18	163	19	172	
	0	170	1	111	2	190	3	157	4	102	5	125	6	169	7	171	8	145	9	109	10	198	11	110	12	127	13	129	14	111	15	169	16	147	17	122	18	186	19	122	
	0	106	1	149	2	156	3	178	4	125	5	174	6	164	7	139	8	169	9	134	10	151	11	158	12	181	13	169	14	145	15	190	16	114	17	154	18	121	19	159	
	0	135	1	120	2	117	3	160	4	166	5	167	6	149	7	146	8	155	9	156	10	179	11	129	12	133	13	106	14	141	15	121	16	131	17	105	18	136	19	123	
	0	138	1	185	2	152	3	160	4	168	5	180	6	112	7	163	8	104	9	117	10	192	11	135	12	126	13	156	14	150	15	199	16	181	17	164	18	127	19	153	
	0	194	1	113	2	135	3	182	4	192	5	127	6	175	7	164	8	133	9	132	10	119	11	163	12	128	13	140	14	147	15	121	16	163	17	167	18	128	19	145	
	0	193	1	170	2	166	3	144	4	194	5	191	6	184	7	175	8	176	9	163	10	129	11	194	12	119	13	192	14	176	15	149	16	143	17	132	18	114	19	120	
	0	173	1	183	2	189	3	161	4	164	5	121	6	133	7	163	8	115	9	152	10	129	11	199	12	125	13	163	14	115	15	158	16	100	17	115	18	148	19	165	
	0	182	1	153	2	178	3	153	4	134	5	195	6	132	7	179	8	116	9	172	10	110	11	100	12	105	13	190	14	199	15	155	16	186	17	117	18	112	19	128	
	0	178	1	198	2	142	3	133	4	151	5	135	6	179	7	172	8	186	9	122	10	189	11	116	12	136	13	141	14	100	15	101	16	119	17	105	18	163	19	147	
	0	181	1	176	2	171	3	139	4	107	5	129	6	164	7	176	8	153	9	122	10	125	11	125	12	138	13	156	14	187	15	152	16	108	17	112	18	153	19	164	
	0	134	1	135	2	111	3	116	4	186	5	164	6	133	7	183	8	170	9	105	10	140	11	153	12	182	13	187	14	161	15	168	16	153	17	124	18	133	19	165	
	0	102	1	108	2	156	3	141	4	122	5	164	6	133	7	175	8	155	9	162	10	115	11	120	12	103	13	177	14	103	15	130	16	171	17	198	18	119	19	175	
	0	128	1	125	2	155	3	138	4	193	5	122	6	159	7	124	8	102	9	151	10	161	11	152	12	125	13	158	14	117	15	118	16	146	17	117	18	123	19	174	
	0	197	1	174	2	123	3	181	4	169	5	182	6	188	7	105	8	192	9	162	10	172	11	109	12	151	13	132	14	173	15	136	16	100	17	152	18	111	19	127	
	0	163	1	150	2	164	3	191	4	157	5	101	6	184	7	138	8	186	9	123	10	185	11	185	12	174	13	143	14	171	15	110	16	129	17	189	18	115	19	113	
	0	153	1	160	2	150	3	152	4	145	5	166	6	153	7	197	8	159	9	150	10	147	11	104	12	182	13	118	14	127	15	161	16	107	17	160	18	188	19	118	
	0	146	1	146	2	108	3	109	4	174	5	159	6	165	7	177	8	181	9	181	10	111	11	194	12	141	13	169	14	155	15	114	16	177	17	139	18	176	19	145	
	0	144	1	183	2	124	3	125	4	137	5	141	6	134	7	163	8	122	9	144	10	171	11	133	12	199	13	178	14	187	15	165	16	132	17	159	18	162	19	160	
	0	163	1	156	2	181	3	193	4	181	5	105	6	104	7	129	8	187	9	143	10	141	11	198	12	161	13	100	14	102	15	192	16	106	17	176	18	163	19	148	
	0	156	1	100	2	180	3	181	4	167	5	190	6	159	7	173	8	185	9	105	10	123	11	120	12	102	13	105	14	172	15	101	16	125	17	163	18	169	19	126	
	0	159	1	150	2	152	3	154	4	190	5	164	6	137	7	194	8	123	9	147	10	104	11	128	12	119	13	129	14	194	15	120	16	184	17	140	18	131	19	134	
	0	176	1	157	2	110	3	141	4	186	5	196	6	172	7	126	8	172	9	111	10	134	11	148	12	121	13	163	14	194	15	100	16	121	17	100	18	161	19	199	
	0	155	1	131	2	133	3	127	4	187	5	134	6	142	7	127	8	193	9	167	10	167	11	103	12	106	13	154	14	144	15	143	16	195	17	189	18	194	19	144	
	0	163	1	159	2	122	3	177	4	154	5	100	6	142	7	113	8	160	9	119	10	122	11	126	12	166	13	190	14	161	15	110	16	133	17	100	18	177	19	106	
	0	126	1	167	2	168	3	192	4	175	5	133	6	108	7	109	8	109	9	100	10	181	11	104	12	117	13	192	14	199	15	151	16	185	17	189	18	101	19	168	
	0	195	1	110	2	124	3	160	4	141	5	186	6	148	7	100	8	121	9	159	10	169	11	109	12	115	13	176	14	138	15	173	16	199	17	113	18	188	19	180	
	0	156	1	193	2	189	3	165	4	132	5	129	6	184	7	195	8	145	9	192	10	138	11	153	12	123	13	169	14	163	15	166	16	106	17	101	18	179	19	125	
	0	135	1	114	2	143	3	183	4	197	5	186	6	123	7	179	8	145	9	199	10	115	11	184	12	161	13	120	14	159	15	116	16	193	17	183	18	188	19	137	
	0	152	1	194	2	145	3	132	4	148	5	179	6	118	7	181	8	167	9	105	10	109	11	161	12	194	13	125	14	135	15	165	16	138	17	158	18	125	19	169	
	0	141	1	134	2	104	3	157	4	167	5	141	6	107	7	191	8	171	9	109	10	181	11	184	12	102	13	115	14	143	15	113	16	122	17	140	18	147	19	144	
	0	171	1	136	2	135	3	101	4	175	5	101	6	193	7	199	8	156	9	150	10	176	11	163	12	173	13	171	14	105	15	111	16	118	17	148	18	195	19	140	
	0	148	1	100	2	153	3	146	4	161	5	143	6	155	7	125	8	164	9	101	10	164	11	137	12	158	13	120	14	107	15	156	16	169	17	126	18	100	19	157	
	0	162	1	195	2	107	3	161	4	123	5	109	6	104	7	145	8	162	9	113	10	197	11	134	12	181	13	159	14	125	15	153	16	138	17	134	18	194	19	135	
	0	139	1	182	2	155	3	194	4	132	5	103	6	148	7	139	8	182	9	171	10	186	11	138	12	148	13	149	14	110	15	132	16	183	17	173	18	142	19	104	
	0	155	1	132	2	169	3	182	4	138	5	196	6	105	7	142	8	170	9	184	10	155	11	136	12	195	13	154	14	150	15	189	16	105	17	171	18	192	19	152	
	0	127	1	185	2	118	3	160	4	106	5	180	6	158	7	175	8	139	9	134	10	116	11	180	12	109	13	157	14	162	15	182	16	162	17	175	18	133	19	112	
	0	140	1	134	2	114	3	162	4	107	5	110	6	134	7	118	8	134	9	190	10	179	11	189	12	171	13	151	14	179	15	129	16	125	17	137	18	158	19	142	
	0	173	1	101	2	100	3	193	4	165	5	172	6	116	7	181	8	133	9	193	10	129	11	117	12	156	13	158	14	196	15	151	16	196	17	189	18	183	19	155	
	0	165	1	134	2	193	3	173	4	108	5	158	6	119	7	166	8	171	9	198	10	127	11	134	12	110	13	170	14	191	15	146	16	113	17	101	18	128	19	168	
	0	137	1	125	2	177	3	179	4	110	5	129	6	148	7	103	8	149	9	148	10	165	11	182	12	124	13	174	14	183	15	189	16	183	17	149	18	192	19	146	
	0	170	1	164	2	128	3	194	4	109	5	140	6	153	7	144	8	171	9	160	10	149	11	180	12	136	13	124	14	161	15	159	16	194	17	100	18	127	19	144	
	0	107	1	130	2	140	3	164	4	174	5	145	6	177	7	151	8	115	9	109	10	187	11	151	12	193	13	120	14	193	15	142	16	159	17	179	18	182	19	123	
	0	162	1	146	2	116	3	146	4	155	5	154	6	137	7	145	8	160	9	189	10	192	11	156	12	110	13	188	14	104	15	149	16	151	17	117	18	141	19	137	
	0	157	1	129	2	120	3	135	4	152	5	188	6	175	7	107	8	127	9	116	10	181	11	167	12	178	13	165	14	104	15	165	16	157	17	182	18	164	19	117	
	0	129	1	125	2	155	3	142	4	106	5	145	6	192	7	149	8	131	9	149	10	186	11	179	12	193	13	190	14	127	15	103	16	115	17	161	18	133	19	123	
	0	151	1	123	2	112	3	176	4	100	5	154	6	161	7	122	8	147	9	133	10	112	11	170	12	135	13	165	14	109	15	107	16	126	17	118	18	130	19	147	
	0	122	1	157	2	189	3	123	4	143	5	147	6	176	7	151	8	114	9	172	10	151	11	160	12	125	13	135	14	137	15	121	16	118	17	133	18	132	19	196	
	0	109	1	130	2	131	3	145	4	184	5	127	6	142	7	133	8	114	9	174	10	181	11	109	12	137	13	189	14	156	15	191	16	150	17	125	18	171	19	166	
	0	177	1	143	2	178	3	106	4	197	5	108	6	142	7	195	8	154	9	159	10	188	11	163	12	111	13	129	14	154	15	110	16	135	17	149	18	180	19	174	
	0	176	1	102	2	156	3	189	4	183	5	133	6	167	7	198	8	162	9	103	10	128	11	153	12	105	13	172	14	166	15	159	16	117	17	104	18	121	19	102	
	0	106	1	154	2	114	3	167	4	160	5	191	6	150	7	165	8	109	9	165	10	181	11	173	12	182	13	118	14	112	15	199	16	147	17	148	18	161	19	137	
	0	109	1	174	2	198	3	149	4	117	5	185	6	170	7	153	8	167	9	120	10	163	11	110	12	140	13	188	14	105	15	104	16	176	17	152	18	113	19	189	
	0	104	1	165	2	145	3	175	4	137	5	180	6	161	7	197	8	191	9	132	10	178	11	126	12	129	13	198	14	107	15	171	16	153	17	164	18	186	19	187	
	0	155	1	103	2	121	3	114	4	175	5	187	6	145	7	187	8	149	9	179	10	168	11	156	12	153	13	195	14	179	15	199	16	112	17	147	18	168	19	109	
	0	139	1	152	2	178	3	147	4	166	5	102	6	185	7	178	8	177	9	192	10	142	11	122	12	166	13	194	14	125	15	187	16	156	17	141	18	171	19	127	
	0	173	1	185	2	139	3	164	4	181	5	113	6	123	7	153	8	140	9	181	10	167	11	168	12	121	13	160	14	162	15	120	16	146	17	110	18	134	19	173	
	0	105	1	152	2	183	3	148	4	180	5	172	6	172	7	129	8	161	9	196	10	110	11	197	12	168	13	154	14	137	15	106	16	103	17	186	18	150	19	169	
	0	169	1	111	2	114	3	122	4	134	5	188	6	118	7	115	8	155	9	151	10	104	11	191	12	129	13	106	14	101	15	159	16	133	17	166	18	122	19	196	
	0	159	1	186	2	151	3	148	4	180	5	100	6	192	7	153	8	171	9	185	10	195	11	168	12	122	13	136	14	147	15	119	16	123	17	156	18	133	19	134	
	0	150	1	189	2	192	3	197	4	194	5	133	6	119	7	155	8	136	9	167	10	162	11	148	12	147	13	157	14	193	15	119	16	103	17	182	18	159	19	131	
	0	169	1	168	2	130	3	157	4	188	5	124	6	141	7	179	8	199	9	181	10	171	11	152	12	182	13	143	14	130	15	123	16	158	17	188	18	177	19	142	
	0	130	1	177	2	182	3	112	4	192	5	175	6	113	7	161	8	149	9	182	10	137	11	142	12	161	13	122	14	128	15	196	16	151	17	124	18	132	19	157	
	0	190	1	133	2	121	3	114	4	180	5	138	6	134	7	108	8	187	9	157	10	152	11	130	12	110	13	172	14	117	15	169	16	138	17	175	18	138	19	171	
	0	184	1	120	2	136	3	191	4	156	5	183	6	193	7	157	8	198	9	156	10	107	11	158	12	144	13	141	14	198	15	190	16	171	17	177	18	124	19	162	
	0	120	1	135	2	183	3	150	4	170	5	141	6	138	7	155	8	133	9	152	10	108	11	167	12	198	13	109	14	170	15	173	16	168	17	118	18	196	19	197	
	0	186	1	119	2	140	3	122	4	149	5	121	6	186	7	106	8	149	9	145	10	180	11	159	12	185	13	134	14	154	15	183	16	131	17	120	18	187	19	186	
	0	121	1	196	2	119	3	172	4	159	5	153	6	112	7	190	8	171	9	197	10	133	11	115	12	111	13	130	14	137	15	156	16	137	17	165	18	166	19	109	
	0	172	1	153	2	122	3	108	4	191	5	186	6	150	7	123	8	136	9	136	10	138	11	189	12	195	13	198	14	137	15	131	16	197	17	195	18	183	19	136	
	0	192	1	199	2	128	3	139	4	104	5	188	6	111	7	178	8	105	9	186	10	189	11	108	12	180	13	194	14	189	15	104	16	152	17	166	18	190	19	180	
	0	175	1	133	2	104	3	126	4	118	5	113	6	191	7	182	8	113	9	143	10	197	11	116	12	163	13	136	14	114	15	146	16	122	17	146	18	147	19	158	
	0	132	1	154	2	100	3	170	4	127	5	199	6	131	7	169	8	150	9	116	10	139	11	117	12	177	13	184	14	185	15	163	16	153	17	111	18	163	19	179	
	0	186	1	154	2	179	3	134	4	116	5	148	6	151	7	191	8	169	9	180	10	111	11	125	12	197	13	146	14	130	15	131	16	170	17	105	18	198	19	141	
	0	124	1	175	2	120	3	195	4	133	5	129	6	145	7	121	8	174	9	107	10	176	11	197	12	174	13	100	14	113	15	118	16	167	17	119	18	177	19	190	
	0	116	1	156	2	124	3	183	4	110	5	142	6	160	7	159	8	156	9	115	10	152	11	137	12	158	13	119	14	125	15	189	16	100	17	171	18	184	19	143	
	0	168	1	185	2	151	3	101	4	146	5	124	6	194	7	191	8	153	9	161	10	163	11	116	12	184	13	149	14	181	15	167	16	131	17	167	18	193	19	179	
	0	139	1	134	2	163	3	161	4	128	5	168	6	187	7	159	8	106	9	179	10	106	11	127	12	128	13	117	14	191	15	154	16	150	17	155	18	164	19	115	
	0	165	1	170	2	162	3	171	4	197	5	157	6	168	7	126	8	194	9	143	10	153	11	154	12	152	13	182	14	144	15	149	16	162	17	130	18	122	19	109	
	0	103	1	160	2	103	3	135	4	136	5	111	6	105	7	112	8	189	9	192	10	102	11	100	12	122	13	150	14	148	15	149	16	190	17	160	18	184	19	148	
	0	100	1	196	2	101	3	192	4	163	5	138	6	111	7	104	8	160	9	129	10	100	11	132	12	186	13	183	14	198	15	112	16	134	17	111	18	156	19	143	
	0	160	1	100	2	103	3	102	4	102	5	169	6	137	7	166	8	176	9	143	10	105	11	145	12	142	13	100	14	192	15	189	16	183	17	122	18	124	19	155	
	0	159	1	166	2	139	3	195	4	183	5	123	6	181	7	181	8	188	9	121	10	180	11	168	12	194	13	190	14	161	15	195	16	152	17	115	18	135	19	116	
	0	139	1	194	2	170	3	149	4	143	5	137	6	198	7	198	8	161	9	191	10	171	11	134	12	130	13	115	14	111	15	178	16	128	17	113	18	102	19	108	
	0	196	1	181	2	198	3	106	4	105	5	191	6	174	7	141	8	169	9	196	10	197	11	129	12	118	13	124	14	193	15	159	16	195	17	153	18	188	19	150	
	0	168	1	137	2	116	3	197	4	108	5	141	6	139	7	138	8	143	9	144	10	187	11	171	12	121	13	175	14	197	15	169	16	134	17	166	18	179	19	137	
	0	199	1	137	2	180	3	120	4	122	5	169	6	192	7	197	8	198	9	114	10	130	11	186	12	145	13	183	14	150	15	127	16	112	17	172	18	151	19	165	
	0	117	1	157	2	122	3	171	4	180	5	187	6	145	7	161	8	116	9	116	10	196	11	179	12	156	13	164	14	178	15	154	16	198	17	103	18	164	19	168	
	0	108	1	122	2	118	3	104	4	108	5	198	6	107	7	142	8	179	9	128	10	116	11	101	12	133	13	159	14	192	15	196	16	115	17	129	18	179	19	151	
	0	133	1	140	2	149	3	107	4	119	5	110	6	199	7	105	8	163	9	183	10	109	11	135	12	130	13	167	14	143	15	114	16	189	17	105	18	178	19	116	
	0	114	1	162	2	193	3	162	4	196	5	187	6	181	7	158	8	111	9	133	10	187	11	174	12	146	13	167	14	194	15	117	16	148	17	123	18	166	19	171	
	0	193	1	119	2	111	3	181	4	162	5	100	6	158	7	183	8	127	9	148	10	186	11	154	12	190	13	100	14	123	15	190	16	166	17	197	18	145	19	196	
	0	189	1	199	2	143	3	198	4	110	5	101	6	187	7	112	8	163	9	168	10	171	11	155	12	180	13	107	14	166	15	157	16	158	17	140	18	137	19	180	
	0	147	1	169	2	120	3	151	4	161	5	147	6	117	7	111	8	174	9	140	10	144	11	160	12	160	13	180	14	106	15	120	16	106	17	137	18	104	19	113	
	0	108	1	175	2	190	3	122	4	147	5	102	6	154	7	152	8	117	9	101	10	119	11	183	12	132	13	177	14	172	15	193	16	181	17	156	18	187	19	168	
	0	105	1	140	2	186	3	192	4	152	5	146	6	109	7	175	8	178	9	191	10	141	11	108	12	123	13	189	14	161	15	187	16	187	17	193	18	179	19	154	
	0	155	1	198	2	197	3	194	4	195	5	187	6	139	7	178	8	185	9	137	10	138	11	162	12	123	13	190	14	135	15	152	16	129	17	194	18	162	19	171	
	0	126	1	160	2	173	3	164	4	101	5	155	6	117	7	138	8	187	9	184	10	193	11	187	12	152	13	131	14	154	15	117	16	184	17	196	18	123	19	155	
	0	177	1	195	2	101	3	152	4	143	5	138	6	135	7	194	8	167	9	164	10	113	11	152	12	101	13	124	14	150	15	179	16	100	17	147	18	188	19	175	
	0	148	1	101	2	183	3	126	4	165	5	199	6	179	7	130	8	186	9	143	10	189	11	116	12	177	13	111	14	156	15	150	16	158	17	167	18	193	19	116	
	0	147	1	149	2	144	3	179	4	155	5	142	6	146	7	191	8	194	9	163	10	105	11	191	12	130	13	131	14	151	15	156	16	148	17	124	18	179	19	199	
	0	178	1	182	2	192	3	160	4	130	5	131	6	164	7	144	8	111	9	102	10	183	11	127	12	147	13	103	14	150	15	171	16	162	17	199	18	182	19	185	
	0	130	1	141	2	117	3	117	4	101	5	128	6	199	7	149	8	163	9	181	10	194	11	163	12	108	13	157	14	146	15	161	16	110	17	129	18	101	19	118	
	0	116	1	158	2	155	3	147	4	185	5	131	6	184	7	196	8	116	9	126	10	183	11	196	12	165	13	135	14	127	15	105	16	104	17	140	18	116	19	177	
	0	149	1	122	2	137	3	163	4	140	5	137	6	114	7	157	8	111	9	111	10	162	11	113	12	139	13	127	14	158	15	100	16	132	17	122	18	104	19	199	
	0	162	1	188	2	175	3	118	4	169	5	123	6	115	7	136	8	171	9	116	10	159	11	160	12	198	13	159	14	184	15	197	16	113	17	142	18	135	19	197	
	0	164	1	183	2	159	3	177	4	104	5	191	6	192	7	105	8	184	9	122	10	130	11	187	12	167	13	136	14	183	15	165	16	163	17	187	18	106	19	164	
	0	184	1	184	2	142	3	197	4	122	5	140	6	105	7	127	8	179	9	199	10	187	11	144	12	185	13	180	14	164	15	156	16	136	17	179	18	145	19	160	
	0	109	1	189	2	125	3	104	4	104	5	183	6	131	7	170	8	104	9	153	10	164	11	168	12	193	13	103	14	182	15	109	16	137	17	137	18	186	19	145	
	0	152	1	172	2	128	3	164	4	170	5	141	6	198	7	180	8	159	9	114	10	121	11	163	12	144	13	193	14	185	15	158	16	189	17	184	18	114	19	157	
	0	163	1	111	2	163	3	109	4	103	5	185	6	175	7	100	8	136	9	178	10	191	11	141	12	118	13	178	14	171	15	191	16	116	17	168	18	185	19	188	
	0	185	1	186	2	164	3	190	4	123	5	112	6	174	7	194	8	165	9	100	10	198	11	174	12	160	13	196	14	130	15	192	16	181	17	199	18	192	19	110	
	0	173	1	131	2	119	3	157	4	129	5	177	6	145	7	146	8	169	9	108	10	168	11	180	12	117	13	159	14	110	15	107	16	112	17	196	18	113	19	159	
	0	165	1	122	2	122	3	132	4	135	5	104	6	166	7	126	8	152	9	137	10	123	11	178	12	102	13	100	14	198	15	168	16	111	17	148	18	116	19	185	
	0	119	1	172	2	115	3	140	4	184	5	138	6	127	7	132	8	162	9	103	10	126	11	121	12	105	13	107	14	141	15	136	16	176	17	110	18	165	19	143	
	0	184	1	122	2	167	3	118	4	106	5	157	6	128	7	143	8	118	9	140	10	137	11	175	12	173	13	198	14	143	15	117	16	146	17	190	18	158	19	179	
	0	165	1	136	2	144	3	133	4	100	5	138	6	125	7	162	8	124	9	176	10	162	11	109	12	108	13	107	14	167	15	196	16	185	17	135	18	107	19	104	
	0	198	1	104	2	120	3	186	4	151	5	129	6	151	7	122	8	122	9	172	10	137	11	166	12	149	13	150	14	151	15	190	16	119	17	100	18	136	19	150	
	0	149	1	113	2	158	3	162	4	129	5	191	6	169	7	161	8	111	9	124	10	152	11	117	12	181	13	157	14	100	15	184	16	145	17	137	18	199	19	100	
	0	197	1	192	2	146	3	197	4	162	5	139	6	152	7	188	8	174	9	129	10	107	11	184	12	105	13	121	14	152	15	173	16	171	17	123	18	199	19	188	
	0	109	1	117	2	169	3	101	4	165	5	174	6	131	7	194	8	123	9	118	10	144	11	198	12	198	13	145	14	119	15	154	16	149	17	198	18	126	19	131	
	0	172	1	108	2	123	3	171	4	187	5	100	6	137	7	186	8	101	9	198	10	127	11	183	12	105	13	102	14	141	15	145	16	110	17	112	18	100	19	128	
	0	102	1	191	2	145	3	127	4	158	5	151	6	174	7	119	8	104	9	151	10	197	11	180	12	126	13	109	14	134	15	132	16	179	17	129	18	144	19	146	
	0	164	1	161	2	199	3	120	4	185	5	168	6	149	7	144	8	153	9	106	10	194	11	121	12	124	13	106	14	167	15	166	16	173	17	171	18	144	19	149	
	0	141	1	141	2	154	3	198	4	115	5	138	6	125	7	139	8	165	9	174	10	161	11	184	12	120	13	115	14	196	15	164	16	140	17	141	18	140	19	174	
	0	182	1	161	2	187	3	130	4	103	5	150	6	113	7	140	8	178	9	109	10	185	11	192	12	119	13	134	14	125	15	153	16	149	17	184	18	115	19	184	
	0	109	1	146	2	105	3	160	4	100	5	157	6	170	7	134	8	166	9	110	10	110	11	155	12	149	13	108	14	113	15	147	16	110	17	127	18	131	19	115	
	0	159	1	196	2	137	3	104	4	194	5	189	6	100	7	105	8	106	9	113	10	126	11	130	12	112	13	157	14	151	15	154	16	177	17	190	18	157	19	128	
	0	131	1	108	2	136	3	192	4	169	5	192	6	113	7	172	8	133	9	185	10	106	11	114	12	105	13	125	14	100	15	140	16	130	17	134	18	173	19	151	
	0	190	1	109	2	113	3	190	4	133	5	115	6	136	7	111	8	142	9	107	10	120	11	148	12	131	13	129	14	126	15	104	16	175	17	105	18	184	19	109	
	0	196	1	156	2	186	3	181	4	139	5	155	6	177	7	165	8	168	9	125	10	124	11	106	12	146	13	191	14	116	15	164	16	139	17	180	18	199	19	194	
	0	149	1	192	2	153	3	139	4	199	5	134	6	126	7	139	8	111	9	173	10	176	11	105	12	124	13	148	14	181	15	185	16	119	17	155	18	190	19	139	
	0	130	1	198	2	108	3	187	4	118	5	148	6	154	7	116	8	176	9	197	10	104	11	131	12	108	13	164	14	131	15	181	16	121	17	112	18	175	19	173	
	0	104	1	103	2	122	3	125	4	127	5	105	6	197	7	121	8	102	9	100	10	178	11	158	12	162	13	101	14	101	15	152	16	130	17	175	18	192	19	122	
	0	103	1	124	2	120	3	175	4	163	5	119	6	169	7	138	8	103	9	181	10	130	11	191	12	159	13	133	14	189	15	125	16	143	17	164	18	166	19	133	
	0	103	1	183	2	148	3	125	4	119	5	126	6	100	7	167	8	153	9	161	10	135	11	145	12	153	13	190	14	190	15	165	16	107	17	118	18	121	19	161	
	0	196	1	167	2	153	3	152	4	167	5	128	6	175	7	181	8	191	9	131	10	127	11	154	12	167	13	163	14	162	15	190	16	141	17	173	18	180	19	143	
	0	148	1	157	2	129	3	178	4	164	5	139	6	195	7	181	8	128	9	177	10	137	11	155	12	112	13	157	14	179	15	145	16	177	17	199	18	175	19	157	
	0	163	1	151	2	160	3	115	4	114	5	125	6	194	7	151	8	108	9	114	10	190	11	145	12	154	13	184	14	151	15	125	16	190	17	183	18	194	19	171	
	0	106	1	107	2	174	3	140	4	148	5	114	6	181	7	172	8	145	9	158	10	136	11	104	12	111	13	104	14	154	15	156	16	107	17	144	18	161	19	181	
	0	161	1	121	2	125	3	171	4	124	5	198	6	101	7	194	8	162	9	150	10	151	11	112	12	176	13	153	14	144	15	136	16	118	17	156	18	118	19	175	
	0	199	1	195	2	148	3	103	4	112	5	139	6	188	7	173	8	159	9	101	10	103	11	167	12	178	13	170	14	185	15	120	16	182	17	138	18	171	19	176	
	0	148	1	157	2	107	3	135	4	155	5	174	6	136	7	127	8	132	9	113	10	139	11	133	12	114	13	187	14	109	15	186	16	148	17	186	18	151	19	119	
	0	194	1	140	2	180	3	131	4	169	5	154	6	151	7	141	8	132	9	112	10	185	11	184	12	108	13	162	14	117	15	100	16	122	17	179	18	159	19	168	
	0	176	1	159	2	107	3	107	4	115	5	100	6	129	7	156	8	113	9	158	10	162	11	160	12	147	13	148	14	148	15	151	16	101	17	147	18	198	19	159	
	0	161	1	137	2	155	3	194	4	138	5	134	6	198	7	128	8	122	9	159	10	168	11	116	12	100	13	177	14	198	15	111	16	145	17	194	18	110	19	187	
	0	101	1	179	2	141	3	131	4	187	5	177	6	167	7	120	8	154	9	154	10	134	11	131	12	162	13	109	14	108	15	126	16	182	17	186	18	185	19	182	
	0	127	1	175	2	170	3	135	4	103	5	191	6	149	7	127	8	197	9	180	10	113	11	117	12	126	13	194	14	173	15	161	16	102	17	108	18	105	19	114	
	0	136	1	115	2	176	3	136	4	154	5	127	6	186	7	184	8	157	9	180	10	103	11	150	12	149	13	126	14	177	15	149	16	121	17	188	18	187	19	147	
	0	127	1	111	2	110	3	171	4	140	5	125	6	165	7	108	8	171	9	149	10	189	11	168	12	119	13	171	14	136	15	147	16	166	17	103	18	112	19	195	
	0	157	1	170	2	190	3	140	4	183	5	189	6	132	7	165	8	131	9	198	10	173	11	193	12	114	13	119	14	105	15	185	16	105	17	194	18	122	19	135	
	0	167	1	147	2	117	3	156	4	179	5	136	6	109	7	163	8	162	9	110	10	177	11	144	12	180	13	130	14	193	15	169	16	150	17	135	18	173	19	180	
	0	127	1	124	2	102	3	199	4	107	5	131	6	106	7	198	8	138	9	135	10	190	11	198	12	110	13	183	14	191	15	192	16	165	17	119	18	127	19	116	
	0	189	1	136	2	194	3	115	4	117	5	194	6	101	7	160	8	153	9	117	10	138	11	118	12	135	13	178	14	186	15	180	16	182	17	167	18	161	19	104	
	0	104	1	194	2	184	3	126	4	115	5	196	6	165	7	149	8	168	9	109	10	139	11	154	12	120	13	116	14	175	15	172	16	172	17	188	18	132	19	137	
	0	197	1	135	2	189	3	151	4	106	5	156	6	134	7	197	8	170	9	104	10	141	11	125	12	122	13	157	14	114	15	134	16	107	17	150	18	197	19	198	
	0	176	1	116	2	136	3	145	4	103	5	163	6	185	7	107	8	198	9	190	10	170	11	136	12	178	13	112	14	128	15	103	16	116	17	134	18	173	19	192	
	0	100	1	153	2	148	3	126	4	172	5	110	6	120	7	178	8	117	9	139	10	172	11	117	12	165	13	106	14	134	15	146	16	173	17	144	18	190	19	171	
	0	153	1	158	2	126	3	102	4	159	5	116	6	116	7	129	8	177	9	148	10	112	11	115	12	112	13	163	14	148	15	174	16	130	17	131	18	146	19	162	
	0	139	1	108	2	186	3	168	4	187	5	101	6	154	7	104	8	155	9	192	10	162	11	117	12	187	13	198	14	148	15	106	16	197	17	184	18	193	19	182	
	0	193	1	134	2	134	3	146	4	186	5	166	6	111	7	127	8	184	9	130	10	162	11	115	12	122	13	100	14	143	15	188	16	190	17	107	18	127	19	124	
	0	197	1	114	2	123	3	185	4	187	5	161	6	153	7	149	8	192	9	132	10	139	11	114	12	169	13	176	14	155	15	115	16	145	17	145	18	147	19	163	
	0	190	1	142	2	185	3	132	4	141	5	137	6	171	7	117	8	143	9	134	10	162	11	109	12	126	13	147	14	120	15	194	16	149	17	162	18	112	19	185	
	0	128	1	183	2	162	3	137	4	123	5	134	6	152	7	112	8	169	9	133	10	113	11	199	12	105	13	186	14	101	15	185	16	170	17	143	18	142	19	110	
	0	177	1	104	2	122	3	123	4	143	5	186	6	121	7	130	8	173	9	175	10	138	11	188	12	104	13	173	14	153	15	154	16	105	17	108	18	145	19	176	
	0	140	1	193	2	165	3	147	4	103	5	184	6	133	7	191	8	110	9	147	10	155	11	117	12	139	13	107	14	199	15	126	16	152	17	188	18	185	19	187	
	0	135	1	127	2	158	3	121	4	152	5	128	6	174	7	127	8	162	9	114	10	108	11	168	12	124	13	121	14	123	15	151	16	146	17	123	18	198	19	161	
	0	173	1	180	2	156	3	120	4	127	5	169	6	146	7	178	8	148	9	181	10	138	11	150	12	159	13	193	14	108	15	169	16	134	17	113	18	168	19	170	
	0	162	1	196	2	143	3	174	4	169	5	199	6	151	7	122	8	145	9	147	10	135	11	195	12	178	13	151	14	131	15	164	16	109	17	157	18	166	19	176	
	0	116	1	148	2	126	3	199	4	186	5	139	6	193	7	159	8	184	9	107	10	194	11	131	12	109	13	122	14	126	15	160	16	172	17	100	18	177	19	105	
	0	156	1	188	2	196	3	113	4	114	5	160	6	150	7	181	8	143	9	170	10	140	11	199	12	136	13	125	14	198	15	129	16	103	17	192	18	136	19	199	
	0	134	1	103	2	153	3	196	4	180	5	185	6	196	7	189	8	109	9	143	10	133	11	140	12	172	13	161	14	178	15	184	16	124	17	150	18	155	19	142	
	0	130	1	110	2	135	3	176	4	139	5	121	6	194	7	162	8	182	9	128	10	113	11	165	12	130	13	132	14	110	15	139	16	145	17	199	18	153	19	138	
	0	140	1	165	2	146	3	191	4	111	5	128	6	104	7	187	8	109	9	193	10	163	11	136	12	111	13	168	14	184	15	145	16	166	17	152	18	151	19	168	
	0	115	1	147	2	133	3	178	4	122	5	151	6	123	7	186	8	102	9	169	10	126	11	198	12	116	13	197	14	198	15	193	16	195	17	148	18	155	19	122	
	0	177	1	166	2	187	3	107	4	149	5	168	6	106	7	160	8	145	9	133	10	146	11	168	12	198	13	137	14	176	15	116	16	118	17	119	18	125	19	123	
	0	102	1	184	2	146	3	197	4	194	5	129	6	171	7	111	8	159	9	157	10	142	11	197	12	180	13	109	14	169	15	167	16	156	17	169	18	149	19	180	
	0	159	1	112	2	194	3	169	4	147	5	138	6	156	7	142	8	191	9	190	10	100	11	174	12	197	13	182	14	157	15	171	16	106	17	145	18	175	19	101	
	0	127	1	195	2	186	3	185	4	165	5	165	6	178	7	172	8	108	9	113	10	106	11	186	12	181	13	199	14	174	15	161	16	139	17	114	18	132	19	161	
	0	149	1	124	2	120	3	189	4	123	5	160	6	164	7	169	8	119	9	162	10	156	11	151	12	103	13	182	14	137	15	181	16	172	17	167	18	165	19	125	
	0	197	1	135	2	120	3	165	4	110	5	163	6	162	7	198	8	108	9	145	10	133	11	171	12	184	13	178	14	121	15	110	16	132	17	187	18	186	19	130	
	0	198	1	115	2	147	3	169	4	115	5	178	6	102	7	190	8	179	9	110	10	140	11	132	12	188	13	191	14	115	15	105	16	156	17	166	18	149	19	197	
	0	180	1	183	2	141	3	123	4	147	5	179	6	186	7	130	8	157	9	109	10	132	11	106	12	186	13	161	14	180	15	138	16	167	17	127	18	102	19	118	
	0	128	1	191	2	158	3	154	4	183	5	161	6	108	7	138	8	101	9	192	10	173	11	130	12	174	13	160	14	140	15	165	16	183	17	196	18	133	19	185	
	0	129	1	128	2	133	3	169	4	121	5	116	6	103	7	196	8	112	9	169	10	152	11	147	12	148	13	109	14	110	15	102	16	120	17	185	18	190	19	177	
	0	133	1	109	2	168	3	164	4	114	5	108	6	172	7	178	8	128	9	117	10	100	11	111	12	103	13	106	14	158	15	144	16	140	17	171	18	160	19	160	
	0	105	1	157	2	109	3	157	4	118	5	189	6	106	7	163	8	118	9	163	10	150	11	145	12	129	13	135	14	136	15	197	16	181	17	123	18	104	19	168	
	0	109	1	117	2	125	3	151	4	189	5	197	6	134	7	142	8	186	9	150	10	175	11	169	12	149	13	181	14	155	15	166	16	135	17	194	18	184	19	136	
	0	149	1	159	2	123	3	114	4	145	5	185	6	183	7	111	8	117	9	129	10	145	11	154	12	127	13	133	14	138	15	182	16	166	17	155	18	129	19	156	
	0	105	1	175	2	191	3	154	4	182	5	114	6	185	7	108	8	183	9	173	10	157	11	158	12	121	13	133	14	106	15	176	16	157	17	177	18	134	19	159	
	0	164	1	115	2	153	3	125	4	125	5	184	6	196	7	128	8	139	9	170	10	116	11	112	12	122	13	175	14	166	15	194	16	172	17	188	18	184	19	142	
	0	189	1	193	2	118	3	177	4	122	5	125	6	126	7	128	8	116	9	155	10	165	11	152	12	173	13	107	14	160	15	175	16	149	17	126	18	128	19	149	
	0	138	1	176	2	194	3	144	4	144	5	184	6	134	7	158	8	169	9	111	10	167	11	108	12	154	13	115	14	157	15	149	16	189	17	156	18	167	19	185	
	0	103	1	188	2	144	3	164	4	167	5	146	6	149	7	179	8	128	9	149	10	108	11	129	12	189	13	143	14	124	15	107	16	113	17	194	18	165	19	198	
	0	182	1	112	2	195	3	123	4	154	5	191	6	187	7	109	8	124	9	152	10	130	11	151	12	145	13	123	14	111	15	113	16	165	17	189	18	152	19	125	
	0	169	1	198	2	173	3	111	4	171	5	194	6	137	7	166	8	138	9	112	10	133	11	162	12	148	13	165	14	119	15	122	16	160	17	168	18	196	19	162	
	0	109	1	122	2	134	3	143	4	123	5	117	6	158	7	160	8	120	9	186	10	106	11	150	12	166	13	184	14	134	15	156	16	187	17	141	18	105	19	139	
	0	106	1	183	2	143	3	157	4	162	5	163	6	179	7	133	8	149	9	158	10	100	11	184	12	191	13	106	14	180	15	100	16	157	17	178	18	192	19	105	
	0	133	1	174	2	158	3	128	4	104	5	104	6	197	7	148	8	131	9	159	10	189	11	152	12	175	13	142	14	123	15	140	16	124	17	143	18	160	19	188	
	0	177	1	110	2	166	3	151	4	118	5	132	6	159	7	186	8	174	9	181	10	115	11	172	12	105	13	138	14	148	15	165	16	102	17	141	18	133	19	151	
	0	107	1	178	2	128	3	149	4	138	5	114	6	101	7	115	8	186	9	191	10	173	11	152	12	167	13	156	14	196	15	135	16	175	17	149	18	171	19	117	
	0	107	1	146	2	169	3	112	4	126	5	100	6	193	7	189	8	189	9	137	10	142	11	188	12	109	13	161	14	175	15	112	16	146	17	162	18	173	19	186	
	0	164	1	177	2	163	3	100	4	152	5	147	6	172	7	159	8	132	9	195	10	145	11	146	12	168	13	191	14	156	15	138	16	122	17	174	18	168	19	154	
	0	121	1	184	2	179	3	160	4	187	5	196	6	129	7	147	8	108	9	155	10	139	11	133	12	159	13	119	14	185	15	176	16	160	17	184	18	128	19	140	
	0	123	1	183	2	164	3	128	4	165	5	181	6	122	7	130	8	140	9	142	10	186	11	142	12	178	13	155	14	173	15	179	16	135	17	127	18	146	19	125	
	0	112	1	121	2	131	3	151	4	177	5	191	6	155	7	165	8	194	9	170	10	110	11	138	12	171	13	186	14	101	15	115	16	125	17	126	18	124	19	116	
	0	136	1	198	2	138	3	161	4	103	5	129	6	105	7	161	8	175	9	102	10	107	11	175	12	137	13	123	14	173	15	137	16	124	17	103	18	130	19	122	
	0	123	1	158	2	179	3	113	4	183	5	186	6	143	7	100	8	184	9	122	10	198	11	175	12	103	13	168	14	141	15	165	16	185	17	183	18	117	19	118	
	0	178	1	156	2	155	3	107	4	132	5	133	6	172	7	115	8	191	9	181	10	189	11	127	12	162	13	183	14	108	15	188	16	177	17	173	18	182	19	114	
	0	128	1	172	2	104	3	185	4	147	5	150	6	153	7	156	8	111	9	153	10	158	11	157	12	160	13	171	14	155	15	123	16	157	17	100	18	134	19	193	
	0	162	1	199	2	177	3	100	4	109	5	134	6	191	7	136	8	197	9	137	10	111	11	113	12	119	13	113	14	106	15	156	16	170	17	166	18	193	19	109	
	0	170	1	122	2	136	3	199	4	174	5	146	6	118	7	199	8	195	9	104	10	125	11	158	12	133	13	179	14	169	15	186	16	174	17	146	18	181	19	165	
	0	113	1	116	2	113	3	117	4	117	5	124	6	192	7	136	8	127	9	146	10	170	11	180	12	142	13	146	14	167	15	176	16	190	17	121	18	124	19	173	
	0	191	1	116	2	158	3	123	4	125	5	100	6	113	7	104	8	121	9	156	10	178	11	167	12	127	13	160	14	169	15	151	16	168	17	194	18	146	19	155	
	0	150	1	177	2	187	3	138	4	110	5	170	6	135	7	124	8	150	9	153	10	102	11	147	12	133	13	120	14	110	15	188	16	108	17	101	18	146	19	154	
	0	135	1	167	2	189	3	130	4	149	5	107	6	150	7	162	8	122	9	107	10	156	11	159	12	159	13	162	14	125	15	182	16	135	17	158	18	180	19	186	
	0	108	1	136	2	127	3	140	4	188	5	190	6	119	7	113	8	160	9	164	10	119	11	157	12	120	13	168	14	144	15	117	16	133	17	135	18	141	19	158	
	0	151	1	138	2	125	3	174	4	174	5	131	6	170	7	128	8	193	9	161	10	169	11	171	12	138	13	183	14	128	15	113	16	121	17	151	18	174	19	154	
	0	192	1	132	2	125	3	196	4	164	5	174	6	182	7	129	8	182	9	198	10	184	11	184	12	121	13	139	14	183	15	182	16	159	17	183	18	189	19	133	
	0	155	1	184	2	196	3	123	4	171	5	106	6	128	7	136	8	160	9	137	10	178	11	158	12	172	13	149	14	155	15	127	16	134	17	174	18	186	19	118	
	0	120	1	119	2	170	3	143	4	110	5	167	6	112	7	187	8	187	9	178	10	147	11	135	12	122	13	158	14	179	15	134	16	116	17	193	18	124	19	187	
	0	108	1	152	2	101	3	186	4	128	5	107	6	129	7	158	8	143	9	136	10	166	11	184	12	168	13	158	14	128	15	107	16	102	17	189	18	117	19	195	
	0	181	1	180	2	171	3	140	4	166	5	108	6	132	7	184	8	103	9	188	10	174	11	137	12	142	13	187	14	198	15	178	16	128	17	145	18	152	19	194	
	0	138	1	179	2	160	3	179	4	144	5	174	6	180	7	104	8	179	9	115	10	134	11	168	12	153	13	188	14	186	15	120	16	138	17	165	18	165	19	164	
	0	150	1	144	2	149	3	167	4	110	5	195	6	189	7	142	8	109	9	113	10	131	11	194	12	176	13	151	14	129	15	138	16	142	17	177	18	146	19	111	
	0	199	1	170	2	187	3	123	4	107	5	128	6	147	7	141	8	143	9	134	10	139	11	127	12	123	13	127	14	106	15	124	16	115	17	112	18	133	19	101	
	0	177	1	190	2	135	3	194	4	149	5	177	6	165	7	130	8	133	9	170	10	189	11	179	12	118	13	124	14	196	15	172	16	111	17	155	18	198	19	185	
	0	153	1	102	2	142	3	129	4	156	5	186	6	180	7	152	8	106	9	100	10	176	11	121	12	142	13	108	14	151	15	107	16	113	17	153	18	144	19	171	
	0	185	1	169	2	101	3	184	4	177	5	101	6	157	7	171	8	193	9	101	10	176	11	183	12	123	13	158	14	130	15	138	16	100	17	170	18	128	19	123	
	0	187	1	122	2	140	3	108	4	195	5	139	6	192	7	116	8	167	9	114	10	154	11	104	12	158	13	138	14	191	15	182	16	176	17	124	18	158	19	119	
	0	110	1	174	2	188	3	184	4	178	5	142	6	107	7	190	8	119	9	133	10	160	11	138	12	153	13	192	14	134	15	174	16	108	17	135	18	152	19	105	
	0	175	1	113	2	195	3	167	4	180	5	124	6	130	7	170	8	191	9	186	10	187	11	110	12	128	13	178	14	127	15	199	16	190	17	109	18	125	19	108	
	0	190	1	120	2	171	3	124	4	133	5	170	6	110	7	121	8	125	9	136	10	158	11	102	12	151	13	101	14	175	15	102	16	139	17	185	18	106	19	123	
	0	133	1	110	2	135	3	170	4	145	5	169	6	188	7	128	8	198	9	195	10	107	11	125	12	135	13	120	14	154	15	197	16	110	17	109	18	184	19	115	
	0	191	1	166	2	167	3	172	4	165	5	179	6	129	7	162	8	188	9	144	10	164	11	150	12	147	13	113	14	152	15	111	16	152	17	103	18	195	19	115	
	0	155	1	157	2	159	3	169	4	156	5	195	6	104	7	193	8	109	9	169	10	108	11	198	12	196	13	117	14	118	15	142	16	142	17	102	18	103	19	103	
	0	154	1	141	2	180	3	133	4	132	5	194	6	188	7	179	8	105	9	149	10	137	11	120	12	176	13	139	14	132	15	188	16	152	17	107	18	126	19	193	
	0	186	1	173	2	158	3	140	4	130	5	106	6	124	7	140	8	161	9	103	10	147	11	184	12	132	13	128	14	160	15	114	16	138	17	142	18	185	19	152	
	0	185	1	117	2	117	3	140	4	159	5	172	6	145	7	157	8	155	9	134	10	123	11	168	12	117	13	173	14	170	15	181	16	192	17	167	18	115	19	190	
	0	199	1	173	2	123	3	102	4	189	5	193	6	111	7	196	8	158	9	108	10	105	11	139	12	146	13	156	14	156	15	138	16	197	17	176	18	155	19	109	
	0	125	1	106	2	123	3	131	4	173	5	130	6	188	7	159	8	114	9	193	10	138	11	141	12	144	13	153	14	177	15	122	16	158	17	180	18	110	19	112	
	0	135	1	185	2	169	3	172	4	134	5	142	6	165	7	163	8	133	9	160	10	115	11	116	12	170	13	130	14	119	15	144	16	187	17	124	18	119	19	116	
	0	136	1	128	2	130	3	132	4	115	5	178	6	174	7	197	8	188	9	146	10	175	11	165	12	155	13	128	14	121	15	167	16	164	17	103	18	124	19	189	
	0	193	1	176	2	107	3	122	4	102	5	169	6	118	7	153	8	126	9	102	10	145	11	105	12	102	13	184	14	122	15	107	16	189	17	161	18	198	19	146	
	0	132	1	161	2	150	3	103	4	131	5	118	6	105	7	111	8	187	9	148	10	174	11	102	12	170	13	155	14	104	15	186	16	118	17	177	18	164	19	145	
	0	179	1	149	2	192	3	186	4	197	5	194	6	163	7	127	8	118	9	198	10	113	11	156	12	144	13	142	14	125	15	102	16	102	17	159	18	165	19	170	
	0	126	1	187	2	106	3	130	4	168	5	122	6	198	7	190	8	149	9	180	10	126	11	165	12	182	13	140	14	154	15	187	16	108	17	192	18	104	19	191	
	0	149	1	168	2	135	3	198	4	178	5	177	6	186	7	130	8	121	9	182	10	125	11	130	12	102	13	105	14	129	15	187	16	170	17	168	18	113	19	136	
	0	159	1	120	2	148	3	139	4	135	5	132	6	177	7	187	8	190	9	191	10	181	11	195	12	151	13	119	14	180	15	117	16	149	17	194	18	197	19	124	
	0	176	1	179	2	164	3	108	4	136	5	111	6	138	7	131	8	152	9	166	10	192	11	113	12	144	13	176	14	177	15	157	16	153	17	112	18	106	19	107	
	0	185	1	128	2	147	3	188	4	124	5	192	6	156	7	136	8	161	9	166	10	189	11	103	12	127	13	183	14	188	15	187	16	169	17	115	18	150	19	137	
	0	128	1	199	2	117	3	116	4	132	5	124	6	133	7	123	8	141	9	101	10	121	11	159	12	161	13	149	14	137	15	100	16	171	17	175	18	139	19	141	
	0	162	1	139	2	122	3	132	4	149	5	146	6	103	7	181	8	191	9	167	10	179	11	178	12	140	13	112	14	131	15	127	16	195	17	160	18	140	19	195	
	0	166	1	174	2	150	3	163	4	188	5	124	6	156	7	189	8	121	9	195	10	192	11	158	12	189	13	190	14	177	15	138	16	131	17	103	18	171	19	120	
	0	168	1	161	2	160	3	152	4	161	5	184	6	165	7	132	8	198	9	103	10	167	11	171	12	173	13	160	14	133	15	127	16	111	17	155	18	187	19	199	
	0	142	1	157	2	117	3	185	4	152	5	128	6	121	7	161	8	172	9	127	10	170	11	169	12	107	13	130	14	186	15	117	16	178	17	140	18	173	19	180	
	0	111	1	139	2	138	3	130	4	142	5	179	6	181	7	182	8	187	9	100	10	122	11	184	12	153	13	192	14	160	15	107	16	121	17	115	18	155	19	165	
	0	193	1	181	2	137	3	159	4	176	5	143	6	104	7	180	8	116	9	168	10	153	11	111	12	180	13	115	14	168	15	197	16	188	17	102	18	116	19	197	
	0	163	1	145	2	178	3	102	4	151	5	129	6	174	7	123	8	183	9	112	10	190	11	190	12	150	13	117	14	180	15	100	16	164	17	179	18	171	19	126	
	0	131	1	115	2	182	3	120	4	180	5	135	6	145	7	154	8	160	9	141	10	149	11	136	12	147	13	104	14	102	15	120	16	120	17	167	18	163	19	132	
	0	150	1	124	2	163	3	101	4	106	5	153	6	199	7	126	8	137	9	113	10	177	11	178	12	119	13	165	14	144	15	101	16	191	17	115	18	158	19	171	
	0	174	1	125	2	163	3	187	4	199	5	195	6	199	7	143	8	147	9	163	10	167	11	153	12	118	13	121	14	160	15	129	16	150	17	154	18	142	19	106	
	0	101	1	151	2	117	3	180	4	135	5	183	6	111	7	132	8	122	9	127	10	158	11	140	12	149	13	150	14	127	15	113	16	171	17	112	18	136	19	145	
	0	181	1	176	2	182	3	163	4	184	5	165	6	188	7	127	8	182	9	103	10	165	11	176	12	143	13	139	14	180	15	156	16	119	17	181	18	179	19	170	
	0	163	1	115	2	121	3	115	4	178	5	163	6	194	7	147	8	155	9	174	10	145	11	176	12	161	13	183	14	180	15	142	16	146	17	158	18	164	19	198	
	0	101	1	114	2	124	3	164	4	135	5	143	6	101	7	155	8	141	9	158	10	148	11	103	12	144	13	135	14	192	15	126	16	145	17	116	18	106	19	161	
	0	104	1	144	2	147	3	188	4	164	5	191	6	149	7	145	8	150	9	198	10	146	11	138	12	144	13	179	14	178	15	121	16	129	17	106	18	117	19	116	
	0	151	1	179	2	162	3	118	4	128	5	127	6	126	7	184	8	133	9	174	10	180	11	199	12	144	13	116	14	185	15	163	16	178	17	125	18	185	19	198	
	0	159	1	104	2	174	3	123	4	131	5	131	6	173	7	140	8	137	9	152	10	139	11	167	12	149	13	199	14	188	15	148	16	171	17	159	18	120	19	170	
	0	191	1	117	2	172	3	121	4	157	5	137	6	196	7	175	8	159	9	112	10	119	11	151	12	101	13	155	14	159	15	189	16	125	17	165	18	183	19	193	
	0	183	1	104	2	175	3	156	4	161	5	186	6	156	7	113	8	129	9	100	10	141	11	142	12	159	13	156	14	170	15	198	16	114	17	155	18	147	19	195	
	0	142	1	145	2	137	3	105	4	148	5	141	6	137	7	161	8	135	9	142	10	126	11	196	12	120	13	124	14	134	15	196	16	173	17	106	18	196	19	133	
	0	118	1	168	2	133	3	114	4	128	5	156	6	126	7	199	8	175	9	173	10	198	11	188	12	156	13	144	14	169	15	167	16	152	17	129	18	121	19	178	
	0	137	1	186	2	100	3	153	4	171	5	163	6	155	7	154	8	141	9	136	10	178	11	176	12	182	13	164	14	185	15	173	16	111	17	104	18	119	19	100	
	0	197	1	157	2	130	3	104	4	184	5	172	6	153	7	107	8	106	9	190	10	194	11	169	12	134	13	124	14	142	15	111	16	144	17	197	18	142	19	158	
	0	199	1	143	2	152	3	181	4	150	5	168	6	169	7	172	8	176	9	193	10	199	11	141	12	190	13	198	14	154	15	101	16	163	17	185	18	143	19	151	
	0	157	1	102	2	140	3	116	4	199	5	136	6	152	7	163	8	163	9	170	10	112	11	189	12	185	13	193	14	135	15	129	16	161	17	169	18	131	19	174	
	0	158	1	198	2	157	3	177	4	196	5	144	6	199	7	114	8	113	9	124	10	196	11	124	12	100	13	100	14	188	15	137	16	187	17	107	18	190	19	157	
	0	124	1	166	2	149	3	194	4	175	5	190	6	103	7	124	8	130	9	125	10	133	11	155	12	134	13	176	14	140	15	106	16	170	17	171	18	148	19	120	
	0	174	1	129	2	168	3	138	4	117	5	152	6	189	7	179	8	188	9	169	10	180	11	185	12	175	13	105	14	124	15	141	16	139	17	123	18	136	19	122	