500 20 1
20
	0	150	1	148	2	106	3	133	4	160	5	162	6	189	7	122	8	166	9	128	10	104	11	139	12	191	13	140	14	166	15	162	16	171	17	129	18	196	19	165	
	0	194	1	117	2	113	3	185	4	162	5	173	6	126	7	148	8	119	9	117	10	147	11	102	12	139	13	176	14	102	15	152	16	135	17	117	18	104	19	144	
	0	179	1	172	2	194	3	173	4	154	5	118	6	101	7	186	8	115	9	183	10	102	11	141	12	132	13	122	14	106	15	102	16	176	17	132	18	105	19	147	
	0	188	1	167	2	134	3	162	4	106	5	174	6	131	7	157	8	178	9	178	10	103	11	155	12	138	13	183	14	179	15	133	16	186	17	153	18	197	19	134	
	0	185	1	154	2	144	3	172	4	108	5	168	6	116	7	141	8	165	9	117	10	181	11	165	12	188	13	147	14	160	15	135	16	145	17	171	18	106	19	188	
	0	153	1	149	2	102	3	101	4	147	5	121	6	150	7	123	8	131	9	166	10	150	11	160	12	195	13	165	14	113	15	198	16	114	17	138	18	136	19	113	
	0	107	1	198	2	129	3	140	4	198	5	184	6	129	7	112	8	138	9	165	10	186	11	163	12	107	13	131	14	129	15	176	16	102	17	167	18	160	19	160	
	0	196	1	107	2	136	3	185	4	156	5	143	6	149	7	160	8	170	9	117	10	111	11	176	12	173	13	116	14	105	15	139	16	195	17	130	18	141	19	142	
	0	144	1	125	2	156	3	152	4	161	5	108	6	176	7	188	8	148	9	163	10	116	11	111	12	198	13	140	14	102	15	109	16	168	17	146	18	137	19	161	
	0	139	1	140	2	187	3	144	4	111	5	116	6	162	7	131	8	182	9	162	10	167	11	153	12	195	13	151	14	115	15	126	16	170	17	115	18	138	19	143	
	0	127	1	131	2	170	3	180	4	156	5	181	6	118	7	120	8	175	9	105	10	104	11	161	12	157	13	188	14	197	15	103	16	149	17	184	18	175	19	135	
	0	177	1	188	2	125	3	196	4	115	5	148	6	115	7	130	8	135	9	112	10	105	11	131	12	125	13	157	14	187	15	115	16	119	17	128	18	111	19	169	
	0	154	1	140	2	107	3	173	4	150	5	196	6	161	7	145	8	155	9	150	10	101	11	187	12	198	13	135	14	186	15	112	16	133	17	162	18	173	19	171	
	0	164	1	197	2	175	3	129	4	161	5	142	6	162	7	145	8	183	9	104	10	116	11	194	12	171	13	115	14	101	15	172	16	188	17	149	18	190	19	180	
	0	157	1	140	2	107	3	119	4	105	5	124	6	181	7	162	8	151	9	138	10	192	11	133	12	140	13	143	14	105	15	101	16	131	17	139	18	196	19	189	
	0	187	1	179	2	127	3	145	4	184	5	170	6	162	7	198	8	136	9	119	10	106	11	126	12	164	13	144	14	165	15	139	16	176	17	170	18	179	19	123	
	0	175	1	189	2	149	3	116	4	108	5	160	6	108	7	171	8	187	9	187	10	196	11	111	12	161	13	153	14	182	15	134	16	104	17	108	18	151	19	107	
	0	157	1	157	2	148	3	192	4	111	5	140	6	140	7	120	8	105	9	145	10	177	11	170	12	160	13	117	14	175	15	196	16	144	17	120	18	130	19	191	
	0	121	1	137	2	115	3	180	4	138	5	195	6	174	7	127	8	143	9	143	10	155	11	180	12	192	13	187	14	171	15	162	16	194	17	170	18	167	19	141	
	0	168	1	191	2	197	3	106	4	186	5	168	6	138	7	106	8	159	9	190	10	104	11	120	12	146	13	187	14	120	15	118	16	129	17	105	18	195	19	190	
	0	137	1	186	2	191	3	188	4	101	5	126	6	157	7	144	8	133	9	180	10	191	11	111	12	182	13	149	14	104	15	174	16	169	17	140	18	199	19	129	
	0	126	1	155	2	162	3	127	4	105	5	187	6	111	7	191	8	160	9	154	10	137	11	157	12	154	13	197	14	126	15	127	16	123	17	166	18	180	19	125	
	0	128	1	116	2	191	3	101	4	159	5	114	6	138	7	131	8	170	9	159	10	186	11	138	12	145	13	178	14	119	15	180	16	161	17	179	18	161	19	107	
	0	123	1	102	2	192	3	129	4	115	5	128	6	120	7	158	8	163	9	114	10	134	11	103	12	135	13	185	14	111	15	187	16	115	17	168	18	103	19	197	
	0	139	1	163	2	161	3	131	4	135	5	156	6	141	7	102	8	148	9	126	10	193	11	144	12	184	13	126	14	108	15	117	16	150	17	175	18	182	19	152	
	0	133	1	190	2	157	3	160	4	139	5	106	6	136	7	177	8	181	9	107	10	123	11	167	12	106	13	158	14	122	15	106	16	105	17	177	18	151	19	199	
	0	197	1	103	2	195	3	176	4	149	5	186	6	189	7	100	8	197	9	179	10	132	11	145	12	176	13	164	14	186	15	129	16	151	17	193	18	113	19	171	
	0	102	1	116	2	165	3	151	4	102	5	134	6	153	7	151	8	163	9	148	10	140	11	173	12	125	13	176	14	128	15	107	16	115	17	105	18	154	19	169	
	0	191	1	170	2	100	3	169	4	197	5	169	6	181	7	137	8	194	9	173	10	175	11	130	12	153	13	146	14	119	15	167	16	175	17	101	18	145	19	156	
	0	192	1	141	2	130	3	105	4	158	5	112	6	156	7	139	8	145	9	180	10	133	11	165	12	172	13	133	14	176	15	113	16	164	17	155	18	198	19	145	
	0	178	1	182	2	157	3	169	4	132	5	122	6	195	7	172	8	101	9	126	10	106	11	199	12	129	13	109	14	155	15	115	16	178	17	115	18	117	19	126	
	0	196	1	162	2	184	3	128	4	192	5	156	6	136	7	172	8	132	9	150	10	184	11	170	12	195	13	147	14	167	15	197	16	176	17	144	18	135	19	197	
	0	124	1	100	2	133	3	107	4	146	5	159	6	168	7	138	8	115	9	177	10	129	11	191	12	176	13	156	14	149	15	193	16	168	17	195	18	119	19	186	
	0	186	1	177	2	109	3	194	4	103	5	106	6	198	7	148	8	108	9	107	10	177	11	160	12	149	13	109	14	193	15	177	16	134	17	116	18	114	19	144	
	0	195	1	193	2	188	3	142	4	180	5	153	6	150	7	162	8	186	9	123	10	145	11	103	12	190	13	133	14	128	15	121	16	159	17	154	18	141	19	108	
	0	194	1	135	2	162	3	191	4	110	5	176	6	138	7	135	8	110	9	164	10	175	11	163	12	181	13	169	14	189	15	196	16	181	17	186	18	116	19	157	
	0	128	1	198	2	179	3	188	4	119	5	105	6	124	7	165	8	160	9	167	10	197	11	173	12	143	13	121	14	162	15	135	16	197	17	105	18	105	19	155	
	0	106	1	102	2	136	3	148	4	106	5	120	6	188	7	140	8	146	9	142	10	179	11	151	12	169	13	125	14	172	15	100	16	150	17	166	18	187	19	108	
	0	141	1	129	2	137	3	145	4	110	5	181	6	157	7	112	8	101	9	160	10	185	11	160	12	133	13	131	14	116	15	162	16	160	17	110	18	110	19	126	
	0	189	1	182	2	195	3	148	4	105	5	125	6	108	7	180	8	178	9	196	10	119	11	139	12	182	13	168	14	154	15	146	16	152	17	162	18	111	19	158	
	0	166	1	188	2	131	3	135	4	188	5	178	6	173	7	183	8	168	9	107	10	118	11	138	12	160	13	138	14	152	15	159	16	124	17	188	18	188	19	142	
	0	193	1	142	2	137	3	134	4	183	5	192	6	115	7	135	8	125	9	129	10	108	11	124	12	129	13	115	14	186	15	115	16	174	17	124	18	122	19	141	
	0	163	1	107	2	141	3	181	4	183	5	184	6	126	7	105	8	166	9	159	10	159	11	128	12	176	13	144	14	126	15	101	16	184	17	101	18	124	19	188	
	0	129	1	189	2	160	3	107	4	140	5	160	6	147	7	104	8	169	9	168	10	139	11	129	12	156	13	182	14	130	15	166	16	116	17	139	18	113	19	162	
	0	164	1	195	2	166	3	173	4	122	5	159	6	120	7	107	8	105	9	183	10	114	11	170	12	127	13	147	14	127	15	183	16	129	17	103	18	161	19	150	
	0	111	1	126	2	159	3	187	4	163	5	140	6	137	7	101	8	152	9	117	10	176	11	162	12	157	13	190	14	132	15	126	16	169	17	147	18	164	19	193	
	0	139	1	142	2	144	3	140	4	167	5	106	6	188	7	176	8	170	9	180	10	132	11	110	12	176	13	100	14	124	15	162	16	156	17	162	18	103	19	131	
	0	162	1	142	2	173	3	109	4	176	5	102	6	190	7	182	8	150	9	147	10	157	11	167	12	149	13	166	14	194	15	194	16	111	17	147	18	101	19	134	
	0	169	1	179	2	185	3	175	4	125	5	144	6	168	7	196	8	191	9	166	10	103	11	147	12	124	13	196	14	166	15	142	16	127	17	121	18	183	19	125	
	0	125	1	135	2	193	3	153	4	191	5	160	6	117	7	165	8	153	9	153	10	148	11	128	12	153	13	164	14	131	15	161	16	142	17	122	18	156	19	183	
	0	193	1	129	2	158	3	117	4	131	5	172	6	197	7	115	8	173	9	157	10	143	11	183	12	153	13	104	14	195	15	158	16	121	17	138	18	121	19	139	
	0	142	1	101	2	166	3	123	4	150	5	143	6	182	7	148	8	195	9	119	10	160	11	160	12	176	13	131	14	151	15	157	16	195	17	172	18	148	19	122	
	0	123	1	156	2	175	3	133	4	166	5	174	6	182	7	152	8	191	9	125	10	160	11	191	12	161	13	118	14	172	15	163	16	101	17	185	18	135	19	109	
	0	127	1	170	2	132	3	166	4	190	5	184	6	107	7	124	8	179	9	112	10	172	11	187	12	123	13	144	14	162	15	130	16	134	17	140	18	180	19	193	
	0	173	1	157	2	124	3	178	4	191	5	193	6	176	7	176	8	120	9	152	10	138	11	187	12	143	13	112	14	128	15	127	16	106	17	161	18	180	19	193	
	0	184	1	111	2	101	3	164	4	147	5	144	6	177	7	126	8	159	9	103	10	183	11	150	12	160	13	151	14	121	15	118	16	184	17	154	18	175	19	149	
	0	193	1	101	2	133	3	174	4	150	5	197	6	112	7	165	8	124	9	160	10	153	11	196	12	145	13	150	14	131	15	171	16	137	17	123	18	187	19	125	
	0	142	1	102	2	185	3	150	4	122	5	125	6	162	7	101	8	131	9	104	10	197	11	127	12	103	13	196	14	131	15	135	16	157	17	136	18	172	19	149	
	0	196	1	130	2	147	3	170	4	191	5	152	6	134	7	109	8	111	9	175	10	188	11	120	12	114	13	170	14	164	15	115	16	129	17	132	18	191	19	102	
	0	141	1	163	2	173	3	118	4	126	5	185	6	161	7	121	8	140	9	129	10	167	11	187	12	119	13	132	14	196	15	142	16	170	17	142	18	190	19	126	
	0	156	1	151	2	141	3	106	4	176	5	130	6	169	7	151	8	104	9	145	10	109	11	138	12	146	13	192	14	109	15	130	16	130	17	193	18	113	19	144	
	0	126	1	161	2	183	3	127	4	167	5	144	6	124	7	184	8	182	9	123	10	106	11	126	12	181	13	107	14	149	15	151	16	172	17	151	18	172	19	199	
	0	179	1	154	2	159	3	187	4	185	5	139	6	180	7	118	8	143	9	122	10	131	11	136	12	144	13	164	14	159	15	164	16	162	17	163	18	178	19	120	
	0	174	1	184	2	148	3	152	4	120	5	191	6	165	7	176	8	170	9	160	10	165	11	103	12	167	13	125	14	142	15	152	16	107	17	147	18	125	19	112	
	0	142	1	181	2	169	3	166	4	166	5	133	6	142	7	183	8	155	9	118	10	198	11	163	12	103	13	172	14	158	15	122	16	198	17	186	18	108	19	184	
	0	169	1	102	2	184	3	182	4	122	5	160	6	141	7	101	8	147	9	173	10	138	11	138	12	101	13	111	14	150	15	189	16	156	17	197	18	153	19	160	
	0	182	1	195	2	105	3	148	4	100	5	196	6	198	7	154	8	132	9	110	10	158	11	167	12	161	13	117	14	169	15	185	16	194	17	113	18	144	19	103	
	0	143	1	156	2	165	3	197	4	154	5	142	6	171	7	113	8	137	9	147	10	128	11	119	12	151	13	196	14	146	15	119	16	158	17	104	18	158	19	128	
	0	101	1	102	2	152	3	157	4	188	5	155	6	195	7	177	8	145	9	178	10	160	11	117	12	101	13	177	14	187	15	177	16	128	17	143	18	174	19	191	
	0	193	1	103	2	176	3	175	4	182	5	112	6	157	7	116	8	173	9	123	10	155	11	174	12	153	13	126	14	101	15	199	16	176	17	119	18	156	19	167	
	0	181	1	173	2	180	3	151	4	105	5	127	6	196	7	153	8	131	9	171	10	111	11	126	12	106	13	135	14	151	15	186	16	136	17	106	18	171	19	124	
	0	148	1	189	2	101	3	186	4	180	5	126	6	138	7	120	8	174	9	191	10	150	11	138	12	181	13	128	14	101	15	133	16	192	17	111	18	141	19	150	
	0	171	1	180	2	165	3	118	4	154	5	192	6	157	7	158	8	104	9	152	10	155	11	162	12	116	13	187	14	192	15	189	16	138	17	166	18	162	19	116	
	0	149	1	120	2	191	3	181	4	189	5	197	6	174	7	100	8	158	9	176	10	140	11	180	12	125	13	168	14	132	15	155	16	121	17	125	18	168	19	143	
	0	161	1	140	2	142	3	191	4	113	5	177	6	184	7	103	8	112	9	194	10	161	11	152	12	142	13	121	14	149	15	155	16	174	17	163	18	171	19	103	
	0	179	1	183	2	153	3	187	4	171	5	153	6	152	7	106	8	117	9	148	10	107	11	199	12	125	13	156	14	183	15	109	16	178	17	174	18	137	19	128	
	0	153	1	138	2	196	3	115	4	197	5	174	6	121	7	105	8	130	9	157	10	145	11	130	12	166	13	127	14	178	15	179	16	167	17	193	18	139	19	154	
	0	168	1	197	2	106	3	121	4	187	5	195	6	155	7	118	8	148	9	127	10	187	11	116	12	192	13	174	14	158	15	125	16	113	17	128	18	103	19	187	
	0	115	1	141	2	123	3	138	4	136	5	105	6	138	7	103	8	140	9	163	10	174	11	191	12	122	13	169	14	188	15	168	16	108	17	161	18	133	19	121	
	0	183	1	103	2	142	3	126	4	191	5	122	6	184	7	114	8	159	9	107	10	163	11	112	12	156	13	138	14	122	15	110	16	116	17	180	18	148	19	124	
	0	198	1	174	2	151	3	138	4	153	5	119	6	155	7	149	8	198	9	129	10	157	11	199	12	131	13	150	14	109	15	163	16	101	17	167	18	193	19	155	
	0	163	1	174	2	125	3	110	4	101	5	172	6	189	7	118	8	164	9	109	10	106	11	130	12	105	13	156	14	117	15	182	16	107	17	140	18	161	19	127	
	0	163	1	145	2	148	3	115	4	179	5	186	6	146	7	179	8	167	9	163	10	194	11	159	12	196	13	158	14	165	15	183	16	166	17	170	18	108	19	110	
	0	170	1	184	2	118	3	101	4	173	5	140	6	181	7	151	8	184	9	136	10	195	11	132	12	117	13	172	14	177	15	197	16	199	17	108	18	183	19	137	
	0	155	1	103	2	145	3	174	4	123	5	114	6	107	7	196	8	135	9	134	10	136	11	111	12	174	13	132	14	106	15	108	16	119	17	161	18	170	19	181	
	0	146	1	138	2	189	3	146	4	122	5	122	6	101	7	193	8	164	9	179	10	177	11	175	12	154	13	183	14	157	15	152	16	159	17	119	18	174	19	172	
	0	173	1	135	2	157	3	136	4	121	5	173	6	140	7	109	8	169	9	149	10	128	11	197	12	151	13	162	14	140	15	174	16	197	17	159	18	167	19	120	
	0	114	1	136	2	140	3	127	4	101	5	172	6	171	7	166	8	106	9	132	10	120	11	189	12	154	13	157	14	169	15	169	16	123	17	108	18	197	19	194	
	0	121	1	179	2	148	3	122	4	123	5	125	6	106	7	136	8	195	9	159	10	107	11	120	12	161	13	166	14	144	15	106	16	147	17	116	18	102	19	199	
	0	102	1	110	2	123	3	105	4	140	5	120	6	174	7	166	8	115	9	177	10	125	11	164	12	118	13	155	14	174	15	192	16	155	17	163	18	123	19	172	
	0	110	1	114	2	170	3	120	4	112	5	119	6	145	7	135	8	140	9	184	10	155	11	120	12	135	13	129	14	141	15	189	16	166	17	124	18	164	19	164	
	0	119	1	179	2	144	3	174	4	132	5	189	6	128	7	171	8	191	9	139	10	189	11	197	12	191	13	180	14	127	15	141	16	160	17	131	18	195	19	196	
	0	188	1	173	2	196	3	155	4	190	5	143	6	172	7	117	8	152	9	197	10	162	11	114	12	188	13	115	14	118	15	186	16	131	17	109	18	144	19	156	
	0	179	1	162	2	119	3	105	4	155	5	161	6	183	7	109	8	129	9	183	10	178	11	115	12	148	13	185	14	152	15	130	16	191	17	131	18	117	19	169	
	0	199	1	107	2	148	3	117	4	181	5	112	6	139	7	154	8	136	9	122	10	134	11	190	12	170	13	163	14	164	15	170	16	121	17	121	18	105	19	135	
	0	130	1	118	2	106	3	181	4	194	5	157	6	164	7	148	8	182	9	115	10	164	11	164	12	105	13	114	14	199	15	191	16	156	17	143	18	130	19	175	
	0	117	1	146	2	137	3	150	4	189	5	151	6	162	7	104	8	181	9	136	10	145	11	167	12	192	13	149	14	158	15	146	16	124	17	138	18	175	19	122	
	0	114	1	107	2	157	3	179	4	155	5	162	6	154	7	198	8	178	9	131	10	109	11	196	12	188	13	148	14	149	15	110	16	135	17	177	18	195	19	161	
	0	131	1	158	2	196	3	142	4	183	5	180	6	148	7	102	8	113	9	118	10	158	11	103	12	108	13	196	14	152	15	102	16	186	17	139	18	157	19	133	
	0	178	1	181	2	106	3	167	4	176	5	164	6	115	7	136	8	122	9	178	10	129	11	187	12	171	13	163	14	181	15	134	16	166	17	150	18	198	19	196	
	0	185	1	159	2	144	3	191	4	127	5	150	6	189	7	185	8	197	9	138	10	173	11	185	12	105	13	164	14	111	15	178	16	193	17	163	18	182	19	175	
	0	183	1	117	2	110	3	127	4	186	5	191	6	137	7	110	8	102	9	160	10	158	11	169	12	124	13	128	14	185	15	134	16	133	17	112	18	175	19	167	
	0	136	1	177	2	110	3	157	4	179	5	165	6	122	7	146	8	143	9	135	10	195	11	148	12	125	13	167	14	143	15	133	16	186	17	151	18	115	19	199	
	0	170	1	161	2	142	3	133	4	194	5	184	6	110	7	197	8	175	9	119	10	116	11	106	12	123	13	137	14	138	15	153	16	195	17	143	18	168	19	155	
	0	122	1	149	2	153	3	185	4	150	5	192	6	180	7	113	8	133	9	137	10	187	11	143	12	143	13	173	14	187	15	180	16	115	17	165	18	166	19	195	
	0	156	1	146	2	106	3	176	4	111	5	142	6	119	7	145	8	178	9	159	10	181	11	165	12	155	13	161	14	120	15	120	16	163	17	102	18	185	19	143	
	0	122	1	134	2	178	3	169	4	193	5	134	6	153	7	110	8	124	9	121	10	125	11	172	12	154	13	194	14	195	15	122	16	122	17	105	18	109	19	182	
	0	184	1	137	2	193	3	199	4	125	5	199	6	137	7	113	8	155	9	124	10	110	11	114	12	197	13	134	14	131	15	109	16	132	17	105	18	180	19	158	
	0	168	1	162	2	140	3	152	4	106	5	142	6	165	7	183	8	122	9	144	10	175	11	183	12	192	13	184	14	144	15	187	16	179	17	155	18	187	19	130	
	0	128	1	152	2	159	3	147	4	130	5	158	6	159	7	175	8	191	9	165	10	132	11	141	12	115	13	195	14	191	15	144	16	131	17	143	18	129	19	133	
	0	130	1	124	2	113	3	136	4	179	5	120	6	146	7	139	8	163	9	145	10	171	11	177	12	187	13	138	14	143	15	142	16	178	17	128	18	141	19	128	
	0	187	1	119	2	113	3	143	4	101	5	120	6	185	7	107	8	158	9	188	10	175	11	162	12	166	13	146	14	104	15	173	16	189	17	158	18	179	19	131	
	0	193	1	182	2	176	3	165	4	123	5	135	6	184	7	186	8	103	9	137	10	137	11	119	12	179	13	194	14	118	15	172	16	154	17	124	18	114	19	173	
	0	163	1	110	2	167	3	199	4	110	5	108	6	167	7	151	8	161	9	122	10	174	11	165	12	107	13	160	14	166	15	187	16	174	17	123	18	124	19	165	
	0	123	1	146	2	108	3	157	4	148	5	184	6	193	7	155	8	186	9	181	10	154	11	191	12	149	13	152	14	161	15	180	16	186	17	164	18	127	19	145	
	0	108	1	139	2	137	3	191	4	138	5	156	6	106	7	126	8	109	9	181	10	197	11	153	12	169	13	157	14	197	15	112	16	194	17	149	18	137	19	125	
	0	174	1	146	2	158	3	152	4	122	5	195	6	165	7	176	8	130	9	188	10	199	11	127	12	130	13	186	14	162	15	150	16	191	17	103	18	103	19	134	
	0	155	1	106	2	189	3	143	4	141	5	148	6	129	7	190	8	173	9	158	10	169	11	162	12	112	13	159	14	178	15	164	16	191	17	178	18	131	19	105	
	0	191	1	158	2	159	3	190	4	102	5	198	6	127	7	146	8	185	9	107	10	198	11	175	12	145	13	109	14	101	15	182	16	199	17	129	18	151	19	135	
	0	124	1	178	2	182	3	198	4	194	5	104	6	141	7	151	8	195	9	174	10	167	11	121	12	172	13	132	14	128	15	149	16	173	17	140	18	134	19	175	
	0	172	1	154	2	114	3	105	4	107	5	131	6	145	7	196	8	107	9	182	10	160	11	121	12	135	13	130	14	108	15	121	16	175	17	149	18	167	19	138	
	0	136	1	195	2	196	3	161	4	185	5	152	6	177	7	148	8	170	9	187	10	144	11	120	12	156	13	106	14	199	15	161	16	120	17	115	18	197	19	127	
	0	178	1	198	2	163	3	158	4	140	5	158	6	180	7	142	8	199	9	114	10	117	11	164	12	190	13	156	14	188	15	156	16	178	17	188	18	171	19	147	
	0	187	1	172	2	133	3	179	4	185	5	137	6	194	7	122	8	157	9	106	10	185	11	160	12	103	13	108	14	176	15	181	16	105	17	189	18	136	19	114	
	0	175	1	175	2	142	3	197	4	127	5	197	6	129	7	152	8	103	9	150	10	105	11	119	12	133	13	182	14	197	15	106	16	163	17	105	18	126	19	153	
	0	170	1	171	2	173	3	171	4	137	5	170	6	108	7	122	8	147	9	155	10	148	11	161	12	109	13	172	14	174	15	170	16	109	17	115	18	120	19	103	
	0	144	1	101	2	199	3	151	4	127	5	130	6	148	7	113	8	159	9	120	10	128	11	160	12	130	13	167	14	149	15	136	16	130	17	135	18	162	19	162	
	0	113	1	193	2	126	3	115	4	175	5	173	6	158	7	198	8	144	9	182	10	110	11	154	12	174	13	188	14	194	15	127	16	139	17	179	18	146	19	102	
	0	159	1	140	2	155	3	125	4	126	5	153	6	193	7	186	8	197	9	118	10	114	11	144	12	100	13	163	14	189	15	191	16	168	17	138	18	117	19	197	
	0	174	1	193	2	101	3	173	4	140	5	121	6	121	7	172	8	198	9	130	10	167	11	155	12	149	13	171	14	155	15	108	16	178	17	142	18	152	19	170	
	0	147	1	165	2	181	3	136	4	116	5	152	6	177	7	107	8	167	9	127	10	168	11	115	12	113	13	193	14	106	15	103	16	133	17	163	18	197	19	105	
	0	112	1	166	2	154	3	114	4	148	5	191	6	193	7	123	8	121	9	102	10	112	11	164	12	138	13	115	14	155	15	111	16	172	17	137	18	173	19	165	
	0	155	1	176	2	178	3	121	4	125	5	189	6	173	7	170	8	159	9	138	10	101	11	122	12	132	13	120	14	129	15	197	16	128	17	178	18	132	19	184	
	0	160	1	188	2	187	3	172	4	152	5	104	6	198	7	103	8	177	9	129	10	175	11	122	12	173	13	109	14	163	15	110	16	192	17	182	18	193	19	160	
	0	158	1	173	2	165	3	175	4	131	5	140	6	110	7	112	8	118	9	115	10	157	11	130	12	199	13	176	14	198	15	142	16	151	17	115	18	113	19	158	
	0	143	1	197	2	153	3	105	4	198	5	163	6	172	7	198	8	180	9	191	10	196	11	106	12	144	13	178	14	182	15	189	16	104	17	121	18	102	19	181	
	0	152	1	138	2	127	3	158	4	101	5	135	6	161	7	125	8	133	9	130	10	133	11	184	12	153	13	148	14	136	15	132	16	171	17	100	18	116	19	109	
	0	101	1	141	2	121	3	188	4	150	5	160	6	148	7	175	8	104	9	199	10	194	11	170	12	116	13	126	14	151	15	194	16	147	17	145	18	128	19	178	
	0	137	1	172	2	184	3	159	4	152	5	151	6	173	7	185	8	150	9	197	10	192	11	188	12	152	13	151	14	127	15	189	16	189	17	107	18	125	19	121	
	0	135	1	108	2	168	3	108	4	117	5	185	6	196	7	180	8	140	9	101	10	131	11	181	12	140	13	137	14	137	15	197	16	172	17	117	18	158	19	157	
	0	117	1	155	2	147	3	150	4	173	5	130	6	136	7	178	8	104	9	179	10	171	11	148	12	136	13	193	14	185	15	123	16	159	17	158	18	122	19	179	
	0	190	1	163	2	118	3	186	4	196	5	185	6	137	7	157	8	156	9	119	10	108	11	183	12	131	13	140	14	130	15	164	16	128	17	177	18	198	19	199	
	0	199	1	100	2	150	3	175	4	133	5	132	6	113	7	115	8	198	9	177	10	158	11	152	12	163	13	105	14	173	15	140	16	146	17	168	18	187	19	116	
	0	113	1	117	2	179	3	145	4	124	5	197	6	136	7	176	8	180	9	133	10	198	11	160	12	162	13	170	14	153	15	154	16	107	17	137	18	192	19	103	
	0	142	1	118	2	179	3	118	4	187	5	188	6	100	7	184	8	135	9	150	10	136	11	132	12	107	13	126	14	102	15	117	16	129	17	199	18	101	19	160	
	0	170	1	194	2	188	3	161	4	165	5	173	6	112	7	125	8	109	9	131	10	141	11	140	12	191	13	133	14	197	15	121	16	175	17	102	18	174	19	122	
	0	106	1	135	2	187	3	183	4	181	5	142	6	103	7	192	8	176	9	108	10	122	11	107	12	190	13	167	14	116	15	153	16	148	17	197	18	112	19	181	
	0	173	1	135	2	146	3	174	4	166	5	170	6	157	7	181	8	163	9	175	10	181	11	170	12	187	13	127	14	164	15	125	16	136	17	154	18	181	19	134	
	0	119	1	186	2	138	3	154	4	171	5	100	6	110	7	145	8	144	9	122	10	152	11	145	12	116	13	164	14	146	15	125	16	174	17	193	18	167	19	163	
	0	115	1	138	2	143	3	128	4	198	5	190	6	132	7	188	8	163	9	118	10	191	11	107	12	193	13	199	14	133	15	124	16	118	17	102	18	130	19	193	
	0	120	1	196	2	152	3	129	4	121	5	123	6	148	7	124	8	123	9	174	10	165	11	162	12	122	13	180	14	146	15	135	16	199	17	165	18	130	19	106	
	0	155	1	161	2	115	3	158	4	194	5	133	6	196	7	193	8	170	9	165	10	116	11	161	12	124	13	140	14	113	15	137	16	173	17	151	18	193	19	173	
	0	165	1	145	2	105	3	170	4	105	5	197	6	120	7	128	8	135	9	154	10	131	11	106	12	112	13	115	14	103	15	104	16	134	17	118	18	167	19	145	
	0	124	1	156	2	196	3	113	4	104	5	192	6	163	7	102	8	196	9	117	10	194	11	134	12	144	13	130	14	131	15	163	16	191	17	175	18	142	19	159	
	0	124	1	194	2	174	3	193	4	118	5	161	6	148	7	165	8	193	9	128	10	121	11	101	12	140	13	104	14	157	15	136	16	160	17	177	18	112	19	131	
	0	133	1	141	2	121	3	164	4	116	5	149	6	122	7	150	8	173	9	129	10	160	11	100	12	100	13	169	14	156	15	149	16	188	17	199	18	170	19	129	
	0	120	1	157	2	142	3	196	4	130	5	188	6	121	7	103	8	184	9	167	10	106	11	112	12	133	13	173	14	187	15	150	16	174	17	150	18	170	19	114	
	0	139	1	121	2	190	3	110	4	134	5	131	6	135	7	184	8	147	9	108	10	101	11	148	12	177	13	143	14	162	15	178	16	177	17	196	18	166	19	178	
	0	177	1	123	2	173	3	150	4	136	5	172	6	144	7	182	8	100	9	141	10	140	11	143	12	197	13	131	14	128	15	142	16	178	17	157	18	138	19	182	
	0	166	1	109	2	113	3	153	4	114	5	185	6	154	7	111	8	190	9	166	10	126	11	156	12	165	13	107	14	108	15	100	16	101	17	168	18	144	19	122	
	0	128	1	186	2	103	3	130	4	174	5	160	6	122	7	108	8	128	9	145	10	186	11	101	12	167	13	161	14	166	15	121	16	118	17	107	18	142	19	180	
	0	164	1	199	2	135	3	191	4	126	5	100	6	131	7	134	8	193	9	157	10	175	11	115	12	117	13	178	14	104	15	142	16	143	17	192	18	143	19	192	
	0	109	1	185	2	129	3	147	4	111	5	133	6	180	7	104	8	129	9	108	10	148	11	124	12	128	13	182	14	122	15	153	16	175	17	187	18	167	19	161	
	0	160	1	136	2	140	3	101	4	195	5	111	6	154	7	103	8	183	9	122	10	145	11	106	12	179	13	179	14	183	15	111	16	101	17	192	18	183	19	158	
	0	151	1	158	2	183	3	151	4	186	5	181	6	131	7	199	8	112	9	126	10	139	11	167	12	173	13	177	14	169	15	159	16	167	17	178	18	149	19	129	
	0	175	1	158	2	158	3	157	4	160	5	108	6	187	7	106	8	191	9	123	10	146	11	134	12	176	13	156	14	160	15	150	16	149	17	144	18	130	19	193	
	0	169	1	154	2	160	3	134	4	141	5	171	6	177	7	155	8	179	9	124	10	138	11	189	12	123	13	186	14	108	15	114	16	127	17	149	18	117	19	170	
	0	194	1	170	2	171	3	169	4	149	5	182	6	137	7	172	8	114	9	156	10	199	11	198	12	127	13	176	14	149	15	194	16	160	17	187	18	155	19	183	
	0	125	1	127	2	132	3	134	4	194	5	195	6	185	7	113	8	192	9	168	10	158	11	141	12	185	13	135	14	132	15	143	16	193	17	108	18	106	19	149	
	0	189	1	132	2	189	3	140	4	188	5	186	6	190	7	125	8	121	9	136	10	156	11	140	12	171	13	168	14	188	15	164	16	121	17	199	18	154	19	122	
	0	179	1	143	2	193	3	186	4	177	5	193	6	166	7	176	8	183	9	102	10	113	11	113	12	150	13	101	14	142	15	153	16	102	17	166	18	140	19	109	
	0	161	1	143	2	161	3	161	4	147	5	152	6	177	7	192	8	104	9	130	10	179	11	157	12	100	13	140	14	138	15	122	16	190	17	174	18	118	19	156	
	0	177	1	191	2	197	3	129	4	104	5	199	6	157	7	134	8	152	9	183	10	166	11	101	12	123	13	143	14	180	15	188	16	160	17	153	18	171	19	153	
	0	150	1	187	2	148	3	141	4	184	5	133	6	106	7	196	8	159	9	110	10	130	11	198	12	191	13	129	14	119	15	172	16	183	17	113	18	165	19	162	
	0	114	1	148	2	173	3	154	4	193	5	173	6	118	7	175	8	111	9	105	10	179	11	167	12	116	13	187	14	153	15	127	16	126	17	169	18	173	19	176	
	0	126	1	198	2	191	3	127	4	135	5	147	6	157	7	186	8	197	9	143	10	127	11	171	12	144	13	123	14	168	15	134	16	125	17	136	18	139	19	107	
	0	186	1	142	2	132	3	146	4	194	5	185	6	154	7	199	8	121	9	115	10	145	11	182	12	120	13	170	14	125	15	107	16	146	17	138	18	111	19	188	
	0	108	1	198	2	164	3	147	4	163	5	110	6	147	7	179	8	163	9	177	10	111	11	100	12	151	13	106	14	131	15	195	16	116	17	158	18	191	19	144	
	0	107	1	141	2	100	3	135	4	128	5	105	6	139	7	190	8	185	9	104	10	168	11	189	12	176	13	162	14	122	15	179	16	113	17	167	18	151	19	193	
	0	128	1	103	2	145	3	145	4	128	5	163	6	139	7	109	8	153	9	118	10	143	11	116	12	187	13	138	14	138	15	186	16	136	17	108	18	131	19	195	
	0	159	1	190	2	112	3	109	4	163	5	162	6	106	7	183	8	156	9	157	10	183	11	170	12	180	13	139	14	167	15	196	16	123	17	199	18	145	19	180	
	0	177	1	119	2	128	3	197	4	118	5	141	6	182	7	183	8	184	9	106	10	120	11	184	12	136	13	152	14	156	15	184	16	167	17	135	18	124	19	171	
	0	199	1	188	2	140	3	192	4	199	5	176	6	144	7	111	8	175	9	161	10	151	11	129	12	133	13	116	14	100	15	164	16	162	17	108	18	192	19	102	
	0	186	1	136	2	105	3	199	4	172	5	178	6	143	7	139	8	168	9	160	10	188	11	158	12	110	13	179	14	153	15	182	16	160	17	139	18	115	19	175	
	0	116	1	176	2	104	3	111	4	101	5	107	6	141	7	153	8	193	9	110	10	105	11	172	12	196	13	129	14	172	15	144	16	171	17	160	18	105	19	113	
	0	140	1	138	2	102	3	153	4	109	5	160	6	162	7	169	8	104	9	164	10	114	11	168	12	199	13	182	14	141	15	138	16	181	17	164	18	145	19	171	
	0	173	1	111	2	160	3	160	4	106	5	197	6	127	7	193	8	129	9	130	10	159	11	162	12	136	13	172	14	141	15	192	16	104	17	154	18	124	19	183	
	0	114	1	186	2	111	3	141	4	142	5	162	6	172	7	130	8	168	9	176	10	153	11	124	12	196	13	159	14	102	15	150	16	190	17	126	18	168	19	184	
	0	195	1	125	2	136	3	190	4	191	5	123	6	111	7	155	8	108	9	153	10	167	11	102	12	179	13	141	14	167	15	171	16	139	17	108	18	137	19	140	
	0	151	1	151	2	173	3	162	4	129	5	138	6	142	7	199	8	126	9	138	10	121	11	191	12	160	13	127	14	109	15	130	16	191	17	134	18	175	19	117	
	0	167	1	153	2	137	3	181	4	179	5	119	6	114	7	114	8	120	9	147	10	151	11	135	12	142	13	152	14	105	15	110	16	177	17	112	18	172	19	102	
	0	106	1	197	2	155	3	120	4	188	5	193	6	177	7	193	8	105	9	154	10	188	11	151	12	123	13	102	14	116	15	117	16	194	17	193	18	168	19	198	
	0	155	1	165	2	118	3	167	4	144	5	132	6	101	7	179	8	122	9	121	10	197	11	119	12	140	13	120	14	134	15	107	16	107	17	136	18	101	19	164	
	0	101	1	174	2	187	3	109	4	151	5	152	6	108	7	125	8	179	9	101	10	197	11	127	12	195	13	165	14	127	15	108	16	190	17	102	18	129	19	131	
	0	189	1	153	2	124	3	195	4	134	5	174	6	174	7	178	8	185	9	106	10	180	11	169	12	158	13	151	14	193	15	179	16	171	17	175	18	148	19	129	
	0	186	1	139	2	157	3	104	4	193	5	131	6	181	7	167	8	172	9	107	10	177	11	148	12	175	13	192	14	114	15	184	16	172	17	132	18	138	19	195	
	0	190	1	192	2	174	3	150	4	173	5	169	6	104	7	105	8	131	9	123	10	136	11	117	12	133	13	110	14	140	15	170	16	139	17	199	18	101	19	151	
	0	133	1	170	2	144	3	195	4	199	5	178	6	182	7	196	8	119	9	122	10	172	11	139	12	159	13	143	14	112	15	194	16	101	17	159	18	169	19	126	
	0	172	1	164	2	193	3	118	4	166	5	199	6	138	7	121	8	155	9	161	10	161	11	141	12	118	13	163	14	152	15	136	16	173	17	195	18	136	19	155	
	0	123	1	183	2	179	3	122	4	170	5	117	6	197	7	126	8	160	9	173	10	152	11	111	12	176	13	118	14	190	15	135	16	186	17	193	18	162	19	181	
	0	155	1	165	2	156	3	147	4	126	5	176	6	159	7	158	8	165	9	175	10	141	11	107	12	140	13	147	14	106	15	180	16	165	17	176	18	193	19	161	
	0	196	1	116	2	109	3	124	4	105	5	189	6	147	7	108	8	112	9	133	10	190	11	106	12	137	13	135	14	184	15	167	16	166	17	175	18	171	19	179	
	0	139	1	170	2	120	3	102	4	165	5	163	6	191	7	192	8	175	9	174	10	121	11	111	12	177	13	180	14	171	15	189	16	162	17	185	18	169	19	121	
	0	149	1	190	2	156	3	199	4	100	5	111	6	177	7	148	8	130	9	164	10	142	11	169	12	172	13	104	14	150	15	191	16	127	17	167	18	180	19	135	
	0	100	1	109	2	173	3	164	4	160	5	140	6	188	7	174	8	155	9	107	10	128	11	107	12	153	13	149	14	177	15	101	16	133	17	149	18	147	19	139	
	0	146	1	168	2	117	3	117	4	182	5	133	6	182	7	171	8	149	9	190	10	138	11	137	12	192	13	160	14	191	15	101	16	145	17	184	18	175	19	186	
	0	168	1	181	2	138	3	129	4	199	5	118	6	178	7	136	8	110	9	181	10	119	11	138	12	129	13	186	14	144	15	150	16	143	17	194	18	104	19	184	
	0	165	1	197	2	113	3	118	4	132	5	146	6	125	7	101	8	144	9	186	10	163	11	138	12	190	13	128	14	162	15	116	16	148	17	160	18	129	19	156	
	0	148	1	191	2	145	3	188	4	184	5	103	6	127	7	198	8	106	9	193	10	129	11	128	12	141	13	183	14	102	15	166	16	170	17	181	18	131	19	128	
	0	172	1	127	2	126	3	106	4	163	5	152	6	153	7	182	8	152	9	199	10	111	11	108	12	148	13	167	14	123	15	178	16	170	17	179	18	198	19	167	
	0	191	1	155	2	140	3	106	4	137	5	105	6	162	7	100	8	120	9	108	10	168	11	146	12	145	13	145	14	178	15	122	16	177	17	122	18	117	19	189	
	0	130	1	160	2	180	3	169	4	169	5	154	6	192	7	133	8	168	9	105	10	157	11	146	12	126	13	105	14	138	15	139	16	146	17	178	18	136	19	145	
	0	189	1	174	2	132	3	136	4	165	5	164	6	176	7	161	8	127	9	184	10	161	11	152	12	127	13	146	14	191	15	119	16	107	17	166	18	101	19	198	
	0	106	1	113	2	123	3	191	4	112	5	197	6	106	7	186	8	112	9	107	10	111	11	165	12	129	13	125	14	180	15	125	16	150	17	136	18	184	19	120	
	0	185	1	104	2	182	3	128	4	123	5	115	6	166	7	142	8	154	9	184	10	160	11	128	12	183	13	124	14	174	15	177	16	159	17	100	18	144	19	147	
	0	114	1	135	2	143	3	100	4	132	5	116	6	103	7	169	8	153	9	199	10	122	11	111	12	171	13	100	14	171	15	100	16	101	17	156	18	132	19	186	
	0	138	1	152	2	173	3	172	4	161	5	146	6	184	7	186	8	149	9	115	10	189	11	154	12	154	13	107	14	171	15	161	16	179	17	123	18	134	19	105	
	0	137	1	172	2	118	3	174	4	137	5	149	6	149	7	156	8	102	9	111	10	156	11	174	12	184	13	135	14	134	15	101	16	197	17	198	18	103	19	100	
	0	161	1	192	2	117	3	172	4	105	5	178	6	145	7	181	8	184	9	153	10	196	11	104	12	119	13	125	14	160	15	101	16	119	17	184	18	167	19	108	
	0	198	1	160	2	180	3	187	4	122	5	103	6	186	7	131	8	150	9	148	10	181	11	148	12	175	13	141	14	198	15	196	16	182	17	169	18	139	19	128	
	0	113	1	156	2	149	3	146	4	139	5	174	6	108	7	159	8	178	9	171	10	129	11	140	12	136	13	170	14	166	15	157	16	126	17	170	18	114	19	154	
	0	170	1	178	2	187	3	106	4	191	5	104	6	162	7	114	8	159	9	127	10	183	11	102	12	177	13	143	14	174	15	179	16	140	17	128	18	117	19	161	
	0	169	1	116	2	100	3	161	4	165	5	150	6	115	7	152	8	167	9	154	10	164	11	158	12	113	13	141	14	129	15	173	16	177	17	195	18	125	19	159	
	0	165	1	121	2	127	3	127	4	196	5	102	6	146	7	124	8	167	9	130	10	117	11	147	12	104	13	162	14	167	15	146	16	181	17	123	18	199	19	151	
	0	109	1	148	2	152	3	144	4	161	5	172	6	111	7	190	8	130	9	156	10	122	11	129	12	179	13	107	14	172	15	110	16	110	17	165	18	158	19	104	
	0	196	1	113	2	143	3	185	4	139	5	156	6	139	7	108	8	195	9	110	10	135	11	111	12	112	13	149	14	172	15	187	16	172	17	180	18	129	19	162	
	0	165	1	109	2	105	3	190	4	194	5	164	6	146	7	188	8	147	9	128	10	173	11	155	12	106	13	165	14	178	15	182	16	102	17	128	18	115	19	126	
	0	136	1	106	2	108	3	136	4	153	5	111	6	131	7	108	8	123	9	192	10	187	11	174	12	165	13	137	14	155	15	162	16	190	17	161	18	121	19	157	
	0	180	1	179	2	184	3	194	4	194	5	177	6	107	7	151	8	149	9	108	10	127	11	152	12	163	13	156	14	125	15	138	16	154	17	168	18	118	19	122	
	0	125	1	178	2	169	3	117	4	172	5	119	6	191	7	167	8	166	9	141	10	157	11	125	12	159	13	162	14	141	15	136	16	152	17	130	18	114	19	160	
	0	113	1	174	2	140	3	110	4	169	5	195	6	105	7	129	8	133	9	191	10	127	11	104	12	175	13	174	14	102	15	101	16	129	17	133	18	157	19	187	
	0	143	1	180	2	161	3	107	4	170	5	113	6	159	7	177	8	147	9	151	10	163	11	165	12	112	13	189	14	157	15	196	16	190	17	148	18	116	19	180	
	0	121	1	147	2	150	3	193	4	185	5	161	6	164	7	180	8	149	9	106	10	150	11	154	12	121	13	179	14	135	15	144	16	168	17	177	18	167	19	145	
	0	192	1	152	2	194	3	134	4	188	5	161	6	163	7	107	8	154	9	139	10	141	11	148	12	182	13	154	14	110	15	130	16	130	17	102	18	181	19	124	
	0	166	1	154	2	130	3	122	4	147	5	102	6	142	7	112	8	101	9	148	10	151	11	145	12	167	13	111	14	127	15	162	16	120	17	153	18	113	19	162	
	0	144	1	111	2	138	3	129	4	168	5	195	6	147	7	121	8	155	9	166	10	191	11	189	12	190	13	148	14	111	15	113	16	154	17	180	18	145	19	195	
	0	185	1	191	2	191	3	120	4	119	5	101	6	130	7	118	8	176	9	151	10	188	11	126	12	101	13	116	14	141	15	111	16	171	17	105	18	126	19	173	
	0	135	1	153	2	112	3	133	4	199	5	178	6	156	7	146	8	150	9	150	10	185	11	109	12	197	13	130	14	178	15	178	16	125	17	193	18	119	19	134	
	0	113	1	194	2	166	3	157	4	128	5	107	6	144	7	173	8	192	9	174	10	122	11	143	12	132	13	186	14	101	15	150	16	191	17	107	18	178	19	137	
	0	178	1	191	2	171	3	197	4	147	5	177	6	140	7	171	8	125	9	148	10	105	11	170	12	121	13	154	14	178	15	157	16	138	17	192	18	169	19	129	
	0	141	1	105	2	135	3	113	4	124	5	137	6	170	7	125	8	113	9	191	10	107	11	183	12	135	13	116	14	105	15	112	16	121	17	181	18	150	19	184	
	0	170	1	173	2	154	3	193	4	154	5	143	6	129	7	114	8	115	9	198	10	141	11	101	12	132	13	198	14	142	15	197	16	167	17	111	18	179	19	122	
	0	162	1	158	2	115	3	131	4	105	5	113	6	128	7	170	8	122	9	196	10	171	11	184	12	197	13	122	14	100	15	113	16	199	17	197	18	197	19	114	
	0	163	1	153	2	128	3	166	4	160	5	132	6	110	7	154	8	142	9	132	10	132	11	193	12	148	13	124	14	192	15	101	16	195	17	176	18	192	19	143	
	0	158	1	135	2	199	3	136	4	162	5	163	6	169	7	128	8	112	9	148	10	146	11	183	12	105	13	178	14	190	15	163	16	173	17	137	18	164	19	181	
	0	181	1	123	2	177	3	157	4	100	5	125	6	121	7	173	8	194	9	196	10	113	11	187	12	137	13	111	14	111	15	166	16	140	17	145	18	199	19	194	
	0	105	1	188	2	171	3	132	4	138	5	181	6	151	7	174	8	135	9	196	10	151	11	181	12	112	13	189	14	178	15	124	16	163	17	109	18	139	19	164	
	0	142	1	191	2	147	3	193	4	119	5	174	6	159	7	140	8	112	9	163	10	139	11	149	12	158	13	145	14	112	15	109	16	185	17	117	18	119	19	165	
	0	175	1	145	2	176	3	198	4	158	5	165	6	106	7	112	8	192	9	108	10	100	11	121	12	154	13	185	14	137	15	122	16	109	17	158	18	125	19	113	
	0	193	1	198	2	181	3	147	4	119	5	115	6	194	7	195	8	135	9	123	10	137	11	165	12	179	13	160	14	162	15	132	16	192	17	192	18	163	19	121	
	0	103	1	186	2	164	3	156	4	107	5	151	6	197	7	174	8	161	9	185	10	143	11	110	12	101	13	182	14	173	15	162	16	133	17	106	18	136	19	137	
	0	156	1	130	2	183	3	146	4	129	5	133	6	153	7	156	8	142	9	141	10	143	11	165	12	100	13	143	14	113	15	194	16	156	17	129	18	161	19	137	
	0	189	1	149	2	181	3	198	4	177	5	198	6	107	7	104	8	111	9	186	10	174	11	163	12	135	13	131	14	199	15	127	16	112	17	136	18	186	19	133	
	0	159	1	141	2	159	3	126	4	127	5	195	6	130	7	166	8	183	9	106	10	115	11	166	12	164	13	180	14	158	15	141	16	136	17	114	18	159	19	189	
	0	121	1	147	2	189	3	110	4	133	5	117	6	111	7	149	8	140	9	173	10	184	11	131	12	140	13	175	14	140	15	149	16	185	17	139	18	164	19	112	
	0	130	1	150	2	145	3	146	4	182	5	188	6	194	7	143	8	184	9	184	10	189	11	187	12	183	13	106	14	165	15	113	16	118	17	165	18	189	19	125	
	0	197	1	180	2	156	3	134	4	100	5	188	6	148	7	150	8	164	9	157	10	197	11	132	12	185	13	179	14	188	15	137	16	172	17	171	18	170	19	117	
	0	142	1	189	2	136	3	116	4	177	5	193	6	196	7	116	8	133	9	139	10	194	11	132	12	192	13	149	14	140	15	139	16	108	17	131	18	112	19	101	
	0	178	1	126	2	129	3	195	4	137	5	138	6	113	7	139	8	108	9	119	10	161	11	194	12	101	13	111	14	194	15	113	16	195	17	129	18	169	19	143	
	0	127	1	106	2	166	3	173	4	167	5	108	6	111	7	173	8	120	9	145	10	136	11	189	12	166	13	174	14	151	15	148	16	130	17	121	18	126	19	163	
	0	188	1	119	2	180	3	166	4	147	5	170	6	113	7	102	8	182	9	162	10	153	11	143	12	104	13	166	14	197	15	146	16	100	17	130	18	183	19	184	
	0	123	1	198	2	176	3	160	4	128	5	118	6	167	7	179	8	144	9	192	10	168	11	159	12	190	13	166	14	134	15	117	16	185	17	165	18	146	19	143	
	0	144	1	121	2	170	3	142	4	175	5	128	6	195	7	189	8	138	9	129	10	172	11	145	12	147	13	189	14	175	15	176	16	124	17	160	18	129	19	137	
	0	122	1	154	2	106	3	181	4	156	5	126	6	163	7	184	8	154	9	125	10	162	11	131	12	107	13	160	14	139	15	163	16	193	17	172	18	136	19	188	
	0	169	1	154	2	162	3	191	4	193	5	182	6	151	7	150	8	195	9	173	10	182	11	145	12	177	13	176	14	142	15	198	16	105	17	198	18	132	19	198	
	0	144	1	193	2	103	3	163	4	102	5	140	6	145	7	171	8	154	9	141	10	196	11	119	12	153	13	121	14	174	15	174	16	172	17	150	18	151	19	161	
	0	159	1	198	2	170	3	131	4	196	5	145	6	151	7	173	8	125	9	121	10	184	11	171	12	196	13	158	14	118	15	159	16	129	17	134	18	175	19	164	
	0	189	1	127	2	198	3	196	4	158	5	175	6	188	7	138	8	154	9	125	10	134	11	146	12	170	13	145	14	100	15	103	16	164	17	102	18	193	19	120	
	0	193	1	153	2	132	3	112	4	197	5	132	6	131	7	163	8	172	9	112	10	174	11	153	12	103	13	139	14	160	15	125	16	180	17	150	18	123	19	120	
	0	192	1	190	2	126	3	106	4	163	5	100	6	124	7	174	8	141	9	135	10	103	11	153	12	103	13	125	14	147	15	124	16	176	17	149	18	190	19	191	
	0	124	1	188	2	193	3	142	4	176	5	153	6	108	7	123	8	112	9	115	10	167	11	167	12	153	13	114	14	125	15	139	16	146	17	165	18	111	19	103	
	0	118	1	159	2	110	3	113	4	169	5	169	6	117	7	139	8	133	9	108	10	154	11	194	12	163	13	148	14	180	15	180	16	195	17	112	18	172	19	142	
	0	181	1	167	2	108	3	127	4	102	5	172	6	156	7	121	8	155	9	150	10	116	11	170	12	113	13	118	14	171	15	176	16	142	17	193	18	135	19	197	
	0	111	1	167	2	197	3	193	4	111	5	174	6	180	7	126	8	149	9	145	10	118	11	122	12	107	13	140	14	187	15	181	16	135	17	173	18	115	19	174	
	0	166	1	109	2	115	3	187	4	151	5	109	6	144	7	189	8	122	9	141	10	132	11	183	12	183	13	154	14	113	15	168	16	163	17	136	18	112	19	180	
	0	126	1	179	2	115	3	167	4	126	5	192	6	176	7	100	8	175	9	152	10	162	11	144	12	160	13	120	14	141	15	163	16	131	17	167	18	182	19	194	
	0	125	1	129	2	149	3	184	4	141	5	174	6	144	7	111	8	167	9	128	10	121	11	186	12	141	13	147	14	195	15	180	16	110	17	189	18	186	19	136	
	0	179	1	150	2	149	3	132	4	167	5	118	6	146	7	129	8	187	9	102	10	197	11	173	12	103	13	121	14	109	15	192	16	120	17	179	18	136	19	141	
	0	127	1	137	2	158	3	197	4	135	5	164	6	106	7	118	8	187	9	161	10	165	11	125	12	135	13	182	14	112	15	110	16	181	17	102	18	100	19	166	
	0	171	1	131	2	109	3	143	4	177	5	149	6	112	7	136	8	189	9	176	10	135	11	191	12	196	13	130	14	163	15	188	16	111	17	159	18	192	19	129	
	0	142	1	122	2	158	3	168	4	122	5	141	6	135	7	110	8	197	9	178	10	185	11	168	12	193	13	148	14	166	15	108	16	141	17	101	18	103	19	151	
	0	148	1	109	2	163	3	193	4	144	5	153	6	105	7	179	8	167	9	163	10	173	11	188	12	146	13	110	14	164	15	176	16	193	17	170	18	125	19	187	
	0	155	1	197	2	161	3	101	4	179	5	121	6	192	7	171	8	165	9	101	10	185	11	125	12	156	13	192	14	177	15	135	16	169	17	121	18	195	19	175	
	0	196	1	181	2	157	3	169	4	111	5	127	6	147	7	149	8	124	9	142	10	128	11	110	12	192	13	130	14	171	15	108	16	178	17	197	18	158	19	189	
	0	156	1	193	2	183	3	190	4	122	5	182	6	105	7	129	8	142	9	194	10	182	11	199	12	161	13	193	14	183	15	174	16	141	17	107	18	168	19	164	
	0	114	1	117	2	130	3	131	4	106	5	163	6	135	7	122	8	197	9	105	10	138	11	110	12	154	13	125	14	140	15	143	16	162	17	129	18	115	19	138	
	0	175	1	183	2	169	3	187	4	136	5	142	6	129	7	188	8	108	9	189	10	138	11	144	12	152	13	102	14	173	15	162	16	115	17	163	18	130	19	186	
	0	137	1	196	2	170	3	138	4	103	5	186	6	105	7	147	8	175	9	113	10	135	11	131	12	132	13	126	14	137	15	199	16	194	17	120	18	173	19	106	
	0	100	1	164	2	110	3	153	4	174	5	149	6	187	7	103	8	109	9	194	10	151	11	120	12	198	13	155	14	124	15	121	16	160	17	194	18	165	19	178	
	0	146	1	193	2	116	3	120	4	173	5	134	6	116	7	188	8	186	9	124	10	124	11	166	12	165	13	126	14	107	15	195	16	187	17	151	18	153	19	173	
	0	106	1	144	2	107	3	148	4	183	5	137	6	114	7	146	8	163	9	142	10	120	11	196	12	103	13	166	14	124	15	145	16	183	17	115	18	109	19	193	
	0	138	1	110	2	115	3	162	4	136	5	190	6	198	7	155	8	192	9	172	10	123	11	185	12	189	13	181	14	157	15	119	16	189	17	171	18	165	19	186	
	0	194	1	134	2	151	3	150	4	197	5	116	6	173	7	145	8	176	9	137	10	197	11	194	12	119	13	117	14	108	15	123	16	168	17	180	18	149	19	100	
	0	173	1	175	2	165	3	175	4	154	5	156	6	133	7	191	8	119	9	192	10	181	11	197	12	156	13	135	14	169	15	187	16	113	17	189	18	117	19	158	
	0	194	1	184	2	174	3	139	4	188	5	161	6	172	7	165	8	185	9	128	10	159	11	110	12	121	13	136	14	135	15	178	16	102	17	167	18	132	19	163	
	0	167	1	101	2	154	3	187	4	141	5	111	6	170	7	108	8	127	9	152	10	162	11	122	12	180	13	168	14	184	15	177	16	171	17	115	18	151	19	144	
	0	195	1	129	2	157	3	121	4	197	5	172	6	197	7	164	8	163	9	141	10	121	11	160	12	135	13	141	14	144	15	176	16	161	17	127	18	175	19	155	
	0	198	1	123	2	121	3	198	4	198	5	101	6	154	7	163	8	141	9	131	10	129	11	163	12	174	13	129	14	158	15	102	16	156	17	167	18	195	19	103	
	0	147	1	142	2	149	3	176	4	147	5	193	6	191	7	123	8	169	9	160	10	103	11	138	12	171	13	138	14	131	15	149	16	116	17	139	18	188	19	178	
	0	157	1	144	2	177	3	155	4	107	5	155	6	163	7	192	8	175	9	148	10	160	11	108	12	149	13	103	14	167	15	166	16	105	17	169	18	187	19	109	
	0	151	1	124	2	107	3	132	4	149	5	150	6	126	7	141	8	151	9	106	10	131	11	164	12	140	13	159	14	137	15	172	16	148	17	179	18	174	19	172	
	0	142	1	148	2	126	3	155	4	193	5	110	6	163	7	138	8	154	9	188	10	147	11	110	12	197	13	101	14	126	15	134	16	189	17	151	18	127	19	188	
	0	113	1	106	2	166	3	127	4	106	5	187	6	100	7	166	8	151	9	129	10	154	11	144	12	145	13	106	14	111	15	167	16	187	17	140	18	106	19	113	
	0	121	1	130	2	137	3	157	4	193	5	125	6	101	7	123	8	155	9	128	10	166	11	139	12	120	13	167	14	125	15	151	16	142	17	149	18	113	19	164	
	0	155	1	133	2	140	3	102	4	115	5	127	6	136	7	142	8	103	9	173	10	103	11	161	12	112	13	196	14	187	15	172	16	161	17	154	18	115	19	187	
	0	147	1	197	2	102	3	193	4	115	5	165	6	129	7	130	8	189	9	136	10	141	11	184	12	136	13	155	14	127	15	149	16	133	17	159	18	150	19	130	
	0	130	1	125	2	107	3	133	4	112	5	170	6	174	7	129	8	153	9	110	10	192	11	102	12	148	13	171	14	105	15	108	16	190	17	189	18	146	19	126	
	0	175	1	129	2	153	3	144	4	142	5	115	6	184	7	114	8	182	9	136	10	171	11	116	12	138	13	160	14	141	15	190	16	113	17	171	18	143	19	165	
	0	127	1	163	2	117	3	181	4	187	5	102	6	182	7	198	8	125	9	173	10	118	11	170	12	183	13	192	14	143	15	173	16	161	17	121	18	186	19	115	
	0	168	1	197	2	116	3	152	4	181	5	103	6	193	7	194	8	138	9	108	10	132	11	100	12	168	13	120	14	165	15	167	16	167	17	105	18	132	19	116	
	0	129	1	138	2	184	3	102	4	138	5	108	6	164	7	106	8	182	9	146	10	101	11	167	12	132	13	160	14	173	15	177	16	154	17	144	18	100	19	108	
	0	140	1	196	2	158	3	153	4	121	5	100	6	121	7	100	8	173	9	117	10	184	11	174	12	196	13	132	14	137	15	115	16	128	17	141	18	116	19	137	
	0	108	1	188	2	126	3	147	4	129	5	121	6	122	7	112	8	185	9	148	10	157	11	116	12	150	13	188	14	133	15	194	16	193	17	149	18	168	19	144	
	0	185	1	173	2	167	3	104	4	168	5	136	6	195	7	164	8	136	9	152	10	103	11	140	12	134	13	196	14	128	15	136	16	153	17	177	18	198	19	181	
	0	134	1	147	2	193	3	106	4	101	5	151	6	101	7	101	8	107	9	154	10	106	11	156	12	111	13	182	14	111	15	149	16	152	17	128	18	157	19	197	
	0	159	1	181	2	161	3	168	4	198	5	150	6	196	7	131	8	129	9	196	10	155	11	144	12	182	13	138	14	175	15	139	16	105	17	138	18	117	19	135	
	0	174	1	114	2	176	3	135	4	198	5	159	6	181	7	150	8	147	9	101	10	116	11	198	12	141	13	179	14	129	15	117	16	187	17	151	18	181	19	135	
	0	104	1	125	2	112	3	129	4	167	5	123	6	119	7	174	8	138	9	116	10	175	11	119	12	171	13	111	14	145	15	169	16	102	17	113	18	149	19	127	
	0	148	1	144	2	171	3	144	4	193	5	118	6	113	7	198	8	166	9	197	10	163	11	113	12	139	13	100	14	104	15	159	16	119	17	140	18	122	19	168	
	0	151	1	138	2	198	3	155	4	131	5	176	6	130	7	143	8	177	9	135	10	135	11	168	12	120	13	119	14	171	15	186	16	116	17	199	18	124	19	157	
	0	113	1	145	2	199	3	120	4	118	5	142	6	181	7	139	8	189	9	147	10	176	11	139	12	177	13	159	14	105	15	133	16	143	17	177	18	114	19	112	
	0	185	1	146	2	191	3	145	4	172	5	172	6	127	7	180	8	134	9	126	10	129	11	168	12	134	13	164	14	148	15	104	16	152	17	199	18	181	19	137	
	0	177	1	150	2	127	3	177	4	111	5	112	6	170	7	110	8	169	9	174	10	141	11	128	12	175	13	150	14	117	15	137	16	165	17	161	18	111	19	107	
	0	102	1	190	2	161	3	152	4	124	5	128	6	171	7	185	8	146	9	170	10	133	11	113	12	199	13	171	14	121	15	122	16	154	17	173	18	179	19	118	
	0	119	1	123	2	128	3	127	4	178	5	186	6	100	7	113	8	134	9	196	10	156	11	186	12	189	13	116	14	197	15	156	16	110	17	150	18	119	19	143	
	0	120	1	136	2	165	3	150	4	159	5	164	6	118	7	168	8	102	9	125	10	189	11	120	12	164	13	128	14	138	15	182	16	115	17	142	18	150	19	129	
	0	123	1	175	2	145	3	113	4	151	5	163	6	151	7	106	8	151	9	151	10	196	11	143	12	182	13	124	14	137	15	190	16	170	17	135	18	113	19	113	
	0	114	1	180	2	152	3	178	4	168	5	141	6	128	7	148	8	186	9	175	10	153	11	189	12	176	13	140	14	175	15	124	16	143	17	108	18	116	19	128	
	0	196	1	113	2	199	3	120	4	107	5	167	6	157	7	115	8	150	9	190	10	182	11	108	12	191	13	187	14	108	15	114	16	112	17	138	18	153	19	197	
	0	114	1	121	2	171	3	172	4	133	5	186	6	169	7	152	8	150	9	106	10	196	11	183	12	178	13	146	14	187	15	199	16	179	17	104	18	185	19	178	
	0	145	1	148	2	106	3	109	4	149	5	150	6	169	7	153	8	114	9	107	10	189	11	178	12	120	13	179	14	150	15	160	16	146	17	172	18	199	19	176	
	0	199	1	142	2	123	3	187	4	150	5	100	6	133	7	119	8	188	9	128	10	149	11	186	12	118	13	184	14	100	15	101	16	131	17	184	18	171	19	138	
	0	132	1	176	2	141	3	114	4	148	5	141	6	151	7	191	8	192	9	156	10	198	11	164	12	184	13	131	14	104	15	120	16	150	17	177	18	156	19	199	
	0	112	1	163	2	136	3	137	4	117	5	180	6	157	7	195	8	158	9	177	10	146	11	191	12	172	13	165	14	132	15	141	16	181	17	176	18	166	19	121	
	0	197	1	169	2	113	3	141	4	182	5	126	6	137	7	193	8	176	9	116	10	172	11	110	12	135	13	151	14	148	15	197	16	103	17	155	18	135	19	159	
	0	106	1	155	2	133	3	130	4	148	5	158	6	195	7	119	8	104	9	168	10	103	11	152	12	123	13	163	14	181	15	130	16	172	17	195	18	169	19	195	
	0	127	1	116	2	138	3	181	4	155	5	123	6	183	7	187	8	102	9	161	10	193	11	122	12	135	13	123	14	106	15	112	16	155	17	115	18	153	19	145	
	0	153	1	116	2	134	3	150	4	117	5	101	6	165	7	143	8	104	9	153	10	131	11	194	12	111	13	131	14	166	15	118	16	145	17	105	18	127	19	119	
	0	196	1	161	2	133	3	106	4	136	5	195	6	131	7	149	8	122	9	196	10	142	11	170	12	115	13	177	14	183	15	124	16	151	17	133	18	174	19	152	
	0	115	1	112	2	149	3	174	4	117	5	104	6	114	7	152	8	176	9	177	10	178	11	168	12	199	13	153	14	155	15	153	16	189	17	123	18	146	19	161	
	0	191	1	121	2	119	3	198	4	163	5	182	6	186	7	106	8	102	9	182	10	102	11	162	12	193	13	137	14	137	15	174	16	139	17	182	18	120	19	152	
	0	190	1	128	2	121	3	175	4	149	5	144	6	135	7	107	8	187	9	118	10	173	11	171	12	188	13	111	14	124	15	113	16	193	17	184	18	154	19	104	
	0	148	1	196	2	100	3	168	4	149	5	112	6	188	7	108	8	103	9	199	10	100	11	116	12	192	13	134	14	104	15	117	16	177	17	122	18	186	19	126	
	0	106	1	193	2	197	3	104	4	147	5	132	6	167	7	196	8	196	9	126	10	145	11	118	12	123	13	111	14	145	15	110	16	127	17	112	18	146	19	150	
	0	152	1	106	2	173	3	182	4	126	5	102	6	195	7	139	8	135	9	159	10	160	11	104	12	166	13	120	14	186	15	156	16	130	17	153	18	174	19	130	
	0	181	1	173	2	133	3	151	4	134	5	147	6	115	7	157	8	125	9	165	10	171	11	140	12	154	13	131	14	139	15	113	16	179	17	185	18	194	19	152	
	0	120	1	131	2	135	3	124	4	110	5	122	6	112	7	147	8	124	9	199	10	169	11	124	12	131	13	165	14	100	15	172	16	121	17	104	18	106	19	144	
	0	197	1	181	2	143	3	100	4	133	5	146	6	107	7	198	8	168	9	162	10	133	11	159	12	130	13	114	14	138	15	179	16	103	17	123	18	179	19	160	
	0	145	1	192	2	179	3	144	4	168	5	161	6	124	7	185	8	152	9	166	10	149	11	191	12	184	13	173	14	102	15	184	16	185	17	155	18	176	19	136	
	0	161	1	185	2	127	3	187	4	187	5	192	6	142	7	196	8	129	9	100	10	103	11	109	12	158	13	129	14	168	15	156	16	138	17	173	18	178	19	121	
	0	195	1	117	2	176	3	166	4	161	5	135	6	124	7	186	8	106	9	129	10	122	11	123	12	173	13	140	14	166	15	129	16	142	17	193	18	169	19	155	
	0	111	1	120	2	124	3	128	4	125	5	115	6	173	7	179	8	113	9	198	10	134	11	142	12	138	13	113	14	128	15	142	16	161	17	123	18	145	19	164	
	0	181	1	134	2	182	3	139	4	141	5	184	6	153	7	177	8	179	9	137	10	159	11	124	12	190	13	136	14	149	15	166	16	136	17	188	18	161	19	190	
	0	174	1	115	2	128	3	198	4	122	5	150	6	124	7	198	8	180	9	148	10	160	11	198	12	137	13	145	14	116	15	133	16	188	17	148	18	135	19	106	
	0	122	1	116	2	134	3	131	4	154	5	184	6	176	7	182	8	110	9	178	10	117	11	196	12	137	13	190	14	184	15	110	16	178	17	172	18	156	19	134	
	0	137	1	187	2	127	3	106	4	130	5	186	6	134	7	132	8	115	9	142	10	185	11	157	12	175	13	186	14	101	15	161	16	162	17	163	18	171	19	154	
	0	127	1	115	2	160	3	117	4	122	5	120	6	182	7	198	8	177	9	191	10	109	11	122	12	149	13	104	14	140	15	122	16	156	17	141	18	171	19	196	
	0	166	1	150	2	112	3	187	4	127	5	184	6	173	7	173	8	179	9	190	10	148	11	136	12	143	13	145	14	134	15	125	16	120	17	147	18	101	19	149	
	0	193	1	168	2	103	3	111	4	120	5	121	6	156	7	111	8	131	9	119	10	172	11	161	12	129	13	181	14	190	15	182	16	128	17	104	18	152	19	168	
	0	176	1	120	2	105	3	181	4	118	5	151	6	152	7	137	8	152	9	171	10	159	11	164	12	166	13	193	14	156	15	184	16	114	17	169	18	160	19	189	
	0	183	1	182	2	175	3	132	4	179	5	126	6	164	7	114	8	192	9	163	10	122	11	156	12	154	13	101	14	199	15	165	16	196	17	164	18	161	19	128	
	0	117	1	171	2	110	3	199	4	126	5	187	6	167	7	113	8	114	9	126	10	102	11	172	12	105	13	103	14	159	15	176	16	173	17	166	18	154	19	117	
	0	118	1	129	2	142	3	179	4	197	5	147	6	194	7	111	8	126	9	186	10	181	11	102	12	132	13	120	14	152	15	146	16	131	17	150	18	185	19	143	
	0	172	1	148	2	191	3	123	4	131	5	170	6	125	7	109	8	110	9	105	10	112	11	173	12	126	13	159	14	120	15	141	16	181	17	123	18	126	19	188	
	0	155	1	164	2	197	3	111	4	181	5	173	6	187	7	141	8	159	9	171	10	184	11	177	12	130	13	124	14	171	15	107	16	167	17	107	18	112	19	192	
	0	147	1	154	2	109	3	107	4	180	5	167	6	121	7	124	8	153	9	183	10	107	11	197	12	151	13	109	14	189	15	100	16	179	17	195	18	152	19	171	
	0	108	1	148	2	171	3	199	4	110	5	178	6	185	7	120	8	104	9	174	10	129	11	188	12	104	13	113	14	179	15	167	16	109	17	122	18	168	19	142	
	0	106	1	103	2	145	3	171	4	158	5	123	6	192	7	100	8	160	9	197	10	136	11	114	12	109	13	110	14	115	15	130	16	184	17	101	18	179	19	174	
	0	118	1	116	2	183	3	173	4	148	5	183	6	157	7	108	8	127	9	197	10	165	11	154	12	143	13	195	14	143	15	137	16	116	17	129	18	170	19	183	
	0	177	1	188	2	169	3	116	4	198	5	162	6	199	7	136	8	181	9	117	10	184	11	169	12	121	13	183	14	174	15	139	16	169	17	184	18	154	19	196	
	0	104	1	150	2	165	3	125	4	161	5	105	6	183	7	126	8	169	9	139	10	163	11	134	12	181	13	107	14	115	15	105	16	187	17	162	18	188	19	171	
	0	129	1	151	2	155	3	168	4	190	5	104	6	167	7	135	8	108	9	199	10	131	11	173	12	111	13	175	14	175	15	193	16	148	17	184	18	171	19	141	
	0	150	1	149	2	184	3	168	4	110	5	143	6	128	7	151	8	161	9	136	10	137	11	115	12	176	13	103	14	190	15	108	16	144	17	104	18	109	19	116	
	0	156	1	128	2	125	3	160	4	144	5	170	6	188	7	196	8	144	9	158	10	161	11	139	12	190	13	110	14	109	15	121	16	137	17	131	18	143	19	196	
	0	110	1	170	2	146	3	190	4	181	5	144	6	175	7	153	8	110	9	137	10	157	11	186	12	143	13	121	14	150	15	193	16	115	17	129	18	155	19	193	
	0	104	1	103	2	119	3	104	4	100	5	168	6	193	7	193	8	161	9	120	10	108	11	145	12	104	13	150	14	124	15	138	16	125	17	167	18	143	19	159	
	0	126	1	141	2	194	3	194	4	193	5	163	6	119	7	107	8	108	9	102	10	148	11	185	12	184	13	128	14	146	15	151	16	194	17	194	18	108	19	153	
	0	191	1	134	2	190	3	174	4	134	5	158	6	178	7	118	8	112	9	151	10	194	11	149	12	183	13	150	14	176	15	111	16	128	17	193	18	188	19	175	
	0	180	1	131	2	144	3	159	4	138	5	189	6	134	7	154	8	135	9	128	10	138	11	196	12	115	13	152	14	119	15	187	16	152	17	128	18	125	19	167	
	0	125	1	129	2	133	3	125	4	117	5	122	6	152	7	169	8	182	9	168	10	161	11	105	12	137	13	190	14	111	15	103	16	160	17	109	18	151	19	163	
	0	188	1	110	2	196	3	130	4	128	5	130	6	161	7	155	8	142	9	123	10	136	11	171	12	121	13	132	14	109	15	129	16	121	17	187	18	166	19	140	
	0	120	1	179	2	122	3	165	4	193	5	121	6	159	7	173	8	115	9	196	10	149	11	147	12	135	13	180	14	110	15	192	16	131	17	182	18	117	19	104	
	0	117	1	138	2	131	3	164	4	140	5	177	6	189	7	189	8	125	9	147	10	136	11	125	12	157	13	136	14	135	15	131	16	135	17	119	18	111	19	146	
	0	118	1	167	2	136	3	177	4	198	5	114	6	107	7	157	8	152	9	125	10	176	11	120	12	107	13	103	14	183	15	186	16	145	17	183	18	120	19	179	
	0	191	1	156	2	176	3	159	4	150	5	175	6	115	7	174	8	123	9	199	10	156	11	153	12	162	13	110	14	160	15	135	16	180	17	120	18	103	19	125	
	0	174	1	157	2	160	3	115	4	182	5	157	6	195	7	195	8	189	9	135	10	126	11	141	12	162	13	196	14	170	15	102	16	115	17	141	18	164	19	156	
	0	154	1	179	2	152	3	190	4	135	5	100	6	165	7	143	8	161	9	187	10	107	11	196	12	146	13	118	14	158	15	111	16	101	17	151	18	156	19	177	
	0	147	1	161	2	106	3	184	4	142	5	141	6	197	7	199	8	183	9	101	10	140	11	102	12	190	13	182	14	150	15	101	16	124	17	154	18	126	19	198	
	0	145	1	177	2	146	3	127	4	156	5	179	6	182	7	178	8	156	9	107	10	161	11	131	12	128	13	128	14	150	15	100	16	175	17	101	18	181	19	197	
	0	191	1	132	2	113	3	111	4	129	5	116	6	107	7	107	8	158	9	163	10	177	11	116	12	100	13	183	14	112	15	129	16	107	17	109	18	103	19	146	
	0	183	1	124	2	119	3	158	4	112	5	192	6	168	7	149	8	109	9	175	10	167	11	164	12	130	13	122	14	145	15	130	16	121	17	161	18	146	19	179	
	0	121	1	180	2	124	3	125	4	126	5	121	6	102	7	190	8	148	9	127	10	187	11	160	12	178	13	102	14	113	15	128	16	111	17	114	18	182	19	163	
	0	157	1	171	2	170	3	192	4	162	5	178	6	177	7	154	8	184	9	101	10	180	11	141	12	180	13	148	14	136	15	172	16	180	17	139	18	163	19	190	
	0	126	1	174	2	189	3	131	4	182	5	177	6	103	7	111	8	104	9	178	10	182	11	165	12	178	13	132	14	170	15	162	16	177	17	116	18	193	19	108	
	0	101	1	187	2	144	3	190	4	176	5	144	6	161	7	126	8	113	9	174	10	112	11	150	12	199	13	181	14	100	15	114	16	197	17	197	18	189	19	166	
	0	192	1	131	2	193	3	160	4	171	5	196	6	168	7	145	8	159	9	113	10	157	11	148	12	192	13	121	14	186	15	101	16	169	17	143	18	119	19	107	
	0	104	1	100	2	108	3	105	4	141	5	153	6	114	7	116	8	109	9	182	10	101	11	146	12	138	13	181	14	163	15	156	16	102	17	186	18	135	19	153	
	0	126	1	125	2	109	3	142	4	154	5	158	6	135	7	170	8	150	9	126	10	118	11	195	12	135	13	146	14	164	15	136	16	120	17	129	18	181	19	170	
	0	157	1	160	2	108	3	138	4	171	5	102	6	152	7	172	8	170	9	154	10	180	11	190	12	135	13	123	14	193	15	165	16	109	17	174	18	142	19	162	
	0	160	1	177	2	190	3	117	4	146	5	101	6	147	7	197	8	101	9	146	10	138	11	120	12	125	13	151	14	164	15	138	16	119	17	151	18	196	19	114	
	0	152	1	108	2	150	3	197	4	149	5	148	6	140	7	142	8	107	9	173	10	180	11	107	12	195	13	134	14	127	15	131	16	159	17	127	18	173	19	178	
	0	168	1	156	2	193	3	149	4	189	5	155	6	152	7	122	8	165	9	154	10	131	11	112	12	106	13	176	14	166	15	197	16	102	17	175	18	144	19	137	
	0	103	1	179	2	112	3	171	4	166	5	156	6	109	7	171	8	183	9	122	10	195	11	198	12	149	13	182	14	150	15	107	16	166	17	120	18	125	19	107	
	0	130	1	143	2	124	3	131	4	158	5	162	6	131	7	131	8	163	9	117	10	179	11	190	12	157	13	149	14	194	15	150	16	154	17	149	18	191	19	190	
	0	155	1	188	2	176	3	182	4	123	5	120	6	109	7	164	8	182	9	134	10	162	11	152	12	130	13	105	14	129	15	163	16	170	17	134	18	161	19	197	
	0	132	1	109	2	159	3	125	4	109	5	145	6	131	7	190	8	186	9	185	10	135	11	167	12	190	13	143	14	156	15	133	16	195	17	135	18	122	19	105	
	0	187	1	105	2	184	3	193	4	149	5	105	6	100	7	155	8	116	9	176	10	117	11	141	12	100	13	156	14	102	15	165	16	163	17	144	18	138	19	149	
	0	159	1	138	2	195	3	124	4	180	5	197	6	172	7	163	8	184	9	135	10	145	11	162	12	148	13	189	14	161	15	195	16	102	17	199	18	111	19	149	
	0	127	1	184	2	186	3	178	4	112	5	149	6	129	7	155	8	104	9	106	10	124	11	122	12	197	13	185	14	113	15	187	16	153	17	120	18	104	19	152	
	0	132	1	167	2	106	3	138	4	173	5	114	6	188	7	152	8	109	9	133	10	104	11	195	12	139	13	106	14	120	15	173	16	143	17	145	18	165	19	127	
	0	130	1	107	2	176	3	102	4	140	5	144	6	143	7	113	8	117	9	110	10	110	11	141	12	176	13	108	14	132	15	111	16	166	17	185	18	119	19	166	
	0	100	1	126	2	140	3	182	4	137	5	174	6	184	7	173	8	170	9	175	10	176	11	165	12	115	13	119	14	102	15	167	16	139	17	127	18	150	19	170	
	0	185	1	173	2	181	3	149	4	143	5	173	6	121	7	179	8	191	9	168	10	146	11	153	12	145	13	136	14	171	15	193	16	111	17	100	18	190	19	170	
	0	149	1	100	2	111	3	176	4	126	5	123	6	151	7	103	8	151	9	121	10	194	11	125	12	171	13	196	14	198	15	152	16	171	17	151	18	143	19	102	
	0	177	1	120	2	185	3	131	4	196	5	127	6	109	7	166	8	147	9	164	10	113	11	132	12	112	13	108	14	185	15	106	16	127	17	177	18	166	19	189	
	0	123	1	187	2	127	3	139	4	169	5	178	6	163	7	110	8	177	9	141	10	168	11	162	12	143	13	138	14	193	15	110	16	183	17	152	18	182	19	179	
	0	112	1	118	2	181	3	155	4	102	5	106	6	152	7	109	8	146	9	130	10	120	11	130	12	105	13	188	14	177	15	168	16	150	17	157	18	104	19	120	
	0	164	1	192	2	134	3	126	4	188	5	140	6	102	7	173	8	188	9	139	10	190	11	169	12	110	13	111	14	198	15	196	16	119	17	102	18	127	19	165	
	0	172	1	175	2	156	3	145	4	154	5	193	6	144	7	164	8	150	9	188	10	175	11	109	12	185	13	187	14	142	15	145	16	134	17	199	18	126	19	145	
	0	147	1	147	2	169	3	196	4	113	5	121	6	197	7	110	8	189	9	177	10	149	11	100	12	103	13	150	14	139	15	110	16	177	17	197	18	147	19	143	
	0	177	1	135	2	155	3	197	4	132	5	159	6	184	7	136	8	165	9	180	10	103	11	197	12	134	13	180	14	182	15	143	16	141	17	109	18	162	19	182	
	0	154	1	155	2	104	3	100	4	197	5	145	6	103	7	161	8	104	9	113	10	116	11	152	12	144	13	197	14	129	15	181	16	133	17	179	18	116	19	107	
	0	195	1	141	2	189	3	197	4	139	5	112	6	171	7	180	8	175	9	132	10	195	11	163	12	103	13	163	14	110	15	191	16	161	17	130	18	135	19	179	
	0	160	1	108	2	182	3	101	4	189	5	100	6	111	7	100	8	175	9	176	10	178	11	157	12	193	13	192	14	195	15	109	16	118	17	116	18	106	19	141	
	0	109	1	160	2	147	3	137	4	187	5	134	6	141	7	135	8	143	9	159	10	144	11	103	12	160	13	179	14	188	15	132	16	162	17	179	18	121	19	142	
	0	146	1	145	2	193	3	139	4	144	5	147	6	181	7	114	8	164	9	174	10	173	11	131	12	105	13	138	14	191	15	104	16	143	17	139	18	103	19	132	
	0	159	1	190	2	165	3	129	4	149	5	138	6	115	7	126	8	146	9	182	10	185	11	131	12	196	13	115	14	163	15	130	16	151	17	168	18	140	19	142	
	0	105	1	170	2	158	3	189	4	122	5	175	6	113	7	196	8	183	9	147	10	181	11	108	12	181	13	129	14	143	15	126	16	179	17	140	18	107	19	182	
	0	197	1	141	2	194	3	196	4	151	5	178	6	111	7	111	8	114	9	173	10	179	11	128	12	129	13	123	14	194	15	141	16	140	17	177	18	193	19	150	
	0	178	1	181	2	127	3	161	4	166	5	146	6	160	7	136	8	169	9	157	10	145	11	177	12	131	13	188	14	189	15	140	16	176	17	161	18	100	19	177	
	0	101	1	144	2	155	3	173	4	123	5	110	6	137	7	141	8	135	9	122	10	198	11	113	12	197	13	154	14	181	15	156	16	168	17	191	18	143	19	110	
	0	105	1	166	2	115	3	176	4	112	5	179	6	104	7	115	8	162	9	164	10	152	11	187	12	196	13	108	14	107	15	135	16	104	17	106	18	187	19	110	
	0	128	1	120	2	128	3	126	4	124	5	177	6	151	7	169	8	125	9	179	10	113	11	197	12	128	13	111	14	101	15	189	16	144	17	158	18	187	19	118	
	0	130	1	148	2	165	3	192	4	179	5	100	6	127	7	113	8	152	9	192	10	180	11	124	12	129	13	165	14	175	15	100	16	186	17	167	18	128	19	184	
	0	108	1	177	2	105	3	147	4	101	5	135	6	193	7	100	8	116	9	197	10	117	11	184	12	120	13	125	14	144	15	117	16	199	17	174	18	192	19	179	
	0	142	1	168	2	152	3	190	4	180	5	175	6	109	7	159	8	192	9	191	10	106	11	188	12	145	13	135	14	144	15	162	16	130	17	147	18	130	19	187	
	0	139	1	104	2	162	3	141	4	151	5	154	6	153	7	118	8	118	9	125	10	134	11	197	12	175	13	120	14	151	15	166	16	128	17	124	18	151	19	115	
	0	178	1	170	2	132	3	118	4	129	5	120	6	137	7	193	8	143	9	150	10	172	11	112	12	165	13	159	14	187	15	193	16	120	17	152	18	192	19	182	
	0	158	1	164	2	111	3	124	4	110	5	171	6	172	7	126	8	137	9	155	10	179	11	140	12	191	13	192	14	109	15	102	16	110	17	175	18	112	19	157	
	0	146	1	152	2	186	3	112	4	118	5	194	6	139	7	181	8	142	9	146	10	117	11	163	12	158	13	157	14	129	15	163	16	196	17	111	18	157	19	171	
	0	151	1	143	2	100	3	191	4	112	5	107	6	150	7	112	8	170	9	158	10	146	11	180	12	121	13	147	14	118	15	139	16	114	17	122	18	186	19	124	
	0	183	1	185	2	188	3	155	4	178	5	171	6	108	7	103	8	193	9	120	10	148	11	181	12	186	13	194	14	107	15	135	16	193	17	134	18	168	19	103	
	0	195	1	136	2	158	3	141	4	156	5	116	6	186	7	168	8	110	9	113	10	137	11	170	12	137	13	108	14	149	15	111	16	195	17	126	18	147	19	155	
	0	165	1	179	2	166	3	115	4	171	5	127	6	171	7	105	8	137	9	127	10	157	11	113	12	191	13	161	14	164	15	148	16	165	17	158	18	155	19	161	
	0	160	1	148	2	115	3	103	4	140	5	172	6	187	7	126	8	111	9	146	10	134	11	162	12	143	13	152	14	152	15	194	16	112	17	102	18	156	19	171	
	0	157	1	123	2	134	3	164	4	105	5	165	6	197	7	150	8	194	9	142	10	182	11	172	12	138	13	127	14	165	15	100	16	154	17	120	18	132	19	102	
	0	116	1	147	2	157	3	175	4	120	5	130	6	100	7	198	8	127	9	182	10	111	11	107	12	165	13	193	14	103	15	149	16	129	17	116	18	169	19	130	
	0	119	1	127	2	181	3	130	4	143	5	187	6	146	7	116	8	193	9	169	10	182	11	137	12	121	13	197	14	174	15	143	16	159	17	182	18	195	19	135	
	0	183	1	149	2	100	3	184	4	132	5	121	6	188	7	135	8	168	9	158	10	123	11	144	12	114	13	171	14	185	15	163	16	119	17	114	18	187	19	160	
	0	197	1	194	2	110	3	176	4	178	5	108	6	198	7	124	8	137	9	171	10	169	11	169	12	108	13	130	14	197	15	139	16	151	17	196	18	193	19	168	
	0	128	1	115	2	167	3	152	4	185	5	142	6	161	7	186	8	178	9	109	10	158	11	194	12	159	13	176	14	157	15	127	16	195	17	128	18	171	19	149	
	0	162	1	173	2	154	3	135	4	118	5	145	6	128	7	167	8	153	9	126	10	161	11	198	12	191	13	163	14	185	15	103	16	156	17	181	18	167	19	188	
	0	116	1	157	2	106	3	144	4	131	5	139	6	153	7	126	8	160	9	141	10	100	11	167	12	101	13	174	14	133	15	102	16	102	17	118	18	125	19	132	
	0	128	1	106	2	134	3	102	4	180	5	126	6	154	7	160	8	132	9	147	10	122	11	142	12	138	13	148	14	113	15	145	16	125	17	162	18	183	19	196	
	0	129	1	171	2	126	3	100	4	151	5	155	6	160	7	174	8	174	9	153	10	123	11	146	12	157	13	117	14	198	15	164	16	135	17	192	18	122	19	159	
	0	149	1	189	2	166	3	141	4	142	5	196	6	107	7	182	8	160	9	125	10	159	11	166	12	123	13	162	14	148	15	106	16	124	17	163	18	134	19	191	
	0	144	1	114	2	122	3	186	4	147	5	146	6	183	7	135	8	120	9	105	10	184	11	133	12	115	13	191	14	178	15	180	16	146	17	115	18	112	19	166	
	0	109	1	129	2	105	3	124	4	173	5	134	6	191	7	172	8	108	9	119	10	154	11	125	12	111	13	189	14	147	15	111	16	120	17	150	18	151	19	169	
	0	143	1	109	2	148	3	125	4	141	5	120	6	196	7	157	8	161	9	195	10	197	11	169	12	175	13	158	14	197	15	154	16	186	17	187	18	181	19	163	
	0	198	1	110	2	169	3	155	4	143	5	194	6	113	7	113	8	101	9	116	10	123	11	132	12	153	13	140	14	178	15	175	16	148	17	197	18	182	19	114	
	0	139	1	126	2	145	3	143	4	175	5	103	6	158	7	163	8	168	9	169	10	157	11	138	12	162	13	118	14	156	15	166	16	112	17	117	18	197	19	152	
	0	137	1	173	2	124	3	197	4	144	5	159	6	123	7	139	8	175	9	125	10	137	11	193	12	104	13	178	14	141	15	113	16	153	17	184	18	122	19	197	
	0	155	1	145	2	181	3	185	4	130	5	183	6	193	7	158	8	107	9	102	10	106	11	181	12	186	13	165	14	188	15	187	16	114	17	188	18	187	19	126	
	0	108	1	108	2	137	3	154	4	141	5	134	6	128	7	110	8	197	9	187	10	175	11	134	12	189	13	137	14	157	15	168	16	188	17	170	18	129	19	167	
	0	186	1	165	2	112	3	131	4	189	5	111	6	136	7	188	8	102	9	180	10	121	11	179	12	161	13	184	14	178	15	143	16	188	17	165	18	175	19	146	
	0	194	1	137	2	151	3	191	4	131	5	158	6	141	7	100	8	124	9	178	10	172	11	136	12	139	13	170	14	132	15	182	16	189	17	159	18	143	19	134	
	0	176	1	191	2	177	3	166	4	130	5	130	6	128	7	102	8	191	9	125	10	117	11	153	12	181	13	161	14	136	15	179	16	106	17	161	18	190	19	107	
	0	136	1	148	2	186	3	110	4	101	5	106	6	105	7	187	8	148	9	142	10	191	11	158	12	184	13	110	14	108	15	172	16	104	17	157	18	119	19	128	
	0	133	1	177	2	154	3	192	4	133	5	156	6	159	7	144	8	169	9	140	10	180	11	144	12	154	13	144	14	163	15	145	16	148	17	151	18	152	19	101	
	0	139	1	148	2	115	3	104	4	183	5	151	6	149	7	196	8	183	9	146	10	151	11	185	12	102	13	184	14	131	15	198	16	103	17	169	18	188	19	196	
	0	180	1	160	2	145	3	192	4	106	5	165	6	186	7	149	8	156	9	186	10	196	11	128	12	165	13	116	14	166	15	160	16	111	17	128	18	192	19	142	
	0	166	1	148	2	140	3	113	4	178	5	156	6	159	7	159	8	151	9	173	10	171	11	112	12	191	13	102	14	147	15	197	16	194	17	171	18	141	19	170	
	0	161	1	119	2	181	3	108	4	167	5	154	6	186	7	173	8	178	9	199	10	122	11	130	12	199	13	177	14	117	15	119	16	106	17	172	18	187	19	144	
	0	112	1	103	2	140	3	112	4	126	5	172	6	150	7	106	8	156	9	164	10	147	11	123	12	151	13	187	14	112	15	114	16	157	17	107	18	109	19	136	
	0	183	1	177	2	130	3	145	4	175	5	137	6	136	7	153	8	132	9	192	10	154	11	184	12	168	13	149	14	179	15	127	16	190	17	164	18	145	19	131	
	0	136	1	165	2	199	3	181	4	159	5	116	6	168	7	113	8	178	9	163	10	133	11	101	12	178	13	163	14	161	15	146	16	113	17	129	18	115	19	141	
	0	186	1	196	2	192	3	127	4	196	5	195	6	192	7	147	8	121	9	176	10	120	11	125	12	148	13	192	14	126	15	124	16	136	17	188	18	158	19	173	
	0	111	1	149	2	152	3	164	4	195	5	140	6	102	7	129	8	139	9	168	10	155	11	135	12	175	13	172	14	170	15	137	16	131	17	178	18	123	19	166	
	0	113	1	194	2	172	3	171	4	145	5	101	6	109	7	176	8	122	9	133	10	189	11	171	12	136	13	138	14	119	15	184	16	102	17	111	18	142	19	142	
	0	174	1	187	2	133	3	121	4	163	5	176	6	115	7	123	8	103	9	186	10	199	11	157	12	189	13	128	14	180	15	141	16	182	17	127	18	114	19	188	
	0	145	1	184	2	181	3	174	4	105	5	169	6	126	7	119	8	116	9	182	10	139	11	106	12	145	13	106	14	163	15	113	16	174	17	124	18	100	19	152	
	0	124	1	166	2	170	3	151	4	185	5	152	6	113	7	119	8	185	9	163	10	190	11	117	12	129	13	138	14	199	15	158	16	161	17	183	18	149	19	183	
	0	143	1	183	2	156	3	180	4	105	5	124	6	198	7	180	8	180	9	196	10	148	11	192	12	128	13	146	14	150	15	174	16	193	17	164	18	146	19	190	
	0	163	1	108	2	129	3	147	4	122	5	189	6	170	7	139	8	176	9	191	10	112	11	101	12	153	13	144	14	178	15	141	16	154	17	101	18	150	19	110	
	0	158	1	140	2	196	3	156	4	185	5	199	6	128	7	148	8	170	9	190	10	112	11	193	12	172	13	183	14	143	15	194	16	133	17	123	18	167	19	166	
	0	188	1	190	2	130	3	152	4	161	5	116	6	140	7	159	8	143	9	178	10	126	11	139	12	126	13	128	14	142	15	155	16	175	17	117	18	132	19	174	
	0	138	1	161	2	113	3	196	4	175	5	144	6	143	7	134	8	185	9	175	10	197	11	110	12	183	13	108	14	169	15	126	16	171	17	178	18	107	19	132	
	0	165	1	119	2	172	3	135	4	166	5	108	6	189	7	117	8	192	9	195	10	199	11	144	12	119	13	177	14	180	15	124	16	109	17	109	18	199	19	134	
	0	141	1	108	2	140	3	147	4	149	5	163	6	164	7	129	8	172	9	100	10	121	11	175	12	180	13	179	14	139	15	141	16	101	17	120	18	114	19	154	
	0	158	1	106	2	195	3	193	4	192	5	109	6	166	7	172	8	149	9	117	10	150	11	167	12	131	13	192	14	137	15	194	16	184	17	198	18	166	19	126	
	0	174	1	149	2	101	3	141	4	183	5	135	6	190	7	162	8	139	9	152	10	163	11	155	12	157	13	101	14	160	15	155	16	157	17	127	18	101	19	164	
	0	116	1	162	2	179	3	137	4	159	5	165	6	147	7	130	8	146	9	159	10	120	11	153	12	187	13	185	14	112	15	185	16	111	17	106	18	127	19	182	
	0	100	1	148	2	148	3	119	4	187	5	144	6	144	7	176	8	110	9	106	10	193	11	192	12	182	13	120	14	164	15	128	16	163	17	145	18	139	19	183	
	0	175	1	122	2	139	3	161	4	101	5	156	6	193	7	143	8	168	9	181	10	180	11	164	12	153	13	133	14	160	15	114	16	130	17	121	18	158	19	197	
	0	107	1	190	2	117	3	113	4	147	5	172	6	167	7	119	8	144	9	107	10	104	11	141	12	108	13	116	14	113	15	175	16	162	17	145	18	181	19	135	
	0	113	1	191	2	199	3	118	4	112	5	117	6	119	7	192	8	194	9	126	10	122	11	149	12	129	13	103	14	169	15	170	16	130	17	190	18	117	19	168	
	0	123	1	131	2	115	3	185	4	109	5	173	6	135	7	195	8	141	9	154	10	175	11	170	12	167	13	169	14	142	15	126	16	127	17	121	18	114	19	150	
	0	120	1	139	2	195	3	110	4	102	5	169	6	194	7	111	8	140	9	133	10	182	11	117	12	131	13	165	14	187	15	146	16	146	17	136	18	197	19	197	
	0	106	1	178	2	175	3	194	4	118	5	190	6	170	7	165	8	181	9	193	10	180	11	175	12	100	13	125	14	179	15	166	16	180	17	112	18	195	19	153	
	0	128	1	158	2	126	3	115	4	104	5	140	6	144	7	172	8	138	9	194	10	107	11	137	12	186	13	197	14	110	15	106	16	197	17	115	18	139	19	151	