500 20 1
20
	0	120	1	101	2	129	3	197	4	167	5	119	6	132	7	131	8	173	9	136	10	102	11	144	12	102	13	104	14	176	15	158	16	186	17	129	18	115	19	125	
	0	192	1	122	2	196	3	122	4	137	5	170	6	149	7	141	8	141	9	182	10	173	11	111	12	154	13	101	14	117	15	169	16	166	17	157	18	179	19	156	
	0	118	1	108	2	104	3	198	4	177	5	143	6	159	7	151	8	105	9	160	10	197	11	181	12	195	13	191	14	196	15	102	16	142	17	121	18	196	19	163	
	0	138	1	164	2	156	3	143	4	148	5	191	6	130	7	114	8	129	9	138	10	154	11	124	12	165	13	136	14	161	15	190	16	149	17	113	18	155	19	154	
	0	144	1	151	2	130	3	148	4	167	5	104	6	154	7	126	8	132	9	133	10	179	11	186	12	106	13	195	14	110	15	199	16	124	17	139	18	149	19	132	
	0	171	1	158	2	101	3	145	4	118	5	182	6	169	7	112	8	101	9	151	10	184	11	137	12	114	13	149	14	171	15	115	16	157	17	191	18	155	19	138	
	0	125	1	147	2	175	3	181	4	128	5	112	6	135	7	156	8	152	9	197	10	101	11	128	12	101	13	160	14	155	15	120	16	101	17	175	18	130	19	148	
	0	146	1	112	2	130	3	110	4	155	5	112	6	168	7	148	8	108	9	137	10	125	11	161	12	195	13	133	14	184	15	168	16	197	17	179	18	159	19	118	
	0	150	1	138	2	114	3	181	4	171	5	132	6	118	7	181	8	186	9	112	10	134	11	163	12	120	13	177	14	197	15	198	16	107	17	127	18	152	19	149	
	0	121	1	181	2	141	3	144	4	105	5	116	6	184	7	199	8	189	9	135	10	126	11	145	12	122	13	116	14	137	15	159	16	137	17	163	18	177	19	183	
	0	122	1	171	2	117	3	136	4	135	5	173	6	193	7	188	8	118	9	150	10	139	11	166	12	188	13	105	14	143	15	147	16	119	17	169	18	182	19	163	
	0	171	1	160	2	116	3	105	4	126	5	196	6	154	7	122	8	154	9	121	10	107	11	156	12	160	13	150	14	158	15	112	16	138	17	125	18	177	19	158	
	0	184	1	196	2	113	3	161	4	100	5	153	6	115	7	110	8	106	9	102	10	191	11	131	12	172	13	103	14	104	15	177	16	151	17	138	18	100	19	127	
	0	110	1	161	2	134	3	134	4	151	5	163	6	161	7	105	8	145	9	124	10	111	11	198	12	110	13	167	14	151	15	104	16	166	17	174	18	109	19	164	
	0	104	1	189	2	137	3	103	4	128	5	156	6	164	7	142	8	162	9	155	10	151	11	133	12	183	13	172	14	128	15	170	16	137	17	179	18	179	19	141	
	0	182	1	119	2	101	3	145	4	154	5	142	6	189	7	198	8	150	9	103	10	185	11	131	12	159	13	108	14	188	15	192	16	158	17	118	18	102	19	128	
	0	102	1	173	2	183	3	148	4	175	5	129	6	110	7	108	8	138	9	107	10	107	11	120	12	175	13	194	14	140	15	175	16	146	17	173	18	186	19	192	
	0	131	1	109	2	110	3	105	4	145	5	137	6	190	7	189	8	115	9	138	10	135	11	135	12	179	13	122	14	178	15	129	16	135	17	173	18	176	19	143	
	0	172	1	122	2	129	3	120	4	177	5	192	6	169	7	140	8	129	9	168	10	170	11	188	12	135	13	188	14	154	15	123	16	128	17	114	18	162	19	130	
	0	151	1	143	2	155	3	166	4	185	5	120	6	137	7	167	8	166	9	195	10	146	11	108	12	144	13	195	14	186	15	167	16	175	17	153	18	162	19	175	
	0	191	1	195	2	141	3	108	4	115	5	179	6	163	7	137	8	151	9	189	10	105	11	103	12	165	13	162	14	182	15	198	16	120	17	145	18	146	19	186	
	0	145	1	152	2	132	3	124	4	163	5	112	6	141	7	140	8	146	9	138	10	140	11	157	12	161	13	114	14	188	15	176	16	126	17	154	18	155	19	142	
	0	110	1	164	2	165	3	193	4	130	5	178	6	104	7	151	8	188	9	151	10	104	11	126	12	144	13	139	14	170	15	188	16	168	17	135	18	167	19	143	
	0	194	1	147	2	163	3	118	4	141	5	141	6	187	7	106	8	102	9	198	10	116	11	135	12	118	13	153	14	182	15	111	16	177	17	168	18	109	19	129	
	0	110	1	116	2	184	3	176	4	118	5	185	6	180	7	131	8	135	9	126	10	179	11	189	12	158	13	151	14	134	15	118	16	109	17	128	18	145	19	104	
	0	199	1	115	2	119	3	172	4	133	5	191	6	178	7	181	8	128	9	179	10	157	11	100	12	137	13	178	14	177	15	163	16	128	17	109	18	141	19	195	
	0	144	1	192	2	154	3	105	4	195	5	162	6	159	7	164	8	160	9	131	10	178	11	173	12	171	13	112	14	164	15	133	16	109	17	154	18	180	19	148	
	0	176	1	188	2	176	3	159	4	144	5	123	6	111	7	123	8	150	9	112	10	187	11	198	12	195	13	189	14	127	15	123	16	157	17	154	18	193	19	161	
	0	109	1	150	2	155	3	178	4	144	5	162	6	131	7	174	8	125	9	137	10	189	11	147	12	168	13	107	14	169	15	155	16	145	17	102	18	103	19	177	
	0	103	1	153	2	168	3	162	4	149	5	180	6	122	7	112	8	183	9	124	10	199	11	133	12	139	13	189	14	139	15	181	16	182	17	156	18	172	19	110	
	0	109	1	198	2	103	3	138	4	178	5	159	6	146	7	140	8	136	9	130	10	136	11	108	12	168	13	133	14	194	15	123	16	192	17	119	18	188	19	110	
	0	170	1	135	2	155	3	184	4	159	5	161	6	118	7	172	8	146	9	119	10	131	11	194	12	141	13	140	14	134	15	113	16	147	17	108	18	137	19	130	
	0	103	1	197	2	167	3	180	4	184	5	104	6	179	7	123	8	122	9	145	10	188	11	115	12	182	13	152	14	159	15	146	16	106	17	196	18	193	19	118	
	0	144	1	174	2	160	3	170	4	137	5	175	6	161	7	113	8	106	9	159	10	168	11	144	12	159	13	146	14	163	15	153	16	125	17	189	18	172	19	100	
	0	154	1	114	2	155	3	127	4	186	5	130	6	193	7	186	8	113	9	147	10	131	11	116	12	176	13	118	14	138	15	186	16	166	17	131	18	112	19	157	
	0	157	1	156	2	145	3	152	4	109	5	148	6	125	7	196	8	101	9	181	10	153	11	195	12	148	13	134	14	112	15	184	16	195	17	114	18	171	19	181	
	0	158	1	110	2	185	3	113	4	125	5	146	6	115	7	117	8	162	9	168	10	160	11	101	12	149	13	106	14	105	15	108	16	132	17	129	18	163	19	152	
	0	108	1	183	2	138	3	140	4	108	5	129	6	135	7	128	8	177	9	123	10	162	11	131	12	195	13	122	14	130	15	177	16	184	17	187	18	185	19	153	
	0	107	1	106	2	140	3	146	4	153	5	149	6	132	7	177	8	120	9	156	10	152	11	193	12	184	13	103	14	175	15	163	16	106	17	179	18	105	19	142	
	0	111	1	127	2	194	3	140	4	155	5	141	6	175	7	188	8	185	9	184	10	198	11	100	12	100	13	113	14	144	15	126	16	147	17	107	18	134	19	110	
	0	189	1	145	2	154	3	179	4	166	5	138	6	188	7	175	8	111	9	120	10	137	11	167	12	138	13	194	14	119	15	160	16	123	17	156	18	179	19	123	
	0	115	1	146	2	152	3	186	4	117	5	141	6	193	7	100	8	132	9	121	10	179	11	113	12	107	13	192	14	169	15	199	16	117	17	132	18	196	19	129	
	0	174	1	168	2	151	3	145	4	178	5	125	6	168	7	118	8	161	9	152	10	138	11	121	12	127	13	137	14	168	15	105	16	151	17	186	18	122	19	121	
	0	167	1	129	2	102	3	152	4	126	5	185	6	189	7	140	8	139	9	152	10	177	11	109	12	182	13	163	14	176	15	198	16	154	17	119	18	135	19	135	
	0	182	1	135	2	141	3	134	4	192	5	180	6	190	7	183	8	176	9	188	10	192	11	155	12	137	13	171	14	181	15	160	16	147	17	184	18	147	19	115	
	0	113	1	139	2	154	3	183	4	197	5	141	6	140	7	182	8	143	9	129	10	115	11	155	12	175	13	155	14	139	15	110	16	100	17	107	18	178	19	198	
	0	118	1	199	2	174	3	193	4	178	5	138	6	103	7	193	8	169	9	149	10	126	11	162	12	167	13	116	14	194	15	195	16	155	17	166	18	142	19	159	
	0	161	1	119	2	195	3	181	4	135	5	170	6	140	7	178	8	196	9	191	10	180	11	120	12	131	13	163	14	165	15	191	16	157	17	103	18	171	19	106	
	0	196	1	100	2	167	3	191	4	132	5	172	6	154	7	120	8	130	9	134	10	162	11	119	12	199	13	160	14	105	15	127	16	150	17	182	18	149	19	121	
	0	167	1	184	2	176	3	121	4	181	5	148	6	108	7	121	8	139	9	190	10	155	11	164	12	172	13	137	14	141	15	117	16	133	17	198	18	159	19	107	
	0	195	1	109	2	165	3	109	4	126	5	141	6	143	7	147	8	176	9	109	10	154	11	108	12	171	13	109	14	169	15	131	16	151	17	126	18	151	19	132	
	0	160	1	121	2	117	3	195	4	197	5	108	6	157	7	141	8	133	9	167	10	131	11	184	12	171	13	112	14	166	15	150	16	149	17	113	18	142	19	170	
	0	185	1	165	2	101	3	121	4	145	5	178	6	157	7	112	8	129	9	190	10	179	11	147	12	103	13	179	14	150	15	187	16	163	17	165	18	102	19	185	
	0	153	1	151	2	167	3	147	4	129	5	141	6	165	7	180	8	193	9	140	10	190	11	176	12	150	13	137	14	109	15	158	16	136	17	129	18	118	19	161	
	0	144	1	142	2	151	3	194	4	113	5	150	6	166	7	192	8	139	9	124	10	156	11	123	12	121	13	177	14	199	15	119	16	181	17	117	18	135	19	185	
	0	130	1	152	2	104	3	104	4	185	5	176	6	127	7	142	8	190	9	195	10	106	11	194	12	162	13	171	14	187	15	190	16	130	17	170	18	117	19	149	
	0	135	1	181	2	180	3	107	4	153	5	193	6	167	7	194	8	175	9	136	10	159	11	193	12	140	13	130	14	145	15	140	16	144	17	168	18	137	19	122	
	0	164	1	119	2	103	3	179	4	189	5	169	6	100	7	106	8	193	9	152	10	171	11	180	12	181	13	109	14	145	15	131	16	168	17	156	18	174	19	134	
	0	191	1	199	2	162	3	198	4	102	5	165	6	100	7	126	8	166	9	184	10	195	11	112	12	161	13	130	14	174	15	199	16	196	17	169	18	174	19	122	
	0	123	1	128	2	140	3	151	4	156	5	198	6	188	7	165	8	166	9	170	10	182	11	175	12	157	13	168	14	159	15	130	16	141	17	190	18	100	19	131	
	0	127	1	107	2	155	3	166	4	167	5	107	6	192	7	199	8	127	9	169	10	144	11	139	12	132	13	173	14	100	15	102	16	148	17	137	18	136	19	112	
	0	133	1	170	2	170	3	123	4	150	5	181	6	102	7	136	8	192	9	180	10	193	11	158	12	191	13	175	14	112	15	180	16	183	17	119	18	191	19	187	
	0	194	1	151	2	174	3	151	4	103	5	155	6	190	7	107	8	126	9	186	10	117	11	125	12	151	13	144	14	113	15	104	16	109	17	144	18	160	19	137	
	0	156	1	141	2	178	3	181	4	166	5	171	6	143	7	180	8	148	9	105	10	124	11	159	12	165	13	161	14	180	15	100	16	145	17	140	18	156	19	132	
	0	172	1	118	2	160	3	167	4	121	5	153	6	184	7	164	8	161	9	150	10	180	11	179	12	157	13	193	14	125	15	166	16	109	17	171	18	142	19	112	
	0	143	1	119	2	166	3	155	4	104	5	193	6	199	7	170	8	126	9	157	10	128	11	126	12	124	13	187	14	152	15	122	16	150	17	181	18	124	19	169	
	0	148	1	152	2	135	3	104	4	115	5	125	6	104	7	174	8	195	9	131	10	145	11	131	12	164	13	165	14	151	15	178	16	196	17	145	18	167	19	183	
	0	169	1	176	2	144	3	137	4	104	5	194	6	198	7	102	8	119	9	143	10	171	11	155	12	190	13	120	14	108	15	143	16	117	17	108	18	113	19	189	
	0	111	1	139	2	138	3	114	4	166	5	116	6	178	7	125	8	148	9	159	10	174	11	121	12	139	13	153	14	106	15	129	16	138	17	180	18	133	19	143	
	0	140	1	176	2	182	3	188	4	185	5	168	6	172	7	101	8	127	9	107	10	114	11	134	12	195	13	155	14	180	15	123	16	106	17	191	18	106	19	116	
	0	128	1	197	2	143	3	195	4	148	5	123	6	123	7	130	8	153	9	175	10	145	11	158	12	128	13	167	14	101	15	198	16	138	17	139	18	126	19	105	
	0	179	1	194	2	104	3	123	4	139	5	175	6	176	7	188	8	188	9	199	10	101	11	167	12	140	13	197	14	131	15	114	16	167	17	119	18	147	19	147	
	0	186	1	117	2	195	3	186	4	172	5	197	6	164	7	194	8	198	9	180	10	102	11	195	12	103	13	192	14	107	15	174	16	157	17	119	18	156	19	185	
	0	183	1	164	2	165	3	189	4	124	5	165	6	152	7	176	8	149	9	184	10	150	11	101	12	107	13	176	14	198	15	132	16	176	17	193	18	111	19	108	
	0	124	1	169	2	133	3	179	4	100	5	149	6	147	7	184	8	118	9	143	10	168	11	180	12	116	13	133	14	115	15	183	16	108	17	147	18	174	19	171	
	0	189	1	171	2	176	3	180	4	118	5	114	6	151	7	158	8	183	9	104	10	126	11	100	12	120	13	125	14	170	15	134	16	181	17	130	18	140	19	149	
	0	119	1	187	2	175	3	147	4	175	5	171	6	128	7	165	8	113	9	134	10	188	11	103	12	185	13	172	14	101	15	199	16	193	17	173	18	117	19	122	
	0	126	1	145	2	192	3	105	4	134	5	131	6	117	7	167	8	183	9	131	10	169	11	160	12	155	13	139	14	113	15	169	16	119	17	157	18	170	19	191	
	0	130	1	102	2	102	3	170	4	154	5	133	6	112	7	160	8	162	9	115	10	168	11	168	12	169	13	109	14	123	15	148	16	150	17	181	18	127	19	114	
	0	122	1	119	2	184	3	130	4	106	5	135	6	154	7	115	8	141	9	159	10	170	11	105	12	146	13	190	14	152	15	130	16	143	17	169	18	195	19	193	
	0	136	1	155	2	173	3	194	4	167	5	136	6	153	7	177	8	121	9	150	10	156	11	119	12	169	13	199	14	124	15	151	16	124	17	135	18	196	19	127	
	0	161	1	187	2	108	3	186	4	183	5	148	6	147	7	154	8	138	9	198	10	136	11	191	12	111	13	108	14	108	15	146	16	169	17	165	18	112	19	180	
	0	101	1	178	2	178	3	131	4	157	5	142	6	164	7	191	8	157	9	115	10	108	11	163	12	110	13	106	14	147	15	175	16	141	17	127	18	171	19	171	
	0	132	1	112	2	189	3	109	4	136	5	112	6	187	7	135	8	139	9	196	10	198	11	176	12	132	13	176	14	164	15	197	16	162	17	113	18	145	19	154	
	0	149	1	148	2	112	3	198	4	121	5	131	6	149	7	100	8	154	9	103	10	123	11	159	12	176	13	160	14	156	15	129	16	133	17	158	18	140	19	118	
	0	168	1	162	2	148	3	135	4	153	5	118	6	107	7	109	8	175	9	183	10	128	11	151	12	125	13	104	14	107	15	185	16	150	17	131	18	165	19	121	
	0	111	1	132	2	119	3	120	4	148	5	126	6	178	7	141	8	156	9	126	10	159	11	101	12	161	13	139	14	106	15	111	16	188	17	167	18	181	19	164	
	0	129	1	109	2	115	3	115	4	128	5	184	6	130	7	179	8	152	9	129	10	154	11	137	12	117	13	178	14	132	15	101	16	101	17	173	18	196	19	150	
	0	135	1	103	2	163	3	186	4	154	5	138	6	164	7	105	8	105	9	167	10	137	11	101	12	184	13	194	14	159	15	186	16	130	17	128	18	120	19	168	
	0	184	1	135	2	110	3	154	4	183	5	197	6	177	7	199	8	134	9	166	10	112	11	152	12	168	13	155	14	124	15	152	16	166	17	116	18	134	19	120	
	0	184	1	118	2	132	3	128	4	171	5	167	6	196	7	144	8	115	9	189	10	106	11	164	12	122	13	137	14	179	15	114	16	161	17	185	18	150	19	121	
	0	193	1	132	2	187	3	163	4	199	5	165	6	179	7	192	8	186	9	144	10	180	11	110	12	170	13	144	14	141	15	122	16	111	17	188	18	138	19	152	
	0	191	1	105	2	110	3	152	4	197	5	156	6	150	7	146	8	151	9	158	10	120	11	111	12	175	13	147	14	168	15	150	16	126	17	125	18	163	19	157	
	0	117	1	146	2	173	3	137	4	190	5	173	6	153	7	149	8	183	9	116	10	173	11	100	12	186	13	130	14	111	15	107	16	150	17	187	18	199	19	113	
	0	197	1	132	2	102	3	149	4	147	5	169	6	177	7	190	8	174	9	115	10	140	11	167	12	137	13	128	14	115	15	170	16	147	17	133	18	123	19	183	
	0	113	1	127	2	160	3	114	4	157	5	142	6	190	7	101	8	112	9	123	10	139	11	193	12	115	13	119	14	149	15	108	16	138	17	107	18	153	19	135	
	0	128	1	175	2	179	3	166	4	159	5	115	6	129	7	197	8	127	9	136	10	119	11	116	12	159	13	174	14	165	15	115	16	146	17	198	18	122	19	194	
	0	176	1	104	2	163	3	148	4	114	5	159	6	116	7	179	8	156	9	120	10	115	11	113	12	182	13	157	14	108	15	119	16	190	17	190	18	130	19	169	
	0	138	1	106	2	198	3	102	4	137	5	193	6	126	7	194	8	199	9	139	10	152	11	171	12	130	13	189	14	182	15	187	16	177	17	104	18	108	19	170	
	0	132	1	153	2	145	3	183	4	162	5	173	6	137	7	153	8	160	9	162	10	199	11	112	12	150	13	104	14	187	15	167	16	124	17	171	18	185	19	169	
	0	115	1	135	2	178	3	183	4	114	5	131	6	175	7	149	8	108	9	146	10	184	11	101	12	187	13	169	14	117	15	127	16	143	17	179	18	125	19	160	
	0	146	1	134	2	196	3	132	4	144	5	104	6	163	7	106	8	104	9	148	10	148	11	134	12	126	13	116	14	151	15	163	16	183	17	157	18	130	19	100	
	0	131	1	177	2	144	3	197	4	129	5	106	6	161	7	175	8	106	9	103	10	161	11	132	12	151	13	108	14	126	15	114	16	189	17	103	18	165	19	199	
	0	157	1	129	2	128	3	186	4	156	5	157	6	144	7	189	8	150	9	135	10	122	11	146	12	158	13	182	14	137	15	105	16	154	17	168	18	123	19	108	
	0	145	1	105	2	187	3	110	4	101	5	184	6	131	7	134	8	168	9	189	10	190	11	123	12	158	13	134	14	102	15	117	16	102	17	157	18	144	19	115	
	0	142	1	186	2	113	3	140	4	197	5	159	6	142	7	170	8	101	9	116	10	192	11	157	12	137	13	181	14	146	15	149	16	125	17	119	18	156	19	103	
	0	161	1	143	2	124	3	169	4	160	5	154	6	160	7	170	8	194	9	194	10	192	11	104	12	124	13	102	14	145	15	182	16	141	17	193	18	127	19	138	
	0	158	1	137	2	104	3	196	4	195	5	164	6	151	7	169	8	122	9	180	10	180	11	142	12	124	13	151	14	170	15	105	16	110	17	158	18	111	19	143	
	0	186	1	147	2	163	3	129	4	196	5	106	6	104	7	148	8	140	9	172	10	113	11	111	12	111	13	144	14	187	15	183	16	110	17	140	18	193	19	171	
	0	106	1	112	2	117	3	163	4	141	5	186	6	137	7	164	8	101	9	137	10	131	11	198	12	173	13	151	14	189	15	120	16	150	17	103	18	128	19	121	
	0	172	1	141	2	136	3	132	4	190	5	117	6	137	7	187	8	130	9	130	10	129	11	126	12	162	13	167	14	186	15	146	16	160	17	177	18	139	19	149	
	0	117	1	160	2	175	3	136	4	179	5	136	6	127	7	139	8	197	9	184	10	186	11	134	12	120	13	182	14	159	15	118	16	175	17	139	18	153	19	172	
	0	143	1	150	2	186	3	186	4	177	5	100	6	150	7	183	8	194	9	170	10	168	11	188	12	106	13	170	14	181	15	116	16	184	17	173	18	156	19	154	
	0	174	1	138	2	102	3	135	4	152	5	129	6	178	7	184	8	199	9	150	10	181	11	145	12	177	13	161	14	164	15	111	16	100	17	100	18	187	19	137	
	0	122	1	190	2	147	3	189	4	155	5	180	6	128	7	196	8	173	9	118	10	133	11	163	12	196	13	117	14	140	15	104	16	136	17	168	18	173	19	154	
	0	186	1	100	2	179	3	152	4	169	5	197	6	148	7	186	8	127	9	154	10	107	11	153	12	115	13	150	14	136	15	153	16	177	17	125	18	187	19	110	
	0	160	1	171	2	177	3	152	4	160	5	111	6	156	7	193	8	181	9	116	10	121	11	164	12	112	13	138	14	185	15	107	16	189	17	159	18	165	19	138	
	0	129	1	170	2	164	3	155	4	115	5	144	6	152	7	195	8	115	9	150	10	143	11	123	12	139	13	163	14	100	15	144	16	122	17	127	18	134	19	165	
	0	110	1	194	2	194	3	106	4	192	5	178	6	161	7	159	8	147	9	172	10	156	11	135	12	100	13	182	14	164	15	111	16	150	17	154	18	138	19	147	
	0	158	1	103	2	145	3	179	4	125	5	120	6	135	7	156	8	141	9	155	10	113	11	161	12	122	13	157	14	142	15	169	16	139	17	168	18	188	19	175	
	0	190	1	190	2	192	3	118	4	137	5	143	6	116	7	188	8	158	9	134	10	118	11	146	12	114	13	183	14	119	15	105	16	150	17	161	18	185	19	130	
	0	198	1	123	2	183	3	125	4	147	5	144	6	168	7	104	8	149	9	167	10	139	11	149	12	190	13	159	14	162	15	182	16	163	17	123	18	140	19	108	
	0	100	1	102	2	125	3	190	4	138	5	174	6	178	7	131	8	114	9	110	10	147	11	160	12	169	13	128	14	174	15	129	16	160	17	181	18	149	19	100	
	0	153	1	192	2	196	3	107	4	127	5	173	6	124	7	143	8	104	9	194	10	136	11	105	12	177	13	117	14	135	15	193	16	103	17	141	18	198	19	155	
	0	133	1	143	2	144	3	190	4	185	5	134	6	172	7	132	8	197	9	178	10	143	11	140	12	168	13	126	14	152	15	166	16	150	17	126	18	129	19	133	
	0	132	1	148	2	192	3	132	4	124	5	170	6	106	7	183	8	185	9	160	10	163	11	178	12	148	13	164	14	124	15	106	16	187	17	168	18	163	19	179	
	0	115	1	165	2	118	3	148	4	182	5	170	6	159	7	174	8	193	9	108	10	118	11	109	12	109	13	123	14	151	15	124	16	177	17	147	18	192	19	162	
	0	156	1	158	2	189	3	179	4	177	5	197	6	180	7	162	8	127	9	183	10	180	11	142	12	148	13	193	14	197	15	176	16	154	17	140	18	104	19	199	
	0	170	1	173	2	145	3	170	4	125	5	166	6	103	7	199	8	112	9	151	10	149	11	136	12	159	13	148	14	196	15	112	16	178	17	118	18	132	19	181	
	0	108	1	162	2	147	3	185	4	142	5	193	6	196	7	140	8	157	9	178	10	129	11	120	12	112	13	107	14	150	15	128	16	160	17	179	18	131	19	123	
	0	157	1	169	2	168	3	153	4	110	5	165	6	111	7	195	8	158	9	156	10	182	11	156	12	123	13	141	14	140	15	184	16	192	17	143	18	151	19	137	
	0	122	1	179	2	193	3	150	4	195	5	144	6	172	7	180	8	196	9	118	10	150	11	157	12	113	13	139	14	157	15	147	16	199	17	141	18	100	19	121	
	0	185	1	165	2	124	3	173	4	172	5	122	6	155	7	114	8	122	9	138	10	103	11	158	12	182	13	125	14	111	15	157	16	119	17	199	18	147	19	193	
	0	127	1	184	2	153	3	181	4	114	5	188	6	137	7	144	8	120	9	150	10	177	11	162	12	115	13	194	14	138	15	170	16	146	17	146	18	180	19	104	
	0	112	1	182	2	132	3	188	4	109	5	176	6	149	7	133	8	100	9	159	10	176	11	143	12	125	13	149	14	173	15	190	16	142	17	156	18	199	19	155	
	0	145	1	113	2	128	3	186	4	149	5	155	6	179	7	194	8	186	9	136	10	175	11	142	12	130	13	111	14	125	15	153	16	111	17	141	18	137	19	197	
	0	135	1	162	2	114	3	190	4	135	5	136	6	128	7	113	8	132	9	127	10	176	11	132	12	180	13	109	14	131	15	132	16	161	17	144	18	107	19	166	
	0	136	1	117	2	155	3	152	4	125	5	113	6	162	7	103	8	119	9	120	10	188	11	111	12	126	13	199	14	165	15	107	16	181	17	125	18	115	19	159	
	0	120	1	129	2	111	3	180	4	151	5	168	6	127	7	185	8	173	9	118	10	159	11	165	12	155	13	112	14	198	15	138	16	195	17	108	18	176	19	190	
	0	134	1	116	2	198	3	113	4	171	5	130	6	130	7	101	8	131	9	121	10	102	11	189	12	102	13	170	14	148	15	114	16	198	17	126	18	196	19	113	
	0	180	1	115	2	106	3	163	4	196	5	142	6	178	7	163	8	130	9	195	10	138	11	172	12	155	13	194	14	131	15	119	16	177	17	110	18	144	19	132	
	0	116	1	140	2	161	3	122	4	118	5	126	6	192	7	174	8	134	9	124	10	122	11	104	12	130	13	188	14	168	15	168	16	110	17	166	18	188	19	144	
	0	101	1	188	2	168	3	187	4	183	5	161	6	147	7	155	8	120	9	141	10	148	11	188	12	101	13	173	14	196	15	141	16	101	17	161	18	194	19	144	
	0	199	1	101	2	133	3	177	4	107	5	178	6	150	7	141	8	111	9	190	10	157	11	197	12	128	13	178	14	151	15	190	16	198	17	149	18	174	19	131	
	0	141	1	166	2	125	3	146	4	174	5	197	6	114	7	105	8	114	9	115	10	143	11	121	12	157	13	154	14	161	15	118	16	163	17	151	18	140	19	149	
	0	109	1	122	2	159	3	197	4	127	5	150	6	155	7	141	8	151	9	172	10	152	11	181	12	142	13	109	14	180	15	177	16	166	17	119	18	145	19	111	
	0	128	1	108	2	174	3	192	4	119	5	159	6	178	7	109	8	159	9	121	10	176	11	104	12	120	13	199	14	159	15	114	16	107	17	138	18	194	19	189	
	0	151	1	127	2	184	3	155	4	156	5	194	6	196	7	118	8	106	9	140	10	103	11	151	12	165	13	124	14	131	15	109	16	114	17	191	18	167	19	179	
	0	149	1	194	2	128	3	190	4	133	5	141	6	101	7	186	8	166	9	175	10	130	11	189	12	158	13	121	14	168	15	105	16	128	17	109	18	157	19	167	
	0	113	1	119	2	198	3	176	4	157	5	107	6	195	7	177	8	134	9	142	10	162	11	143	12	131	13	100	14	152	15	116	16	156	17	179	18	137	19	186	
	0	174	1	113	2	195	3	161	4	156	5	199	6	106	7	121	8	105	9	114	10	120	11	138	12	196	13	121	14	180	15	151	16	186	17	125	18	105	19	123	
	0	130	1	189	2	161	3	119	4	180	5	181	6	151	7	105	8	117	9	137	10	151	11	126	12	134	13	136	14	132	15	198	16	152	17	192	18	176	19	197	
	0	111	1	125	2	148	3	118	4	171	5	125	6	194	7	129	8	145	9	122	10	126	11	199	12	183	13	152	14	173	15	125	16	160	17	175	18	165	19	182	
	0	151	1	120	2	150	3	189	4	122	5	140	6	161	7	199	8	102	9	118	10	168	11	106	12	162	13	146	14	181	15	108	16	110	17	152	18	113	19	139	
	0	155	1	118	2	185	3	169	4	120	5	162	6	191	7	166	8	156	9	168	10	167	11	173	12	127	13	140	14	192	15	160	16	174	17	165	18	123	19	164	
	0	156	1	193	2	175	3	156	4	111	5	197	6	188	7	114	8	176	9	153	10	131	11	124	12	175	13	146	14	150	15	102	16	115	17	172	18	121	19	138	
	0	142	1	130	2	128	3	108	4	188	5	168	6	111	7	143	8	191	9	156	10	133	11	105	12	176	13	122	14	165	15	151	16	108	17	167	18	197	19	150	
	0	190	1	185	2	193	3	183	4	161	5	192	6	198	7	113	8	117	9	113	10	124	11	176	12	180	13	112	14	101	15	154	16	103	17	129	18	189	19	158	
	0	143	1	139	2	128	3	127	4	186	5	172	6	194	7	186	8	163	9	110	10	187	11	164	12	159	13	120	14	166	15	187	16	173	17	189	18	108	19	126	
	0	141	1	165	2	148	3	177	4	124	5	189	6	125	7	120	8	192	9	114	10	152	11	185	12	196	13	155	14	106	15	160	16	144	17	180	18	102	19	146	
	0	199	1	139	2	142	3	130	4	124	5	109	6	168	7	101	8	127	9	134	10	101	11	122	12	109	13	150	14	109	15	114	16	184	17	115	18	184	19	164	
	0	123	1	120	2	117	3	187	4	177	5	113	6	178	7	139	8	180	9	154	10	113	11	143	12	184	13	102	14	110	15	134	16	141	17	132	18	170	19	129	
	0	131	1	169	2	112	3	196	4	110	5	145	6	130	7	156	8	139	9	113	10	147	11	180	12	159	13	182	14	188	15	182	16	122	17	175	18	102	19	153	
	0	170	1	109	2	195	3	141	4	114	5	199	6	144	7	187	8	186	9	142	10	119	11	142	12	198	13	107	14	185	15	116	16	131	17	141	18	133	19	114	
	0	102	1	191	2	109	3	108	4	160	5	129	6	173	7	188	8	163	9	135	10	126	11	104	12	180	13	182	14	144	15	140	16	185	17	183	18	176	19	178	
	0	198	1	151	2	137	3	182	4	111	5	189	6	181	7	146	8	129	9	188	10	121	11	111	12	131	13	132	14	167	15	142	16	156	17	164	18	100	19	117	
	0	132	1	167	2	122	3	163	4	180	5	188	6	179	7	195	8	150	9	112	10	125	11	174	12	157	13	106	14	166	15	175	16	181	17	101	18	132	19	107	
	0	140	1	154	2	117	3	142	4	159	5	154	6	144	7	172	8	181	9	132	10	189	11	163	12	177	13	164	14	119	15	130	16	142	17	171	18	186	19	119	
	0	163	1	179	2	119	3	151	4	181	5	112	6	120	7	198	8	166	9	129	10	172	11	194	12	168	13	172	14	163	15	168	16	115	17	124	18	144	19	149	
	0	144	1	165	2	132	3	196	4	131	5	115	6	193	7	186	8	151	9	168	10	199	11	108	12	182	13	137	14	118	15	161	16	152	17	144	18	169	19	183	
	0	158	1	119	2	175	3	107	4	128	5	189	6	149	7	125	8	134	9	154	10	116	11	194	12	132	13	158	14	197	15	189	16	137	17	151	18	187	19	182	
	0	151	1	187	2	123	3	122	4	134	5	108	6	143	7	152	8	199	9	107	10	122	11	145	12	195	13	165	14	137	15	130	16	153	17	122	18	164	19	136	
	0	112	1	172	2	183	3	141	4	138	5	119	6	199	7	146	8	143	9	131	10	193	11	178	12	158	13	195	14	190	15	104	16	195	17	146	18	150	19	121	
	0	117	1	120	2	159	3	181	4	198	5	162	6	149	7	152	8	114	9	143	10	140	11	187	12	161	13	178	14	146	15	120	16	194	17	109	18	132	19	135	
	0	149	1	125	2	183	3	110	4	147	5	121	6	156	7	196	8	193	9	109	10	174	11	127	12	171	13	128	14	100	15	195	16	128	17	185	18	139	19	164	
	0	196	1	179	2	189	3	148	4	157	5	116	6	148	7	103	8	167	9	156	10	154	11	199	12	159	13	199	14	126	15	155	16	127	17	156	18	137	19	140	
	0	164	1	167	2	163	3	195	4	173	5	114	6	177	7	147	8	152	9	188	10	172	11	135	12	195	13	158	14	103	15	160	16	121	17	130	18	157	19	160	
	0	154	1	147	2	126	3	128	4	149	5	115	6	162	7	188	8	162	9	185	10	133	11	140	12	137	13	142	14	178	15	128	16	138	17	139	18	185	19	189	
	0	154	1	121	2	171	3	107	4	118	5	158	6	102	7	122	8	199	9	184	10	162	11	185	12	155	13	102	14	124	15	124	16	140	17	140	18	122	19	125	
	0	159	1	168	2	188	3	154	4	163	5	140	6	134	7	193	8	143	9	142	10	158	11	152	12	190	13	118	14	168	15	142	16	102	17	124	18	174	19	140	
	0	121	1	194	2	190	3	113	4	145	5	130	6	177	7	155	8	179	9	153	10	190	11	111	12	127	13	124	14	142	15	180	16	190	17	139	18	103	19	133	
	0	128	1	124	2	155	3	137	4	140	5	106	6	156	7	119	8	195	9	194	10	130	11	180	12	174	13	176	14	142	15	169	16	197	17	163	18	103	19	167	
	0	133	1	132	2	178	3	145	4	117	5	149	6	174	7	199	8	170	9	129	10	174	11	149	12	172	13	128	14	111	15	164	16	109	17	133	18	171	19	179	
	0	184	1	152	2	104	3	123	4	110	5	142	6	133	7	147	8	131	9	172	10	162	11	174	12	136	13	116	14	132	15	103	16	134	17	176	18	178	19	147	
	0	103	1	133	2	110	3	103	4	152	5	195	6	179	7	137	8	171	9	123	10	143	11	133	12	114	13	189	14	146	15	185	16	141	17	157	18	168	19	181	
	0	126	1	102	2	160	3	126	4	104	5	109	6	193	7	141	8	170	9	148	10	168	11	184	12	141	13	139	14	112	15	142	16	184	17	149	18	124	19	116	
	0	160	1	187	2	119	3	121	4	185	5	130	6	178	7	186	8	136	9	179	10	109	11	154	12	115	13	156	14	100	15	116	16	191	17	115	18	159	19	148	
	0	121	1	114	2	106	3	118	4	157	5	186	6	139	7	103	8	143	9	173	10	132	11	128	12	155	13	179	14	124	15	123	16	140	17	170	18	194	19	185	
	0	181	1	125	2	195	3	123	4	114	5	195	6	162	7	115	8	126	9	150	10	189	11	135	12	154	13	174	14	170	15	160	16	113	17	172	18	127	19	176	
	0	162	1	135	2	160	3	178	4	124	5	190	6	152	7	168	8	196	9	154	10	167	11	151	12	178	13	163	14	183	15	199	16	166	17	122	18	125	19	170	
	0	198	1	197	2	156	3	118	4	194	5	135	6	153	7	175	8	131	9	180	10	121	11	199	12	168	13	149	14	192	15	178	16	187	17	196	18	111	19	102	
	0	197	1	161	2	149	3	124	4	106	5	182	6	152	7	154	8	160	9	138	10	103	11	100	12	190	13	194	14	103	15	189	16	184	17	198	18	127	19	191	
	0	134	1	114	2	153	3	123	4	139	5	132	6	108	7	148	8	160	9	145	10	163	11	168	12	122	13	184	14	176	15	192	16	181	17	184	18	127	19	156	
	0	195	1	103	2	126	3	130	4	194	5	180	6	138	7	181	8	105	9	170	10	152	11	175	12	190	13	138	14	173	15	149	16	104	17	158	18	140	19	139	
	0	120	1	149	2	118	3	115	4	164	5	167	6	176	7	162	8	175	9	166	10	122	11	154	12	157	13	184	14	199	15	152	16	114	17	119	18	194	19	113	
	0	153	1	176	2	120	3	181	4	187	5	155	6	143	7	136	8	110	9	187	10	183	11	148	12	170	13	108	14	124	15	141	16	103	17	161	18	173	19	112	
	0	121	1	109	2	148	3	127	4	103	5	181	6	102	7	141	8	142	9	163	10	155	11	102	12	147	13	199	14	198	15	127	16	166	17	179	18	127	19	128	
	0	175	1	162	2	187	3	139	4	161	5	186	6	132	7	113	8	174	9	174	10	151	11	112	12	189	13	111	14	174	15	187	16	176	17	151	18	151	19	199	
	0	182	1	129	2	115	3	178	4	164	5	111	6	144	7	158	8	165	9	121	10	188	11	161	12	136	13	176	14	158	15	148	16	103	17	191	18	118	19	199	
	0	150	1	135	2	105	3	142	4	157	5	134	6	183	7	106	8	134	9	166	10	118	11	128	12	143	13	187	14	168	15	175	16	140	17	138	18	125	19	134	
	0	182	1	109	2	142	3	136	4	145	5	196	6	190	7	115	8	120	9	135	10	159	11	168	12	138	13	116	14	105	15	132	16	131	17	192	18	164	19	129	
	0	146	1	161	2	159	3	109	4	180	5	198	6	138	7	145	8	199	9	106	10	116	11	170	12	156	13	151	14	162	15	168	16	133	17	167	18	101	19	183	
	0	158	1	103	2	183	3	118	4	196	5	104	6	157	7	137	8	121	9	151	10	196	11	123	12	152	13	156	14	146	15	110	16	157	17	178	18	128	19	110	
	0	168	1	183	2	187	3	108	4	107	5	171	6	183	7	153	8	177	9	124	10	108	11	133	12	126	13	153	14	108	15	128	16	129	17	179	18	167	19	188	
	0	127	1	113	2	131	3	109	4	155	5	160	6	107	7	170	8	154	9	139	10	198	11	116	12	187	13	150	14	188	15	154	16	195	17	109	18	170	19	155	
	0	160	1	128	2	159	3	141	4	161	5	182	6	172	7	147	8	104	9	126	10	197	11	138	12	155	13	128	14	102	15	181	16	164	17	153	18	129	19	150	
	0	195	1	125	2	197	3	174	4	134	5	162	6	156	7	129	8	192	9	142	10	186	11	179	12	163	13	115	14	190	15	147	16	102	17	166	18	135	19	153	
	0	163	1	157	2	184	3	170	4	166	5	131	6	144	7	109	8	118	9	186	10	158	11	187	12	176	13	125	14	100	15	132	16	135	17	192	18	127	19	152	
	0	123	1	196	2	159	3	144	4	174	5	112	6	141	7	174	8	141	9	157	10	127	11	105	12	151	13	175	14	152	15	110	16	157	17	153	18	142	19	124	
	0	122	1	148	2	164	3	162	4	162	5	113	6	128	7	107	8	126	9	163	10	177	11	129	12	115	13	156	14	166	15	102	16	153	17	123	18	164	19	196	
	0	102	1	128	2	187	3	143	4	168	5	189	6	137	7	188	8	195	9	116	10	115	11	139	12	152	13	110	14	160	15	194	16	175	17	182	18	184	19	190	
	0	125	1	164	2	154	3	162	4	167	5	166	6	102	7	158	8	147	9	137	10	123	11	155	12	181	13	153	14	108	15	159	16	157	17	130	18	135	19	125	
	0	111	1	191	2	119	3	108	4	179	5	153	6	135	7	174	8	169	9	105	10	168	11	149	12	190	13	159	14	150	15	136	16	137	17	198	18	120	19	123	
	0	161	1	186	2	190	3	127	4	118	5	193	6	120	7	106	8	190	9	167	10	138	11	105	12	100	13	153	14	159	15	109	16	113	17	176	18	175	19	133	
	0	179	1	180	2	157	3	176	4	129	5	167	6	153	7	171	8	181	9	185	10	171	11	141	12	190	13	145	14	140	15	198	16	122	17	177	18	143	19	159	
	0	133	1	107	2	141	3	116	4	155	5	192	6	114	7	130	8	159	9	128	10	169	11	156	12	161	13	108	14	170	15	172	16	124	17	153	18	102	19	130	
	0	121	1	181	2	191	3	136	4	159	5	178	6	183	7	178	8	144	9	107	10	184	11	199	12	188	13	167	14	122	15	197	16	177	17	119	18	144	19	169	
	0	148	1	132	2	197	3	126	4	119	5	106	6	187	7	112	8	125	9	176	10	171	11	178	12	130	13	115	14	153	15	121	16	156	17	114	18	189	19	165	
	0	191	1	105	2	179	3	124	4	148	5	123	6	199	7	190	8	123	9	130	10	142	11	132	12	134	13	121	14	143	15	165	16	102	17	144	18	117	19	128	
	0	180	1	192	2	190	3	164	4	113	5	172	6	160	7	195	8	124	9	189	10	179	11	172	12	145	13	193	14	197	15	136	16	112	17	126	18	114	19	141	
	0	103	1	117	2	128	3	114	4	105	5	127	6	106	7	191	8	100	9	132	10	160	11	101	12	131	13	195	14	113	15	118	16	125	17	186	18	157	19	150	
	0	180	1	142	2	182	3	194	4	118	5	185	6	161	7	163	8	105	9	148	10	197	11	114	12	199	13	140	14	185	15	160	16	123	17	172	18	172	19	197	
	0	167	1	120	2	163	3	118	4	179	5	126	6	114	7	184	8	138	9	150	10	183	11	159	12	152	13	154	14	100	15	126	16	108	17	115	18	163	19	147	
	0	123	1	146	2	149	3	175	4	114	5	131	6	177	7	108	8	166	9	127	10	132	11	187	12	174	13	102	14	138	15	151	16	147	17	143	18	126	19	144	
	0	132	1	125	2	134	3	129	4	107	5	176	6	174	7	183	8	156	9	109	10	112	11	130	12	174	13	155	14	154	15	146	16	188	17	126	18	129	19	132	
	0	155	1	194	2	133	3	109	4	109	5	133	6	117	7	152	8	185	9	102	10	177	11	188	12	199	13	141	14	143	15	128	16	162	17	149	18	132	19	122	
	0	187	1	158	2	176	3	151	4	197	5	100	6	116	7	165	8	162	9	177	10	128	11	148	12	133	13	137	14	108	15	190	16	140	17	140	18	153	19	106	
	0	178	1	191	2	199	3	129	4	111	5	184	6	129	7	140	8	117	9	172	10	194	11	155	12	160	13	129	14	133	15	126	16	184	17	137	18	127	19	145	
	0	138	1	128	2	126	3	126	4	177	5	134	6	130	7	140	8	136	9	117	10	174	11	104	12	154	13	148	14	136	15	119	16	157	17	168	18	137	19	130	
	0	167	1	150	2	111	3	134	4	163	5	144	6	149	7	156	8	117	9	109	10	103	11	149	12	114	13	135	14	184	15	116	16	171	17	142	18	117	19	141	
	0	147	1	151	2	139	3	134	4	140	5	156	6	184	7	185	8	131	9	107	10	114	11	193	12	113	13	106	14	153	15	150	16	188	17	162	18	152	19	176	
	0	106	1	185	2	152	3	176	4	184	5	146	6	153	7	177	8	194	9	179	10	150	11	106	12	139	13	173	14	176	15	141	16	173	17	185	18	130	19	145	
	0	155	1	160	2	140	3	169	4	183	5	157	6	194	7	176	8	179	9	154	10	161	11	106	12	111	13	120	14	162	15	173	16	182	17	129	18	154	19	178	
	0	183	1	149	2	133	3	126	4	103	5	157	6	194	7	188	8	152	9	115	10	116	11	177	12	160	13	182	14	116	15	179	16	136	17	159	18	144	19	124	
	0	105	1	182	2	152	3	155	4	154	5	183	6	176	7	101	8	199	9	144	10	194	11	137	12	162	13	163	14	190	15	159	16	195	17	190	18	104	19	151	
	0	190	1	195	2	152	3	126	4	118	5	107	6	157	7	186	8	117	9	123	10	109	11	118	12	180	13	113	14	150	15	189	16	109	17	161	18	128	19	112	
	0	160	1	131	2	117	3	100	4	182	5	150	6	129	7	151	8	119	9	128	10	190	11	118	12	179	13	188	14	164	15	163	16	162	17	170	18	136	19	134	
	0	166	1	145	2	123	3	165	4	102	5	139	6	158	7	142	8	140	9	103	10	172	11	113	12	111	13	191	14	176	15	146	16	144	17	125	18	149	19	199	
	0	131	1	191	2	125	3	106	4	183	5	108	6	122	7	170	8	102	9	166	10	132	11	191	12	174	13	102	14	196	15	187	16	106	17	128	18	181	19	130	
	0	113	1	100	2	117	3	170	4	158	5	166	6	147	7	132	8	175	9	153	10	140	11	154	12	192	13	183	14	168	15	102	16	145	17	176	18	175	19	197	
	0	168	1	101	2	138	3	186	4	166	5	170	6	137	7	122	8	188	9	140	10	174	11	119	12	110	13	185	14	159	15	133	16	187	17	185	18	184	19	121	
	0	185	1	145	2	181	3	106	4	140	5	195	6	152	7	102	8	146	9	190	10	160	11	181	12	115	13	138	14	113	15	146	16	158	17	108	18	138	19	167	
	0	112	1	167	2	125	3	159	4	171	5	113	6	166	7	195	8	172	9	192	10	137	11	141	12	124	13	114	14	159	15	105	16	113	17	153	18	164	19	143	
	0	149	1	102	2	195	3	142	4	187	5	169	6	197	7	183	8	161	9	152	10	183	11	185	12	174	13	136	14	143	15	101	16	118	17	105	18	122	19	188	
	0	160	1	140	2	118	3	144	4	136	5	191	6	147	7	128	8	178	9	128	10	124	11	164	12	155	13	103	14	189	15	184	16	104	17	186	18	183	19	165	
	0	148	1	188	2	179	3	138	4	199	5	101	6	199	7	134	8	129	9	124	10	151	11	147	12	159	13	131	14	110	15	171	16	146	17	137	18	122	19	135	
	0	131	1	108	2	173	3	173	4	152	5	130	6	145	7	138	8	110	9	193	10	122	11	157	12	106	13	137	14	108	15	148	16	142	17	178	18	178	19	109	
	0	140	1	119	2	169	3	125	4	146	5	111	6	121	7	133	8	154	9	168	10	110	11	190	12	148	13	113	14	139	15	194	16	120	17	122	18	149	19	197	
	0	141	1	198	2	110	3	182	4	133	5	154	6	181	7	180	8	190	9	177	10	111	11	190	12	132	13	102	14	160	15	127	16	111	17	166	18	120	19	154	
	0	152	1	183	2	172	3	112	4	142	5	191	6	116	7	112	8	174	9	196	10	160	11	145	12	198	13	153	14	164	15	149	16	190	17	148	18	137	19	158	
	0	153	1	131	2	182	3	129	4	117	5	124	6	175	7	166	8	156	9	166	10	126	11	158	12	159	13	138	14	160	15	158	16	127	17	155	18	146	19	106	
	0	170	1	175	2	161	3	134	4	192	5	178	6	152	7	168	8	160	9	174	10	106	11	145	12	199	13	172	14	136	15	126	16	143	17	165	18	176	19	129	
	0	160	1	161	2	180	3	142	4	128	5	146	6	122	7	108	8	165	9	175	10	173	11	164	12	150	13	140	14	142	15	196	16	107	17	125	18	124	19	125	
	0	169	1	133	2	114	3	107	4	194	5	100	6	152	7	106	8	153	9	110	10	113	11	146	12	171	13	189	14	108	15	177	16	154	17	103	18	117	19	170	
	0	131	1	100	2	172	3	158	4	192	5	178	6	117	7	106	8	119	9	134	10	170	11	179	12	198	13	192	14	106	15	194	16	179	17	195	18	183	19	188	
	0	120	1	167	2	188	3	151	4	185	5	172	6	141	7	148	8	187	9	196	10	143	11	135	12	169	13	162	14	167	15	193	16	152	17	106	18	183	19	193	
	0	192	1	129	2	190	3	135	4	115	5	181	6	142	7	111	8	111	9	129	10	188	11	177	12	128	13	155	14	175	15	186	16	186	17	172	18	149	19	181	
	0	156	1	146	2	155	3	173	4	147	5	157	6	135	7	156	8	128	9	195	10	121	11	137	12	122	13	190	14	119	15	147	16	103	17	188	18	142	19	137	
	0	165	1	171	2	143	3	127	4	120	5	167	6	191	7	111	8	183	9	195	10	196	11	146	12	132	13	120	14	108	15	198	16	118	17	122	18	179	19	191	
	0	130	1	162	2	181	3	154	4	122	5	145	6	105	7	118	8	154	9	198	10	142	11	162	12	177	13	143	14	105	15	192	16	117	17	154	18	168	19	124	
	0	110	1	151	2	114	3	110	4	137	5	135	6	160	7	139	8	192	9	179	10	132	11	151	12	199	13	163	14	104	15	199	16	186	17	158	18	189	19	101	
	0	110	1	118	2	122	3	192	4	195	5	106	6	185	7	156	8	138	9	185	10	118	11	183	12	157	13	107	14	184	15	146	16	188	17	182	18	153	19	191	
	0	119	1	125	2	113	3	139	4	142	5	117	6	138	7	181	8	156	9	145	10	142	11	157	12	105	13	101	14	190	15	192	16	155	17	169	18	180	19	129	
	0	136	1	179	2	173	3	145	4	187	5	158	6	150	7	168	8	192	9	142	10	188	11	164	12	122	13	101	14	186	15	135	16	128	17	164	18	191	19	104	
	0	175	1	163	2	157	3	187	4	180	5	111	6	114	7	102	8	129	9	110	10	173	11	133	12	195	13	165	14	181	15	146	16	112	17	178	18	122	19	158	
	0	182	1	110	2	185	3	192	4	101	5	141	6	168	7	136	8	180	9	117	10	162	11	124	12	127	13	178	14	193	15	130	16	186	17	119	18	189	19	158	
	0	190	1	170	2	184	3	171	4	139	5	198	6	161	7	198	8	172	9	146	10	183	11	164	12	198	13	127	14	108	15	116	16	144	17	106	18	118	19	104	
	0	176	1	184	2	185	3	165	4	117	5	147	6	166	7	107	8	108	9	118	10	157	11	175	12	152	13	126	14	142	15	100	16	151	17	187	18	107	19	140	
	0	111	1	198	2	174	3	148	4	152	5	116	6	185	7	176	8	131	9	101	10	196	11	145	12	134	13	192	14	182	15	130	16	195	17	166	18	165	19	145	
	0	174	1	151	2	172	3	114	4	189	5	172	6	155	7	114	8	167	9	195	10	178	11	146	12	118	13	110	14	185	15	104	16	103	17	126	18	160	19	163	
	0	170	1	180	2	107	3	179	4	106	5	149	6	175	7	152	8	119	9	172	10	197	11	120	12	196	13	198	14	195	15	119	16	108	17	134	18	193	19	179	
	0	109	1	163	2	113	3	138	4	104	5	158	6	168	7	131	8	103	9	164	10	129	11	182	12	174	13	125	14	147	15	152	16	122	17	121	18	174	19	131	
	0	155	1	127	2	103	3	188	4	197	5	104	6	115	7	178	8	102	9	182	10	102	11	118	12	195	13	119	14	129	15	104	16	188	17	137	18	110	19	106	
	0	114	1	159	2	195	3	138	4	106	5	110	6	139	7	198	8	184	9	117	10	124	11	135	12	125	13	193	14	170	15	157	16	193	17	141	18	118	19	158	
	0	181	1	102	2	138	3	148	4	166	5	185	6	178	7	182	8	100	9	197	10	187	11	191	12	138	13	111	14	120	15	164	16	174	17	109	18	187	19	172	
	0	196	1	156	2	158	3	171	4	176	5	148	6	106	7	164	8	154	9	124	10	157	11	133	12	114	13	144	14	104	15	180	16	101	17	188	18	149	19	178	
	0	112	1	157	2	171	3	168	4	163	5	199	6	102	7	143	8	106	9	165	10	147	11	103	12	115	13	199	14	166	15	120	16	165	17	190	18	100	19	144	
	0	186	1	166	2	160	3	101	4	154	5	170	6	116	7	106	8	181	9	122	10	128	11	125	12	186	13	129	14	107	15	113	16	143	17	199	18	139	19	162	
	0	198	1	121	2	132	3	193	4	189	5	109	6	189	7	158	8	166	9	125	10	119	11	106	12	101	13	159	14	186	15	115	16	160	17	167	18	199	19	162	
	0	174	1	100	2	155	3	163	4	119	5	157	6	159	7	156	8	172	9	148	10	113	11	144	12	162	13	155	14	178	15	168	16	138	17	151	18	115	19	113	
	0	124	1	159	2	164	3	141	4	117	5	129	6	177	7	114	8	124	9	122	10	128	11	169	12	163	13	109	14	184	15	148	16	108	17	193	18	122	19	119	
	0	195	1	182	2	185	3	142	4	143	5	122	6	140	7	156	8	149	9	160	10	135	11	181	12	144	13	162	14	182	15	184	16	132	17	159	18	144	19	192	
	0	142	1	173	2	191	3	146	4	121	5	165	6	142	7	112	8	132	9	122	10	148	11	197	12	131	13	140	14	123	15	148	16	179	17	105	18	162	19	107	
	0	115	1	186	2	131	3	125	4	129	5	180	6	182	7	186	8	198	9	103	10	170	11	131	12	174	13	139	14	113	15	169	16	152	17	169	18	137	19	174	
	0	123	1	154	2	146	3	119	4	165	5	127	6	123	7	197	8	148	9	130	10	113	11	167	12	163	13	113	14	150	15	126	16	191	17	188	18	199	19	104	
	0	193	1	113	2	177	3	124	4	105	5	196	6	126	7	134	8	195	9	101	10	168	11	115	12	113	13	110	14	183	15	143	16	152	17	182	18	157	19	167	
	0	129	1	180	2	156	3	175	4	103	5	190	6	171	7	120	8	182	9	177	10	169	11	172	12	107	13	146	14	123	15	102	16	109	17	155	18	165	19	174	
	0	187	1	124	2	149	3	103	4	158	5	150	6	123	7	187	8	154	9	182	10	141	11	152	12	126	13	171	14	171	15	168	16	104	17	173	18	112	19	127	
	0	178	1	133	2	152	3	133	4	188	5	146	6	113	7	115	8	100	9	190	10	118	11	124	12	184	13	127	14	110	15	133	16	134	17	174	18	163	19	146	
	0	173	1	134	2	163	3	181	4	104	5	183	6	183	7	152	8	137	9	113	10	111	11	142	12	184	13	155	14	178	15	160	16	178	17	160	18	172	19	161	
	0	173	1	140	2	133	3	156	4	113	5	137	6	116	7	115	8	122	9	199	10	150	11	185	12	173	13	187	14	110	15	185	16	113	17	111	18	175	19	105	
	0	100	1	186	2	177	3	199	4	155	5	114	6	156	7	127	8	118	9	152	10	102	11	153	12	116	13	177	14	151	15	143	16	155	17	143	18	136	19	115	
	0	157	1	167	2	101	3	131	4	120	5	132	6	164	7	122	8	103	9	109	10	108	11	118	12	114	13	101	14	182	15	184	16	182	17	148	18	136	19	172	
	0	159	1	143	2	104	3	115	4	193	5	165	6	116	7	192	8	170	9	157	10	104	11	170	12	114	13	123	14	155	15	144	16	155	17	174	18	183	19	174	
	0	113	1	192	2	129	3	184	4	142	5	194	6	198	7	158	8	195	9	196	10	189	11	122	12	119	13	125	14	110	15	139	16	136	17	164	18	186	19	135	
	0	165	1	145	2	185	3	192	4	171	5	179	6	133	7	108	8	197	9	140	10	173	11	106	12	103	13	164	14	194	15	166	16	141	17	112	18	165	19	196	
	0	121	1	122	2	164	3	190	4	147	5	169	6	199	7	184	8	174	9	170	10	132	11	105	12	185	13	182	14	106	15	184	16	140	17	140	18	158	19	184	
	0	104	1	111	2	128	3	182	4	117	5	133	6	172	7	168	8	175	9	136	10	151	11	100	12	121	13	190	14	124	15	151	16	111	17	132	18	177	19	140	
	0	130	1	115	2	135	3	180	4	198	5	178	6	161	7	171	8	195	9	124	10	106	11	171	12	189	13	195	14	117	15	198	16	171	17	147	18	155	19	146	
	0	164	1	129	2	152	3	176	4	177	5	100	6	174	7	173	8	162	9	105	10	119	11	165	12	127	13	103	14	185	15	182	16	171	17	125	18	189	19	117	
	0	101	1	101	2	114	3	121	4	184	5	163	6	140	7	125	8	141	9	134	10	161	11	197	12	147	13	136	14	175	15	181	16	115	17	148	18	145	19	148	
	0	177	1	197	2	196	3	107	4	135	5	102	6	138	7	163	8	181	9	184	10	190	11	174	12	199	13	101	14	161	15	126	16	196	17	131	18	177	19	120	
	0	168	1	147	2	144	3	108	4	128	5	100	6	166	7	150	8	113	9	190	10	177	11	121	12	195	13	123	14	110	15	192	16	173	17	112	18	176	19	157	
	0	156	1	115	2	155	3	114	4	192	5	114	6	103	7	147	8	150	9	164	10	112	11	143	12	111	13	172	14	140	15	171	16	105	17	138	18	123	19	121	
	0	161	1	134	2	131	3	199	4	126	5	116	6	199	7	194	8	138	9	197	10	110	11	194	12	107	13	121	14	182	15	132	16	180	17	102	18	193	19	123	
	0	125	1	158	2	189	3	190	4	173	5	190	6	120	7	123	8	188	9	177	10	148	11	148	12	102	13	184	14	158	15	130	16	131	17	103	18	120	19	174	
	0	112	1	162	2	181	3	193	4	103	5	170	6	157	7	110	8	155	9	107	10	103	11	119	12	150	13	160	14	111	15	188	16	169	17	105	18	188	19	186	
	0	186	1	154	2	131	3	164	4	157	5	196	6	122	7	166	8	149	9	157	10	197	11	104	12	121	13	105	14	155	15	175	16	175	17	188	18	121	19	109	
	0	145	1	155	2	115	3	105	4	113	5	159	6	156	7	103	8	172	9	169	10	173	11	138	12	186	13	124	14	145	15	149	16	156	17	114	18	192	19	128	
	0	154	1	153	2	182	3	196	4	192	5	143	6	188	7	134	8	112	9	132	10	106	11	112	12	159	13	172	14	140	15	119	16	194	17	106	18	187	19	165	
	0	143	1	115	2	174	3	143	4	181	5	128	6	194	7	155	8	104	9	158	10	116	11	111	12	119	13	100	14	151	15	186	16	161	17	164	18	183	19	192	
	0	134	1	172	2	152	3	178	4	179	5	101	6	183	7	168	8	120	9	133	10	131	11	195	12	103	13	165	14	104	15	191	16	143	17	134	18	186	19	177	
	0	126	1	124	2	160	3	195	4	195	5	142	6	104	7	113	8	156	9	177	10	196	11	176	12	121	13	168	14	199	15	130	16	127	17	157	18	150	19	161	
	0	124	1	126	2	113	3	104	4	174	5	176	6	122	7	116	8	147	9	165	10	109	11	173	12	109	13	113	14	103	15	101	16	147	17	170	18	193	19	150	
	0	161	1	168	2	143	3	191	4	156	5	199	6	147	7	101	8	150	9	158	10	144	11	128	12	189	13	134	14	197	15	154	16	170	17	153	18	128	19	125	
	0	114	1	169	2	135	3	197	4	145	5	155	6	134	7	188	8	179	9	152	10	170	11	133	12	140	13	186	14	138	15	140	16	124	17	130	18	104	19	167	
	0	140	1	179	2	102	3	127	4	152	5	184	6	176	7	175	8	110	9	118	10	195	11	135	12	160	13	167	14	124	15	181	16	198	17	107	18	199	19	100	
	0	131	1	189	2	102	3	193	4	134	5	192	6	122	7	163	8	188	9	149	10	158	11	152	12	189	13	140	14	183	15	170	16	121	17	181	18	128	19	100	
	0	170	1	192	2	194	3	137	4	192	5	147	6	192	7	103	8	164	9	129	10	162	11	173	12	178	13	177	14	159	15	140	16	185	17	132	18	157	19	160	
	0	153	1	174	2	160	3	183	4	146	5	104	6	132	7	155	8	167	9	180	10	134	11	121	12	162	13	180	14	185	15	171	16	127	17	184	18	106	19	197	
	0	132	1	190	2	105	3	160	4	180	5	143	6	115	7	136	8	183	9	132	10	146	11	136	12	171	13	136	14	160	15	161	16	185	17	177	18	148	19	172	
	0	191	1	111	2	141	3	129	4	167	5	112	6	189	7	165	8	108	9	103	10	124	11	160	12	120	13	124	14	147	15	136	16	143	17	152	18	179	19	142	
	0	171	1	110	2	138	3	186	4	174	5	197	6	140	7	170	8	176	9	118	10	187	11	192	12	141	13	194	14	187	15	114	16	119	17	194	18	122	19	195	
	0	137	1	175	2	168	3	156	4	114	5	176	6	157	7	173	8	129	9	115	10	184	11	181	12	134	13	108	14	164	15	138	16	105	17	105	18	193	19	110	
	0	138	1	123	2	118	3	192	4	117	5	134	6	135	7	118	8	156	9	128	10	199	11	106	12	192	13	152	14	135	15	113	16	189	17	179	18	133	19	136	
	0	131	1	185	2	156	3	135	4	150	5	156	6	120	7	101	8	132	9	133	10	172	11	129	12	131	13	196	14	145	15	114	16	166	17	195	18	116	19	162	
	0	181	1	168	2	184	3	102	4	197	5	188	6	109	7	106	8	117	9	179	10	115	11	100	12	196	13	161	14	144	15	166	16	128	17	132	18	119	19	113	
	0	145	1	125	2	163	3	158	4	115	5	141	6	150	7	116	8	140	9	100	10	172	11	185	12	114	13	101	14	185	15	141	16	101	17	136	18	138	19	197	
	0	182	1	190	2	174	3	189	4	157	5	104	6	184	7	111	8	197	9	174	10	101	11	197	12	190	13	172	14	135	15	118	16	186	17	190	18	167	19	198	
	0	177	1	169	2	161	3	133	4	143	5	130	6	139	7	125	8	140	9	199	10	122	11	156	12	113	13	146	14	138	15	191	16	122	17	177	18	107	19	198	
	0	128	1	184	2	148	3	158	4	144	5	114	6	116	7	105	8	145	9	135	10	188	11	162	12	171	13	179	14	128	15	128	16	177	17	125	18	162	19	117	
	0	114	1	151	2	129	3	183	4	176	5	141	6	191	7	143	8	110	9	157	10	199	11	199	12	129	13	173	14	123	15	109	16	182	17	116	18	149	19	167	
	0	190	1	172	2	164	3	118	4	166	5	106	6	158	7	135	8	114	9	105	10	177	11	149	12	150	13	156	14	151	15	180	16	137	17	157	18	198	19	188	
	0	106	1	103	2	151	3	141	4	152	5	105	6	195	7	115	8	165	9	166	10	168	11	103	12	143	13	177	14	167	15	113	16	152	17	153	18	117	19	110	
	0	176	1	165	2	164	3	193	4	181	5	115	6	148	7	153	8	139	9	176	10	167	11	198	12	114	13	148	14	106	15	109	16	181	17	147	18	106	19	176	
	0	181	1	187	2	148	3	195	4	143	5	158	6	161	7	148	8	191	9	197	10	122	11	176	12	126	13	127	14	172	15	194	16	199	17	199	18	127	19	160	
	0	142	1	145	2	185	3	130	4	161	5	107	6	142	7	163	8	133	9	145	10	123	11	134	12	161	13	192	14	144	15	129	16	126	17	144	18	100	19	133	
	0	159	1	177	2	149	3	167	4	184	5	174	6	180	7	115	8	139	9	181	10	174	11	123	12	126	13	111	14	180	15	199	16	120	17	157	18	169	19	135	
	0	142	1	158	2	159	3	151	4	142	5	148	6	142	7	138	8	180	9	117	10	181	11	174	12	102	13	150	14	113	15	113	16	110	17	130	18	196	19	153	
	0	134	1	185	2	151	3	150	4	119	5	116	6	129	7	169	8	127	9	126	10	196	11	153	12	194	13	138	14	109	15	186	16	108	17	172	18	144	19	133	
	0	126	1	126	2	122	3	142	4	162	5	139	6	188	7	171	8	128	9	195	10	161	11	175	12	187	13	182	14	108	15	143	16	182	17	167	18	167	19	172	
	0	157	1	149	2	120	3	132	4	160	5	141	6	134	7	175	8	122	9	187	10	168	11	160	12	170	13	167	14	154	15	182	16	127	17	105	18	109	19	181	
	0	195	1	100	2	102	3	156	4	191	5	172	6	103	7	148	8	149	9	148	10	150	11	153	12	159	13	106	14	175	15	149	16	124	17	114	18	177	19	159	
	0	101	1	174	2	196	3	189	4	110	5	197	6	134	7	149	8	190	9	147	10	195	11	114	12	121	13	163	14	176	15	155	16	134	17	104	18	149	19	102	
	0	162	1	170	2	139	3	167	4	188	5	115	6	118	7	140	8	106	9	143	10	158	11	125	12	161	13	124	14	125	15	197	16	173	17	114	18	161	19	187	
	0	179	1	186	2	128	3	171	4	164	5	143	6	166	7	125	8	119	9	122	10	158	11	137	12	188	13	175	14	102	15	174	16	158	17	137	18	124	19	173	
	0	130	1	163	2	166	3	189	4	173	5	134	6	107	7	159	8	183	9	135	10	127	11	192	12	166	13	121	14	138	15	196	16	131	17	128	18	180	19	124	
	0	188	1	113	2	102	3	145	4	171	5	154	6	165	7	190	8	131	9	162	10	191	11	139	12	197	13	122	14	124	15	103	16	178	17	107	18	102	19	141	
	0	160	1	129	2	173	3	197	4	118	5	181	6	134	7	145	8	118	9	198	10	191	11	115	12	162	13	122	14	153	15	129	16	191	17	123	18	130	19	168	
	0	131	1	110	2	142	3	131	4	142	5	168	6	149	7	180	8	115	9	144	10	185	11	169	12	132	13	178	14	111	15	109	16	100	17	142	18	173	19	134	
	0	193	1	129	2	167	3	198	4	184	5	168	6	118	7	154	8	193	9	134	10	169	11	139	12	199	13	136	14	165	15	193	16	192	17	153	18	192	19	115	
	0	122	1	149	2	142	3	116	4	152	5	143	6	119	7	120	8	168	9	122	10	141	11	130	12	105	13	129	14	126	15	150	16	104	17	192	18	147	19	188	
	0	131	1	123	2	109	3	192	4	111	5	173	6	151	7	137	8	181	9	178	10	113	11	168	12	121	13	109	14	120	15	150	16	150	17	165	18	100	19	154	
	0	197	1	176	2	187	3	170	4	168	5	146	6	102	7	122	8	159	9	145	10	191	11	191	12	163	13	190	14	130	15	161	16	199	17	120	18	177	19	139	
	0	188	1	109	2	101	3	188	4	196	5	196	6	134	7	127	8	116	9	174	10	151	11	100	12	116	13	198	14	178	15	194	16	160	17	181	18	147	19	134	
	0	124	1	144	2	153	3	138	4	188	5	147	6	117	7	148	8	178	9	174	10	184	11	122	12	150	13	135	14	159	15	158	16	116	17	107	18	174	19	146	
	0	105	1	112	2	118	3	181	4	176	5	113	6	188	7	114	8	164	9	152	10	192	11	143	12	132	13	144	14	119	15	155	16	122	17	110	18	109	19	148	
	0	133	1	194	2	142	3	147	4	137	5	128	6	152	7	114	8	129	9	150	10	158	11	168	12	173	13	186	14	188	15	106	16	114	17	196	18	128	19	190	
	0	124	1	132	2	197	3	160	4	175	5	118	6	119	7	172	8	101	9	171	10	103	11	130	12	155	13	177	14	176	15	190	16	167	17	172	18	159	19	112	
	0	199	1	132	2	135	3	173	4	141	5	139	6	122	7	149	8	158	9	135	10	133	11	173	12	120	13	181	14	107	15	165	16	172	17	141	18	110	19	150	
	0	158	1	194	2	174	3	140	4	133	5	155	6	174	7	135	8	123	9	127	10	192	11	149	12	181	13	150	14	153	15	145	16	175	17	121	18	151	19	180	
	0	136	1	100	2	121	3	196	4	141	5	136	6	197	7	102	8	168	9	102	10	148	11	124	12	183	13	135	14	182	15	185	16	111	17	195	18	188	19	105	
	0	141	1	154	2	124	3	124	4	140	5	119	6	105	7	148	8	121	9	158	10	124	11	118	12	103	13	152	14	142	15	107	16	165	17	115	18	172	19	168	
	0	103	1	105	2	149	3	116	4	194	5	135	6	100	7	130	8	189	9	197	10	138	11	161	12	145	13	155	14	170	15	181	16	187	17	120	18	144	19	161	
	0	181	1	168	2	188	3	116	4	100	5	197	6	194	7	177	8	106	9	183	10	107	11	141	12	160	13	153	14	193	15	112	16	186	17	116	18	127	19	172	
	0	182	1	170	2	112	3	119	4	171	5	199	6	143	7	173	8	131	9	160	10	145	11	129	12	153	13	190	14	179	15	188	16	114	17	195	18	195	19	156	
	0	114	1	116	2	102	3	168	4	180	5	130	6	156	7	121	8	107	9	143	10	123	11	144	12	195	13	118	14	149	15	107	16	183	17	159	18	150	19	155	
	0	136	1	180	2	167	3	160	4	112	5	156	6	134	7	120	8	170	9	165	10	106	11	162	12	143	13	127	14	110	15	198	16	167	17	193	18	102	19	135	
	0	101	1	116	2	141	3	161	4	143	5	140	6	179	7	185	8	150	9	113	10	176	11	111	12	138	13	163	14	110	15	126	16	158	17	117	18	152	19	168	
	0	176	1	164	2	127	3	160	4	157	5	150	6	182	7	113	8	140	9	138	10	130	11	121	12	172	13	196	14	161	15	184	16	171	17	116	18	145	19	148	
	0	150	1	183	2	139	3	157	4	140	5	174	6	133	7	186	8	156	9	179	10	102	11	122	12	199	13	196	14	126	15	126	16	122	17	131	18	155	19	160	
	0	192	1	156	2	146	3	181	4	100	5	125	6	126	7	108	8	155	9	187	10	138	11	101	12	193	13	119	14	158	15	170	16	199	17	184	18	118	19	149	
	0	124	1	173	2	119	3	136	4	112	5	156	6	151	7	103	8	183	9	136	10	131	11	183	12	143	13	124	14	140	15	173	16	174	17	188	18	192	19	165	
	0	122	1	169	2	155	3	156	4	118	5	195	6	174	7	185	8	186	9	146	10	183	11	107	12	192	13	195	14	179	15	161	16	191	17	148	18	126	19	189	
	0	169	1	147	2	161	3	155	4	196	5	193	6	186	7	110	8	105	9	118	10	176	11	119	12	117	13	177	14	124	15	165	16	157	17	169	18	129	19	150	
	0	110	1	172	2	150	3	108	4	143	5	181	6	151	7	190	8	199	9	185	10	122	11	118	12	187	13	142	14	135	15	143	16	192	17	135	18	138	19	119	
	0	129	1	165	2	105	3	194	4	132	5	116	6	154	7	108	8	171	9	167	10	127	11	133	12	143	13	197	14	113	15	100	16	125	17	107	18	190	19	161	
	0	181	1	114	2	133	3	123	4	197	5	107	6	137	7	159	8	106	9	164	10	117	11	182	12	154	13	195	14	171	15	175	16	182	17	193	18	139	19	132	
	0	158	1	151	2	115	3	163	4	164	5	113	6	153	7	130	8	142	9	109	10	165	11	176	12	169	13	140	14	189	15	199	16	175	17	124	18	103	19	119	
	0	164	1	149	2	179	3	129	4	148	5	142	6	199	7	133	8	156	9	197	10	107	11	194	12	188	13	183	14	173	15	151	16	170	17	133	18	162	19	191	
	0	130	1	187	2	111	3	163	4	171	5	143	6	112	7	136	8	101	9	115	10	111	11	176	12	119	13	113	14	176	15	117	16	151	17	168	18	104	19	109	
	0	190	1	191	2	120	3	194	4	148	5	130	6	166	7	146	8	189	9	109	10	108	11	179	12	154	13	185	14	164	15	168	16	118	17	118	18	188	19	196	
	0	143	1	183	2	178	3	197	4	138	5	166	6	108	7	110	8	108	9	159	10	111	11	142	12	139	13	124	14	197	15	167	16	122	17	127	18	157	19	158	
	0	109	1	152	2	163	3	118	4	120	5	143	6	161	7	101	8	182	9	118	10	186	11	192	12	110	13	119	14	118	15	186	16	171	17	176	18	151	19	147	
	0	158	1	109	2	183	3	196	4	104	5	115	6	158	7	171	8	174	9	124	10	175	11	117	12	169	13	146	14	114	15	167	16	154	17	133	18	110	19	173	
	0	157	1	174	2	106	3	184	4	108	5	177	6	110	7	100	8	167	9	172	10	196	11	166	12	184	13	136	14	140	15	131	16	177	17	193	18	194	19	176	
	0	172	1	184	2	147	3	158	4	117	5	121	6	155	7	108	8	107	9	159	10	105	11	173	12	169	13	166	14	192	15	124	16	107	17	132	18	115	19	194	
	0	174	1	141	2	157	3	197	4	156	5	162	6	147	7	167	8	169	9	122	10	143	11	155	12	120	13	170	14	141	15	134	16	167	17	146	18	185	19	175	
	0	127	1	109	2	148	3	179	4	142	5	160	6	112	7	187	8	114	9	116	10	188	11	168	12	127	13	152	14	168	15	185	16	190	17	194	18	195	19	117	
	0	165	1	169	2	151	3	124	4	119	5	192	6	170	7	104	8	181	9	120	10	159	11	100	12	142	13	191	14	199	15	197	16	141	17	169	18	178	19	134	
	0	157	1	113	2	189	3	150	4	111	5	125	6	135	7	170	8	128	9	127	10	193	11	176	12	125	13	170	14	191	15	130	16	192	17	181	18	157	19	160	
	0	107	1	108	2	194	3	153	4	121	5	106	6	109	7	190	8	186	9	112	10	142	11	181	12	185	13	142	14	147	15	125	16	197	17	127	18	108	19	135	
	0	183	1	179	2	104	3	157	4	136	5	182	6	159	7	195	8	135	9	121	10	146	11	118	12	131	13	117	14	111	15	152	16	162	17	128	18	174	19	191	
	0	113	1	182	2	131	3	172	4	152	5	177	6	101	7	136	8	146	9	162	10	100	11	193	12	192	13	197	14	157	15	178	16	187	17	129	18	136	19	149	
	0	140	1	128	2	154	3	151	4	131	5	136	6	152	7	167	8	175	9	178	10	199	11	151	12	133	13	166	14	155	15	134	16	100	17	145	18	124	19	111	
	0	154	1	143	2	100	3	164	4	142	5	125	6	131	7	181	8	174	9	142	10	119	11	129	12	139	13	106	14	149	15	185	16	119	17	120	18	166	19	192	
	0	155	1	165	2	171	3	166	4	187	5	126	6	156	7	120	8	160	9	106	10	107	11	194	12	197	13	154	14	158	15	192	16	101	17	102	18	122	19	177	
	0	140	1	137	2	123	3	114	4	112	5	179	6	161	7	199	8	108	9	163	10	185	11	163	12	174	13	159	14	122	15	148	16	183	17	114	18	188	19	190	
	0	188	1	176	2	183	3	190	4	178	5	138	6	175	7	173	8	133	9	194	10	155	11	195	12	190	13	100	14	159	15	170	16	180	17	187	18	101	19	110	
	0	122	1	181	2	161	3	194	4	120	5	141	6	129	7	126	8	184	9	131	10	121	11	136	12	148	13	167	14	138	15	194	16	165	17	136	18	178	19	102	
	0	154	1	132	2	181	3	182	4	139	5	132	6	119	7	187	8	153	9	102	10	126	11	192	12	153	13	191	14	134	15	103	16	133	17	168	18	111	19	127	
	0	191	1	144	2	192	3	130	4	164	5	183	6	151	7	107	8	152	9	199	10	121	11	141	12	125	13	160	14	116	15	190	16	149	17	135	18	190	19	126	
	0	173	1	128	2	134	3	120	4	184	5	132	6	183	7	111	8	110	9	134	10	109	11	143	12	111	13	154	14	169	15	175	16	164	17	160	18	199	19	195	
	0	185	1	196	2	143	3	107	4	180	5	162	6	101	7	123	8	178	9	189	10	186	11	103	12	139	13	189	14	149	15	134	16	172	17	149	18	198	19	142	
	0	182	1	197	2	118	3	146	4	126	5	173	6	168	7	133	8	101	9	146	10	125	11	104	12	113	13	150	14	199	15	123	16	173	17	134	18	131	19	170	
	0	130	1	110	2	101	3	185	4	103	5	181	6	137	7	103	8	197	9	102	10	117	11	124	12	128	13	179	14	103	15	169	16	149	17	100	18	133	19	197	
	0	122	1	106	2	158	3	182	4	179	5	170	6	143	7	148	8	167	9	188	10	131	11	190	12	118	13	176	14	121	15	134	16	194	17	164	18	173	19	129	
	0	110	1	158	2	166	3	148	4	122	5	150	6	163	7	183	8	183	9	167	10	164	11	154	12	146	13	198	14	120	15	123	16	116	17	155	18	185	19	161	
	0	106	1	108	2	100	3	143	4	126	5	166	6	128	7	148	8	138	9	182	10	102	11	139	12	168	13	186	14	187	15	143	16	187	17	184	18	178	19	149	
	0	110	1	112	2	120	3	171	4	111	5	167	6	138	7	145	8	184	9	194	10	198	11	179	12	158	13	130	14	135	15	169	16	130	17	166	18	195	19	148	
	0	145	1	100	2	198	3	178	4	154	5	105	6	189	7	197	8	144	9	199	10	157	11	117	12	179	13	140	14	199	15	127	16	113	17	129	18	153	19	191	
	0	162	1	106	2	163	3	186	4	199	5	122	6	191	7	165	8	173	9	196	10	186	11	125	12	158	13	180	14	197	15	160	16	130	17	127	18	125	19	138	
	0	131	1	117	2	167	3	153	4	141	5	161	6	159	7	151	8	114	9	124	10	172	11	149	12	135	13	156	14	186	15	138	16	134	17	197	18	164	19	106	
	0	196	1	161	2	129	3	189	4	132	5	199	6	106	7	180	8	125	9	146	10	181	11	170	12	106	13	148	14	125	15	196	16	130	17	155	18	122	19	107	
	0	119	1	129	2	176	3	188	4	191	5	112	6	180	7	170	8	117	9	125	10	195	11	112	12	178	13	144	14	160	15	146	16	190	17	114	18	129	19	106	
	0	178	1	175	2	134	3	120	4	168	5	163	6	190	7	107	8	163	9	121	10	154	11	111	12	185	13	110	14	168	15	147	16	153	17	137	18	169	19	195	
	0	162	1	115	2	127	3	168	4	180	5	146	6	199	7	157	8	125	9	175	10	135	11	111	12	195	13	145	14	167	15	181	16	112	17	174	18	102	19	152	
	0	123	1	148	2	124	3	194	4	115	5	168	6	124	7	166	8	174	9	167	10	129	11	101	12	128	13	163	14	165	15	141	16	182	17	127	18	109	19	174	
	0	110	1	123	2	155	3	161	4	153	5	133	6	190	7	133	8	168	9	168	10	110	11	113	12	196	13	183	14	108	15	197	16	193	17	104	18	193	19	153	
	0	118	1	183	2	119	3	140	4	107	5	161	6	184	7	183	8	103	9	122	10	136	11	129	12	150	13	115	14	129	15	106	16	199	17	154	18	110	19	136	
	0	196	1	143	2	133	3	194	4	179	5	103	6	118	7	108	8	143	9	168	10	134	11	193	12	100	13	105	14	169	15	152	16	160	17	122	18	152	19	146	
	0	148	1	163	2	186	3	189	4	115	5	189	6	162	7	182	8	166	9	190	10	191	11	169	12	178	13	134	14	132	15	197	16	119	17	195	18	106	19	175	
	0	177	1	106	2	116	3	145	4	177	5	176	6	117	7	152	8	117	9	168	10	146	11	179	12	137	13	188	14	117	15	191	16	199	17	187	18	149	19	151	
	0	198	1	133	2	136	3	141	4	144	5	153	6	194	7	152	8	189	9	196	10	116	11	182	12	128	13	164	14	106	15	141	16	125	17	149	18	133	19	141	
	0	196	1	136	2	129	3	193	4	110	5	186	6	111	7	139	8	193	9	175	10	151	11	111	12	143	13	104	14	150	15	136	16	188	17	184	18	195	19	158	
	0	129	1	118	2	156	3	128	4	110	5	156	6	108	7	162	8	183	9	179	10	187	11	123	12	192	13	143	14	182	15	192	16	114	17	151	18	181	19	149	
	0	129	1	135	2	139	3	146	4	196	5	194	6	126	7	190	8	164	9	163	10	164	11	136	12	154	13	156	14	102	15	122	16	125	17	132	18	151	19	163	
	0	136	1	183	2	184	3	166	4	160	5	163	6	136	7	141	8	181	9	171	10	115	11	192	12	160	13	141	14	194	15	186	16	174	17	144	18	146	19	195	
	0	163	1	177	2	132	3	184	4	121	5	122	6	197	7	156	8	188	9	118	10	118	11	180	12	195	13	116	14	133	15	193	16	102	17	182	18	103	19	187	
	0	177	1	189	2	149	3	138	4	132	5	191	6	114	7	169	8	128	9	162	10	131	11	146	12	149	13	104	14	124	15	156	16	194	17	121	18	119	19	114	
	0	139	1	140	2	186	3	197	4	138	5	187	6	136	7	145	8	174	9	106	10	184	11	166	12	176	13	146	14	103	15	157	16	167	17	115	18	146	19	110	
	0	139	1	111	2	145	3	104	4	151	5	159	6	143	7	132	8	176	9	177	10	178	11	115	12	158	13	136	14	146	15	131	16	135	17	167	18	194	19	102	
	0	142	1	125	2	194	3	182	4	178	5	129	6	157	7	149	8	124	9	111	10	155	11	165	12	115	13	175	14	136	15	101	16	151	17	194	18	101	19	114	
	0	168	1	181	2	119	3	160	4	134	5	149	6	142	7	121	8	134	9	129	10	183	11	180	12	132	13	169	14	182	15	148	16	105	17	139	18	111	19	112	
	0	167	1	130	2	176	3	107	4	143	5	147	6	152	7	177	8	131	9	142	10	179	11	120	12	154	13	129	14	179	15	193	16	189	17	146	18	139	19	103	
	0	148	1	168	2	114	3	151	4	110	5	144	6	167	7	107	8	111	9	128	10	109	11	168	12	132	13	159	14	162	15	195	16	172	17	183	18	133	19	135	
	0	169	1	173	2	144	3	193	4	113	5	167	6	188	7	122	8	177	9	185	10	196	11	138	12	181	13	173	14	105	15	166	16	122	17	160	18	162	19	171	
	0	152	1	103	2	186	3	115	4	131	5	108	6	151	7	109	8	194	9	186	10	126	11	104	12	191	13	136	14	193	15	174	16	118	17	104	18	111	19	159	
	0	177	1	145	2	146	3	101	4	109	5	167	6	163	7	122	8	139	9	111	10	173	11	145	12	162	13	144	14	136	15	175	16	112	17	116	18	134	19	130	
	0	184	1	121	2	129	3	100	4	164	5	183	6	101	7	173	8	177	9	154	10	155	11	167	12	193	13	118	14	152	15	148	16	159	17	147	18	175	19	175	
	0	181	1	168	2	179	3	192	4	167	5	196	6	189	7	188	8	100	9	139	10	144	11	176	12	171	13	187	14	156	15	143	16	113	17	150	18	197	19	108	
	0	157	1	117	2	126	3	123	4	129	5	188	6	138	7	147	8	144	9	105	10	179	11	129	12	157	13	183	14	133	15	112	16	131	17	126	18	170	19	160	
	0	162	1	141	2	196	3	189	4	195	5	177	6	141	7	153	8	116	9	185	10	151	11	150	12	131	13	180	14	199	15	191	16	161	17	154	18	141	19	115	
	0	191	1	128	2	125	3	152	4	197	5	179	6	161	7	153	8	196	9	140	10	131	11	157	12	178	13	133	14	195	15	177	16	143	17	102	18	198	19	109	
	0	171	1	101	2	134	3	188	4	123	5	100	6	186	7	163	8	162	9	178	10	184	11	179	12	161	13	152	14	174	15	199	16	183	17	126	18	167	19	132	
	0	164	1	175	2	180	3	152	4	104	5	101	6	148	7	110	8	196	9	199	10	124	11	116	12	100	13	128	14	123	15	177	16	144	17	177	18	182	19	150	
	0	154	1	103	2	180	3	103	4	190	5	182	6	186	7	115	8	170	9	147	10	134	11	136	12	111	13	109	14	109	15	125	16	196	17	176	18	139	19	174	
	0	186	1	199	2	167	3	182	4	181	5	139	6	161	7	129	8	179	9	137	10	141	11	106	12	147	13	185	14	196	15	132	16	106	17	162	18	145	19	100	
	0	130	1	130	2	150	3	185	4	186	5	142	6	170	7	152	8	190	9	114	10	169	11	156	12	104	13	183	14	139	15	187	16	189	17	111	18	145	19	144	
	0	156	1	167	2	129	3	145	4	160	5	128	6	105	7	133	8	108	9	127	10	183	11	185	12	159	13	123	14	104	15	195	16	125	17	169	18	127	19	164	
	0	195	1	155	2	145	3	173	4	191	5	195	6	164	7	183	8	188	9	186	10	157	11	151	12	118	13	109	14	127	15	131	16	181	17	172	18	137	19	194	
	0	148	1	134	2	112	3	156	4	109	5	113	6	127	7	115	8	116	9	119	10	136	11	135	12	101	13	195	14	196	15	160	16	175	17	102	18	110	19	121	
	0	143	1	193	2	140	3	113	4	130	5	159	6	195	7	130	8	194	9	145	10	143	11	183	12	152	13	194	14	192	15	103	16	164	17	102	18	195	19	188	
	0	122	1	151	2	180	3	135	4	114	5	182	6	173	7	145	8	167	9	152	10	136	11	158	12	192	13	125	14	171	15	142	16	139	17	114	18	181	19	124	
	0	168	1	175	2	132	3	129	4	138	5	132	6	190	7	187	8	109	9	161	10	181	11	143	12	168	13	174	14	193	15	168	16	117	17	180	18	196	19	156	
	0	192	1	174	2	172	3	162	4	181	5	196	6	157	7	170	8	110	9	130	10	109	11	183	12	149	13	154	14	179	15	171	16	159	17	175	18	116	19	132	
	0	187	1	186	2	165	3	138	4	113	5	147	6	129	7	140	8	186	9	162	10	178	11	145	12	153	13	192	14	125	15	121	16	193	17	124	18	147	19	186	
	0	131	1	134	2	151	3	109	4	163	5	115	6	157	7	105	8	106	9	136	10	112	11	165	12	137	13	197	14	185	15	155	16	151	17	159	18	118	19	185	
	0	154	1	102	2	126	3	161	4	172	5	169	6	146	7	110	8	168	9	107	10	172	11	121	12	134	13	142	14	123	15	126	16	129	17	156	18	100	19	183	
	0	144	1	194	2	168	3	159	4	198	5	194	6	168	7	129	8	143	9	177	10	194	11	176	12	107	13	173	14	101	15	163	16	150	17	165	18	156	19	166	
	0	154	1	147	2	116	3	108	4	178	5	175	6	181	7	168	8	175	9	146	10	123	11	134	12	181	13	182	14	182	15	163	16	115	17	101	18	135	19	141	
	0	140	1	114	2	130	3	169	4	107	5	127	6	182	7	168	8	118	9	137	10	160	11	121	12	187	13	127	14	112	15	181	16	168	17	145	18	172	19	177	
	0	173	1	109	2	131	3	185	4	192	5	187	6	111	7	118	8	173	9	107	10	188	11	150	12	116	13	101	14	102	15	160	16	117	17	172	18	197	19	162	
	0	122	1	189	2	116	3	187	4	179	5	198	6	187	7	118	8	119	9	119	10	106	11	162	12	127	13	141	14	191	15	180	16	134	17	126	18	107	19	187	
	0	193	1	170	2	175	3	160	4	148	5	151	6	118	7	116	8	164	9	161	10	119	11	155	12	199	13	112	14	105	15	147	16	111	17	154	18	185	19	194	
	0	108	1	126	2	161	3	195	4	118	5	171	6	120	7	172	8	131	9	159	10	182	11	165	12	133	13	147	14	186	15	111	16	123	17	160	18	122	19	147	
	0	175	1	196	2	147	3	103	4	141	5	191	6	159	7	163	8	186	9	117	10	107	11	142	12	179	13	129	14	119	15	124	16	153	17	181	18	177	19	124	
	0	122	1	181	2	136	3	123	4	123	5	134	6	123	7	195	8	174	9	151	10	158	11	135	12	167	13	166	14	138	15	156	16	139	17	197	18	178	19	121	
	0	160	1	133	2	161	3	192	4	180	5	181	6	142	7	152	8	195	9	188	10	130	11	192	12	104	13	116	14	145	15	174	16	146	17	107	18	106	19	125	
	0	101	1	116	2	117	3	149	4	129	5	140	6	159	7	112	8	165	9	127	10	157	11	106	12	109	13	145	14	138	15	138	16	154	17	177	18	171	19	132	
	0	174	1	141	2	196	3	197	4	137	5	137	6	165	7	161	8	150	9	107	10	102	11	152	12	156	13	148	14	145	15	184	16	154	17	188	18	183	19	198	
	0	105	1	196	2	162	3	109	4	173	5	137	6	186	7	196	8	162	9	198	10	122	11	164	12	122	13	154	14	158	15	193	16	168	17	168	18	192	19	198	
	0	159	1	100	2	139	3	133	4	186	5	163	6	168	7	166	8	116	9	132	10	112	11	135	12	109	13	141	14	152	15	164	16	164	17	185	18	133	19	192	
	0	159	1	131	2	131	3	160	4	113	5	169	6	197	7	122	8	142	9	180	10	101	11	139	12	114	13	135	14	146	15	191	16	184	17	112	18	148	19	153	
	0	197	1	146	2	149	3	137	4	138	5	189	6	106	7	173	8	167	9	132	10	140	11	196	12	162	13	137	14	178	15	180	16	116	17	172	18	156	19	112	
	0	183	1	126	2	130	3	178	4	165	5	105	6	114	7	166	8	137	9	148	10	195	11	182	12	196	13	195	14	187	15	174	16	147	17	165	18	106	19	101	
	0	160	1	100	2	147	3	171	4	151	5	160	6	102	7	111	8	104	9	101	10	119	11	165	12	194	13	193	14	193	15	140	16	102	17	160	18	160	19	134	
	0	182	1	118	2	166	3	120	4	113	5	188	6	149	7	177	8	109	9	117	10	158	11	108	12	121	13	128	14	173	15	178	16	173	17	155	18	129	19	182	
	0	164	1	142	2	167	3	139	4	188	5	126	6	191	7	128	8	160	9	105	10	135	11	199	12	123	13	158	14	109	15	169	16	193	17	196	18	112	19	111	
	0	164	1	108	2	131	3	121	4	145	5	116	6	138	7	143	8	145	9	178	10	102	11	129	12	132	13	153	14	159	15	161	16	145	17	188	18	164	19	197	
	0	187	1	145	2	148	3	146	4	103	5	134	6	104	7	159	8	142	9	102	10	102	11	135	12	120	13	194	14	129	15	174	16	156	17	132	18	195	19	132	
	0	123	1	158	2	128	3	164	4	120	5	160	6	128	7	196	8	176	9	112	10	112	11	182	12	139	13	154	14	189	15	134	16	171	17	111	18	155	19	111	
	0	186	1	164	2	142	3	181	4	124	5	116	6	184	7	181	8	139	9	164	10	187	11	145	12	106	13	191	14	120	15	182	16	116	17	165	18	157	19	186	
	0	198	1	141	2	175	3	132	4	109	5	162	6	153	7	100	8	171	9	180	10	106	11	125	12	116	13	148	14	177	15	173	16	140	17	170	18	168	19	151	
	0	152	1	164	2	170	3	196	4	191	5	188	6	111	7	100	8	184	9	159	10	126	11	161	12	134	13	184	14	153	15	199	16	167	17	187	18	121	19	135	
	0	174	1	167	2	189	3	141	4	136	5	136	6	178	7	112	8	146	9	199	10	105	11	176	12	161	13	168	14	193	15	135	16	106	17	117	18	107	19	138	
	0	173	1	125	2	132	3	153	4	185	5	144	6	186	7	174	8	171	9	103	10	199	11	183	12	169	13	188	14	159	15	182	16	114	17	151	18	150	19	101	
	0	180	1	160	2	131	3	151	4	153	5	188	6	199	7	197	8	102	9	115	10	117	11	188	12	141	13	189	14	126	15	132	16	191	17	194	18	114	19	171	
	0	172	1	161	2	107	3	124	4	116	5	148	6	102	7	117	8	106	9	149	10	104	11	132	12	158	13	112	14	141	15	181	16	184	17	180	18	109	19	139	
	0	176	1	194	2	117	3	118	4	178	5	182	6	189	7	168	8	192	9	169	10	180	11	184	12	162	13	128	14	116	15	198	16	142	17	178	18	148	19	158	
	0	116	1	193	2	128	3	125	4	158	5	135	6	177	7	158	8	102	9	105	10	138	11	115	12	156	13	197	14	103	15	111	16	151	17	148	18	156	19	180	
	0	139	1	126	2	174	3	170	4	169	5	190	6	106	7	150	8	108	9	123	10	115	11	109	12	153	13	193	14	143	15	125	16	198	17	107	18	109	19	130	
	0	183	1	177	2	162	3	171	4	193	5	185	6	115	7	152	8	192	9	138	10	139	11	145	12	109	13	197	14	158	15	140	16	173	17	162	18	158	19	135	
	0	114	1	159	2	177	3	170	4	132	5	148	6	180	7	179	8	194	9	177	10	131	11	153	12	171	13	101	14	134	15	154	16	148	17	189	18	144	19	145	
	0	118	1	122	2	155	3	121	4	161	5	125	6	130	7	180	8	183	9	171	10	115	11	114	12	131	13	109	14	131	15	140	16	129	17	194	18	171	19	111	
	0	176	1	140	2	193	3	106	4	175	5	165	6	170	7	113	8	113	9	158	10	144	11	110	12	119	13	155	14	131	15	138	16	144	17	146	18	140	19	184	
	0	190	1	159	2	141	3	101	4	168	5	161	6	165	7	176	8	120	9	139	10	137	11	150	12	102	13	146	14	196	15	122	16	142	17	126	18	196	19	179	
	0	131	1	179	2	134	3	142	4	109	5	145	6	188	7	159	8	114	9	189	10	121	11	109	12	113	13	129	14	185	15	102	16	104	17	164	18	155	19	186	
	0	189	1	191	2	150	3	195	4	160	5	191	6	188	7	157	8	179	9	162	10	126	11	196	12	119	13	125	14	169	15	179	16	191	17	152	18	189	19	137	
	0	135	1	134	2	185	3	191	4	190	5	129	6	146	7	164	8	137	9	170	10	185	11	190	12	144	13	142	14	197	15	122	16	156	17	108	18	141	19	179	