
Log started (V11.0.0) Fri Apr 18 03:52:34 2008

Tried aggregator 1 time.
Reduced MIP has 150 rows, 5001 columns, and 10050 nonzeros.
Presolve time =    0.05 sec.
Clique table members: 100.
MIP emphasis: balance optimality and feasibility.
MIP search method: dynamic search.
Parallel mode: none, using 1 thread.
Root relaxation solution time =    0.16 sec.

        Nodes                                         Cuts/
   Node  Left     Objective  IInf  Best Integer     Best Node    ItCnt     Gap

*     0+    0                        15287.0000      204.4110      648   98.66%
*     0+    0                          212.0000      204.4110      648    3.58%
      0     0      205.0000    89      212.0000      Fract: 5      697    3.30%
      0     0      205.0000    81      212.0000       Cuts: 5      747    3.30%
      0     0      205.0000    91      212.0000       Cuts: 8      875    3.30%
      0     0      205.0826    97      212.0000       Cuts: 3      959    3.26%
      0     0      205.9290    91      212.0000      Cuts: 14     1128    2.86%
      0     0      205.9455   100      212.0000      Cuts: 23     1279    2.86%
      0     0      205.9569   107      212.0000      Cuts: 18     1385    2.85%
*     0+    0                          211.0000      205.9569     1385    2.39%
      0     2      205.9569   107      211.0000      205.9569     1385    2.39%
    100    76      206.0006    96      211.0000      206.0000     4812    2.37%
    200   132      207.0000    82      211.0000      206.0000     9948    2.37%
    300   202      207.0000    73      211.0000      206.0000    14917    2.37%
    400   262      209.1685    74      211.0000      206.0000    18435    2.37%
    500   330      207.0000    80      211.0000      206.0000    21666    2.37%
    600   368      210.0000    95      211.0000      207.0000    25744    1.90%
    700   384      210.0000    63      211.0000      207.0000    27444    1.90%
    800   393      208.0000    99      211.0000      207.1471    28917    1.83%
    900   413      209.0000    69      211.0000      208.0000    31106    1.42%
   1000   440      210.0000    68      211.0000      208.0000    32834    1.42%
Elapsed time =  26.31 sec. (tree size =  1.96 MB, solutions = 3)
   1100   503      210.0000    46      211.0000      208.0000    34871    1.42%
   1200   588      210.0000    43      211.0000      208.0000    37102    1.42%
   1300   681      209.0000    78      211.0000      208.0000    38923    1.42%
   1400   772      210.0000    81      211.0000      208.0000    40816    1.42%
   1500   856      210.0000    75      211.0000      208.0000    43518    1.42%
   1600   948      210.0000    51      211.0000      208.0000    45323    1.42%
   1700  1039      210.0000    50      211.0000      208.0000    47001    1.42%
   1800  1125      210.0000    44      211.0000      208.0000    48715    1.42%
   1900  1204      210.0000    76      211.0000      208.0000    51673    1.42%
   2000  1290      210.0000    75      211.0000      208.0000    54176    1.42%
Elapsed time =  35.30 sec. (tree size =  6.10 MB, solutions = 3)
   2100  1377      210.0000    60      211.0000      208.0000    56498    1.42%
   2200  1468      210.0000    79      211.0000      208.0000    59518    1.42%
   2300  1560      210.0000    61      211.0000      208.0000    61139    1.42%
   2400  1636      210.0000    77      211.0000      208.0000    64016    1.42%
   2500  1728      210.0000    62      211.0000      208.0000    67380    1.42%
   2600  1811      209.0000   126      211.0000      208.0000    71037    1.42%
   2700  1886      210.0000    61      211.0000      208.0000    75773    1.42%
   2800  1979      210.0000    77      211.0000      208.0000    77270    1.42%
   2900  2056    infeasible            211.0000      208.0000    80186    1.42%
   3000  2142      208.3912   123      211.0000      208.0000    82834    1.42%
Elapsed time =  45.55 sec. (tree size = 10.54 MB, solutions = 3)
   3100  2227      210.0000    73      211.0000      208.0000    86021    1.42%
   3200  2314      210.0000    72      211.0000      208.0000    87789    1.42%
   3300  2407      210.0000    71      211.0000      208.0000    89859    1.42%
   3400  2489      210.0000    77      211.0000      208.0000    93374    1.42%
   3500  2582      210.0000    60      211.0000      208.0000    95183    1.42%
   3600  2676      210.0000    45      211.0000      208.0000    97292    1.42%
   3700  2762      210.0000    51      211.0000      208.0000    99541    1.42%
   3800  2846      210.0000    86      211.0000      208.0000   102869    1.42%
   3900  2934        cutoff            211.0000      208.0000   105167    1.42%
   4000  3015      210.0000   106      211.0000      208.0000   108006    1.42%
Elapsed time =  55.69 sec. (tree size = 15.23 MB, solutions = 3)
   4100  3108      210.0000    69      211.0000      208.0000   110226    1.42%
   4200  3194      210.0000    82      211.0000      208.0000   112940    1.42%
   4300  3281      209.0000    91      211.0000      208.0000   115150    1.42%
   4400  3375      210.0000    59      211.0000      208.0000   116865    1.42%
   4500  3468      210.0000    49      211.0000      208.0000   118389    1.42%
   4600  3557      210.0000    84      211.0000      208.0000   120705    1.42%
   4700  3646      210.0000    76      211.0000      208.0000   123010    1.42%
   4800  3731      210.0000    49      211.0000      208.0000   126144    1.42%
   4900  3821      210.0000    59      211.0000      208.0000   128189    1.42%
   5000  3916      210.0000    41      211.0000      208.0000   130610    1.42%
Elapsed time =  64.56 sec. (tree size = 20.22 MB, solutions = 3)
   5100  4004      210.0000    57      211.0000      208.0000   132705    1.42%
   5200  4089      210.0000    81      211.0000      208.0000   135441    1.42%
   5300  4185      210.0000    54      211.0000      208.0000   136629    1.42%
   5400  4269      210.0000    64      211.0000      208.0000   140311    1.42%
   5500  4365      210.0000    56      211.0000      208.0000   142086    1.42%
   5600  4453      210.0000    82      211.0000      208.0000   144575    1.42%
   5700  4539      208.0000   104      211.0000      208.0000   146500    1.42%
   5800  4630      210.0000    55      211.0000      208.0000   148705    1.42%
   5900  4724      210.0000    80      211.0000      208.0000   150138    1.42%
   6000  4812      210.0000    93      211.0000      208.0000   152035    1.42%
Elapsed time =  74.66 sec. (tree size = 25.36 MB, solutions = 3)
   6100  4894      210.0000    68      211.0000      208.0000   155168    1.42%
   6200  4988      209.0000    59      211.0000      208.0000   156910    1.42%
   6300  5077      210.0000    49      211.0000      208.0000   158707    1.42%
   6400  5171      210.0000    35      211.0000      208.0000   160583    1.42%
   6500  5262      209.0000   109      211.0000      208.0000   162927    1.42%
   6600  5353      210.0000    92      211.0000      208.0000   165461    1.42%
   6700  5441      210.0000    88      211.0000      208.0000   168249    1.42%
   6800  5525      210.0000    60      211.0000      208.0000   170614    1.42%
   6900  5615      210.0000    57      211.0000      208.0000   173745    1.42%
   7000  5705      210.0000    51      211.0000      208.0000   175755    1.42%
Elapsed time =  86.38 sec. (tree size = 30.49 MB, solutions = 3)
   7100  5794        cutoff            211.0000      208.0000   177441    1.42%
   7200  5880      210.0000    77      211.0000      208.0000   180639    1.42%
   7300  5976      210.0000    56      211.0000      208.0000   182581    1.42%
   7400  6066      210.0000    79      211.0000      208.0000   184972    1.42%
   7500  6157      210.0000    64      211.0000      208.0000   187134    1.42%
   7600  6245      210.0000    58      211.0000      208.0000   190673    1.42%
   7700  6325      210.0000    69      211.0000      208.0000   193912    1.42%
   7800  6414      210.0000    86      211.0000      208.0000   195682    1.42%
   7900  6508      210.0000    56      211.0000      208.0000   197277    1.42%
   8000  6601      210.0000    60      211.0000      208.0000   198763    1.42%
Elapsed time =  98.03 sec. (tree size = 35.69 MB, solutions = 3)
   8100  6690      210.0000    46      211.0000      208.0000   200984    1.42%
   8200  6785      210.0000    74      211.0000      208.0000   203396    1.42%
   8300  6879      210.0000    81      211.0000      208.0000   204980    1.42%
   8400  6972      210.0000    59      211.0000      208.0000   207371    1.42%
   8500  7051      210.0000    58      211.0000      208.0000   210270    1.42%
   8600  7145      210.0000    67      211.0000      208.0000   212709    1.42%
   8700  7238      210.0000    55      211.0000      208.0000   214178    1.42%
   8800  7321      210.0000    53      211.0000      208.0000   216645    1.42%
   8900  7408      210.0000    75      211.0000      208.0000   218489    1.42%
   9000  7503      210.0000    55      211.0000      208.0000   220247    1.42%
Elapsed time = 108.19 sec. (tree size = 40.98 MB, solutions = 3)
   9100  7588      208.3486   110      211.0000      208.0000   222391    1.42%
   9200  7675      210.0000    90      211.0000      208.0000   224718    1.42%
   9300  7764      210.0000    62      211.0000      208.0000   226536    1.42%
   9400  7860      210.0000    58      211.0000      208.0000   229093    1.42%
   9500  7951      210.0000    53      211.0000      208.0000   230934    1.42%
   9600  8044      210.0000    95      211.0000      208.0000   233226    1.42%
   9700  8134      210.0000    57      211.0000      208.0000   236261    1.42%
   9800  8230      210.0000    48      211.0000      208.0000   238211    1.42%
   9900  8325      210.0000    78      211.0000      208.0000   239877    1.42%
  10000  8407      210.0000    50      211.0000      208.0000   242766    1.42%
Elapsed time = 118.78 sec. (tree size = 46.42 MB, solutions = 3)
  10100  8500      210.0000    74      211.0000      208.0000   244650    1.42%
  10200  8589      209.0000    74      211.0000      208.0000   246822    1.42%
  10300  8681      210.0000    53      211.0000      208.0000   249089    1.42%
  10400  8762      210.0000    73      211.0000      208.0000   251970    1.42%
  10500  8846      210.0000    84      211.0000      208.0000   253958    1.42%
  10600  8931      208.0000   106      211.0000      208.0000   255914    1.42%
  10700  9019      209.0000    92      211.0000      208.0000   257761    1.42%
  10800  9108      210.0000    66      211.0000      208.0000   260295    1.42%
  10900  9201      210.0000    88      211.0000      208.0000   262431    1.42%
  11000  9295      210.0000    44      211.0000      208.0000   264028    1.42%
Elapsed time = 127.81 sec. (tree size = 51.67 MB, solutions = 3)
  11100  9380      210.0000    47      211.0000      208.0000   266619    1.42%
  11200  9475      210.0000    55      211.0000      208.0000   268330    1.42%
  11300  9568      210.0000    71      211.0000      208.0000   270051    1.42%
  11400  9660      210.0000    81      211.0000      208.0000   272033    1.42%
  11500  9738      210.0000    77      211.0000      208.0000   274758    1.42%
  11600  9823      210.0000    80      211.0000      208.0000   277359    1.42%
  11700  9903      210.0000    77      211.0000      208.0000   280070    1.42%
  11800  9995      210.0000    53      211.0000      208.0000   281569    1.42%
  11900 10079      210.0000    89      211.0000      208.0000   284010    1.42%
  12000 10166      210.0000   100      211.0000      208.0000   286975    1.42%
Elapsed time = 136.88 sec. (tree size = 56.82 MB, solutions = 3)
  12100 10257        cutoff            211.0000      208.0000   288906    1.42%
  12200 10345      210.0000    47      211.0000      208.0000   291195    1.42%
  12300 10425      209.0000    91      211.0000      208.0000   293800    1.42%
  12400 10520      210.0000    77      211.0000      208.0103   295510    1.42%
  12500 10612        cutoff            211.0000      208.0162   297638    1.41%
  12600 10696      210.0000    78      211.0000      208.0206   300084    1.41%
  12700 10787      210.0000    52      211.0000      208.0251   302545    1.41%
  12800 10871      210.0000    73      211.0000      208.0314   305978    1.41%
  12900 10967      210.0000    50      211.0000      208.0332   307586    1.41%
  13000 11059      210.0000    63      211.0000      208.0356   309605    1.40%
Elapsed time = 145.61 sec. (tree size = 62.14 MB, solutions = 3)
  13100 11155      210.0000    59      211.0000      208.0365   311646    1.40%
  13200 11237      210.0000    78      211.0000      208.0365   313666    1.40%
  13300 11333      210.0000    65      211.0000      208.0394   315207    1.40%
  13400 11415      209.0000   104      211.0000      208.0461   317227    1.40%
  13500 11502      210.0000    90      211.0000      208.0463   319114    1.40%
  13600 11595      210.0000    88      211.0000      208.0491   321068    1.40%
  13700 11686      210.0000    58      211.0000      208.0550   323062    1.40%
  13800 11778      210.0000    50      211.0000      208.0625   326599    1.39%
  13900 11868      210.0000    84      211.0000      208.0670   328537    1.39%
  14000 11963      210.0000    67      211.0000      208.0700   330687    1.39%
Elapsed time = 155.14 sec. (tree size = 67.54 MB, solutions = 3)
  14100 12055      210.0000    59      211.0000      208.0719   332659    1.39%
  14200 12144      210.0000    62      211.0000      208.0769   334926    1.39%
  14300 12236      210.0000    81      211.0000      208.0835   336794    1.38%
  14400 12332      210.0000    56      211.0000      208.0872   338495    1.38%
  14500 12419      210.0000    77      211.0000      208.0946   340873    1.38%
  14600 12509        cutoff            211.0000      208.1101   342916    1.37%
  14700 12599      210.0000    46      211.0000      208.1306   345009    1.36%
  14800 12695      210.0000    37      211.0000      208.1336   347018    1.36%
  14900 12791      210.0000    66      211.0000      208.1491   349078    1.35%
  15000 12881      210.0000    53      211.0000      208.1585   351029    1.35%
Elapsed time = 164.30 sec. (tree size = 73.03 MB, solutions = 3)
  15100 12963      210.0000    53      211.0000      208.1900   355025    1.33%
  15200 13044      210.0000    77      211.0000      208.2074   357750    1.32%
  15300 13133      210.0000   119      211.0000      208.2206   359820    1.32%
  15400 13229      210.0000    67      211.0000      208.2289   362352    1.31%
  15500 13318      210.0000    65      211.0000      208.2478   363887    1.30%
  15600 13391      210.0000    80      211.0000      208.2715   367629    1.29%
  15700 13476      210.0000    66      211.0000      208.2834   369265    1.29%
  15800 13561      210.0000    62      211.0000      208.3313   372109    1.26%
  15900 13656      210.0000    73      211.0000      208.3659   373485    1.25%
  16000 13749      210.0000    86      211.0000      208.8228   375366    1.03%
Elapsed time = 173.19 sec. (tree size = 78.26 MB, solutions = 3)
  16100 13829      210.0000    77      211.0000      208.9359   377639    0.98%
  16200 13916      210.0000    96      211.0000      208.9588   380196    0.97%
  16300 13998      210.0000    97      211.0000      208.9703   382691    0.96%
  16400 14086      210.0000    88      211.0000      208.9765   385569    0.96%
  16500 14172    infeasible            211.0000      208.9827   388434    0.96%
  16600 14264      210.0000    90      211.0000      208.9942   390713    0.95%
  16700 14353      210.0000    87      211.0000      208.9952   393421    0.95%
  16800 14437      210.0000   104      211.0000      208.9970   396157    0.95%
  16900 14521      210.0000    85      211.0000      209.0000   399098    0.95%
  17000 14610      210.0000    63      211.0000      209.0000   402149    0.95%
Elapsed time = 180.01 sec. (tree size = 83.47 MB, solutions = 3)
  17100 14706      210.0000    69      211.0000      209.0000   404230    0.95%
  17200 14793      209.0000    60      211.0000      209.0000   406546    0.95%
  17300 14881      210.0000    65      211.0000      209.0000   408314    0.95%
  17400 14970      210.0000    50      211.0000      209.0000   410111    0.95%
  17500 15046      210.0000    57      211.0000      209.0000   412224    0.95%
  17600 15122      209.0000    66      211.0000      209.0000   414367    0.95%
  17700 15203      210.0000    54      211.0000      209.0000   416773    0.95%
  17800 15270      209.0000    60      211.0000      209.0000   418877    0.95%
  17900 15343      209.0000    55      211.0000      209.0000   421091    0.95%
  18000 15422      209.0000    70      211.0000      209.0000   423137    0.95%
Elapsed time = 188.13 sec. (tree size = 88.40 MB, solutions = 3)
  18100 15500      210.0000    53      211.0000      209.0000   425380    0.95%
  18200 15563      210.0000    93      211.0000      209.0000   428052    0.95%
  18300 15649      209.0000    68      211.0000      209.0000   430069    0.95%
  18400 15738      210.0000    46      211.0000      209.0000   432279    0.95%
  18500 15804      210.0000    60      211.0000      209.0000   434103    0.95%
  18600 15868      210.0000    59      211.0000      209.0000   436119    0.95%
  18700 15944      210.0000    57      211.0000      209.0000   438268    0.95%
  18800 16011      210.0000    54      211.0000      209.0000   440055    0.95%
  18900 16081      209.0000    75      211.0000      209.0000   441979    0.95%
  19000 16154      210.0000    46      211.0000      209.0000   443768    0.95%
Elapsed time = 194.98 sec. (tree size = 92.91 MB, solutions = 3)
  19100 16217      209.0306    67      211.0000      209.0000   445408    0.95%
  19200 16302    infeasible            211.0000      209.0000   447254    0.95%
  19300 16368      209.0000    62      211.0000      209.0000   448839    0.95%
  19400 16454      209.0000    72      211.0000      209.0000   450768    0.95%
  19500 16520    infeasible            211.0000      209.0000   453107    0.95%
  19600 16589      209.0000    63      211.0000      209.0000   454974    0.95%
  19700 16666      209.0000    49      211.0000      209.0000   456827    0.95%
  19800 16740      209.0000    54      211.0000      209.0000   458773    0.95%
  19900 16827    infeasible            211.0000      209.0000   460860    0.95%
  20000 16913      209.0000    72      211.0000      209.0000   462728    0.95%
Elapsed time = 202.01 sec. (tree size = 97.90 MB, solutions = 3)
  20100 16994      210.0000    47      211.0000      209.0000   464827    0.95%
  20200 17080      209.0000    63      211.0000      209.0000   466654    0.95%
  20300 17158      209.0000    57      211.0000      209.0000   469053    0.95%
  20400 17225      209.0000    71      211.0000      209.0000   471579    0.95%
  20500 17302    infeasible            211.0000      209.0000   473438    0.95%
  20600 17385    infeasible            211.0000      209.0000   475601    0.95%
  20700 17471      210.0000    39      211.0000      209.0000   477411    0.95%
  20800 17548      210.0000    53      211.0000      209.0000   479373    0.95%
  20900 17634      209.0000    80      211.0000      209.0000   481403    0.95%
  21000 17717      210.0000    61      211.0000      209.0000   483582    0.95%
Elapsed time = 209.81 sec. (tree size = 102.98 MB, solutions = 3)
  21100 17796      209.0000    64      211.0000      209.0000   485757    0.95%
  21200 17879      210.0000    56      211.0000      209.0000   487549    0.95%
  21300 17966      209.1094    82      211.0000      209.0000   489402    0.95%
  21400 18037      209.0000    52      211.0000      209.0000   491179    0.95%
  21500 18113      209.0000    53      211.0000      209.0000   492846    0.95%
  21600 18188      209.0000    66      211.0000      209.0000   494603    0.95%
  21700 18273      210.0000    43      211.0000      209.0000   496893    0.95%
  21800 18331    infeasible            211.0000      209.0000   498864    0.95%
  21900 18391      209.0000    52      211.0000      209.0000   500655    0.95%
  22000 18469      210.0000    50      211.0000      209.0000   502232    0.95%
Elapsed time = 216.61 sec. (tree size = 107.78 MB, solutions = 3)
  22100 18551      209.0000    53      211.0000      209.0000   503748    0.95%
  22200 18637      209.0000    55      211.0000      209.0000   505337    0.95%
  22300 18722      209.0000    63      211.0000      209.0000   506999    0.95%
  22400 18803      210.0000    42      211.0000      209.0000   508888    0.95%
  22500 18879      210.0000    49      211.0000      209.0000   510485    0.95%
  22600 18956      210.0000    69      211.0000      209.0000   512520    0.95%
* 22661+ 2985                          210.0000      209.0000   513522    0.48%
  22700  3009      209.0000    60      210.0000      209.0000   514508    0.48%
  22800  3064      209.0000    51      210.0000      209.0000   517046    0.48%
  22900  3116        cutoff            210.0000      209.0000   519593    0.48%
  23000  3154      209.0000    50      210.0000      209.0000   522727    0.48%
Elapsed time = 223.84 sec. (tree size = 19.60 MB, solutions = 4)
  23100  3178      209.0000    67      210.0000      209.0000   525926    0.48%
  23200  3242        cutoff            210.0000      209.0000   528752    0.48%
  23300  3280      209.0000    60      210.0000      209.0000   532116    0.48%
  23400  3314      209.0000    60      210.0000      209.0000   535019    0.48%
  23500  3354      209.0000    62      210.0000      209.0000   537712    0.48%
* 23531+    1                          209.0000      209.0000   538282    0.00%

Clique cuts applied:  9
Cover cuts applied:  165
Implied bound cuts applied:  16
Mixed integer rounding cuts applied:  26
Gomory fractional cuts applied:  21

Solution pool: 5 solutions saved.

MIP - Integer optimal solution:  Objective = 2.0900000000e+002
Solution time =  229.01 sec.  Iterations = 538282  Nodes = 23531


Incumbent solution
Variable Name           Solution Value
Cmax                        209.000000
X_1_39                        1.000000
X_2_29                        1.000000
X_3_4                         1.000000
X_4_23                        1.000000
X_5_49                        1.000000
X_6_14                        1.000000
X_7_48                        1.000000
X_8_38                        1.000000
X_9_35                        1.000000
X_10_30                       1.000000
X_11_7                        1.000000
X_12_13                       1.000000
X_13_26                       1.000000
X_14_17                       1.000000
X_15_49                       1.000000
X_16_1                        1.000000
X_17_21                       1.000000
X_18_9                        1.000000
X_19_6                        1.000000
X_20_18                       1.000000
X_21_45                       1.000000
X_22_45                       1.000000
X_23_33                       1.000000
X_24_31                       1.000000
X_25_33                       1.000000
X_26_50                       1.000000
X_27_28                       1.000000
X_28_38                       1.000000
X_29_30                       1.000000
X_30_31                       1.000000
X_31_36                       1.000000
X_32_26                       1.000000
X_33_27                       1.000000
X_34_5                        1.000000
X_35_2                        1.000000
X_36_2                        1.000000
X_37_19                       1.000000
X_38_17                       1.000000
X_39_36                       1.000000
X_40_50                       1.000000
X_41_8                        1.000000
X_42_1                        1.000000
X_43_32                       1.000000
X_44_24                       1.000000
X_45_44                       1.000000
X_46_10                       1.000000
X_47_11                       1.000000
X_48_25                       1.000000
X_49_34                       1.000000
X_50_8                        1.000000
X_51_7                        1.000000
X_52_40                       1.000000
X_53_37                       1.000000
X_54_41                       1.000000
X_55_44                       1.000000
X_56_5                        1.000000
X_57_40                       1.000000
X_58_14                       1.000000
X_59_29                       1.000000
X_60_47                       1.000000
X_61_35                       1.000000
X_62_19                       1.000000
X_63_42                       1.000000
X_64_21                       1.000000
X_65_20                       1.000000
X_66_22                       1.000000
X_67_6                        1.000000
X_68_18                       1.000000
X_69_37                       1.000000
X_70_28                       1.000000
X_71_9                        1.000000
X_72_32                       1.000000
X_73_39                       1.000000
X_74_16                       1.000000
X_75_10                       1.000000
X_76_11                       1.000000
X_77_16                       1.000000
X_78_23                       1.000000
X_79_27                       1.000000
X_80_13                       1.000000
X_81_25                       1.000000
X_82_22                       1.000000
X_83_24                       1.000000
X_84_46                       1.000000
X_85_3                        1.000000
X_86_41                       1.000000
X_87_46                       1.000000
X_88_12                       1.000000
X_89_43                       1.000000
X_90_15                       1.000000
X_91_34                       1.000000
X_92_4                        1.000000
X_93_48                       1.000000
X_94_15                       1.000000
X_95_47                       1.000000
X_96_3                        1.000000
X_97_42                       1.000000
X_98_43                       1.000000
X_99_12                       1.000000
X_100_20                      1.000000
All other variables in the range 1-5001 are 0.
