
Log started (V11.0.0) Fri Apr 18 12:44:00 2008

Tried aggregator 1 time.
Reduced MIP has 210 rows, 2001 columns, and 4010 nonzeros.
Presolve time =    0.01 sec.
Clique table members: 200.
MIP emphasis: balance optimality and feasibility.
MIP search method: dynamic search.
Parallel mode: none, using 1 thread.
Root relaxation solution time =    0.05 sec.

        Nodes                                         Cuts/
   Node  Left     Objective  IInf  Best Integer     Best Node    ItCnt     Gap

*     0+    0                        29865.0000     2167.5484      289   92.74%
*     0+    0                         2198.0000     2167.5484      289    1.39%
      0     0     2168.0000    20     2198.0000      Fract: 6      297    1.36%
      0     0     2168.5700    26     2198.0000     Covers: 2      339    1.34%
      0     0     2169.0751    37     2198.0000       Cuts: 7      362    1.32%
      0     0     2169.3566    39     2198.0000       Cuts: 5      379    1.30%
      0     0     2169.4022    45     2198.0000       Cuts: 7      400    1.30%
      0     0     2169.6649    53     2198.0000       Cuts: 5      432    1.29%
      0     0     2169.8340    57     2198.0000    MIRcuts: 2      461    1.28%
      0     0     2169.9160    59     2198.0000       Cuts: 5      482    1.28%
*     0+    0                         2185.0000     2169.9160      482    0.69%
*     0+    0                         2183.0000     2169.9160      482    0.60%
      0     2     2169.9160    59     2183.0000     2169.9160      482    0.60%
    100    82     2175.0000    21     2183.0000     2170.0859     3007    0.59%
    200   151        cutoff           2183.0000     2170.0859     6634    0.59%
    300   226     2172.0000    27     2183.0000     2171.0000    10668    0.55%
    400   313     2174.0000    24     2183.0000     2171.0000    13471    0.55%
    500   378     2171.0000    24     2183.0000     2171.0000    20009    0.55%
    600   394     2177.0000    19     2183.0000     2171.0000    22840    0.55%
    700   388     2173.0000    41     2183.0000     2171.0000    27083    0.55%
    800   401     2176.0000    18     2183.0000     2171.0000    33202    0.55%
    900   381     2174.0000    61     2183.0000     2171.0000    39070    0.55%
   1000   408     2180.0000    24     2183.0000     2171.0000    49319    0.55%
Elapsed time =  15.03 sec. (tree size =  0.33 MB, solutions = 4)
   1100   477     2176.0000    34     2183.0000     2171.0000    56297    0.55%
   1200   560     2179.0000    26     2183.0000     2171.0000    60748    0.55%
   1300   641     2176.0000    22     2183.0000     2171.0000    66662    0.55%
   1400   707     2174.0000    32     2183.0000     2171.0000    72644    0.55%
   1500   800     2181.0000    20     2183.0000     2171.0000    77361    0.55%
   1600   879     2177.0604    74     2183.0000     2171.0000    90081    0.55%
   1700   958     2182.0000    24     2183.0000     2171.0000    98183    0.55%
   1800  1029     2180.0000    36     2183.0000     2171.0000   106545    0.55%
   1900  1113     2180.0000    45     2183.0000     2171.0000   120995    0.55%
   2000  1194     2180.0000    35     2183.0000     2171.0000   131415    0.55%
Elapsed time =  32.70 sec. (tree size =  1.04 MB, solutions = 4)
   2100  1278     2179.0000    50     2183.0000     2171.0000   145951    0.55%
   2200  1357     2178.0000    37     2183.0000     2171.0000   154427    0.55%
   2300  1453     2182.0000    30     2183.0000     2171.0000   162444    0.55%
   2400  1542     2181.0000    26     2183.0000     2171.0000   170143    0.55%
   2500  1611     2179.0000    40     2183.0000     2171.0000   182435    0.55%
   2600  1696     2178.0000    43     2183.0000     2171.0000   195296    0.55%
   2700  1782     2181.0000    25     2183.0000     2171.0000   203101    0.55%
   2800  1858     2179.0000    24     2183.0000     2171.0000   213951    0.55%
   2900  1950     2175.0000    32     2183.0000     2171.0000   222093    0.55%
   3000  2041     2182.0000    26     2183.0000     2171.0000   230290    0.55%
Elapsed time =  54.91 sec. (tree size =  1.78 MB, solutions = 4)
   3100  2125     2176.1845    69     2183.0000     2171.0000   244607    0.55%
   3200  2208     2178.0000    68     2183.0000     2171.0000   257552    0.55%
   3300  2302    infeasible           2183.0000     2171.0000   268572    0.55%
   3400  2381     2178.0000    49     2183.0000     2171.0000   289106    0.55%
   3500  2468     2177.0000    92     2183.0000     2171.0000   300257    0.55%
   3600  2552     2181.0000    26     2183.0000     2171.0000   311437    0.55%
   3700  2635     2181.0000    25     2183.0000     2171.0000   321232    0.55%
   3800  2721     2181.0000    23     2183.0000     2171.0000   331026    0.55%
   3900  2801     2174.0000    45     2183.0000     2171.0000   344721    0.55%
   4000  2886     2180.0000    16     2183.0000     2171.0000   353584    0.55%
Elapsed time =  83.94 sec. (tree size =  2.56 MB, solutions = 4)
   4100  2971     2180.0000    26     2183.0000     2171.0000   359756    0.55%
   4200  3055     2175.1833    39     2183.0000     2171.0000   372769    0.55%
   4300  3145     2180.0000    25     2183.0000     2171.0000   379442    0.55%
   4400  3224     2179.0000    29     2183.0000     2171.0000   392601    0.55%
   4500  3309     2178.0000    50     2183.0000     2171.0000   398451    0.55%
   4600  3397     2178.0000    30     2183.0000     2171.0000   410265    0.55%
   4700  3482     2175.0000    35     2183.0000     2171.0000   424609    0.55%
   4800  3575     2177.0000    20     2183.0000     2171.0000   428166    0.55%
   4900  3659     2178.0000    24     2183.0000     2171.0000   434322    0.55%
   5000  3737     2176.0000    21     2183.0000     2171.0000   447787    0.55%
Elapsed time = 110.89 sec. (tree size =  3.29 MB, solutions = 4)
   5100  3833     2177.0000    20     2183.0000     2171.0000   449184    0.55%
   5200  3917     2177.0000    34     2183.0000     2171.0000   456814    0.55%
   5300  4015     2179.0000    16     2183.0000     2171.0000   458415    0.55%
   5400  4098     2175.0000    38     2183.0000     2171.0000   467425    0.55%
   5500  4185     2173.0000    57     2183.0000     2171.0000   474847    0.55%
   5600  4279     2179.0000    28     2183.0000     2171.0000   484752    0.55%
   5700  4368     2173.0000    27     2183.0000     2171.1992   493634    0.54%
   5800  4458     2175.0000    27     2183.0000     2171.1992   504290    0.54%
   5900  4538     2172.0000    48     2183.0000     2172.0000   509427    0.50%
   6000  4633     2177.0000    25     2183.0000     2172.0000   520370    0.50%
Elapsed time = 131.88 sec. (tree size =  4.12 MB, solutions = 4)
   6100  4724     2180.0000    40     2183.0000     2172.0000   526919    0.50%
   6200  4806     2181.0000    57     2183.0000     2172.0000   542471    0.50%
   6300  4887     2181.0000    41     2183.0000     2172.0000   563572    0.50%
*  6371+ 4441                         2182.0000     2172.0000   580746    0.46%
   6400  4462    infeasible           2182.0000     2172.0000   587356    0.46%
*  6481+ 3893                         2181.0000     2172.0000   609469    0.41%
   6500  3906     2180.0000    53     2181.0000     2172.0000   615175    0.41%
   6600  3988     2173.0000    37     2181.0000     2172.0000   632272    0.41%
   6700  4077     2177.0000    27     2181.0000     2172.0000   641866    0.41%
   6800  4151     2176.0000    28     2181.0000     2172.0000   655635    0.41%
   6900  4231     2175.0000    28     2181.0000     2172.0000   664822    0.41%
   7000  4319     2174.0000    34     2181.0000     2172.0000   675946    0.41%
Elapsed time = 175.91 sec. (tree size =  3.85 MB, solutions = 6)
   7100  4409     2173.0000    49     2181.0000     2172.0000   686961    0.41%
   7200  4504     2178.0374    29     2181.0000     2172.0000   693763    0.41%
   7300  4584     2177.2233    29     2181.0000     2172.0000   703471    0.41%
   7400  4668     2175.0000    34     2181.0000     2172.0000   711222    0.41%
*  7481+ 3862                         2180.0000     2172.0000   720139    0.37%
*  7481+ 3082                         2179.0000     2172.0000   720139    0.32%
*  7481+ 2231                         2178.0000     2172.0000   720139    0.28%
   7500  2250     2174.0644    40     2178.0000     2172.0000   723298    0.28%
   7600  2335    infeasible           2178.0000     2172.0000   736162    0.28%
   7700  2414     2174.0000    24     2178.0000     2172.0000   751172    0.28%
   7800  2507     2176.0000    10     2178.0000     2172.0000   757227    0.28%
   7900  2592     2177.0000    27     2178.0000     2172.0000   770141    0.28%
   8000  2671     2176.0000    25     2178.0000     2172.0000   786618    0.28%
Elapsed time = 208.72 sec. (tree size =  2.42 MB, solutions = 9)
   8100  2755     2177.0000    24     2178.0000     2172.0000   795983    0.28%
   8200  2831     2177.0000    34     2178.0000     2172.0000   811942    0.28%
   8300  2910     2174.0000    40     2178.0000     2172.0000   825165    0.28%
   8400  2992     2172.0000    41     2178.0000     2172.0000   837175    0.28%
*  8481+ 2151                         2177.0000     2172.0000   843972    0.23%
   8500  2168     2173.0000    25     2177.0000     2172.0000   844815    0.23%
   8600  2256     2173.0000    42     2177.0000     2172.0000   854965    0.23%
   8700  2340     2173.0000    30     2177.0000     2172.0000   864169    0.23%
   8800  2423     2173.4439    36     2177.0000     2172.0000   875265    0.23%
   8900  2515     2175.0000    28     2177.0000     2172.0000   885176    0.23%
   9000  2610     2173.0000    29     2177.0000     2172.0000   887847    0.23%
Elapsed time = 237.11 sec. (tree size =  2.39 MB, solutions = 10)
   9100  2695     2176.0000    21     2177.0000     2172.0000   897793    0.23%
*  9171+ 1943                         2176.0000     2172.0000   905104    0.18%
   9200  1971     2175.0000    27     2176.0000     2172.0000   909184    0.18%
   9300  2045     2173.1430    49     2176.0000     2172.0000   923061    0.18%
   9400  2132     2174.0000    37     2176.0000     2172.0000   935070    0.18%
   9500  2218     2172.0000    30     2176.0000     2172.0000   943993    0.18%
   9600  2304     2175.0000    24     2176.0000     2172.0000   956310    0.18%
   9700  2389     2174.0000    21     2176.0000     2172.0000   965357    0.18%
   9800  2470     2174.0000    40     2176.0000     2172.0000   979400    0.18%
   9900  2540     2173.0000    36     2176.0000     2172.0000  1000198    0.18%
  10000  2629     2175.0000    32     2176.0000     2172.0000  1018606    0.18%
Elapsed time = 272.76 sec. (tree size =  2.42 MB, solutions = 11)
  10100  2713     2173.0000    57     2176.0000     2172.0000  1042164    0.18%
  10200  2782     2173.0000    58     2176.0000     2172.0000  1063961    0.18%
  10300  2860     2174.0000    66     2176.0000     2172.0000  1086195    0.18%
  10400  2922     2174.0000    59     2176.0000     2172.0000  1109092    0.18%
  10500  3005     2175.0000    45     2176.0000     2172.0000  1129324    0.18%
  10600  3081     2173.0000    36     2176.0000     2172.0000  1148893    0.18%
  10700  3158     2174.0000    46     2176.0000     2172.0000  1167928    0.18%
  10800  3243     2174.0000    43     2176.0000     2172.0000  1190017    0.18%
  10900  3326     2174.0000    32     2176.0000     2172.0000  1212977    0.18%
  11000  3407     2173.0000    59     2176.0000     2172.0000  1234614    0.18%
Elapsed time = 332.13 sec. (tree size =  3.15 MB, solutions = 11)
  11100  3487     2175.0000    53     2176.0000     2172.0000  1255541    0.18%
* 11171+ 2301                         2175.0000     2172.0000  1269908    0.14%
  11200  2326    infeasible           2175.0000     2172.0000  1274621    0.14%
  11300  2395     2174.0000    39     2175.0000     2172.0000  1301825    0.14%
  11400  2479     2174.0000    30     2175.0000     2172.0000  1322277    0.14%
  11500  2552     2174.0000    49     2175.0000     2172.0000  1342286    0.14%
  11600  2612     2173.0000    74     2175.0000     2172.0000  1366443    0.14%
  11700  2687     2173.0000    42     2175.0000     2172.0000  1391048    0.14%
  11800  2756     2174.0000    34     2175.0000     2172.0000  1413838    0.14%
  11900  2829     2174.0000    49     2175.0000     2172.0000  1437507    0.14%
  12000  2909     2174.0000    49     2175.0000     2172.0000  1454024    0.14%
Elapsed time = 395.73 sec. (tree size =  2.71 MB, solutions = 12)
  12100  2987     2174.0000    47     2175.0000     2172.0000  1475651    0.14%
  12200  3068     2173.0000    70     2175.0000     2172.0000  1499025    0.14%
  12300  3150     2174.0000    49     2175.0000     2172.0000  1519015    0.14%
  12400  3224     2173.0000    53     2175.0000     2172.0000  1542365    0.14%
  12500  3303     2172.0000    53     2175.0000     2172.0000  1566667    0.14%
  12600  3377     2174.0000    48     2175.0000     2172.0000  1591899    0.14%
  12700  3454    infeasible           2175.0000     2172.0000  1616101    0.14%
  12800  3528     2174.0000    46     2175.0000     2172.0000  1642663    0.14%
  12900  3606    infeasible           2175.0000     2172.0000  1663507    0.14%
  13000  3676     2174.0000    33     2175.0000     2172.0000  1687587    0.14%
Elapsed time = 466.16 sec. (tree size =  3.42 MB, solutions = 12)
  13100  3755     2173.0187    65     2175.0000     2172.0000  1708174    0.14%
  13200  3827     2173.0790    56     2175.0000     2172.0000  1734634    0.14%
  13300  3901     2174.0000    64     2175.0000     2172.0000  1758415    0.14%
  13400  3975     2174.0000    34     2175.0000     2172.0000  1782616    0.14%
  13500  4051     2174.0000    36     2175.0000     2172.0000  1809628    0.14%
  13600  4127     2172.0000    74     2175.0000     2172.0000  1832617    0.14%
  13700  4203     2174.0000    28     2175.0000     2172.0000  1856274    0.14%
  13800  4270     2173.0000    67     2175.0000     2172.0000  1882602    0.14%
  13900  4341     2174.0000    53     2175.0000     2172.0000  1905633    0.14%
  14000  4414     2174.0000    51     2175.0000     2172.0000  1929958    0.14%
Elapsed time = 540.73 sec. (tree size =  4.12 MB, solutions = 12)
  14100  4495     2174.0000    37     2175.0000     2172.0000  1953972    0.14%
  14200  4573     2174.0000    48     2175.0000     2172.0000  1978908    0.14%
  14300  4647     2174.0000    48     2175.0000     2172.0000  2005561    0.14%
  14400  4718    infeasible           2175.0000     2172.0000  2033950    0.14%
  14500  4795     2174.0000    58     2175.0000     2172.0000  2059808    0.14%
  14600  4871     2173.0000    62     2175.0000     2172.0000  2087205    0.14%
  14700  4947     2173.0000    47     2175.0000     2172.0000  2114638    0.14%
  14800  5023     2174.0000    41     2175.0000     2172.0000  2138902    0.14%
  14900  5096     2174.0000    53     2175.0000     2172.0000  2164677    0.14%
  15000  5163     2174.0000    41     2175.0000     2172.0000  2190033    0.14%
Elapsed time = 626.97 sec. (tree size =  4.83 MB, solutions = 12)
  15100  5240     2174.0000    70     2175.0000     2172.0000  2214531    0.14%
  15200  5316     2173.0000    48     2175.0000     2172.0000  2240621    0.14%
  15300  5391     2173.0400    68     2175.0000     2172.0000  2267187    0.14%
  15400  5466     2173.0000    68     2175.0000     2172.0000  2288161    0.14%
* 15481+ 2548                         2174.0000     2172.0000  2308370    0.09%
  15500  2564     2173.0000    51     2174.0000     2172.0000  2314529    0.09%
  15600  2625    infeasible           2174.0000     2172.0000  2343787    0.09%
  15700  2701     2173.0000    62     2174.0000     2172.0000  2363828    0.09%
  15800  2764     2173.0000    74     2174.0000     2172.0000  2395943    0.09%
  15900  2835     2173.0000    60     2174.0000     2172.0000  2423502    0.09%
  16000  2900     2173.0000    51     2174.0000     2172.0000  2455688    0.09%
Elapsed time = 714.39 sec. (tree size =  2.76 MB, solutions = 13)
  16100  2969     2173.0000    70     2174.0000     2172.0000  2487421    0.09%
  16200  3025     2172.0000    85     2174.0000     2172.0000  2521498    0.09%
  16300  3095     2173.0000    56     2174.0000     2172.0000  2550180    0.09%
  16400  3164     2173.0000    55     2174.0000     2172.0000  2576258    0.09%
  16500  3235     2173.0000    34     2174.0000     2172.0000  2607448    0.09%
  16600  3310    infeasible           2174.0000     2172.0000  2637181    0.09%
  16700  3385     2173.0000    41     2174.0000     2172.0000  2664856    0.09%
  16800  3463     2173.0000    48     2174.0000     2172.0000  2689892    0.09%
  16900  3521     2172.5516    72     2174.0000     2172.0000  2723700    0.09%
  17000  3588    infeasible           2174.0000     2172.0000  2751293    0.09%
Elapsed time = 812.38 sec. (tree size =  3.43 MB, solutions = 13)
  17100  3649     2173.0000    55     2174.0000     2172.0000  2784869    0.09%
  17200  3705     2173.0000    64     2174.0000     2172.0000  2821364    0.09%
  17300  3763     2172.2361    97     2174.0000     2172.0000  2850810    0.09%
  17400  3829    infeasible           2174.0000     2172.0000  2886598    0.09%
  17500  3887     2173.0000    46     2174.0000     2172.0000  2916518    0.09%
  17600  3960     2173.0000    73     2174.0000     2172.0000  2943717    0.09%
  17700  4019     2173.0000    62     2174.0000     2172.0000  2976463    0.09%
  17800  4088     2173.0000    60     2174.0000     2172.0000  3007637    0.09%
  17900  4158     2173.0000    48     2174.0000     2172.0000  3034958    0.09%
  18000  4226     2173.0000    65     2174.0000     2172.0000  3065840    0.09%
Elapsed time = 922.69 sec. (tree size =  4.04 MB, solutions = 13)
  18100  4281    infeasible           2174.0000     2172.0000  3100077    0.09%
  18200  4344     2173.0000    57     2174.0000     2172.0000  3133660    0.09%
  18300  4408     2173.0000    62     2174.0000     2172.0000  3171600    0.09%
  18400  4461        cutoff           2174.0000     2172.0000  3203421    0.09%
  18500  4535     2173.0000    74     2174.0000     2172.0000  3236961    0.09%
  18600  4608     2173.0000    75     2174.0000     2172.0000  3271785    0.09%
  18700  4671     2173.0000    68     2174.0000     2172.0000  3305397    0.09%
  18800  4734     2173.0000    61     2174.0000     2172.9596  3332038    0.05%
  18900  4774     2173.0000    54     2174.0000     2173.0000  3375840    0.05%
  19000  4808     2173.0000    49     2174.0000     2173.0000  3418467    0.05%
Elapsed time = 1054.88 sec. (tree size =  4.62 MB, solutions = 13)
  19100  4828    infeasible           2174.0000     2173.0000  3465635    0.05%
  19200  4828    infeasible           2174.0000     2173.0000  3514868    0.05%
  19300  4848     2173.0000    51     2174.0000     2173.0000  3562622    0.05%
  19400  4902     2173.0000    47     2174.0000     2173.0000  3601567    0.05%
  19500  4937     2173.0000    35     2174.0000     2173.0000  3647884    0.05%
  19600  4997     2173.0000    44     2174.0000     2173.0000  3690039    0.05%
  19700  5017     2173.0000    56     2174.0000     2173.0000  3736928    0.05%
  19800  5071     2173.0000    41     2174.0000     2173.0000  3774985    0.05%
  19900  5117     2173.0000    64     2174.0000     2173.0000  3818251    0.05%
  20000  5159    infeasible           2174.0000     2173.0000  3857960    0.05%
Elapsed time = 1236.58 sec. (tree size =  4.97 MB, solutions = 13)
  20100  5215     2173.0000    48     2174.0000     2173.0000  3899301    0.05%
  20200  5229     2173.0000    61     2174.0000     2173.0000  3948712    0.05%
  20300  5247    infeasible           2174.0000     2173.0000  3999254    0.05%
  20400  5277     2173.0000    29     2174.0000     2173.0000  4045888    0.05%
  20500  5301     2173.0000    54     2174.0000     2173.0000  4085918    0.05%
  20600  5337    infeasible           2174.0000     2173.0000  4129748    0.05%
  20700  5383    infeasible           2174.0000     2173.0000  4167137    0.05%
  20800  5399    infeasible           2174.0000     2173.0000  4210601    0.05%
  20900  5415     2173.0000    34     2174.0000     2173.0000  4254854    0.05%
  21000  5463     2173.0000    55     2174.0000     2173.0000  4290220    0.05%
Elapsed time = 1422.47 sec. (tree size =  5.28 MB, solutions = 13)
  21100  5491     2173.0000    46     2174.0000     2173.0000  4330093    0.05%
  21200  5517     2173.0000    61     2174.0000     2173.0000  4376166    0.05%
  21300  5559     2173.0000    39     2174.0000     2173.0000  4412608    0.05%
  21400  5607     2173.0000    46     2174.0000     2173.0000  4446728    0.05%
  21500  5639    infeasible           2174.0000     2173.0000  4483069    0.05%
  21600  5675    infeasible           2174.0000     2173.0000  4526082    0.05%
  21700  5699    infeasible           2174.0000     2173.0000  4566244    0.05%
  21800  5717    infeasible           2174.0000     2173.0000  4609920    0.05%
  21900  5740     2173.0000    32     2174.0000     2173.0000  4652113    0.05%
  22000  5763     2173.0000    37     2174.0000     2173.0000  4684096    0.05%
Elapsed time = 1583.97 sec. (tree size =  5.58 MB, solutions = 13)
  22100  5765     2173.0000    36     2174.0000     2173.0000  4722983    0.05%
  22200  5775    infeasible           2174.0000     2173.0000  4764322    0.05%
  22300  5817    infeasible           2174.0000     2173.0000  4799665    0.05%
  22400  5843     2173.0000    53     2174.0000     2173.0000  4842136    0.05%
  22500  5891    infeasible           2174.0000     2173.0000  4870541    0.05%
  22600  5928     2173.0000    41     2174.0000     2173.0000  4903944    0.05%
  22700  5962     2173.0000    52     2174.0000     2173.0000  4938355    0.05%
  22800  6006     2173.0000    54     2174.0000     2173.0000  4978597    0.05%
  22900  6058     2173.0000    44     2174.0000     2173.0000  5008529    0.05%
  23000  6064    infeasible           2174.0000     2173.0000  5045449    0.05%
Elapsed time = 1723.75 sec. (tree size =  5.88 MB, solutions = 13)
  23100  6072    infeasible           2174.0000     2173.0000  5082852    0.05%
  23200  6092     2173.0000    31     2174.0000     2173.0000  5120903    0.05%
  23300  6112     2173.0000    39     2174.0000     2173.0000  5161204    0.05%
  23400  6122     2173.0000    52     2174.0000     2173.0000  5197910    0.05%
  23500  6169    infeasible           2174.0000     2173.0000  5232130    0.05%
  23600  6171     2173.0000    58     2174.0000     2173.0000  5275364    0.05%
  23700  6219     2173.0000    42     2174.0000     2173.0000  5310928    0.05%
  23800  6249     2173.0000    47     2174.0000     2173.0000  5345136    0.05%
  23900  6281    infeasible           2174.0000     2173.0000  5381320    0.05%
  24000  6319     2173.0000    33     2174.0000     2173.0000  5419817    0.05%
Elapsed time = 1871.81 sec. (tree size =  6.13 MB, solutions = 13)
  24100  6339    infeasible           2174.0000     2173.0000  5458096    0.05%
  24200  6344    infeasible           2174.0000     2173.0000  5493127    0.05%
  24300  6358    infeasible           2174.0000     2173.0000  5527871    0.05%
  24400  6386    infeasible           2174.0000     2173.0000  5563032    0.05%
  24500  6400     2173.0000    43     2174.0000     2173.0000  5603298    0.05%
  24600  6404    infeasible           2174.0000     2173.0000  5645700    0.05%
  24700  6436     2173.0000    41     2174.0000     2173.0000  5683759    0.05%
  24800  6449     2173.0000    50     2174.0000     2173.0000  5724326    0.05%
  24900  6473     2173.0000    40     2174.0000     2173.0000  5759338    0.05%
  25000  6495    infeasible           2174.0000     2173.0000  5796015    0.05%
Elapsed time = 2021.41 sec. (tree size =  6.31 MB, solutions = 13)
  25100  6537     2173.0000    49     2174.0000     2173.0000  5824619    0.05%
  25200  6565     2173.0000    44     2174.0000     2173.0000  5857192    0.05%
  25300  6553    infeasible           2174.0000     2173.0000  5897772    0.05%
  25400  6591    infeasible           2174.0000     2173.0000  5936517    0.05%
  25500  6589    infeasible           2174.0000     2173.0000  5973969    0.05%
  25600  6613     2173.0000    41     2174.0000     2173.0000  6007541    0.05%
  25700  6625     2173.0000    43     2174.0000     2173.0000  6041314    0.05%
  25800  6643    infeasible           2174.0000     2173.0000  6076154    0.05%
  25900  6675     2173.0000    42     2174.0000     2173.0000  6106395    0.05%
  26000  6691    infeasible           2174.0000     2173.0000  6140718    0.05%
Elapsed time = 2147.98 sec. (tree size =  6.51 MB, solutions = 13)
  26100  6685    infeasible           2174.0000     2173.0000  6178852    0.05%
  26200  6701     2173.0000    53     2174.0000     2173.0000  6223497    0.05%
  26300  6725     2173.0000    57     2174.0000     2173.0000  6258245    0.05%
  26400  6770     2173.0000    55     2174.0000     2173.0000  6304018    0.05%
  26500  6800    infeasible           2174.0000     2173.0000  6343913    0.05%
  26600  6808    infeasible           2174.0000     2173.0000  6378079    0.05%
  26700  6820    infeasible           2174.0000     2173.0000  6415111    0.05%
  26800  6852     2173.0000    45     2174.0000     2173.0000  6458396    0.05%
  26900  6874    infeasible           2174.0000     2173.0000  6492659    0.05%
  27000  6868     2173.0000    48     2174.0000     2173.0000  6526578    0.05%
Elapsed time = 2301.80 sec. (tree size =  6.68 MB, solutions = 13)
  27100  6875     2173.0000    39     2174.0000     2173.0000  6562917    0.05%
  27200  6867     2173.0000    35     2174.0000     2173.0000  6600316    0.05%
  27300  6891     2173.0000    37     2174.0000     2173.0000  6633251    0.05%
  27400  6891     2173.0000    44     2174.0000     2173.0000  6670436    0.05%
  27500  6887     2173.0000    48     2174.0000     2173.0000  6709261    0.05%
  27600  6901    infeasible           2174.0000     2173.0000  6741764    0.05%
  27700  6906     2173.0000    42     2174.0000     2173.0000  6776699    0.05%
  27800  6931     2173.0000    41     2174.0000     2173.0000  6807890    0.05%
  27900  6923    infeasible           2174.0000     2173.0000  6848757    0.05%
  28000  6947     2173.0000    40     2174.0000     2173.0000  6889280    0.05%
Elapsed time = 2437.47 sec. (tree size =  6.76 MB, solutions = 13)
  28100  6965     2173.0000    52     2174.0000     2173.0000  6926929    0.05%
  28200  6975    infeasible           2174.0000     2173.0000  6971313    0.05%
  28300  7005     2173.0000    51     2174.0000     2173.0000  7005573    0.05%
  28400  6997    infeasible           2174.0000     2173.0000  7043801    0.05%
  28500  7005     2173.0000    53     2174.0000     2173.0000  7081993    0.05%
  28600  7023     2173.0000    48     2174.0000     2173.0000  7118632    0.05%
  28700  7024     2173.0000    37     2174.0000     2173.0000  7158644    0.05%
  28800  7016    infeasible           2174.0000     2173.0000  7194136    0.05%
  28900  7033     2173.0000    35     2174.0000     2173.0000  7228699    0.05%
  29000  7039    infeasible           2174.0000     2173.0000  7267987    0.05%
Elapsed time = 2585.88 sec. (tree size =  6.85 MB, solutions = 13)
  29100  7041    infeasible           2174.0000     2173.0000  7304341    0.05%
  29200  7053     2173.0000    38     2174.0000     2173.0000  7339848    0.05%
  29300  7055    infeasible           2174.0000     2173.0000  7384659    0.05%
  29400  7062    infeasible           2174.0000     2173.0000  7421212    0.05%
  29500  7102    infeasible           2174.0000     2173.0000  7449695    0.05%
  29600  7118    infeasible           2174.0000     2173.0000  7483521    0.05%
  29700  7114    infeasible           2174.0000     2173.0000  7517946    0.05%
  29800  7106     2173.0000    41     2174.0000     2173.0000  7557700    0.05%
  29900  7132     2173.0000    61     2174.0000     2173.0000  7596855    0.05%
  30000  7164    infeasible           2174.0000     2173.0000  7636106    0.05%
Elapsed time = 2725.30 sec. (tree size =  6.98 MB, solutions = 13)
  30100  7172     2173.0000    50     2174.0000     2173.0000  7682470    0.05%
  30200  7214    infeasible           2174.0000     2173.0000  7724363    0.05%
  30300  7236    infeasible           2174.0000     2173.0000  7759248    0.05%
  30400  7221    infeasible           2174.0000     2173.0000  7792276    0.05%
  30500  7261     2173.0000    38     2174.0000     2173.0000  7825388    0.05%
  30600  7295    infeasible           2174.0000     2173.0000  7862266    0.05%
  30700  7297    infeasible           2174.0000     2173.0000  7902665    0.05%
  30800  7291    infeasible           2174.0000     2173.0000  7943781    0.05%
  30900  7324    infeasible           2174.0000     2173.0000  7982923    0.05%
  31000  7299    infeasible           2174.0000     2173.0000  8020086    0.05%
Elapsed time = 2875.01 sec. (tree size =  7.11 MB, solutions = 13)
  31100  7323     2173.0000    40     2174.0000     2173.0000  8050476    0.05%
  31200  7321     2173.0000    44     2174.0000     2173.0000  8082751    0.05%
  31300  7313    infeasible           2174.0000     2173.0000  8118402    0.05%
  31400  7343    infeasible           2174.0000     2173.0000  8163135    0.05%
  31500  7358     2173.0000    41     2174.0000     2173.0000  8203682    0.05%
  31600  7388     2173.0000    33     2174.0000     2173.0000  8237768    0.05%
  31700  7388    infeasible           2174.0000     2173.0000  8274723    0.05%
  31800  7406     2173.0000    41     2174.0000     2173.0000  8304408    0.05%
  31900  7400     2173.0000    35     2174.0000     2173.0000  8340464    0.05%
  32000  7405     2173.0000    52     2174.0000     2173.0000  8376410    0.05%
Elapsed time = 3009.55 sec. (tree size =  7.21 MB, solutions = 13)
  32100  7419    infeasible           2174.0000     2173.0000  8420137    0.05%
  32200  7427     2173.0000    36     2174.0000     2173.0000  8453758    0.05%
  32300  7441     2173.0000    34     2174.0000     2173.0000  8492441    0.05%
  32400  7451    infeasible           2174.0000     2173.0000  8532586    0.05%
  32500  7457     2173.0000    59     2174.0000     2173.0000  8575847    0.05%
  32600  7507     2173.0000    42     2174.0000     2173.0000  8607109    0.05%
  32700  7513     2173.0000    51     2174.0000     2173.0000  8644384    0.05%
  32800  7535     2173.0000    37     2174.0000     2173.0000  8678390    0.05%
  32900  7533    infeasible           2174.0000     2173.0000  8711654    0.05%
  33000  7528    infeasible           2174.0000     2173.0000  8756570    0.05%
Elapsed time = 3160.47 sec. (tree size =  7.33 MB, solutions = 13)
  33100  7552     2173.0000    46     2174.0000     2173.0000  8800733    0.05%
  33200  7600     2173.0000    45     2174.0000     2173.0000  8841201    0.05%
  33300  7608     2173.0000    46     2174.0000     2173.0000  8886194    0.05%
  33400  7618     2173.0000    44     2174.0000     2173.0000  8932548    0.05%
  33500  7632    infeasible           2174.0000     2173.0000  8971747    0.05%
  33600  7644     2173.0000    50     2174.0000     2173.0000  9011622    0.05%
  33700  7638     2173.0000    43     2174.0000     2173.0000  9045905    0.05%
  33800  7638     2173.0000    47     2174.0000     2173.0000  9080125    0.05%
  33900  7662    infeasible           2174.0000     2173.0000  9111539    0.05%
  34000  7682    infeasible           2174.0000     2173.0000  9140348    0.05%
Elapsed time = 3312.42 sec. (tree size =  7.48 MB, solutions = 13)
  34100  7696    infeasible           2174.0000     2173.0000  9171535    0.05%
  34200  7714     2173.0000    41     2174.0000     2173.0000  9201160    0.05%
  34300  7730    infeasible           2174.0000     2173.0000  9231046    0.05%
  34400  7706    infeasible           2174.0000     2173.0000  9264851    0.05%
  34500  7736     2173.0000    37     2174.0000     2173.0000  9294058    0.05%
  34600  7724     2173.0000    35     2174.0000     2173.0000  9326955    0.05%
  34700  7748    infeasible           2174.0000     2173.0000  9357864    0.05%
  34800  7738    infeasible           2174.0000     2173.0000  9389249    0.05%
  34900  7739    infeasible           2174.0000     2173.0000  9418967    0.05%
  35000  7748    infeasible           2174.0000     2173.0000  9449037    0.05%
Elapsed time = 3419.78 sec. (tree size =  7.55 MB, solutions = 13)
  35100  7772     2173.0000    46     2174.0000     2173.0000  9481174    0.05%
  35200  7772     2173.0000    42     2174.0000     2173.0000  9514562    0.05%
  35300  7746     2173.0000    38     2174.0000     2173.0000  9545735    0.05%
  35400  7744    infeasible           2174.0000     2173.0000  9579090    0.05%
  35500  7746    infeasible           2174.0000     2173.0000  9610169    0.05%
  35600  7752     2173.0000    47     2174.0000     2173.0000  9642351    0.05%
  35700  7742     2173.0000    38     2174.0000     2173.0000  9675306    0.05%
  35800  7751     2173.0000    42     2174.0000     2173.0000  9707199    0.05%
  35900  7735    infeasible           2174.0000     2173.0000  9738603    0.05%
  36000  7723    infeasible           2174.0000     2173.0000  9774812    0.05%
Elapsed time = 3533.81 sec. (tree size =  7.53 MB, solutions = 13)
  36100  7715    infeasible           2174.0000     2173.0000  9814776    0.05%
  36200  7724     2173.0000    30     2174.0000     2173.0000  9847831    0.05%
  36300  7728     2173.0000    44     2174.0000     2173.0000  9878136    0.05%
  36400  7742     2173.0000    43     2174.0000     2173.0000  9911547    0.05%
  36500  7742     2173.0000    38     2174.0000     2173.0000  9950829    0.05%
  36600  7739     2173.0000    49     2174.0000     2173.0000  9990953    0.05%
  36700  7744    infeasible           2174.0000     2173.0000 10033540    0.05%
  36800  7736    infeasible           2174.0000     2173.0000 10068707    0.05%
  36900  7755     2173.0000    37     2174.0000     2173.0000 10098603    0.05%
  37000  7777     2173.0000    32     2174.0000     2173.0000 10129380    0.05%
Elapsed time = 3666.94 sec. (tree size =  7.58 MB, solutions = 13)
  37100  7756     2173.0000    36     2174.0000     2173.0000 10165942    0.05%
  37200  7770     2173.0000    43     2174.0000     2173.0000 10199892    0.05%
  37300  7768    infeasible           2174.0000     2173.0000 10235701    0.05%
  37400  7770     2173.0000    46     2174.0000     2173.0000 10275755    0.05%
  37500  7788     2173.0000    62     2174.0000     2173.0000 10310800    0.05%
  37600  7798     2173.0000    62     2174.0000     2173.0000 10351722    0.05%
  37700  7800    infeasible           2174.0000     2173.0000 10384132    0.05%
  37800  7821    infeasible           2174.0000     2173.0000 10424563    0.05%
  37900  7817    infeasible           2174.0000     2173.0000 10461006    0.05%
  38000  7822     2173.0000    42     2174.0000     2173.0000 10492977    0.05%
Elapsed time = 3804.16 sec. (tree size =  7.62 MB, solutions = 13)
  38100  7830    infeasible           2174.0000     2173.0000 10531566    0.05%
  38200  7859    infeasible           2174.0000     2173.0000 10569169    0.05%
  38300  7869    infeasible           2174.0000     2173.0000 10603116    0.05%
  38400  7865    infeasible           2174.0000     2173.0000 10642261    0.05%
  38500  7903     2173.0000    41     2174.0000     2173.0000 10681756    0.05%
  38600  7919    infeasible           2174.0000     2173.0000 10724021    0.05%
  38700  7951     2173.0000    45     2174.0000     2173.0000 10760712    0.05%
  38800  7959    infeasible           2174.0000     2173.0000 10791775    0.05%
  38900  7947     2173.0000    41     2174.0000     2173.0000 10822771    0.05%
  39000  7973    infeasible           2174.0000     2173.0000 10854398    0.05%
Elapsed time = 3941.61 sec. (tree size =  7.77 MB, solutions = 13)
  39100  7955     2173.0000    37     2174.0000     2173.0000 10892350    0.05%
  39200  7967    infeasible           2174.0000     2173.0000 10927178    0.05%
  39300  7977     2173.0000    48     2174.0000     2173.0000 10964295    0.05%
  39400  8022    infeasible           2174.0000     2173.0000 11004638    0.05%
  39500  8026    infeasible           2174.0000     2173.0000 11051699    0.05%
  39600  8060    infeasible           2174.0000     2173.0000 11096183    0.05%
  39700  8058     2173.0000    44     2174.0000     2173.0000 11142081    0.05%
  39800  8094     2173.0000    52     2174.0000     2173.0000 11172895    0.05%
  39900  8102     2173.0000    41     2174.0000     2173.0000 11216334    0.05%
  40000  8100     2173.0000    54     2174.0000     2173.0000 11259273    0.05%
Elapsed time = 4112.30 sec. (tree size =  7.89 MB, solutions = 13)
  40100  8096     2173.0000    38     2174.0000     2173.0000 11300375    0.05%
  40200  8108     2173.0000    49     2174.0000     2173.0000 11340038    0.05%
  40300  8101     2173.0000    37     2174.0000     2173.0000 11377806    0.05%
  40400  8086    infeasible           2174.0000     2173.0000 11411537    0.05%
  40500  8050    infeasible           2174.0000     2173.0000 11447600    0.05%
  40600  8054    infeasible           2174.0000     2173.0000 11477537    0.05%
  40700  8020     2173.0000    43     2174.0000     2173.0000 11514881    0.05%
  40800  8004    infeasible           2174.0000     2173.0000 11557946    0.05%
  40900  7992    infeasible           2174.0000     2173.0000 11595756    0.05%
  41000  8010    infeasible           2174.0000     2173.0000 11634542    0.05%
Elapsed time = 4253.97 sec. (tree size =  7.80 MB, solutions = 13)
  41100  8014    infeasible           2174.0000     2173.0000 11676532    0.05%
  41200  8027    infeasible           2174.0000     2173.0000 11713102    0.05%
  41300  8039    infeasible           2174.0000     2173.0000 11744441    0.05%
  41400  8035     2173.0000    39     2174.0000     2173.0000 11783430    0.05%
  41500  8037     2173.0000    43     2174.0000     2173.0000 11816475    0.05%
  41600  8067    infeasible           2174.0000     2173.0000 11849004    0.05%
  41700  8075     2173.0000    43     2174.0000     2173.0000 11886204    0.05%
  41800  8083     2173.0000    44     2174.0000     2173.0000 11926568    0.05%
  41900  8109    infeasible           2174.0000     2173.0000 11959546    0.05%
  42000  8145     2173.0000    44     2174.0000     2173.0000 11988260    0.05%
Elapsed time = 4386.51 sec. (tree size =  7.93 MB, solutions = 13)
  42100  8133     2173.0000    37     2174.0000     2173.0000 12018975    0.05%
  42200  8126     2173.0000    40     2174.0000     2173.0000 12051784    0.05%
  42300  8132     2173.0000    41     2174.0000     2173.0000 12084612    0.05%
  42400  8146     2173.0000    54     2174.0000     2173.0000 12113173    0.05%
  42500  8164     2173.0000    35     2174.0000     2173.0000 12145267    0.05%
  42600  8156     2173.0000    43     2174.0000     2173.0000 12176988    0.05%
  42700  8148    infeasible           2174.0000     2173.0000 12216167    0.05%
  42800  8146     2173.0000    31     2174.0000     2173.0000 12246822    0.05%
  42900  8153     2173.0000    36     2174.0000     2173.0000 12277908    0.05%
  43000  8141     2173.0000    32     2174.0000     2173.0000 12313137    0.05%
Elapsed time = 4502.41 sec. (tree size =  7.93 MB, solutions = 13)
  43100  8133    infeasible           2174.0000     2173.0000 12345451    0.05%
  43200  8137    infeasible           2174.0000     2173.0000 12373136    0.05%
  43300  8135    infeasible           2174.0000     2173.0000 12408361    0.05%
  43400  8155    infeasible           2174.0000     2173.0000 12445410    0.05%
  43500  8153    infeasible           2174.0000     2173.0000 12486202    0.05%
  43600  8177     2173.0000    68     2174.0000     2173.0000 12526814    0.05%
  43700  8203    infeasible           2174.0000     2173.0000 12568776    0.05%
  43800  8239     2173.0000    28     2174.0000     2173.0000 12601393    0.05%
  43900  8283     2173.0000    40     2174.0000     2173.0000 12628215    0.05%
  44000  8309    infeasible           2174.0000     2173.0000 12655932    0.05%
Elapsed time = 4630.76 sec. (tree size =  8.23 MB, solutions = 13)
  44100  8301     2173.0000    38     2174.0000     2173.0000 12688536    0.05%
  44200  8315    infeasible           2174.0000     2173.0000 12715338    0.05%
  44300  8305    infeasible           2174.0000     2173.0000 12748017    0.05%
  44400  8314     2173.0000    48     2174.0000     2173.0000 12776062    0.05%
  44500  8322     2173.0000    45     2174.0000     2173.0000 12806988    0.05%
  44600  8304     2173.0000    46     2174.0000     2173.0000 12839493    0.05%
  44700  8322    infeasible           2174.0000     2173.0000 12870338    0.05%
  44800  8323    infeasible           2174.0000     2173.0000 12905768    0.05%
  44900  8338     2173.0000    50     2174.0000     2173.0000 12943413    0.05%
  45000  8338     2173.0000    56     2174.0000     2173.0000 12980006    0.05%
Elapsed time = 4746.06 sec. (tree size =  8.25 MB, solutions = 13)
  45100  8360     2173.0000    40     2174.0000     2173.0000 13011318    0.05%
  45200  8368    infeasible           2174.0000     2173.0000 13041066    0.05%
  45300  8363     2173.0000    49     2174.0000     2173.0000 13077750    0.05%
  45400  8390     2173.0000    55     2174.0000     2173.0000 13124762    0.05%
  45500  8384     2173.0000    63     2174.0000     2173.0000 13170515    0.05%
  45600  8438     2173.0000    62     2174.0000     2173.0000 13208861    0.05%
  45700  8456     2173.0000    37     2174.0000     2173.0000 13254798    0.05%
  45800  8459     2173.0000    46     2174.0000     2173.0000 13296804    0.05%
  45900  8457    infeasible           2174.0000     2173.0000 13336625    0.05%
  46000  8471     2173.0000    37     2174.0000     2173.0000 13378373    0.05%
Elapsed time = 4909.33 sec. (tree size =  8.38 MB, solutions = 13)
  46100  8473    infeasible           2174.0000     2173.0000 13408297    0.05%
  46200  8475     2173.0000    41     2174.0000     2173.0000 13447971    0.05%
  46300  8453     2173.0000    60     2174.0000     2173.0000 13486408    0.05%
  46400  8445    infeasible           2174.0000     2173.0000 13525955    0.05%
  46500  8473     2173.0000    34     2174.0000     2173.0000 13564378    0.05%
  46600  8473    infeasible           2174.0000     2173.0000 13596172    0.05%
  46700  8489    infeasible           2174.0000     2173.0000 13630907    0.05%
  46800  8501     2173.0000    47     2174.0000     2173.0000 13666393    0.05%
  46900  8488     2173.0000    42     2174.0000     2173.0000 13700974    0.05%
  47000  8488    infeasible           2174.0000     2173.0000 13737965    0.05%
Elapsed time = 5043.64 sec. (tree size =  8.40 MB, solutions = 13)
  47100  8486        cutoff           2174.0000     2173.0000 13778649    0.05%
  47200  8502    infeasible           2174.0000     2173.0000 13820478    0.05%
  47300  8485     2173.0000    39     2174.0000     2173.0000 13860565    0.05%
  47400  8511     2173.0000    43     2174.0000     2173.0000 13891385    0.05%
  47500  8507    infeasible           2174.0000     2173.0000 13920218    0.05%
  47600  8489    infeasible           2174.0000     2173.0000 13958354    0.05%
  47700  8478    infeasible           2174.0000     2173.0000 13992561    0.05%
  47800  8474    infeasible           2174.0000     2173.0000 14035290    0.05%
  47900  8478    infeasible           2174.0000     2173.0000 14077976    0.05%
  48000  8494    infeasible           2174.0000     2173.0000 14109813    0.05%
Elapsed time = 5185.64 sec. (tree size =  8.41 MB, solutions = 13)
  48100  8483    infeasible           2174.0000     2173.0000 14147758    0.05%
  48200  8529     2173.0000    43     2174.0000     2173.0000 14177035    0.05%
  48300  8535     2173.0000    40     2174.0000     2173.0000 14208092    0.05%
  48400  8535     2173.0000    39     2174.0000     2173.0000 14242204    0.05%
  48500  8527     2173.0000    40     2174.0000     2173.0000 14275113    0.05%
  48600  8529     2173.0000    36     2174.0000     2173.0000 14306051    0.05%
  48700  8521     2173.0000    38     2174.0000     2173.0000 14338829    0.05%
  48800  8519    infeasible           2174.0000     2173.0000 14371291    0.05%
  48900  8541    infeasible           2174.0000     2173.0000 14402336    0.05%
  49000  8523     2173.0000    30     2174.0000     2173.0000 14440758    0.05%
Elapsed time = 5303.20 sec. (tree size =  8.44 MB, solutions = 13)
  49100  8549     2173.0000    46     2174.0000     2173.0000 14480898    0.05%
  49200  8540    infeasible           2174.0000     2173.0000 14518053    0.05%
  49300  8555     2173.0000    46     2174.0000     2173.0000 14552055    0.05%
  49400  8539    infeasible           2174.0000     2173.0000 14585718    0.05%
  49500  8567    infeasible           2174.0000     2173.0000 14626557    0.05%
  49600  8569    infeasible           2174.0000     2173.0000 14656724    0.05%
  49700  8577     2173.0000    42     2174.0000     2173.0000 14691947    0.05%
  49800  8589    infeasible           2174.0000     2173.0000 14728373    0.05%
  49900  8579     2173.0000    52     2174.0000     2173.0000 14767994    0.05%
  50000  8601    infeasible           2174.0000     2173.0000 14808990    0.05%
Elapsed time = 5443.72 sec. (tree size =  8.52 MB, solutions = 13)
  50100  8597     2173.0000    47     2174.0000     2173.0000 14848486    0.05%
  50200  8613    infeasible           2174.0000     2173.0000 14882821    0.05%
  50300  8613    infeasible           2174.0000     2173.0000 14917399    0.05%
  50400  8605    infeasible           2174.0000     2173.0000 14955830    0.05%
  50500  8607     2173.0000    44     2174.0000     2173.0000 14999626    0.05%
  50600  8603    infeasible           2174.0000     2173.0000 15037026    0.05%
  50700  8625    infeasible           2174.0000     2173.0000 15068616    0.05%
  50800  8657    infeasible           2174.0000     2173.0000 15099056    0.05%
  50900  8635    infeasible           2174.0000     2173.0000 15134941    0.05%
  51000  8633     2173.0000    43     2174.0000     2173.0000 15167730    0.05%
Elapsed time = 5576.91 sec. (tree size =  8.55 MB, solutions = 13)
  51100  8635     2173.0000    43     2174.0000     2173.0000 15201801    0.05%
  51200  8619     2173.0000    43     2174.0000     2173.0000 15234504    0.05%
  51300  8613    infeasible           2174.0000     2173.0000 15270209    0.05%
  51400  8611    infeasible           2174.0000     2173.0000 15309869    0.05%
  51500  8575    infeasible           2174.0000     2173.0000 15347556    0.05%
  51600  8571     2173.0000    40     2174.0000     2173.0000 15380338    0.05%
  51700  8574    infeasible           2174.0000     2173.0000 15411039    0.05%
  51800  8565     2173.0000    39     2174.0000     2173.0000 15450549    0.05%
  51900  8563     2173.0000    44     2174.0000     2173.0000 15486668    0.05%
  52000  8585     2173.0000    28     2174.0000     2173.0000 15521901    0.05%
Elapsed time = 5708.31 sec. (tree size =  8.50 MB, solutions = 13)
  52100  8581     2173.0000    48     2174.0000     2173.0000 15566531    0.05%
  52200  8565    infeasible           2174.0000     2173.0000 15610276    0.05%
  52300  8569     2173.0000    48     2174.0000     2173.0000 15649554    0.05%
  52400  8569    infeasible           2174.0000     2173.0000 15687675    0.05%
  52500  8569    infeasible           2174.0000     2173.0000 15719200    0.05%
  52600  8593    infeasible           2174.0000     2173.0000 15751425    0.05%
  52700  8583     2173.0000    44     2174.0000     2173.0000 15785496    0.05%
  52800  8591     2173.0000    40     2174.0000     2173.0000 15814994    0.05%
  52900  8589    infeasible           2174.0000     2173.0000 15853670    0.05%
  53000  8587    infeasible           2174.0000     2173.0000 15889718    0.05%
Elapsed time = 5848.20 sec. (tree size =  8.50 MB, solutions = 13)
  53100  8585     2173.0000    63     2174.0000     2173.0000 15921216    0.05%
  53200  8569    infeasible           2174.0000     2173.0000 15962203    0.05%
  53300  8569    infeasible           2174.0000     2173.0000 16000667    0.05%
  53400  8567    infeasible           2174.0000     2173.0000 16037322    0.05%
  53500  8553    infeasible           2174.0000     2173.0000 16075987    0.05%
  53600  8541    infeasible           2174.0000     2173.0000 16115146    0.05%
  53700  8597    infeasible           2174.0000     2173.0000 16153928    0.05%
  53800  8621    infeasible           2174.0000     2173.0000 16196105    0.05%
  53900  8623     2173.0000    43     2174.0000     2173.0000 16242105    0.05%
  54000  8635     2173.0000    46     2174.0000     2173.0000 16285714    0.05%
Elapsed time = 6009.45 sec. (tree size =  8.55 MB, solutions = 13)
  54100  8637    infeasible           2174.0000     2173.0000 16331206    0.05%
  54200  8641     2173.0000    49     2174.0000     2173.0000 16376427    0.05%
  54300  8645     2173.0000    42     2174.0000     2173.0000 16416393    0.05%
  54400  8649     2173.0000    44     2174.0000     2173.0000 16455703    0.05%
  54500  8643     2173.0000    54     2174.0000     2173.0000 16495058    0.05%
  54600  8639    infeasible           2174.0000     2173.0000 16534025    0.05%
  54700  8647    infeasible           2174.0000     2173.0000 16576186    0.05%
  54800  8661     2173.0000    61     2174.0000     2173.0000 16615373    0.05%
  54900  8685     2173.0000    46     2174.0000     2173.0000 16658864    0.05%
  55000  8681    infeasible           2174.0000     2173.0000 16691258    0.05%
Elapsed time = 6173.56 sec. (tree size =  8.59 MB, solutions = 13)
  55100  8707     2173.0000    35     2174.0000     2173.0000 16721967    0.05%
  55200  8697     2173.0000    47     2174.0000     2173.0000 16753083    0.05%
  55300  8675    infeasible           2174.0000     2173.0000 16792551    0.05%
  55400  8687    infeasible           2174.0000     2173.0000 16830008    0.05%
  55500  8685    infeasible           2174.0000     2173.0000 16867494    0.05%
  55600  8697    infeasible           2174.0000     2173.0000 16902156    0.05%
  55700  8731     2173.0000    43     2174.0000     2173.0000 16937060    0.05%
  55800  8725    infeasible           2174.0000     2173.0000 16969572    0.05%
  55900  8701    infeasible           2174.0000     2173.0000 17010273    0.05%
  56000  8685     2173.0000    43     2174.0000     2173.0000 17052941    0.05%
Elapsed time = 6305.73 sec. (tree size =  8.60 MB, solutions = 13)
  56100  8687    infeasible           2174.0000     2173.0000 17092437    0.05%
  56200  8689    infeasible           2174.0000     2173.0000 17127204    0.05%
  56300  8721    infeasible           2174.0000     2173.0000 17160406    0.05%
  56400  8713     2173.0000    45     2174.0000     2173.0000 17197337    0.05%
  56500  8729    infeasible           2174.0000     2173.0000 17242189    0.05%
  56600  8719     2173.0000    42     2174.0000     2173.0000 17281142    0.05%
  56700  8720     2173.0000    58     2174.0000     2173.0000 17315432    0.05%
  56800  8728     2173.0000    58     2174.0000     2173.0000 17351743    0.05%
  56900  8740    infeasible           2174.0000     2173.0000 17396003    0.05%
  57000  8759     2173.0000    35     2174.0000     2173.0000 17434518    0.05%
Elapsed time = 6454.48 sec. (tree size =  8.67 MB, solutions = 13)
  57100  8763    infeasible           2174.0000     2173.0000 17477765    0.05%
  57200  8761    infeasible           2174.0000     2173.0000 17515602    0.05%
  57300  8763     2173.0000    49     2174.0000     2173.0000 17556627    0.05%
  57400  8787     2173.0000    36     2174.0000     2173.0000 17591049    0.05%
  57500  8783    infeasible           2174.0000     2173.0000 17621467    0.05%
  57600  8803    infeasible           2174.0000     2173.0000 17664820    0.05%
  57700  8813    infeasible           2174.0000     2173.0000 17705991    0.05%
  57800  8821     2173.0000    42     2174.0000     2173.0000 17744716    0.05%
  57900  8841    infeasible           2174.0000     2173.0000 17775956    0.05%
  58000  8859    infeasible           2174.0000     2173.0000 17805965    0.05%
Elapsed time = 6598.42 sec. (tree size =  8.77 MB, solutions = 13)
  58100  8845    infeasible           2174.0000     2173.0000 17841415    0.05%
  58200  8836    infeasible           2174.0000     2173.0000 17880002    0.05%
  58300  8822    infeasible           2174.0000     2173.0000 17914323    0.05%
  58400  8811     2173.0000    43     2174.0000     2173.0000 17955446    0.05%
  58500  8821    infeasible           2174.0000     2173.0000 17996566    0.05%
  58600  8805    infeasible           2174.0000     2173.0000 18035521    0.05%
  58700  8807    infeasible           2174.0000     2173.0000 18074607    0.05%
  58800  8833    infeasible           2174.0000     2173.0000 18117651    0.05%
  58900  8849     2173.0000    45     2174.0000     2173.0000 18164760    0.05%
  59000  8843     2173.0000    38     2174.0000     2173.0000 18209128    0.05%
Elapsed time = 6759.19 sec. (tree size =  8.74 MB, solutions = 13)
  59100  8823     2173.0000    36     2174.0000     2173.0000 18243126    0.05%
  59200  8816    infeasible           2174.0000     2173.0000 18282657    0.05%
  59300  8830    infeasible           2174.0000     2173.0000 18316691    0.05%
  59400  8826     2173.0000    66     2174.0000     2173.0000 18358940    0.05%
  59500  8813    infeasible           2174.0000     2173.0000 18399963    0.05%
  59600  8815     2173.0000    42     2174.0000     2173.0000 18445212    0.05%
  59700  8811    infeasible           2174.0000     2173.0000 18485503    0.05%
  59800  8815    infeasible           2174.0000     2173.0000 18520269    0.05%
  59900  8828     2173.0000    47     2174.0000     2173.0000 18555953    0.05%
  60000  8850     2173.0000    45     2174.0000     2173.0000 18597245    0.05%
Elapsed time = 6911.19 sec. (tree size =  8.75 MB, solutions = 13)
  60100  8878     2173.0000    39     2174.0000     2173.0000 18631297    0.05%
  60200  8874    infeasible           2174.0000     2173.0000 18665748    0.05%
  60300  8866    infeasible           2174.0000     2173.0000 18701382    0.05%
  60400  8840    infeasible           2174.0000     2173.0000 18741156    0.05%
  60500  8832    infeasible           2174.0000     2173.0000 18777289    0.05%
  60600  8848     2173.0000    43     2174.0000     2173.0000 18817270    0.05%
  60700  8858     2173.0000    38     2174.0000     2173.0000 18851784    0.05%
  60800  8858     2173.0000    46     2174.0000     2173.0000 18888300    0.05%
  60900  8870    infeasible           2174.0000     2173.0000 18923025    0.05%
  61000  8860    infeasible           2174.0000     2173.0000 18958482    0.05%
Elapsed time = 7044.19 sec. (tree size =  8.76 MB, solutions = 13)
  61100  8859     2173.0000    53     2174.0000     2173.0000 18995135    0.05%
  61200  8857    infeasible           2174.0000     2173.0000 19029491    0.05%
  61300  8851     2173.0000    49     2174.0000     2173.0000 19063358    0.05%
  61400  8825     2173.0000    38     2174.0000     2173.0000 19104809    0.05%
  61500  8817    infeasible           2174.0000     2173.0000 19142745    0.05%
  61600  8839     2173.0000    49     2174.0000     2173.0000 19180350    0.05%
  61700  8845     2173.0000    51     2174.0000     2173.0000 19211835    0.05%
  61800  8863    infeasible           2174.0000     2173.0000 19242993    0.05%
  61900  8855    infeasible           2174.0000     2173.0000 19278577    0.05%
  62000  8863     2173.0000    52     2174.0000     2173.0000 19315748    0.05%
Elapsed time = 7176.13 sec. (tree size =  8.76 MB, solutions = 13)
  62100  8890     2173.0000    42     2174.0000     2173.0000 19352881    0.05%

Cover cuts applied:  987
Mixed integer rounding cuts applied:  43
Gomory fractional cuts applied:  20

Solution pool: 13 solutions saved.

MIP - Time limit exceeded, integer feasible:  Objective = 2.1740000000e+003
Current MIP best bound = 2.1730000000e+003 (gap = 1, 0.05%)
Solution time = 7200.05 sec.  Iterations = 19374205  Nodes = 62156 (8895)


Incumbent solution
Variable Name           Solution Value
Cmax                       2174.000000
X_1_4                         1.000000
X_2_2                         1.000000
X_3_2                         1.000000
X_4_6                         1.000000
X_5_3                         1.000000
X_6_3                         1.000000
X_7_5                         1.000000
X_8_8                         1.000000
X_9_9                         1.000000
X_10_6                        1.000000
X_11_7                        1.000000
X_12_9                        1.000000
X_13_4                        1.000000
X_14_10                       1.000000
X_15_3                        1.000000
X_16_1                        1.000000
X_17_7                        1.000000
X_18_9                        1.000000
X_19_7                        1.000000
X_20_2                        1.000000
X_21_3                        1.000000
X_22_4                        1.000000
X_23_5                        1.000000
X_24_8                        1.000000
X_25_5                        1.000000
X_26_7                        1.000000
X_27_7                        1.000000
X_28_5                        1.000000
X_29_2                        1.000000
X_30_3                        1.000000
X_31_8                        1.000000
X_32_10                       1.000000
X_33_2                        1.000000
X_34_10                       1.000000
X_35_8                        1.000000
X_36_8                        1.000000
X_37_3                        1.000000
X_38_6                        1.000000
X_39_4                        1.000000
X_40_6                        1.000000
X_41_4                        1.000000
X_42_1                        1.000000
X_43_1                        1.000000
X_44_6                        1.000000
X_45_6                        1.000000
X_46_5                        1.000000
X_47_4                        1.000000
X_48_4                        1.000000
X_49_10                       1.000000
X_50_8                        1.000000
X_51_8                        1.000000
X_52_8                        1.000000
X_53_8                        1.000000
X_54_10                       1.000000
X_55_1                        1.000000
X_56_2                        1.000000
X_57_1                        1.000000
X_58_6                        1.000000
X_59_7                        1.000000
X_60_3                        1.000000
X_61_10                       1.000000
X_62_3                        1.000000
X_63_9                        1.000000
X_64_5                        1.000000
X_65_2                        1.000000
X_66_1                        1.000000
X_67_1                        1.000000
X_68_8                        1.000000
X_69_4                        1.000000
X_70_2                        1.000000
X_71_5                        1.000000
X_72_10                       1.000000
X_73_3                        1.000000
X_74_1                        1.000000
X_75_9                        1.000000
X_76_10                       1.000000
X_77_10                       1.000000
X_78_6                        1.000000
X_79_7                        1.000000
X_80_7                        1.000000
X_81_6                        1.000000
X_82_6                        1.000000
X_83_1                        1.000000
X_84_8                        1.000000
X_85_8                        1.000000
X_86_9                        1.000000
X_87_9                        1.000000
X_88_5                        1.000000
X_89_9                        1.000000
X_90_10                       1.000000
X_91_6                        1.000000
X_92_5                        1.000000
X_93_3                        1.000000
X_94_2                        1.000000
X_95_8                        1.000000
X_96_6                        1.000000
X_97_9                        1.000000
X_98_9                        1.000000
X_99_4                        1.000000
X_100_9                       1.000000
X_101_3                       1.000000
X_102_1                       1.000000
X_103_4                       1.000000
X_104_5                       1.000000
X_105_8                       1.000000
X_106_7                       1.000000
X_107_5                       1.000000
X_108_10                      1.000000
X_109_7                       1.000000
X_110_9                       1.000000
X_111_7                       1.000000
X_112_8                       1.000000
X_113_5                       1.000000
X_114_1                       1.000000
X_115_6                       1.000000
X_116_10                      1.000000
X_117_5                       1.000000
X_118_4                       1.000000
X_119_5                       1.000000
X_120_6                       1.000000
X_121_9                       1.000000
X_122_7                       1.000000
X_123_2                       1.000000
X_124_10                      1.000000
X_125_9                       1.000000
X_126_8                       1.000000
X_127_3                       1.000000
X_128_6                       1.000000
X_129_6                       1.000000
X_130_1                       1.000000
X_131_4                       1.000000
X_132_2                       1.000000
X_133_7                       1.000000
X_134_2                       1.000000
X_135_10                      1.000000
X_136_10                      1.000000
X_137_2                       1.000000
X_138_9                       1.000000
X_139_2                       1.000000
X_140_4                       1.000000
X_141_9                       1.000000
X_142_1                       1.000000
X_143_3                       1.000000
X_144_3                       1.000000
X_145_2                       1.000000
X_146_10                      1.000000
X_147_8                       1.000000
X_148_4                       1.000000
X_149_5                       1.000000
X_150_2                       1.000000
X_151_3                       1.000000
X_152_2                       1.000000
X_153_3                       1.000000
X_154_7                       1.000000
X_155_7                       1.000000
X_156_5                       1.000000
X_157_2                       1.000000
X_158_7                       1.000000
X_159_5                       1.000000
X_160_10                      1.000000
X_161_4                       1.000000
X_162_1                       1.000000
X_163_8                       1.000000
X_164_1                       1.000000
X_165_6                       1.000000
X_166_3                       1.000000
X_167_7                       1.000000
X_168_7                       1.000000
X_169_2                       1.000000
X_170_5                       1.000000
X_171_10                      1.000000
X_172_6                       1.000000
X_173_5                       1.000000
X_174_4                       1.000000
X_175_9                       1.000000
X_176_4                       1.000000
X_177_1                       1.000000
X_178_9                       1.000000
X_179_9                       1.000000
X_180_7                       1.000000
X_181_5                       1.000000
X_182_3                       1.000000
X_183_10                      1.000000
X_184_3                       1.000000
X_185_6                       1.000000
X_186_7                       1.000000
X_187_8                       1.000000
X_188_1                       1.000000
X_189_1                       1.000000
X_190_4                       1.000000
X_191_2                       1.000000
X_192_1                       1.000000
X_193_4                       1.000000
X_194_4                       1.000000
X_195_8                       1.000000
X_196_6                       1.000000
X_197_3                       1.000000
X_198_9                       1.000000
X_199_1                       1.000000
X_200_10                      1.000000
All other variables in the range 1-2001 are 0.
