
Log started (V11.0.0) Fri Apr 18 18:49:27 2008

Tried aggregator 1 time.
Reduced MIP has 220 rows, 4001 columns, and 8020 nonzeros.
Presolve time =    0.03 sec.
Clique table members: 200.
MIP emphasis: balance optimality and feasibility.
MIP search method: dynamic search.
Parallel mode: none, using 1 thread.
Root relaxation solution time =    0.11 sec.

        Nodes                                         Cuts/
   Node  Left     Objective  IInf  Best Integer     Best Node    ItCnt     Gap

*     0+    0                        30232.0000     1043.2602      446   96.55%
*     0+    0                         1065.0000     1043.2602      446    2.04%
      0     0     1044.0000    35     1065.0000      Fract: 6      480    1.97%
      0     0     1044.0000    41     1065.0000     Covers: 3      522    1.97%
      0     0     1044.0000    42     1065.0000     Covers: 1      591    1.97%
*     0+    0                         1064.0000     1044.0000      591    1.88%
      0     2     1044.0000    42     1064.0000     1044.0000      591    1.88%
    100    87     1046.0000    36     1064.0000     1044.0000     3321    1.88%
    200   164     1048.0000    35     1064.0000     1044.0000     6683    1.88%
    300   207     1052.6301    34     1064.0000     1044.0000     9491    1.88%
    400   288     1056.0000    36     1064.0000     1044.0000    12496    1.88%
    500   362     1060.1844    35     1064.0000     1044.0000    16454    1.88%
*   511+  368                         1063.0000     1044.0000    16845    1.79%
*   513+  245                         1061.0000     1046.0000    18509    1.41%
*   513+  162                         1055.0000     1046.0000    18509    0.85%
*   513+  108                         1054.0000     1046.0000    18509    0.76%
    600   127     1052.0000    37     1054.0000     1046.0000    20369    0.76%
    700   170     1048.0000    44     1054.0000     1046.0000    23912    0.76%
    800   256     1050.0000    31     1054.0000     1046.0000    27975    0.76%
    900   344     1051.0000    42     1054.0000     1046.0000    31508    0.76%
*   913+  326                         1053.0000     1046.0000    31846    0.66%
   1000   411     1050.0000    40     1053.0000     1046.0000    34095    0.66%
Elapsed time =  22.13 sec. (tree size =  1.99 MB, solutions = 8)
*  1013+  379                         1052.0000     1046.0000    34468    0.57%
   1100   455     1048.0000    59     1052.0000     1046.0000    38911    0.57%
   1200   536     1051.0000    33     1052.0000     1046.0000    43023    0.57%
   1300   600     1048.0000    56     1052.0000     1046.0000    49640    0.57%
   1400   691     1051.0000    38     1052.0000     1046.0000    52797    0.57%
   1500   738     1047.0000    63     1052.0000     1047.0000    65395    0.48%
   1600   836     1049.0000    62     1052.0000     1047.0000    68042    0.48%
   1700   914     1049.0000    52     1052.0000     1047.0000    72698    0.48%
   1800  1004     1048.0021    69     1052.0000     1047.0000    76351    0.48%
   1900  1093     1051.0000    46     1052.0000     1047.0000    80805    0.48%
   2000  1165     1049.0000    58     1052.0000     1047.0000    89535    0.48%
Elapsed time =  38.31 sec. (tree size =  6.16 MB, solutions = 9)
   2100  1253     1048.1892    78     1052.0000     1047.0000    93520    0.48%
   2200  1345     1050.0000    45     1052.0000     1047.0000    96860    0.48%
   2300  1433     1049.0000    63     1052.0000     1047.0000   100711    0.48%
   2400  1513     1048.0000    73     1052.0000     1047.0000   105902    0.48%
   2500  1603     1050.0000    50     1052.0000     1047.0000   110070    0.48%
   2600  1689     1050.0000    63     1052.0000     1047.0000   115158    0.48%
   2700  1782     1049.0000    56     1052.0000     1047.0000   119423    0.48%
   2800  1870     1048.0000    66     1052.0000     1047.0000   124307    0.48%
   2900  1965     1050.0000    58     1052.0000     1047.0000   128990    0.48%
   3000  2054     1049.0000    51     1052.0000     1047.0000   133316    0.48%
Elapsed time =  54.36 sec. (tree size = 11.41 MB, solutions = 9)
   3100  2139     1051.0000    59     1052.0000     1047.0000   138990    0.48%
   3200  2228     1048.0000    62     1052.0000     1047.0000   143133    0.48%
   3300  2310     1048.0000    86     1052.0000     1047.0000   147300    0.48%
   3400  2397     1047.0000   103     1052.0000     1047.0000   152290    0.48%
   3500  2494     1050.0000    35     1052.0000     1047.0000   155548    0.48%
   3600  2583     1048.0000    67     1052.0000     1047.0000   160258    0.48%
   3700  2673     1047.0013    94     1052.0000     1047.0000   164262    0.48%
   3800  2771     1050.0000    54     1052.0000     1047.0000   168171    0.48%
   3900  2856     1049.0000    55     1052.0000     1047.0000   173045    0.48%
   4000  2947     1050.0000    54     1052.0000     1047.0000   177325    0.48%
Elapsed time =  70.09 sec. (tree size = 17.07 MB, solutions = 9)
   4100  3024     1048.0000    66     1052.0000     1047.0000   183146    0.48%
   4200  3118     1049.0000    44     1052.0000     1047.0000   187804    0.48%
   4300  3202     1049.0000    65     1052.0000     1047.0000   194437    0.48%
   4400  3300     1051.0000    42     1052.0000     1047.0000   196690    0.48%
   4500  3392     1049.0000    63     1052.0000     1047.0000   201440    0.48%
   4600  3477     1048.0000    80     1052.0000     1047.0000   208188    0.48%
   4700  3573     1049.0000    58     1052.0000     1047.0000   212699    0.48%
   4800  3643     1050.0000    51     1052.0000     1047.0000   219639    0.48%
   4900  3686     1051.0000    35     1052.0000     1047.0000   241234    0.48%
   5000  3756     1049.0000    53     1052.0000     1047.0000   252052    0.48%
Elapsed time =  91.63 sec. (tree size = 22.40 MB, solutions = 9)
   5100  3839     1047.0654   118     1052.0000     1047.0000   257240    0.48%
   5200  3934     1049.0000    63     1052.0000     1047.0000   262843    0.48%
   5300  4005     1051.0000    52     1052.0000     1047.0000   267671    0.48%
   5400  4078     1050.0000    69     1052.0000     1047.0000   273830    0.48%
   5500  4169     1049.0000    59     1052.0000     1047.0000   277632    0.48%
   5600  4265     1051.0000    26     1052.0000     1047.0000   279923    0.48%
   5700  4356     1050.0000    64     1052.0000     1047.0000   285066    0.48%
   5800  4446     1049.0000    57     1052.0000     1047.0000   290876    0.48%
   5900  4541     1050.0000    59     1052.0000     1047.0000   295709    0.48%
   6000  4611     1051.0000    45     1052.0000     1047.0000   305777    0.48%
Elapsed time = 108.30 sec. (tree size = 28.40 MB, solutions = 9)
   6100  4671     1049.0000    55     1052.0000     1047.0000   324136    0.48%
   6200  4761     1048.0000    77     1052.0000     1047.0000   329425    0.48%
   6300  4858     1051.0000    71     1052.0000     1047.0000   334734    0.48%
   6400  4951     1050.0000    43     1052.0000     1047.0000   339507    0.48%
   6500  5044     1048.0000    78     1052.0000     1047.0000   343765    0.48%
   6600  5142     1050.0000    56     1052.0000     1047.0000   347443    0.48%
   6700  5234     1049.0000    68     1052.0000     1047.0000   353602    0.48%
   6800  5331     1050.0000    54     1052.0000     1047.0000   357587    0.48%
   6900  5409     1050.0000    52     1052.0000     1047.0000   366584    0.48%
   7000  5502     1049.0000    68     1052.0000     1047.0000   371157    0.48%
Elapsed time = 129.16 sec. (tree size = 34.87 MB, solutions = 9)
   7100  5600     1050.1114    72     1052.0000     1047.0000   374200    0.48%
   7200  5693     1050.0000    26     1052.0000     1047.0000   378718    0.48%
   7300  5768     1048.0000    82     1052.0000     1047.0000   385639    0.48%
   7400  5862     1049.0290    63     1052.0000     1047.0000   389308    0.48%
   7500  5946     1050.0000    46     1052.0000     1047.0000   395476    0.48%
   7600  6011     1049.0000    57     1052.0000     1047.0000   405209    0.48%
   7700  6107     1050.0000    45     1052.0000     1047.0000   408569    0.48%
   7800  6191     1048.0000    84     1052.0000     1047.0000   414029    0.48%
   7900  6287     1050.0000    65     1052.0000     1047.0000   417213    0.48%
   8000  6366     1049.0000    68     1052.0000     1047.0000   424805    0.48%
Elapsed time = 148.00 sec. (tree size = 41.28 MB, solutions = 9)
   8100  6464     1051.0000    42     1052.0000     1047.0000   427242    0.48%
   8200  6548     1049.0000    46     1052.0000     1047.0000   434185    0.48%
*  8213+ 5377                         1051.0000     1047.0000   434370    0.38%
   8300  5461     1050.0000    54     1051.0000     1047.0000   438101    0.38%
   8400  5523     1049.0000    66     1051.0000     1047.0000   453571    0.38%
   8500  5615     1048.0000    74     1051.0000     1047.0000   458976    0.38%
   8600  5709     1050.0000    46     1051.0000     1047.0000   462834    0.38%
   8700  5802     1050.0000    50     1051.0000     1047.0000   467711    0.38%
   8800  5895     1050.0000    51     1051.0000     1047.0000   472159    0.38%
   8900  5988     1049.0000    66     1051.0000     1047.0000   476986    0.38%
   9000  6073     1049.0000    82     1051.0000     1047.0000   484666    0.38%
Elapsed time = 170.61 sec. (tree size = 40.26 MB, solutions = 10)
   9100  6162     1049.0000    77     1051.0000     1047.0000   490484    0.38%
   9200  6253     1048.1656    98     1051.0000     1047.0000   495281    0.38%
   9300  6352     1050.0000    48     1051.0000     1047.0000   497692    0.38%
   9400  6444     1049.0000    55     1051.0000     1047.0000   502130    0.38%
   9500  6531     1048.0000   102     1051.0000     1047.0000   508582    0.38%
   9600  6626     1050.0000    52     1051.0000     1047.0000   512116    0.38%
   9700  6715     1050.0000    58     1051.0000     1047.0000   518226    0.38%
   9800  6803     1049.0000    65     1051.0000     1047.0000   523541    0.38%
   9900  6890     1049.0000    60     1051.0000     1047.0000   530760    0.38%
  10000  6988     1050.0000    61     1051.0000     1047.0000   534861    0.38%
Elapsed time = 188.99 sec. (tree size = 47.31 MB, solutions = 10)
  10100  7077     1050.0000    56     1051.0000     1047.0000   541917    0.38%
  10200  7168     1048.0000    89     1051.0000     1047.0000   548823    0.38%
  10300  7266     1050.0000    30     1051.0000     1047.0000   550837    0.38%
  10400  7358     1049.0000    41     1051.0000     1047.0000   556235    0.38%
  10500  7446     1048.0000    74     1051.0000     1047.0000   561745    0.38%
  10600  7541     1049.0000    57     1051.0000     1047.0000   565864    0.38%
  10700  7605     1050.0000    46     1051.0000     1047.0000   580850    0.38%
  10800  7685     1049.0000    58     1051.0000     1047.0000   587884    0.38%
  10900  7778    infeasible           1051.0000     1047.0000   590284    0.38%
  11000  7868     1050.0000    50     1051.0000     1047.0000   596861    0.38%
Elapsed time = 212.17 sec. (tree size = 54.17 MB, solutions = 10)
  11100  7952     1049.0000    89     1051.0000     1047.0000   603298    0.38%
  11200  8045     1048.0000    81     1051.0000     1047.0000   607929    0.38%
  11300  8137     1050.0000    58     1051.0000     1047.0000   612351    0.38%
  11400  8231     1049.0000    66     1051.0000     1047.0000   615809    0.38%
  11500  8318     1049.0000    51     1051.0000     1047.0000   620327    0.38%
  11600  8417     1050.0000    59     1051.0000     1047.0000   622711    0.38%
  11700  8509     1049.0000    55     1051.0000     1047.0000   628488    0.38%
  11800  8595     1050.0000    59     1051.0000     1047.0000   635004    0.38%
  11900  8685     1049.0000    59     1051.0000     1047.0000   639630    0.38%
  12000  8776    infeasible           1051.0000     1047.0000   641716    0.38%
Elapsed time = 230.91 sec. (tree size = 61.50 MB, solutions = 10)
  12100  8873     1050.0000    56     1051.0000     1047.0000   644782    0.38%
  12200  8966     1050.0000    46     1051.0000     1047.0000   650009    0.38%
  12300  9057     1049.0000    52     1051.0000     1047.0000   653965    0.38%
  12400  9155     1050.0000    35     1051.0000     1047.0000   656567    0.38%
  12500  9239     1049.0000    55     1051.0000     1047.0000   662342    0.38%
  12600  9338     1050.0000    45     1051.0000     1047.0000   664006    0.38%
  12700  9431     1050.0000    51     1051.0000     1047.0000   668680    0.38%
  12800  9523     1049.0000    54     1051.0000     1047.0000   673110    0.38%
  12900  9614     1048.0000    70     1051.0000     1047.0000   677466    0.38%
  13000  9708     1049.2362    65     1051.0000     1047.0000   681519    0.38%
Elapsed time = 247.25 sec. (tree size = 68.94 MB, solutions = 10)
  13100  9798     1050.0000    48     1051.0000     1047.0000   687417    0.38%
  13200  9892     1049.0000    57     1051.0000     1047.0000   691209    0.38%
  13300  9991     1050.0000    44     1051.0000     1047.0000   694223    0.38%
  13400 10078     1049.0000    76     1051.0000     1047.0000   701613    0.38%
  13500 10165     1050.0000    49     1051.0000     1047.0000   707273    0.38%
  13600 10251     1049.0000    70     1051.0000     1047.0000   711954    0.38%
  13700 10347     1050.0000    63     1051.0000     1047.0000   716207    0.38%
  13800 10440     1050.0000    74     1051.0000     1047.0000   721363    0.38%
  13900 10520     1049.0000    44     1051.0000     1047.0000   729477    0.38%
  14000 10619     1050.0000    48     1051.0000     1047.0000   731322    0.38%
Elapsed time = 265.28 sec. (tree size = 76.33 MB, solutions = 10)
  14100 10706     1050.0000    46     1051.0000     1047.0000   739304    0.38%
  14200 10796     1049.0000    85     1051.0000     1047.0000   744960    0.38%
  14300 10880     1049.0177    78     1051.0000     1047.0000   752634    0.38%
  14400 10968     1049.0000    69     1051.0000     1047.0000   757241    0.38%
  14500 11067     1050.0000    40     1051.0000     1047.0000   759667    0.38%
  14600 11158     1050.0000    44     1051.0000     1047.0000   764716    0.38%
  14700 11243     1050.0000    46     1051.0000     1047.0000   773731    0.38%
  14800 11328     1048.0000    93     1051.0000     1047.0000   780361    0.38%
  14900 11424     1050.0000    43     1051.0000     1047.0000   784233    0.38%
  15000 11517     1049.0714    78     1051.0000     1047.0000   789295    0.38%
Elapsed time = 289.81 sec. (tree size = 83.91 MB, solutions = 10)
  15100 11608     1048.0000   104     1051.0000     1047.0000   792419    0.38%
  15200 11703     1050.0000    46     1051.0000     1047.0000   797427    0.38%
  15300 11796     1050.0000    57     1051.0000     1047.0000   802476    0.38%
  15400 11885     1050.0000    53     1051.0000     1047.0000   808465    0.38%
  15500 11976     1050.0000    65     1051.0000     1047.0000   813921    0.38%
  15600 12069     1049.0000    35     1051.0000     1047.0000   820448    0.38%
  15700 12157     1049.0000    77     1051.0000     1047.0000   825969    0.38%
  15800 12250     1049.0000    76     1051.0000     1047.0000   831088    0.38%
  15900 12342     1050.0000    73     1051.0000     1047.0000   837938    0.38%
  16000 12435     1049.0000    58     1051.0000     1047.0000   843285    0.38%
Elapsed time = 312.63 sec. (tree size = 91.74 MB, solutions = 10)
  16100 12526     1050.0000    45     1051.0000     1047.0000   846339    0.38%
  16200 12609     1050.0000    62     1051.0000     1047.0000   853497    0.38%
  16300 12700     1050.0000    42     1051.0000     1047.0000   857440    0.38%
  16400 12787     1048.0000    75     1051.0000     1047.0000   860806    0.38%
  16500 12885     1050.0000    44     1051.0000     1047.0000   864791    0.38%
  16600 12977     1049.0000    60     1051.0000     1047.0000   871348    0.38%
  16700 13068     1049.0000    76     1051.0000     1047.0000   876323    0.38%
  16800 13159     1049.0000    82     1051.0000     1047.0000   883149    0.38%
  16900 13250     1049.0000    66     1051.0000     1047.0000   889449    0.38%
  17000 13343     1048.0000    62     1051.0000     1047.0000   892548    0.38%
Elapsed time = 333.27 sec. (tree size = 99.60 MB, solutions = 10)
  17100 13439     1049.0000    26     1051.0000     1047.0000   896026    0.38%
  17200 13521     1049.0000    56     1051.0000     1047.0000   902368    0.38%
  17300 13593     1050.0000    51     1051.0000     1047.0000   911206    0.38%
  17400 13679     1048.0000    78     1051.0000     1047.0000   918217    0.38%
  17500 13775     1050.0000    46     1051.0000     1047.0000   922798    0.38%
  17600 13868     1050.0000    56     1051.0000     1047.0000   928012    0.38%
  17700 13953     1050.0000    67     1051.0000     1047.0000   936407    0.38%
  17800 14036     1049.0000    84     1051.0000     1047.0000   945091    0.38%
  17900 14128     1048.0000    58     1051.0000     1047.0000   949597    0.38%
  18000 14226     1049.0000    44     1051.0000     1047.0000   954957    0.38%
Elapsed time = 358.92 sec. (tree size = 107.47 MB, solutions = 10)
  18100 14319     1050.0000    10     1051.0000     1047.0000   961895    0.38%
  18200 14395     1049.0000    55     1051.0000     1047.0000   973807    0.38%
  18300 14483     1049.0000    66     1051.0000     1047.0000   981038    0.38%
  18400 14582     1050.0000    75     1051.0000     1047.0000   983861    0.38%
  18500 14673     1050.0000    53     1051.0000     1047.0000   990126    0.38%
  18600 14766     1048.0000    72     1051.0000     1047.0000   993802    0.38%
  18700 14864     1050.0000    50     1051.0000     1047.0000   998092    0.38%
  18800 14955     1050.0000    53     1051.0000     1047.0000  1002999    0.38%
  18900 15046     1050.0000    54     1051.0000     1047.0000  1010703    0.38%
  19000 15136     1050.0000    74     1051.0000     1047.0000  1016173    0.38%
Elapsed time = 386.02 sec. (tree size = 115.83 MB, solutions = 10)
  19100 15224     1048.0000    83     1051.0000     1047.0000  1023906    0.38%
  19200 15320     1049.0000    65     1051.0000     1047.0000  1030736    0.38%
  19300 15401     1048.0000    76     1051.0000     1047.0000  1037950    0.38%
  19400 15499     1050.0000    44     1051.0000     1047.0000  1043062    0.38%
  19500 15579     1050.0000    77     1051.0000     1047.0000  1053108    0.38%
  19600 15661     1048.0000    85     1051.0000     1047.0000  1063682    0.38%
  19700 15751     1049.0000    65     1051.0000     1047.0000  1069956    0.38%
  19800 15843     1049.0000   121     1051.0000     1047.0000  1075868    0.38%
  19900 15926     1050.0000   101     1051.0000     1047.0000  1084898    0.38%
  20000 16019     1049.1822    84     1051.0000     1047.0000  1091259    0.38%
Elapsed time = 416.50 sec. (tree size = 124.10 MB, solutions = 10)
  20100 16100     1050.0000    74     1051.0000     1047.0000  1101693    0.38%
  20200 16190     1049.0000    67     1051.0000     1047.0000  1111326    0.38%
  20300 16283     1049.0000    52     1051.0000     1047.0000  1117846    0.38%
  20400 16376     1049.0000    68     1051.0000     1047.0000  1123016    0.38%
  20500 16471    infeasible           1051.0000     1047.0000  1128562    0.38%
  20600 16559     1049.0000    69     1051.0000     1047.0000  1138040    0.38%
  20700 16647    infeasible           1051.0000     1047.0000  1142242    0.38%
  20800 16735     1049.0586    77     1051.0000     1047.0000  1151429    0.38%
  20900 16820     1049.0000    62     1051.0000     1047.0000  1161562    0.38%
  21000 16912     1050.0000    59     1051.0000     1047.0000  1168354    0.38%
Elapsed time = 447.33 sec. (tree size = 132.88 MB, solutions = 10)
Nodefile size =  4.98 MB (3.35 MB after compression)
  21100 16994     1049.0000    95     1051.0000     1047.0000  1178730    0.38%
  21200 17076     1050.0000    75     1051.0000     1047.0000  1189628    0.38%
  21300 17167     1050.0000    39     1051.0000     1047.0000  1196238    0.38%
  21400 17260     1050.0000    61     1051.0000     1047.0000  1202664    0.38%
  21500 17348     1050.0000    37     1051.0000     1047.0000  1210543    0.38%
  21600 17442     1049.0000    68     1051.0000     1047.0000  1219182    0.38%
  21700 17524     1050.0000    65     1051.0000     1047.0000  1228502    0.38%
  21800 17615     1050.0000    60     1051.0000     1047.0000  1235294    0.38%
  21900 17709     1049.0000    34     1051.0000     1047.0000  1241097    0.38%
  22000 17803     1049.0000    72     1051.0000     1047.0000  1247501    0.38%
Elapsed time = 480.84 sec. (tree size = 141.54 MB, solutions = 10)
Nodefile size = 13.94 MB (9.30 MB after compression)
  22100 17892     1049.0000    54     1051.0000     1047.0000  1255707    0.38%
  22200 17978     1050.0000    93     1051.0000     1047.0000  1265648    0.38%
  22300 18071     1050.0000    54     1051.0000     1047.0000  1272826    0.38%
  22400 18162     1050.0000    42     1051.0000     1047.0000  1280344    0.38%
  22500 18247     1049.0000    40     1051.0000     1047.0000  1288505    0.38%
  22600 18344     1050.0000    37     1051.0000     1047.0000  1292830    0.38%
  22700 18429     1049.0000    62     1051.0000     1047.0030  1303130    0.38%
  22800 18522     1049.0000    82     1051.0000     1047.0154  1309102    0.38%
  22900 18604     1048.0000    77     1051.0000     1048.0000  1318805    0.29%
  23000 18701     1050.0000    32     1051.0000     1048.0000  1323623    0.29%
Elapsed time = 514.74 sec. (tree size = 150.43 MB, solutions = 10)
Nodefile size = 22.89 MB (15.23 MB after compression)
  23100 18795     1050.0000    57     1051.0000     1048.0000  1328837    0.29%
  23200 18887     1050.0000    43     1051.0000     1048.0000  1335343    0.29%
  23300 18969     1050.0000    67     1051.0000     1048.0000  1345740    0.29%
  23400 19055     1050.0000    32     1051.0000     1048.0000  1353421    0.29%
  23500 19146     1049.0000    88     1051.0000     1048.0000  1359064    0.29%
  23600 19230    infeasible           1051.0000     1048.0000  1370020    0.29%
  23700 19324     1050.0000    62     1051.0000     1048.0000  1374918    0.29%
  23800 19413     1049.0000    71     1051.0000     1048.0000  1385277    0.29%
  23900 19506     1049.0000    48     1051.0000     1048.0000  1390683    0.29%
  24000 19598     1050.0000    48     1051.0000     1048.0000  1395624    0.29%
Elapsed time = 543.92 sec. (tree size = 159.45 MB, solutions = 10)
Nodefile size = 31.86 MB (21.11 MB after compression)
  24100 19683     1049.0000    47     1051.0000     1048.0000  1402258    0.29%
  24200 19776     1050.0000    67     1051.0000     1048.0000  1409273    0.29%
  24300 19865     1048.0702   119     1051.0000     1048.0000  1417994    0.29%
  24400 19962     1050.0000    68     1051.0000     1048.0000  1423771    0.29%
  24500 20047     1050.0000    68     1051.0000     1048.0000  1434805    0.29%
  24600 20133     1050.0000    72     1051.0000     1048.0000  1443596    0.29%
  24700 20225     1049.0000    56     1051.0000     1048.0000  1450850    0.29%
  24800 20311     1049.0000    68     1051.0000     1048.0000  1461656    0.29%
  24900 20403     1049.0000    62     1051.0000     1048.0000  1467712    0.29%
  25000 20500     1050.0000    32     1051.0000     1048.0000  1470588    0.29%
Elapsed time = 574.19 sec. (tree size = 168.81 MB, solutions = 10)
Nodefile size = 40.81 MB (26.68 MB after compression)
  25100 20589     1050.0000    58     1051.0000     1048.0000  1480796    0.29%
  25200 20672     1049.0000    75     1051.0000     1048.0000  1487864    0.29%
  25300 20757     1049.0000    68     1051.0000     1048.0000  1496681    0.29%
  25400 20846     1049.4138    84     1051.0000     1048.0000  1504393    0.29%
  25500 20931     1049.0000    46     1051.0000     1048.0000  1512188    0.29%
  25600 21019    infeasible           1051.0000     1048.0000  1518027    0.29%
  25700 21084     1050.0000    89     1051.0000     1048.0000  1533889    0.29%
  25800 21176     1050.0000    64     1051.0000     1048.0000  1541516    0.29%
  25900 21243     1050.0000    68     1051.0000     1048.0000  1556593    0.29%
  26000 21301     1050.0000   101     1051.0000     1048.0000  1575834    0.29%
Elapsed time = 618.59 sec. (tree size = 177.58 MB, solutions = 10)
Nodefile size = 49.77 MB (32.39 MB after compression)
  26100 21368    infeasible           1051.0000     1048.0000  1594503    0.29%
  26200 21433     1049.0000    75     1051.0000     1048.0000  1611670    0.29%
  26300 21516     1050.0000    52     1051.0000     1048.0000  1623659    0.29%
  26400 21610     1050.0000    61     1051.0000     1048.0000  1628675    0.29%
  26500 21694     1049.0000    49     1051.0000     1048.0000  1637243    0.29%
  26600 21791     1050.0000    49     1051.0000     1048.0000  1640099    0.29%
  26700 21868     1049.0000    72     1051.0000     1048.0000  1652263    0.29%
  26800 21948     1050.0000    52     1051.0000     1048.0000  1663636    0.29%
  26900 22024     1049.0708    82     1051.0000     1048.0000  1674404    0.29%
  27000 22112    infeasible           1051.0000     1048.0000  1683287    0.29%
Elapsed time = 665.58 sec. (tree size = 187.17 MB, solutions = 10)
Nodefile size = 59.72 MB (38.69 MB after compression)
  27100 22170     1048.0000    91     1051.0000     1048.0000  1699851    0.29%
  27200 22268     1050.0000    37     1051.0000     1048.0000  1702886    0.29%
  27300 22352     1049.0000    69     1051.0000     1048.0000  1712348    0.29%
  27400 22445     1050.0000    67     1051.0000     1048.0000  1720215    0.29%
  27500 22529     1049.0000    54     1051.0000     1048.0000  1732118    0.29%
  27600 22623     1050.0000    29     1051.0000     1048.0000  1736439    0.29%
  27700 22697     1050.0000    44     1051.0000     1048.0000  1747584    0.29%
  27800 22793     1048.0000    79     1051.0000     1048.0000  1753283    0.29%
  27900 22868     1050.0000    62     1051.0000     1048.0000  1766666    0.29%
  28000 22956     1050.0000    67     1051.0000     1048.0000  1775024    0.29%
Elapsed time = 709.41 sec. (tree size = 197.71 MB, solutions = 10)
Nodefile size = 70.67 MB (45.70 MB after compression)
  28100 23036     1050.0000   107     1051.0000     1048.0000  1788819    0.29%
  28200 23103     1050.0000    88     1051.0000     1048.0000  1810946    0.29%
  28300 23192     1050.0000    62     1051.0000     1048.0000  1819753    0.29%
  28400 23255     1050.0000    90     1051.0000     1048.0000  1847764    0.29%
  28500 23302     1048.0000    95     1051.0000     1048.0000  1880464    0.29%
  28600 23391     1050.0000    34     1051.0000     1048.0000  1887595    0.29%
  28700 23447        cutoff           1051.0000     1048.0000  1909573    0.29%
  28800 23446     1049.0000   113     1051.0000     1048.0000  1981301    0.29%
  28900 23481     1050.0000   110     1051.0000     1048.0000  2035162    0.29%
  29000 23536     1050.0000    89     1051.0000     1048.0000  2069606    0.29%
Elapsed time = 870.31 sec. (tree size = 206.17 MB, solutions = 10)
Nodefile size = 78.63 MB (50.79 MB after compression)
  29100 23552     1049.6727    94     1051.0000     1048.0000  2117840    0.29%
  29200 23585     1050.0000   108     1051.0000     1048.0000  2174882    0.29%
  29300 23624    infeasible           1051.0000     1048.0000  2218974    0.29%
  29400 23649    infeasible           1051.0000     1048.0000  2271780    0.29%
  29500 23653        cutoff           1051.0000     1048.0000  2332664    0.29%
  29600 23680    infeasible           1051.0000     1048.0000  2373991    0.29%
  29700 23736     1049.4913    91     1051.0000     1048.0000  2412603    0.29%
  29800 23748     1050.0000   112     1051.0000     1048.0000  2465653    0.29%
  29900 23808     1050.0000    95     1051.0000     1048.0000  2493713    0.29%
  30000 23828        cutoff           1051.0000     1048.0000  2533728    0.29%
Elapsed time = 1139.72 sec. (tree size = 212.32 MB, solutions = 10)
Nodefile size = 84.60 MB (54.89 MB after compression)
  30100 23855     1050.0000   106     1051.0000     1048.0000  2582897    0.29%
  30200 23899    infeasible           1051.0000     1048.0000  2623251    0.29%
  30300 23933    infeasible           1051.0000     1048.0000  2665955    0.29%
  30400 23969     1049.0000   102     1051.0000     1048.0000  2711315    0.29%
  30500 24009     1049.0000   131     1051.0000     1048.0000  2753290    0.29%
  30600 24053    infeasible           1051.0000     1048.0000  2805704    0.29%
  30700 24110        cutoff           1051.0000     1048.0000  2830001    0.29%
  30800 24166     1049.0000    99     1051.0000     1048.0000  2866494    0.29%
  30900 24173     1049.0000   120     1051.0000     1048.0000  2927164    0.29%
  31000 24204     1050.0000    78     1051.0000     1048.0000  2979853    0.29%
Elapsed time = 1408.31 sec. (tree size = 219.71 MB, solutions = 10)
Nodefile size = 92.56 MB (61.32 MB after compression)
  31100 24268     1049.7305   146     1051.0000     1048.0000  3011274    0.29%
  31200 24284     1049.0000    98     1051.0000     1048.0000  3067208    0.29%
  31300 24305        cutoff           1051.0000     1048.0000  3118122    0.29%
  31400 24335     1050.0000   101     1051.0000     1048.0000  3171806    0.29%
  31500 24373     1049.0000    97     1051.0000     1048.0000  3214212    0.29%
  31600 24426     1049.0000   136     1051.0000     1048.0000  3247213    0.29%
  31700 24487     1048.7773   143     1051.0000     1048.0000  3291852    0.29%
  31800 24505    infeasible           1051.0000     1048.0000  3339380    0.29%
  31900 24547     1050.0000   118     1051.0000     1048.0000  3383871    0.29%
  32000 24579    infeasible           1051.0000     1048.0000  3436323    0.29%
Elapsed time = 1713.36 sec. (tree size = 227.80 MB, solutions = 10)
Nodefile size = 100.50 MB (68.52 MB after compression)
  32100 24577     1050.0000    85     1051.0000     1048.0000  3493912    0.29%
  32200 24633        cutoff           1051.0000     1048.0000  3535741    0.29%
  32300 24671     1050.0000   103     1051.0000     1048.0000  3584143    0.29%
  32400 24710    infeasible           1051.0000     1048.0000  3623796    0.29%
  32500 24690        cutoff           1051.0000     1048.0000  3682269    0.29%
  32600 24723     1048.2372   108     1051.0000     1048.0000  3726602    0.29%
  32700 24743     1050.0000    73     1051.0000     1048.0000  3783261    0.29%
  32800 24758     1048.1334   111     1051.0000     1048.0000  3825952    0.29%
  32900 24800        cutoff           1051.0000     1048.0000  3859856    0.29%
  33000 24823     1050.0000   104     1051.0000     1048.0000  3907347    0.29%
Elapsed time = 2028.34 sec. (tree size = 234.32 MB, solutions = 10)
Nodefile size = 106.46 MB (74.13 MB after compression)
  33100 24885     1050.0000    94     1051.0000     1048.0000  3939089    0.29%
  33200 24915     1050.0000   128     1051.0000     1048.0000  3981933    0.29%
  33300 24939     1050.0000    85     1051.0000     1048.0000  4038494    0.29%
  33400 24965     1049.0000   101     1051.0000     1048.0000  4083238    0.29%
  33500 24980        cutoff           1051.0000     1048.0000  4121210    0.29%
  33600 25024     1050.0000   113     1051.0000     1048.0000  4156064    0.29%
  33700 25023        cutoff           1051.0000     1048.0000  4207876    0.29%
  33800 25060     1049.0000   113     1051.0000     1048.0000  4252586    0.29%
  33900 25111    infeasible           1051.0000     1048.0000  4285614    0.29%
  34000 25142     1050.0000   105     1051.0000     1048.0000  4333557    0.29%
Elapsed time = 2310.02 sec. (tree size = 241.77 MB, solutions = 10)
Nodefile size = 114.40 MB (81.55 MB after compression)
  34100 25218     1050.0000   108     1051.0000     1048.0000  4365729    0.29%
  34200 25297     1050.0000    96     1051.0000     1048.0000  4390373    0.29%
  34300 25365     1050.0000    91     1051.0000     1048.0000  4417167    0.29%
  34400 25417        cutoff           1051.0000     1048.0000  4451303    0.29%
  34500 25477     1050.0000   101     1051.0000     1048.0000  4483471    0.29%
  34600 25513        cutoff           1051.0000     1048.0000  4522407    0.29%
  34700 25528     1050.0000   109     1051.0000     1048.0000  4573892    0.29%
  34800 25555     1049.2174   150     1051.0000     1048.0000  4614811    0.29%
  34900 25597     1050.0000    67     1051.0000     1048.0000  4662611    0.29%
  35000 25648     1050.0000   126     1051.0000     1048.0000  4697981    0.29%
Elapsed time = 2546.14 sec. (tree size = 251.61 MB, solutions = 10)
Nodefile size = 124.33 MB (90.57 MB after compression)
  35100 25682     1049.0000    94     1051.0000     1048.0000  4737208    0.29%
  35200 25752     1050.0000    98     1051.0000     1048.0000  4765916    0.29%
  35300 25723     1049.0000   102     1051.0000     1048.0000  4833129    0.29%
  35400 25783    infeasible           1051.0000     1048.0000  4867331    0.29%
  35500 25792        cutoff           1051.0000     1048.0000  4927282    0.29%
  35600 25844     1050.0000    96     1051.0000     1048.0000  4960041    0.29%
  35700 25916     1050.0000    93     1051.0000     1048.0000  4988042    0.29%
  35800 25963        cutoff           1051.0000     1048.0000  5030367    0.29%
  35900 26006     1050.0000   102     1051.0000     1048.0000  5065739    0.29%
  36000 26026     1050.0000   117     1051.0000     1048.0000  5120666    0.29%
Elapsed time = 2827.99 sec. (tree size = 259.76 MB, solutions = 10)
Nodefile size = 132.27 MB (97.84 MB after compression)
  36100 26073        cutoff           1051.0000     1048.0000  5165862    0.29%
  36200 26122     1049.4226   111     1051.0000     1048.0000  5215159    0.29%
  36300 26130     1048.0195   119     1051.0000     1048.0000  5286094    0.29%
  36400 26171        cutoff           1051.0000     1048.0000  5315330    0.29%
  36500 26164     1049.0000   114     1051.0000     1048.0000  5372080    0.29%
  36600 26232     1050.0000    86     1051.0000     1048.0000  5405967    0.29%
  36700 26300     1050.0000    71     1051.0000     1048.0000  5436435    0.29%
  36800 26346     1048.0000   105     1051.0000     1048.0000  5471025    0.29%
  36900 26381     1050.0000    93     1051.0000     1048.0000  5515677    0.29%
  37000 26430     1050.0000   134     1051.0000     1048.0000  5551766    0.29%
Elapsed time = 3113.39 sec. (tree size = 268.10 MB, solutions = 10)
Nodefile size = 140.23 MB (104.88 MB after compression)
  37100 26502     1050.0000    83     1051.0000     1048.0000  5574689    0.29%
  37200 26562     1049.0000   106     1051.0000     1048.0000  5608330    0.29%
  37300 26634        cutoff           1051.0000     1048.0000  5625387    0.29%
  37400 26616     1049.0000   114     1051.0000     1048.0000  5682690    0.29%
  37500 26666    infeasible           1051.0000     1048.0000  5714743    0.29%
  37600 26684    infeasible           1051.0000     1048.0000  5780038    0.29%
  37700 26730     1049.1983   115     1051.0000     1048.0000  5811669    0.29%
  37800 26757     1049.0434   127     1051.0000     1048.0000  5849945    0.29%
  37900 26818        cutoff           1051.0000     1048.0000  5889877    0.29%
  38000 26894     1050.0000    84     1051.0000     1048.0000  5909839    0.29%
Elapsed time = 3347.25 sec. (tree size = 277.27 MB, solutions = 10)
Nodefile size = 150.18 MB (113.75 MB after compression)
  38100 26944    infeasible           1051.0000     1048.0000  5945560    0.29%
  38200 27005     1049.0000   104     1051.0000     1048.0000  5979548    0.29%
  38300 27078     1050.0000    78     1051.0000     1048.0000  6013975    0.29%
  38400 27123     1050.0000    93     1051.0000     1048.0000  6061124    0.29%
  38500 27209     1050.0000    94     1051.0000     1048.0000  6076683    0.29%
  38600 27260     1050.0000    89     1051.0000     1048.0000  6114421    0.29%
  38700 27316     1050.0000    98     1051.0000     1048.0000  6153571    0.29%
  38800 27321     1048.0548   105     1051.0000     1048.0000  6201027    0.29%
  38900 27381        cutoff           1051.0000     1048.0000  6225685    0.29%
  39000 27451     1050.0000    75     1051.0000     1048.0000  6253473    0.29%
Elapsed time = 3561.44 sec. (tree size = 287.67 MB, solutions = 10)
Nodefile size = 160.11 MB (122.86 MB after compression)
  39100 27498     1050.0000    79     1051.0000     1048.0000  6289445    0.29%
  39200 27528    infeasible           1051.0000     1048.0000  6324418    0.29%
  39300 27539        cutoff           1051.0000     1048.0000  6374834    0.29%
  39400 27592     1050.0000    95     1051.0000     1048.0000  6414454    0.29%
  39500 27640     1050.0000    75     1051.0000     1048.0000  6453792    0.29%
  39600 27724     1049.0000    84     1051.0000     1048.0000  6469128    0.29%
  39700 27811     1049.0000   105     1051.0000     1048.0000  6487510    0.29%
  39800 27894     1048.0000   112     1051.0000     1048.0000  6507191    0.29%
  39900 27956     1050.0000    84     1051.0000     1048.0000  6535207    0.29%
  40000 27985        cutoff           1051.0000     1048.0000  6576163    0.29%
Elapsed time = 3770.78 sec. (tree size = 297.79 MB, solutions = 10)
Nodefile size = 170.07 MB (131.41 MB after compression)
  40100 28022     1048.3718   105     1051.0000     1048.0000  6615984    0.29%
  40200 28074     1049.0000    75     1051.0000     1048.0000  6647649    0.29%
  40300 28097        cutoff           1051.0000     1048.0000  6691229    0.29%
  40400 28164     1050.0000    93     1051.0000     1048.0000  6726938    0.29%
  40500 28208     1049.0000   102     1051.0000     1048.0000  6765985    0.29%
  40600 28292     1050.0000    58     1051.0000     1048.0000  6785575    0.29%
  40700 28323        cutoff           1051.0000     1048.0000  6832236    0.29%
  40800 28314     1049.0000    82     1051.0000     1048.0000  6888377    0.29%
  40900 28394     1050.0000   105     1051.0000     1048.0000  6910022    0.29%
  41000 28459     1050.0000    71     1051.0000     1048.0000  6932299    0.29%
Elapsed time = 4001.00 sec. (tree size = 307.04 MB, solutions = 10)
Nodefile size = 180.02 MB (140.24 MB after compression)
  41100 28510    infeasible           1051.0000     1048.0000  6972110    0.29%
  41200 28539        cutoff           1051.0000     1048.0000  7046011    0.29%
  41300 28594     1050.0000   106     1051.0000     1048.0000  7075820    0.29%
  41400 28618    infeasible           1051.0000     1048.0000  7123625    0.29%
  41500 28696     1050.0000    84     1051.0000     1048.0000  7145942    0.29%
  41600 28776     1050.0000    96     1051.0000     1048.0000  7164270    0.29%
  41700 28815        cutoff           1051.0000     1048.0000  7198252    0.29%
  41800 28855     1050.0000    94     1051.0000     1048.0000  7236554    0.29%
  41900 28871     1050.0000    74     1051.0000     1048.0000  7278678    0.29%
  42000 28936     1050.0000    89     1051.0000     1048.0000  7315768    0.29%
Elapsed time = 4243.83 sec. (tree size = 316.31 MB, solutions = 10)
Nodefile size = 188.96 MB (148.29 MB after compression)
  42100 28997     1050.0000    79     1051.0000     1048.0000  7343358    0.29%
  42200 29045     1049.6516   120     1051.0000     1048.0000  7394060    0.29%
  42300 29107     1050.0000    53     1051.0000     1048.0000  7430906    0.29%
  42400 29170     1049.0000    85     1051.0000     1048.0000  7454494    0.29%
  42500 29227    infeasible           1051.0000     1048.0000  7480915    0.29%
  42600 29267     1048.3781   102     1051.0000     1048.0000  7519433    0.29%
  42700 29333     1050.0000    52     1051.0000     1048.0000  7546621    0.29%
  42800 29414     1050.0000   123     1051.0000     1048.0000  7573482    0.29%
  42900 29455     1050.0000   111     1051.0000     1048.0000  7605958    0.29%
  43000 29515     1050.0000   119     1051.0000     1048.0000  7639067    0.29%
Elapsed time = 4451.27 sec. (tree size = 326.97 MB, solutions = 10)
Nodefile size = 199.91 MB (158.22 MB after compression)
  43100 29581     1050.0000    89     1051.0000     1048.0000  7672834    0.29%
  43200 29636     1050.0000   132     1051.0000     1048.0000  7706439    0.29%
  43300 29684     1050.0000   117     1051.0000     1048.0000  7737730    0.29%
  43400 29732     1050.0000    85     1051.0000     1048.0000  7777441    0.29%
  43500 29771        cutoff           1051.0000     1048.0000  7831617    0.29%
  43600 29801     1048.0412   126     1051.0000     1048.0000  7878926    0.29%
  43700 29818     1050.0000    94     1051.0000     1048.0000  7925727    0.29%
  43800 29891     1050.0000    77     1051.0000     1048.0000  7946851    0.29%
  43900 29948     1050.0000   107     1051.0000     1048.0000  7977551    0.29%
  44000 29999     1050.0000    84     1051.0000     1048.0000  8008998    0.29%
Elapsed time = 4687.08 sec. (tree size = 336.29 MB, solutions = 10)
Nodefile size = 208.86 MB (166.22 MB after compression)
  44100 30062     1049.0000   122     1051.0000     1048.0000  8047634    0.29%
  44200 30139     1050.0000    85     1051.0000     1048.0000  8077111    0.29%
  44300 30209     1050.0000    60     1051.0000     1048.0000  8099599    0.29%
  44400 30265     1050.0000    85     1051.0000     1048.0000  8133364    0.29%
  44500 30331     1050.0000   111     1051.0000     1048.0000  8163533    0.29%
  44600 30383    infeasible           1051.0000     1048.0000  8201305    0.29%
  44700 30427    infeasible           1051.0000     1048.0000  8246931    0.29%
  44800 30456     1050.0000    80     1051.0000     1048.0000  8297293    0.29%
  44900 30514     1050.0000    92     1051.0000     1048.0000  8327605    0.29%
  45000 30561     1049.0000   102     1051.0000     1048.0000  8370330    0.29%
Elapsed time = 4913.08 sec. (tree size = 346.68 MB, solutions = 10)
Nodefile size = 218.78 MB (175.25 MB after compression)
  45100 30636     1050.0000    92     1051.0000     1048.0000  8394590    0.29%
  45200 30690     1050.0000    84     1051.0000     1048.0000  8425093    0.29%
  45300 30766     1050.0000    90     1051.0000     1048.0000  8451965    0.29%
  45400 30847     1050.0000    94     1051.0000     1048.0000  8472117    0.29%
  45500 30920     1050.0000    85     1051.0000     1048.0000  8493065    0.29%
  45600 30971     1049.0000   100     1051.0000     1048.0000  8531109    0.29%
  45700 31030     1049.0000    64     1051.0000     1048.0000  8561526    0.29%
  45800 31093     1050.0000    74     1051.0000     1048.0000  8585536    0.29%
  45900 31163        cutoff           1051.0000     1048.0000  8615475    0.29%
  46000 31221     1049.0000   102     1051.0000     1048.0000  8646479    0.29%
Elapsed time = 5085.24 sec. (tree size = 358.41 MB, solutions = 10)
Nodefile size = 230.68 MB (186.26 MB after compression)
  46100 31295     1050.0000    83     1051.0000     1048.0000  8671681    0.29%
  46200 31364    infeasible           1051.0000     1048.0000  8705623    0.29%
  46300 31413     1050.0000    82     1051.0000     1048.0000  8735147    0.29%
  46400 31471    infeasible           1051.0000     1048.0000  8761850    0.29%
  46500 31559     1050.0000   112     1051.0000     1048.0000  8780862    0.29%
  46600 31623        cutoff           1051.0000     1048.0000  8805672    0.29%
  46700 31686     1049.0000   121     1051.0000     1048.0000  8842739    0.29%
  46800 31760     1050.0000    96     1051.0000     1048.0000  8867078    0.29%
  46900 31826     1050.0000    93     1051.0000     1048.0000  8899911    0.29%
  47000 31885     1049.0000   127     1051.0000     1048.0000  8928664    0.29%
Elapsed time = 5264.75 sec. (tree size = 370.15 MB, solutions = 10)
Nodefile size = 242.58 MB (197.33 MB after compression)
  47100 31932     1049.1099   114     1051.0000     1048.0000  8969726    0.29%
  47200 32016     1049.0000    97     1051.0000     1048.0000  8993080    0.29%
  47300 32085     1050.0000   114     1051.0000     1048.0000  9018038    0.29%
  47400 32128     1050.0000    68     1051.0000     1048.0000  9056334    0.29%
  47500 32197    infeasible           1051.0000     1048.0000  9080358    0.29%
  47600 32271     1050.0000    83     1051.0000     1048.0000  9105314    0.29%
  47700 32314     1050.0000   104     1051.0000     1048.0000  9136216    0.29%
  47800 32373     1050.0000    96     1051.0000     1048.0000  9173465    0.29%
  47900 32414     1050.0000   105     1051.0000     1048.0000  9213290    0.29%
  48000 32456     1050.0000   126     1051.0000     1048.0000  9253797    0.29%
Elapsed time = 5466.06 sec. (tree size = 380.65 MB, solutions = 10)
Nodefile size = 253.48 MB (207.54 MB after compression)
  48100 32517     1050.0000    85     1051.0000     1048.0000  9289055    0.29%
  48200 32594     1050.0000    92     1051.0000     1048.0000  9321681    0.29%
  48300 32652     1050.0000    87     1051.0000     1048.0000  9348759    0.29%
  48400 32725     1049.0000   100     1051.0000     1048.0000  9375364    0.29%
  48500 32802     1050.0000    78     1051.0000     1048.0000  9402347    0.29%
  48600 32852     1048.0653   138     1051.0000     1048.0000  9438276    0.29%
  48700 32933     1050.0000    89     1051.0000     1048.0000  9460662    0.29%
  48800 32992     1050.0000    99     1051.0000     1048.0000  9486309    0.29%
  48900 33076     1049.0000   112     1051.0000     1048.0000  9505415    0.29%
  49000 33141     1050.0000    93     1051.0000     1048.0000  9531658    0.29%
Elapsed time = 5642.66 sec. (tree size = 392.68 MB, solutions = 10)
Nodefile size = 265.38 MB (218.75 MB after compression)
  49100 33214     1050.0000   108     1051.0000     1048.0000  9558154    0.29%
  49200 33271     1050.0000    65     1051.0000     1048.0000  9589750    0.29%
  49300 33344     1049.0000    88     1051.0000     1048.0000  9621211    0.29%
  49400 33415     1050.0000    77     1051.0000     1048.0000  9645175    0.29%
  49500 33477        cutoff           1051.0000     1048.0000  9670715    0.29%
  49600 33554     1049.0443    99     1051.0000     1048.0000  9693214    0.29%
  49700 33619     1050.0000    79     1051.0000     1048.0000  9711908    0.29%
  49800 33690     1048.0711   115     1051.0000     1048.0000  9740754    0.29%
  49900 33760     1049.0000   117     1051.0000     1048.0000  9763364    0.29%
  50000 33827     1050.0000    90     1051.0000     1048.0000  9791393    0.29%
Elapsed time = 5799.30 sec. (tree size = 404.69 MB, solutions = 10)
Nodefile size = 277.27 MB (229.88 MB after compression)
  50100 33894     1050.0000    74     1051.0000     1048.0000  9820569    0.29%
  50200 33957     1050.0000    45     1051.0000     1048.0000  9852176    0.29%
  50300 34029     1050.0000    64     1051.0000     1048.0000  9870473    0.29%
  50400 34091     1048.9941   114     1051.0000     1048.0000  9899211    0.29%
  50500 34172     1050.0000    82     1051.0000     1048.0000  9915186    0.29%
  50600 34248     1049.1741   118     1051.0000     1048.0000  9931978    0.29%
  50700 34317     1049.0000   107     1051.0000     1048.0000  9957025    0.29%
  50800 34395     1050.0000    83     1051.0000     1048.0000  9976635    0.29%
  50900 34472     1050.0000    91     1051.0000     1048.0000  9997911    0.29%
  51000 34544     1049.0000   118     1051.0000     1048.0000 10024630    0.29%
Elapsed time = 5936.28 sec. (tree size = 417.10 MB, solutions = 10)
Nodefile size = 289.16 MB (241.02 MB after compression)
  51100 34576     1049.0000    92     1051.0000     1048.0000 10074528    0.29%
  51200 34655     1049.3001   111     1051.0000     1048.0000 10090156    0.29%
  51300 34739     1050.0000    82     1051.0000     1048.0000 10107670    0.29%
  51400 34823     1049.0000    98     1051.0000     1048.0000 10123670    0.29%
  51500 34909     1050.0000    78     1051.0000     1048.0000 10136127    0.29%
  51600 34964     1050.0000    77     1051.0000     1048.0000 10163873    0.29%
  51700 35042     1049.0000   104     1051.0000     1048.0000 10187832    0.29%
  51800 35115     1050.0000   106     1051.0000     1048.0000 10224518    0.29%
  51900 35174     1049.0000    86     1051.0000     1048.0000 10255314    0.29%
  52000 35259     1050.0000    67     1051.0000     1048.0000 10269281    0.29%
Elapsed time = 6094.25 sec. (tree size = 429.53 MB, solutions = 10)
Nodefile size = 302.09 MB (253.10 MB after compression)
  52100 35318     1049.0000    69     1051.0000     1048.0000 10300904    0.29%
  52200 35390     1050.0000    98     1051.0000     1048.0000 10323114    0.29%
  52300 35470     1050.0000    81     1051.0000     1048.0000 10339347    0.29%
  52400 35542    infeasible           1051.0000     1048.0000 10360083    0.29%
  52500 35626     1050.0000    99     1051.0000     1048.0000 10377435    0.29%
  52600 35695     1049.2982   103     1051.0000     1048.0000 10399698    0.29%
  52700 35774     1050.0000    84     1051.0000     1048.0000 10417603    0.29%
  52800 35839     1049.0000    91     1051.0000     1048.0000 10444179    0.29%
  52900 35926     1050.0000    75     1051.0000     1048.0000 10458966    0.29%
  53000 36002     1048.0000   104     1051.0000     1048.0000 10473288    0.29%
Elapsed time = 6216.97 sec. (tree size = 442.32 MB, solutions = 10)
Nodefile size = 314.98 MB (265.05 MB after compression)
  53100 36086    infeasible           1051.0000     1048.0000 10488800    0.29%
  53200 36142     1050.0000   102     1051.0000     1048.0000 10522366    0.29%
  53300 36234     1050.0000    65     1051.0000     1048.0000 10536993    0.29%
  53400 36289     1048.0000   120     1051.0000     1048.0000 10576681    0.29%
  53500 36373     1048.1563   104     1051.0000     1048.0000 10592665    0.29%
  53600 36459     1050.0000    84     1051.0000     1048.0000 10605785    0.29%
  53700 36540     1049.0000    95     1051.0000     1048.0000 10620918    0.29%
  53800 36625     1049.0000    73     1051.0000     1048.0000 10637399    0.29%
  53900 36711     1050.0000    83     1051.0000     1048.0000 10654351    0.29%
  54000 36797     1050.0000    77     1051.0000     1048.0000 10668758    0.29%
Elapsed time = 6332.17 sec. (tree size = 455.88 MB, solutions = 10)
Nodefile size = 328.85 MB (278.05 MB after compression)
  54100 36866        cutoff           1051.0000     1048.0000 10697861    0.29%
  54200 36943     1050.0000    89     1051.0000     1048.0000 10724920    0.29%
  54300 37026     1049.0000   126     1051.0000     1048.0000 10741523    0.29%
  54400 37101     1049.0000   100     1051.0000     1048.0000 10759938    0.29%
  54500 37187     1050.0000    66     1051.0000     1048.0000 10779365    0.29%
  54600 37276     1049.0000    91     1051.0000     1048.0000 10792581    0.29%
  54700 37356    infeasible           1051.0000     1048.0000 10807539    0.29%
  54800 37438     1050.0000    96     1051.0000     1048.0000 10824954    0.29%
  54900 37511    infeasible           1051.0000     1048.0000 10846861    0.29%
  55000 37587     1050.0000   107     1051.0000     1048.0000 10867389    0.29%
Elapsed time = 6450.74 sec. (tree size = 469.37 MB, solutions = 10)
Nodefile size = 341.73 MB (290.10 MB after compression)
  55100 37665     1050.0000    61     1051.0000     1048.0000 10888103    0.29%
  55200 37727     1049.0000   101     1051.0000     1048.0000 10917440    0.29%
  55300 37814     1049.0000    97     1051.0000     1048.0000 10933652    0.29%
  55400 37896     1048.0000   103     1051.0000     1048.0000 10950618    0.29%
  55500 37979     1050.0000    82     1051.0000     1048.0000 10963693    0.29%
  55600 38056     1049.0000   105     1051.0000     1048.0000 10982193    0.29%
  55700 38139     1049.0000    85     1051.0000     1048.0000 10996605    0.29%
  55800 38228     1050.0000    89     1051.0000     1048.0000 11007741    0.29%
  55900 38310     1050.0000    93     1051.0000     1048.0000 11022109    0.29%
  56000 38389     1049.0000    94     1051.0000     1048.0000 11035999    0.29%
Elapsed time = 6549.61 sec. (tree size = 482.94 MB, solutions = 10)
Nodefile size = 355.61 MB (303.12 MB after compression)
  56100 38476     1050.0000    84     1051.0000     1048.0000 11048590    0.29%
  56200 38546     1049.0000    89     1051.0000     1048.0000 11069823    0.29%
  56300 38617     1048.8960   137     1051.0000     1048.0000 11092589    0.29%
  56400 38696     1050.0000   107     1051.0000     1048.0000 11112145    0.29%
  56500 38781     1050.0000    94     1051.0000     1048.0000 11133012    0.29%
  56600 38863     1050.0000    94     1051.0000     1048.0000 11150931    0.29%
  56700 38947     1050.0000    92     1051.0000     1048.0000 11165852    0.29%
  56800 39034     1050.0000    83     1051.0000     1048.0000 11178462    0.29%
  56900 39115     1049.0000    95     1051.0000     1048.0000 11194016    0.29%
  57000 39201     1050.0000    76     1051.0000     1048.0000 11208291    0.29%
Elapsed time = 6654.38 sec. (tree size = 496.70 MB, solutions = 10)
Nodefile size = 369.50 MB (316.09 MB after compression)
  57100 39283     1050.0000   102     1051.0000     1048.0000 11223829    0.29%
  57200 39362     1048.6029   108     1051.0000     1048.0000 11239802    0.29%
  57300 39443     1049.0000   113     1051.0000     1048.0000 11261298    0.29%
  57400 39529     1049.0000    83     1051.0000     1048.0000 11275942    0.29%
  57500 39616     1049.0000    84     1051.0000     1048.0000 11288191    0.29%
  57600 39705     1050.0000    77     1051.0000     1048.0000 11302637    0.29%
  57700 39782     1050.0000   101     1051.0000     1048.0000 11327858    0.29%
  57800 39830     1049.0000    84     1051.0000     1048.0000 11368784    0.29%
  57900 39918     1050.0000    73     1051.0000     1048.0000 11384419    0.29%
  58000 39998     1050.0000   110     1051.0000     1048.0000 11401853    0.29%
Elapsed time = 6767.19 sec. (tree size = 510.17 MB, solutions = 10)
Nodefile size = 382.42 MB (328.18 MB after compression)
  58100 40082     1050.0000    82     1051.0000     1048.0000 11420566    0.29%
  58200 40164     1050.0000    68     1051.0000     1048.0000 11438659    0.29%
  58300 40232     1049.0000    92     1051.0000     1048.0000 11471001    0.29%
  58400 40318     1049.0000    91     1051.0000     1048.0000 11492014    0.29%
  58500 40405     1050.0000   114     1051.0000     1048.0000 11510278    0.29%
  58600 40489     1050.0000    90     1051.0000     1048.0000 11527182    0.29%
  58700 40571     1049.0000   107     1051.0000     1048.0000 11541276    0.29%
  58800 40659     1049.0000    75     1051.0000     1048.0000 11555357    0.29%
  58900 40738     1049.0000   120     1051.0000     1048.0000 11572600    0.29%
  59000 40817     1050.0000    75     1051.0000     1048.0000 11594065    0.29%
Elapsed time = 6876.05 sec. (tree size = 524.00 MB, solutions = 10)
Nodefile size = 396.33 MB (341.23 MB after compression)
  59100 40897     1050.0000   115     1051.0000     1048.0000 11617369    0.29%
  59200 40981     1050.0000   110     1051.0000     1048.0000 11633983    0.29%
  59300 41058     1049.0000    99     1051.0000     1048.0000 11653490    0.29%
  59400 41141     1049.0000    89     1051.0000     1048.0000 11667095    0.29%
  59500 41226     1048.7380   143     1051.0000     1048.0000 11682260    0.29%
  59600 41300     1049.0000    85     1051.0000     1048.0000 11704317    0.29%
  59700 41381     1050.0000   100     1051.0000     1048.0000 11723121    0.29%
  59800 41455     1050.0000    69     1051.0000     1048.0000 11742661    0.29%
  59900 41536     1049.0000    98     1051.0000     1048.0000 11758808    0.29%
  60000 41621    infeasible           1051.0000     1048.0000 11774779    0.29%
Elapsed time = 6981.58 sec. (tree size = 537.61 MB, solutions = 10)
Nodefile size = 410.20 MB (354.18 MB after compression)
  60100 41689     1050.0000    83     1051.0000     1048.0000 11807120    0.29%
  60200 41770     1049.0000    88     1051.0000     1048.0000 11821497    0.29%
  60300 41847     1050.0000   104     1051.0000     1048.0000 11842060    0.29%
  60400 41930    infeasible           1051.0000     1048.0000 11859562    0.29%
  60500 42008     1049.0000    80     1051.0000     1048.0000 11879247    0.29%
  60600 42091     1048.0000    94     1051.0000     1048.0000 11894421    0.29%
  60700 42171     1049.0000    81     1051.0000     1048.0000 11911197    0.29%
  60800 42257     1049.0000    87     1051.0000     1048.0000 11927152    0.29%
  60900 42343     1049.0000   103     1051.0000     1048.0000 11941898    0.29%
  61000 42422     1050.0000    89     1051.0000     1048.0000 11959359    0.29%
Elapsed time = 7087.63 sec. (tree size = 551.10 MB, solutions = 10)
Nodefile size = 424.09 MB (367.23 MB after compression)
  61100 42507     1049.0000    93     1051.0000     1048.0000 11975455    0.29%
  61200 42589     1050.0000   101     1051.0000     1048.0000 11993538    0.29%
  61300 42674     1050.0000    79     1051.0000     1048.0000 12006557    0.29%
  61400 42733     1050.0000    72     1051.0000     1048.0000 12040272    0.29%
* 61413+23440                         1050.0000     1048.0000 12042238    0.19%
  61500 23513     1049.0000    93     1050.0000     1048.0000 12056742    0.19%
  61600 23586     1048.6686   112     1050.0000     1048.0000 12079544    0.19%
  61700 23655     1049.0000    66     1050.0000     1048.0000 12097987    0.19%
  61800 23740     1049.0000    77     1050.0000     1048.0000 12109465    0.19%
  61900 23813     1049.0000    89     1050.0000     1048.0000 12129667    0.19%
  62000 23891     1049.0000    92     1050.0000     1048.0000 12146090    0.19%
Elapsed time = 7193.78 sec. (tree size = 326.26 MB, solutions = 11)
Nodefile size = 198.38 MB (185.35 MB after compression)

Cover cuts applied:  1082
Mixed integer rounding cuts applied:  13
Gomory fractional cuts applied:  5

Solution pool: 11 solutions saved.

MIP - Time limit exceeded, integer feasible:  Objective = 1.0500000000e+003
Current MIP best bound = 1.0480000000e+003 (gap = 2, 0.19%)
Solution time = 7200.02 sec.  Iterations = 12157770  Nodes = 62056 (23925)


Incumbent solution
Variable Name           Solution Value
Cmax                       1050.000000
X_1_10                        1.000000
X_2_11                        1.000000
X_3_9                         1.000000
X_4_8                         1.000000
X_5_1                         1.000000
X_6_13                        1.000000
X_7_12                        1.000000
X_8_15                        1.000000
X_9_12                        1.000000
X_10_14                       1.000000
X_11_5                        1.000000
X_12_1                        1.000000
X_13_12                       1.000000
X_14_1                        1.000000
X_15_16                       1.000000
X_16_5                        1.000000
X_17_7                        1.000000
X_18_17                       1.000000
X_19_1                        1.000000
X_20_19                       1.000000
X_21_1                        1.000000
X_22_15                       1.000000
X_23_17                       1.000000
X_24_10                       1.000000
X_25_5                        1.000000
X_26_2                        1.000000
X_27_10                       1.000000
X_28_10                       1.000000
X_29_8                        1.000000
X_30_11                       1.000000
X_31_13                       1.000000
X_32_14                       1.000000
X_33_7                        1.000000
X_34_17                       1.000000
X_35_18                       1.000000
X_36_18                       1.000000
X_37_6                        1.000000
X_38_10                       1.000000
X_39_20                       1.000000
X_40_2                        1.000000
X_41_6                        1.000000
X_42_5                        1.000000
X_43_19                       1.000000
X_44_6                        1.000000
X_45_19                       1.000000
X_46_18                       1.000000
X_47_5                        1.000000
X_48_4                        1.000000
X_49_3                        1.000000
X_50_1                        1.000000
X_51_16                       1.000000
X_52_19                       1.000000
X_53_15                       1.000000
X_54_12                       1.000000
X_55_13                       1.000000
X_56_7                        1.000000
X_57_15                       1.000000
X_58_17                       1.000000
X_59_3                        1.000000
X_60_9                        1.000000
X_61_7                        1.000000
X_62_12                       1.000000
X_63_10                       1.000000
X_64_3                        1.000000
X_65_16                       1.000000
X_66_2                        1.000000
X_67_16                       1.000000
X_68_11                       1.000000
X_69_2                        1.000000
X_70_7                        1.000000
X_71_8                        1.000000
X_72_5                        1.000000
X_73_15                       1.000000
X_74_19                       1.000000
X_75_20                       1.000000
X_76_6                        1.000000
X_77_9                        1.000000
X_78_11                       1.000000
X_79_2                        1.000000
X_80_14                       1.000000
X_81_7                        1.000000
X_82_18                       1.000000
X_83_9                        1.000000
X_84_1                        1.000000
X_85_15                       1.000000
X_86_18                       1.000000
X_87_4                        1.000000
X_88_20                       1.000000
X_89_4                        1.000000
X_90_4                        1.000000
X_91_3                        1.000000
X_92_15                       1.000000
X_93_10                       1.000000
X_94_13                       1.000000
X_95_6                        1.000000
X_96_18                       1.000000
X_97_16                       1.000000
X_98_2                        1.000000
X_99_12                       1.000000
X_100_7                       1.000000
X_101_8                       1.000000
X_102_14                      1.000000
X_103_16                      1.000000
X_104_9                       1.000000
X_105_20                      1.000000
X_106_15                      1.000000
X_107_4                       1.000000
X_108_17                      1.000000
X_109_17                      1.000000
X_110_4                       1.000000
X_111_2                       1.000000
X_112_12                      1.000000
X_113_14                      1.000000
X_114_3                       1.000000
X_115_8                       1.000000
X_116_8                       1.000000
X_117_11                      1.000000
X_118_3                       1.000000
X_119_1                       1.000000
X_120_14                      1.000000
X_121_4                       1.000000
X_122_15                      1.000000
X_123_17                      1.000000
X_124_11                      1.000000
X_125_14                      1.000000
X_126_4                       1.000000
X_127_16                      1.000000
X_128_8                       1.000000
X_129_1                       1.000000
X_130_9                       1.000000
X_131_3                       1.000000
X_132_19                      1.000000
X_133_19                      1.000000
X_134_10                      1.000000
X_135_16                      1.000000
X_136_10                      1.000000
X_137_19                      1.000000
X_138_5                       1.000000
X_139_12                      1.000000
X_140_11                      1.000000
X_141_20                      1.000000
X_142_17                      1.000000
X_143_8                       1.000000
X_144_7                       1.000000
X_145_18                      1.000000
X_146_20                      1.000000
X_147_6                       1.000000
X_148_18                      1.000000
X_149_18                      1.000000
X_150_3                       1.000000
X_151_19                      1.000000
X_152_3                       1.000000
X_153_8                       1.000000
X_154_2                       1.000000
X_155_6                       1.000000
X_156_9                       1.000000
X_157_18                      1.000000
X_158_6                       1.000000
X_159_16                      1.000000
X_160_14                      1.000000
X_161_9                       1.000000
X_162_3                       1.000000
X_163_5                       1.000000
X_164_20                      1.000000
X_165_14                      1.000000
X_166_13                      1.000000
X_167_10                      1.000000
X_168_12                      1.000000
X_169_13                      1.000000
X_170_11                      1.000000
X_171_11                      1.000000
X_172_2                       1.000000
X_173_19                      1.000000
X_174_9                       1.000000
X_175_4                       1.000000
X_176_5                       1.000000
X_177_5                       1.000000
X_178_14                      1.000000
X_179_20                      1.000000
X_180_1                       1.000000
X_181_13                      1.000000
X_182_20                      1.000000
X_183_2                       1.000000
X_184_7                       1.000000
X_185_9                       1.000000
X_186_17                      1.000000
X_187_8                       1.000000
X_188_11                      1.000000
X_189_13                      1.000000
X_190_13                      1.000000
X_191_6                       1.000000
X_192_20                      1.000000
X_193_16                      1.000000
X_194_13                      1.000000
X_195_17                      1.000000
X_196_7                       1.000000
X_197_6                       1.000000
X_198_4                       1.000000
X_199_12                      1.000000
X_200_15                      1.000000
All other variables in the range 1-4001 are 0.
