
Log started (V11.0.0) Fri Apr 18 20:49:27 2008

Tried aggregator 1 time.
Reduced MIP has 220 rows, 4001 columns, and 8020 nonzeros.
Presolve time =    0.05 sec.
Clique table members: 200.
MIP emphasis: balance optimality and feasibility.
MIP search method: dynamic search.
Parallel mode: none, using 1 thread.
Root relaxation solution time =    0.13 sec.

        Nodes                                         Cuts/
   Node  Left     Objective  IInf  Best Integer     Best Node    ItCnt     Gap

*     0+    0                        30465.0000     1046.6906      408   96.56%
*     0+    0                         1076.0000     1046.6906      408    2.72%
      0     0     1047.0000    40     1076.0000      Fract: 7      423    2.70%
      0     0     1047.0000    42     1076.0000     Covers: 2      438    2.70%
      0     0     1047.1007    45     1076.0000     Covers: 2      499    2.69%
*     0+    0                         1066.0000     1047.1007      499    1.77%
      0     0     1047.4041    61     1066.0000      Cuts: 12      536    1.74%
      0     0     1047.8464    66     1066.0000      Cuts: 10      572    1.70%
      0     0     1048.1055    77     1066.0000      Cuts: 10      610    1.68%
      0     0     1048.1894    82     1066.0000       Cuts: 6      642    1.67%
      0     0     1048.4021    89     1066.0000       Cuts: 7      684    1.65%
      0     0     1048.4525    89     1066.0000       Cuts: 6      715    1.65%
*     0+    0                         1064.0000     1048.4525      715    1.46%
*     0+    0                         1060.0000     1048.4525      715    1.09%
*     0+    0                         1056.0000     1048.4525      715    0.71%
      0     2     1049.0000    76     1056.0000     1048.4525      715    0.71%
    100    95     1051.0000    40     1056.0000     1049.0000     2845    0.66%
    200   162        cutoff           1056.0000     1049.0000     7533    0.66%
    300   257     1051.0000    36     1056.0000     1049.0000     9755    0.66%
    400   330     1050.0000    36     1056.0000     1049.0000    12739    0.66%
    500   420     1049.0000    73     1056.0000     1049.0000    15220    0.66%
    600   449     1054.0000    40     1056.0000     1049.7627    19808    0.59%
    700   435     1050.0000    81     1056.0000     1049.7795    27656    0.59%
    800   460     1055.0000    51     1056.0000     1049.7795    30590    0.59%
    900   481     1052.0000    52     1056.0000     1050.0000    33825    0.57%
   1000   504     1052.0000    52     1056.0000     1050.0000    35977    0.57%
Elapsed time =  22.50 sec. (tree size =  2.30 MB, solutions = 6)
   1100   517     1051.0000    62     1056.0000     1050.0000    40681    0.57%
   1200   601     1053.0000    39     1056.0000     1050.0000    43538    0.57%
   1300   689     1054.0000    44     1056.0000     1050.0000    47667    0.57%
   1400   779     1053.0000    49     1056.0000     1050.0000    52028    0.57%
   1500   869     1052.0000    56     1056.0000     1050.0000    56719    0.57%
   1600   963     1054.0000    45     1056.0000     1050.0000    59876    0.57%
   1700  1049     1052.0000    54     1056.0000     1050.0000    67083    0.57%
   1800  1139     1051.0000    64     1056.0000     1050.0000    72364    0.57%
   1900  1219     1051.0000    80     1056.0000     1050.0000    78570    0.57%
   2000  1312     1052.0780    66     1056.0000     1050.0000    83593    0.57%
Elapsed time =  39.26 sec. (tree size =  6.96 MB, solutions = 6)
   2100  1386     1052.0000    67     1056.0000     1050.0000    89657    0.57%
   2200  1477     1051.0000    76     1056.0000     1050.0000    94055    0.57%
   2300  1574     1054.0000    48     1056.0000     1050.0000    98052    0.57%
   2400  1655     1052.0000    76     1056.0000     1050.0000   105526    0.57%
   2500  1739    infeasible           1056.0000     1050.0000   110428    0.57%
   2600  1823     1052.0000    73     1056.0000     1050.0000   118333    0.57%
   2700  1910    infeasible           1056.0000     1050.0000   122397    0.57%
   2800  2004     1052.0000    57     1056.0000     1050.0000   126782    0.57%
   2900  2092     1051.0000    83     1056.0000     1050.0000   132000    0.57%
   3000  2189     1054.0000    46     1056.0000     1050.0000   135188    0.57%
Elapsed time =  57.19 sec. (tree size = 12.51 MB, solutions = 6)
   3100  2281     1052.0000    54     1056.0000     1050.0000   139886    0.57%
   3200  2375     1055.0000    70     1056.0000     1050.0000   142938    0.57%
   3300  2465     1052.0000    55     1056.0000     1050.0000   148894    0.57%
   3400  2554     1054.0000    52     1056.0000     1050.0000   153117    0.57%
   3500  2645     1053.0000    59     1056.0000     1050.0000   158159    0.57%
   3600  2736     1053.0000    63     1056.0000     1051.0000   163744    0.47%
   3700  2835     1054.0000    54     1056.0000     1051.0000   166990    0.47%
   3800  2921     1053.0000    65     1056.0000     1051.0000   174651    0.47%
   3900  3011     1051.0000    78     1056.0000     1051.0000   179884    0.47%
   4000  3108     1052.0000    70     1056.0000     1051.0000   184618    0.47%
Elapsed time =  74.76 sec. (tree size = 18.57 MB, solutions = 6)
   4100  3198     1052.0000    65     1056.0000     1051.0000   192093    0.47%
   4200  3295     1053.0000    28     1056.0000     1051.0000   194982    0.47%
   4300  3382     1054.0000    52     1056.0000     1051.0000   201811    0.47%
   4400  3461     1052.0000    80     1056.0000     1051.0000   209490    0.47%
   4500  3537     1052.0000    75     1056.0000     1051.0000   216456    0.47%
   4600  3625     1052.0000    69     1056.0000     1051.0000   222245    0.47%
   4700  3722     1054.0000    57     1056.0000     1051.0000   226176    0.47%
   4800  3812     1053.0000    49     1056.0000     1051.0000   232696    0.47%
   4900  3891     1053.0000    73     1056.0000     1051.0000   239837    0.47%
   5000  3989     1054.0000    53     1056.0000     1051.0000   244558    0.47%
Elapsed time =  95.42 sec. (tree size = 24.87 MB, solutions = 6)
   5100  4071     1053.0000    59     1056.0000     1051.0000   252015    0.47%
   5200  4164     1054.6452    69     1056.0000     1051.0000   257589    0.47%
   5300  4246     1052.0000    52     1056.0000     1051.0000   266390    0.47%
   5400  4335     1052.0000    69     1056.0000     1051.0000   275846    0.47%
   5500  4419     1052.0000   103     1056.0000     1051.0000   283409    0.47%
   5600  4516     1055.0000    83     1056.0000     1051.0000   288494    0.47%
   5700  4609     1054.0000    68     1056.0000     1051.0000   296329    0.47%
   5800  4698     1053.0000    72     1056.0000     1051.0000   305645    0.47%
   5900  4792     1055.0000    70     1056.0000     1051.0000   310272    0.47%
   6000  4881     1054.0000    66     1056.0000     1051.0000   319151    0.47%
Elapsed time = 121.38 sec. (tree size = 32.46 MB, solutions = 6)
*  6061+ 4193                         1055.0000     1051.0000   322968    0.38%
   6100  4233     1054.0000    60     1055.0000     1051.0000   324830    0.38%
   6200  4328     1053.0000    53     1055.0000     1051.0000   331592    0.38%
   6300  4414     1052.0000    90     1055.0000     1051.0000   340313    0.38%
   6400  4505     1052.0000   134     1055.0000     1051.0000   348974    0.38%
   6500  4604     1053.0000    74     1055.0000     1051.0000   356375    0.38%
   6600  4687     1052.0000    72     1055.0000     1051.0000   365190    0.38%
   6700  4772     1052.0000    85     1055.0000     1051.0000   373413    0.38%
   6800  4862     1051.4786   123     1055.0000     1051.0000   379592    0.38%
   6900  4959     1053.0000    62     1055.0000     1051.0000   384356    0.38%
   7000  5037     1053.0000    89     1055.0000     1051.0000   396433    0.38%
Elapsed time = 152.17 sec. (tree size = 35.60 MB, solutions = 7)
   7100  5104     1053.0000    87     1055.0000     1051.0000   405561    0.38%
   7200  5191     1053.0000    57     1055.0000     1051.0000   415128    0.38%
   7300  5280     1052.0000    86     1055.0000     1051.0000   423764    0.38%
   7400  5365     1053.0000    71     1055.0000     1051.0000   430822    0.38%
   7500  5456     1052.0000    87     1055.0000     1051.0000   436802    0.38%
*  7511+ 4306                         1054.0000     1051.0000   437806    0.28%
   7600  4389     1052.0000    75     1054.0000     1051.0000   445626    0.28%
   7700  4462     1052.0000    87     1054.0000     1051.0000   456647    0.28%
   7800  4548     1052.0000    89     1054.0000     1051.0000   465826    0.28%
   7900  4603     1052.0000    81     1054.0000     1051.0000   487069    0.28%
   8000  4681     1052.0000    79     1054.0000     1051.0000   500520    0.28%
Elapsed time = 194.73 sec. (tree size = 34.49 MB, solutions = 8)
   8100  4762     1053.0000    67     1054.0000     1051.0000   513592    0.28%
   8200  4839     1052.0000    86     1054.0000     1051.0000   526055    0.28%
   8300  4896    infeasible           1054.0000     1051.0000   548129    0.28%
   8400  4959     1053.0000    60     1054.0000     1051.0000   573692    0.28%
   8500  5036     1053.0000    74     1054.0000     1051.0000   586491    0.28%
   8600  5120     1053.0000    75     1054.0000     1051.0000   599612    0.28%
   8700  5209     1053.0000    61     1054.0000     1051.0000   611945    0.28%
   8800  5283     1052.0000    74     1054.0000     1051.0000   626379    0.28%
   8900  5364     1052.0000    87     1054.0000     1051.0000   639767    0.28%
   9000  5440     1053.0000    77     1054.0000     1051.0000   653457    0.28%
Elapsed time = 257.84 sec. (tree size = 42.91 MB, solutions = 8)
   9100  5521     1053.0000    49     1054.0000     1051.0000   665525    0.28%
   9200  5599    infeasible           1054.0000     1051.0000   681238    0.28%
   9300  5676     1053.0000    97     1054.0000     1051.0000   696120    0.28%
   9400  5758     1053.0000    69     1054.0000     1051.0000   707428    0.28%
   9500  5845     1053.0000    65     1054.0000     1051.0000   724340    0.28%
   9600  5922     1053.0000    64     1054.0000     1051.0000   737240    0.28%
   9700  6002     1053.0000    85     1054.0000     1051.0000   748680    0.28%
   9800  6077     1052.0000    79     1054.0000     1051.0000   765131    0.28%
   9900  6159     1052.0000    78     1054.0000     1051.0000   779517    0.28%
  10000  6250     1053.0000    69     1054.0000     1051.0000   793939    0.28%
Elapsed time = 320.13 sec. (tree size = 52.38 MB, solutions = 8)
  10100  6337     1052.0000    86     1054.0000     1051.0000   810567    0.28%
  10200  6405    infeasible           1054.0000     1051.0000   838158    0.28%
  10300  6484     1053.0000    58     1054.0000     1051.0000   853853    0.28%
  10400  6570     1053.0000    66     1054.0000     1051.0000   868584    0.28%
  10500  6654     1053.0000    84     1054.0000     1051.0000   883258    0.28%
* 10511+ 3304                         1053.0000     1051.0000   884182    0.19%
  10600  3368     1052.0000    96     1053.0000     1051.0000   900632    0.19%
  10700  3445     1052.0000    83     1053.0000     1051.0000   920980    0.19%
  10800  3523     1051.0000   117     1053.0000     1051.0000   942900    0.19%
  10900  3608     1052.0000    88     1053.0000     1051.0000   959383    0.19%
  11000  3689     1052.0000    65     1053.0000     1051.0000   978879    0.19%
Elapsed time = 404.14 sec. (tree size = 31.28 MB, solutions = 9)
  11100  3767     1052.0000    84     1053.0000     1051.0000  1000026    0.19%
  11200  3831     1052.0000    90     1053.0000     1051.0000  1020677    0.19%
  11300  3900     1052.0000    93     1053.0000     1051.0000  1044918    0.19%
  11400  3973     1052.0000    84     1053.0000     1051.0000  1063944    0.19%
  11500  4048     1052.0000    82     1053.0000     1051.0000  1084569    0.19%
  11600  4103     1052.0000    67     1053.0000     1051.0000  1109086    0.19%
  11700  4181     1052.0000    99     1053.0000     1051.0000  1128683    0.19%
  11800  4239     1052.0000    81     1053.0000     1051.0000  1149359    0.19%
  11900  4313     1052.0000    94     1053.0000     1051.0000  1169868    0.19%
  12000  4381     1052.0000    54     1053.0000     1051.0000  1190843    0.19%
Elapsed time = 498.23 sec. (tree size = 40.81 MB, solutions = 9)
  12100  4460     1052.0000    64     1053.0000     1051.0000  1208457    0.19%
  12200  4532     1052.0000    67     1053.0000     1051.0000  1230868    0.19%
  12300  4600     1052.0000    84     1053.0000     1051.0000  1251417    0.19%
  12400  4670     1051.0000    95     1053.0000     1051.0000  1274175    0.19%
  12500  4749     1051.0000   136     1053.0000     1051.0000  1296946    0.19%
  12600  4829     1052.0000    99     1053.0000     1051.0000  1318248    0.19%
  12700  4906     1052.0000    93     1053.0000     1051.0000  1339870    0.19%
  12800  4970     1052.0000    69     1053.0000     1051.0000  1366128    0.19%
  12900  5050     1052.0000    73     1053.0000     1051.0000  1381083    0.19%
  13000  5134     1051.0000    95     1053.0000     1051.0000  1396947    0.19%
Elapsed time = 596.95 sec. (tree size = 51.56 MB, solutions = 9)
  13100  5199     1052.0000   106     1053.0000     1051.0000  1424593    0.19%
  13200  5271     1052.0000    98     1053.0000     1051.0000  1456235    0.19%
  13300  5336    infeasible           1053.0000     1051.0000  1478265    0.19%
  13400  5393     1052.0000    80     1053.0000     1051.0000  1504746    0.19%
  13500  5468     1052.0000    91     1053.0000     1051.0000  1538128    0.19%
  13600  5516     1052.0000    99     1053.0000     1051.0000  1573033    0.19%
  13700  5585     1052.0000    96     1053.0000     1051.0000  1596477    0.19%
  13800  5648    infeasible           1053.0000     1051.0000  1630686    0.19%
  13900  5711    infeasible           1053.0000     1051.0000  1664063    0.19%
  14000  5766    infeasible           1053.0000     1051.0000  1690363    0.19%
Elapsed time = 742.95 sec. (tree size = 61.36 MB, solutions = 9)
  14100  5817     1052.0000   113     1053.0000     1051.0000  1718512    0.19%
  14200  5886     1052.0000    73     1053.0000     1051.0000  1748411    0.19%
  14300  5953     1052.0000    81     1053.0000     1051.0000  1789692    0.19%
  14400  6011    infeasible           1053.0000     1051.0000  1823256    0.19%
  14500  6070     1052.0000   133     1053.0000     1051.0000  1860478    0.19%
  14600  6141     1052.0000   101     1053.0000     1051.0000  1889279    0.19%
  14700  6204    infeasible           1053.0000     1051.0000  1916362    0.19%
  14800  6270     1052.0000    76     1053.0000     1051.0000  1942534    0.19%
  14900  6330     1052.0000   101     1053.0000     1051.0000  1973055    0.19%
  15000  6381    infeasible           1053.0000     1051.0000  2011245    0.19%
Elapsed time = 913.78 sec. (tree size = 71.63 MB, solutions = 9)
  15100  6445     1052.0000   118     1053.0000     1051.0000  2032636    0.19%
  15200  6505     1051.0000   112     1053.0000     1051.0000  2065750    0.19%
  15300  6565     1052.0000    85     1053.0000     1051.0000  2093777    0.19%
  15400  6628    infeasible           1053.0000     1051.0000  2129391    0.19%
  15500  6680     1051.1737   103     1053.0000     1051.0000  2167413    0.19%
  15600  6751     1052.0000   108     1053.0000     1051.0000  2188733    0.19%
  15700  6810     1051.0000   109     1053.0000     1051.0000  2225066    0.19%
  15800  6870    infeasible           1053.0000     1051.0000  2253845    0.19%
  15900  6937     1052.0000    93     1053.0000     1051.0000  2285227    0.19%
  16000  6996     1052.0000    78     1053.0000     1051.0000  2318388    0.19%
Elapsed time = 1083.14 sec. (tree size = 82.46 MB, solutions = 9)
  16100  7068     1051.0595   104     1053.0000     1051.0000  2340893    0.19%
  16200  7138     1052.0000    75     1053.0000     1051.0000  2367535    0.19%
  16300  7214    infeasible           1053.0000     1051.0000  2394063    0.19%
  16400  7271     1052.0000    96     1053.0000     1051.0000  2429404    0.19%
  16500  7334     1052.0000   120     1053.0000     1051.0000  2481303    0.19%
  16600  7380     1052.0000    87     1053.0000     1051.0000  2542249    0.19%
  16700  7455     1052.0000    79     1053.0000     1051.0000  2568948    0.19%
  16800  7524     1052.0000    89     1053.0000     1051.0000  2603503    0.19%
  16900  7595     1052.0000   124     1053.0000     1051.0000  2630340    0.19%
  17000  7661     1052.0000   116     1053.0000     1051.0000  2655917    0.19%
Elapsed time = 1277.06 sec. (tree size = 94.20 MB, solutions = 9)
  17100  7718     1051.2879   100     1053.0000     1051.0000  2699693    0.19%
  17200  7799     1052.0000   102     1053.0000     1051.0000  2726437    0.19%
  17300  7878     1052.0000    65     1053.0000     1051.0000  2751519    0.19%
  17400  7955    infeasible           1053.0000     1051.0000  2778074    0.19%
  17500  8020    infeasible           1053.0000     1051.0000  2810909    0.19%
  17600  8088     1052.0000    91     1053.0000     1051.0000  2842573    0.19%
  17700  8160     1051.0000   106     1053.0000     1051.0000  2864884    0.19%
  17800  8234     1052.0000    88     1053.0000     1051.0000  2890060    0.19%
  17900  8297     1052.0000    88     1053.0000     1051.0000  2916124    0.19%
  18000  8377     1052.0000    79     1053.0000     1051.0000  2940564    0.19%
Elapsed time = 1442.66 sec. (tree size = 106.80 MB, solutions = 9)
  18100  8444     1052.0000    82     1053.0000     1051.0000  2966416    0.19%
  18200  8519     1051.0113    97     1053.0000     1051.0000  2990824    0.19%
  18300  8600    infeasible           1053.0000     1051.0000  3012275    0.19%
  18400  8674     1052.0000    67     1053.0000     1051.0000  3029652    0.19%
  18500  8756    infeasible           1053.0000     1051.0000  3047469    0.19%
  18600  8835     1052.0000    36     1053.0000     1051.0000  3068059    0.19%
  18700  8917     1052.0000    82     1053.0000     1051.0000  3086201    0.19%
  18800  9003     1052.0000    93     1053.0000     1051.0000  3100954    0.19%
  18900  9077     1052.0000    87     1053.0000     1051.0000  3122298    0.19%
  19000  9155     1052.0000    71     1053.0000     1051.0000  3140559    0.19%
Elapsed time = 1547.01 sec. (tree size = 119.96 MB, solutions = 9)
  19100  9234     1052.0000    75     1053.0000     1051.0000  3154270    0.19%
  19200  9322     1052.0000    95     1053.0000     1051.0000  3172914    0.19%
  19300  9399     1052.0000    86     1053.0000     1051.0000  3195419    0.19%
  19400  9484     1052.0000    94     1053.0000     1051.0000  3213969    0.19%
  19500  9559     1052.0000   114     1053.0000     1051.0000  3236696    0.19%
  19600  9620     1051.0000   134     1053.0000     1051.0000  3265923    0.19%
  19700  9692    infeasible           1053.0000     1051.0000  3290691    0.19%
  19800  9762     1052.0000    93     1053.0000     1051.0000  3315012    0.19%
  19900  9841     1052.0000   103     1053.0000     1051.0000  3338541    0.19%
  20000  9928     1052.0000    96     1053.0000     1051.0000  3356011    0.19%
Elapsed time = 1666.14 sec. (tree size = 133.12 MB, solutions = 9)
Nodefile size =  5.94 MB (5.18 MB after compression)
  20100 10002     1052.0000    87     1053.0000     1051.0000  3385425    0.19%
  20200 10072     1052.0000    80     1053.0000     1051.0000  3408631    0.19%
  20300 10143     1052.0000   122     1053.0000     1051.0000  3457017    0.19%
  20400 10226     1052.0000    89     1053.0000     1051.0000  3478832    0.19%
  20500 10299    infeasible           1053.0000     1051.0000  3500661    0.19%
  20600 10374     1052.0000    94     1053.0000     1051.0000  3535520    0.19%
  20700 10441    infeasible           1053.0000     1051.0000  3561902    0.19%
  20800 10516     1052.0000    80     1053.0000     1051.0000  3583880    0.19%
  20900 10585     1052.0000    98     1053.0000     1051.0000  3610435    0.19%
  21000 10666     1052.0000   108     1053.0000     1051.0000  3628098    0.19%
Elapsed time = 1813.13 sec. (tree size = 145.82 MB, solutions = 9)
Nodefile size = 17.84 MB (15.72 MB after compression)
  21100 10741     1052.0000    84     1053.0000     1051.0000  3648304    0.19%
  21200 10813     1052.0000    91     1053.0000     1051.0000  3673793    0.19%
  21300 10892     1051.0000   103     1053.0000     1051.0000  3698531    0.19%
  21400 10974     1052.0000    88     1053.0000     1051.0000  3719154    0.19%
  21500 11051     1052.0000    82     1053.0000     1051.0000  3740050    0.19%
  21600 11116     1052.0000   117     1053.0000     1051.0000  3769696    0.19%
  21700 11182     1052.0000   100     1053.0000     1051.0000  3799002    0.19%
  21800 11248     1052.0000    77     1053.0000     1051.0000  3824777    0.19%
  21900 11327    infeasible           1053.0000     1051.0000  3846725    0.19%
  22000 11406     1052.0000    93     1053.0000     1051.0000  3870089    0.19%
Elapsed time = 1944.39 sec. (tree size = 158.46 MB, solutions = 9)
Nodefile size = 30.75 MB (27.17 MB after compression)
  22100 11483     1052.0000   103     1053.0000     1051.0000  3891292    0.19%
  22200 11563     1052.0000    91     1053.0000     1051.0000  3910754    0.19%
  22300 11640     1051.0036   103     1053.0000     1051.0000  3936564    0.19%
  22400 11726     1052.0000    89     1053.0000     1051.0000  3955196    0.19%
  22500 11803     1052.0000   106     1053.0000     1051.0000  3979485    0.19%
  22600 11887     1052.0000    85     1053.0000     1051.0000  3995103    0.19%
  22700 11971    infeasible           1053.0000     1051.0000  4020470    0.19%
  22800 12050     1052.0000    86     1053.0000     1051.0000  4042610    0.19%
  22900 12133     1052.0000    72     1053.0000     1051.0000  4063881    0.19%
  23000 12214     1052.0000    61     1053.0000     1051.0000  4087786    0.19%
Elapsed time = 2060.59 sec. (tree size = 172.08 MB, solutions = 9)
Nodefile size = 44.67 MB (39.72 MB after compression)
  23100 12299     1052.0000    93     1053.0000     1051.0000  4101723    0.19%
  23200 12384     1052.0000    76     1053.0000     1051.0000  4116988    0.19%
  23300 12460     1052.0000    84     1053.0000     1051.0000  4141424    0.19%
  23400 12544     1052.0000    79     1053.0000     1051.0000  4158931    0.19%
  23500 12632     1052.0000    99     1053.0000     1051.0000  4175818    0.19%
  23600 12703     1051.0803    99     1053.0000     1051.0000  4201961    0.19%
  23700 12771     1052.0000    75     1053.0000     1051.0000  4229828    0.19%
  23800 12843     1052.0000   107     1053.0000     1051.0000  4254891    0.19%
  23900 12910     1052.0000    80     1053.0000     1051.0000  4278832    0.19%
  24000 12972     1052.0000    89     1053.0000     1051.0000  4309546    0.19%
Elapsed time = 2181.22 sec. (tree size = 184.92 MB, solutions = 9)
Nodefile size = 57.56 MB (51.44 MB after compression)
  24100 13056     1052.0000    66     1053.0000     1051.0000  4323259    0.19%
  24200 13126     1052.0000    61     1053.0000     1051.0000  4349699    0.19%
  24300 13212     1052.0000    96     1053.0000     1051.0000  4366880    0.19%
  24400 13287     1052.0000    75     1053.0000     1051.0000  4383734    0.19%
  24500 13365     1051.0000    87     1053.0000     1051.0000  4403779    0.19%
  24600 13444    infeasible           1053.0000     1051.0000  4420734    0.19%
  24700 13524     1052.0000    97     1053.0000     1051.0000  4440637    0.19%
  24800 13606     1052.0000    88     1053.0000     1051.0000  4456624    0.19%
  24900 13683     1052.0000    79     1053.0000     1051.0000  4475782    0.19%
  25000 13766     1052.0000    73     1053.0000     1051.0000  4493368    0.19%
Elapsed time = 2274.95 sec. (tree size = 198.32 MB, solutions = 9)
Nodefile size = 70.46 MB (63.24 MB after compression)
  25100 13849     1052.0000   105     1053.0000     1051.0000  4516334    0.19%
  25200 13922     1052.0000    78     1053.0000     1051.0000  4539130    0.19%
  25300 13995    infeasible           1053.0000     1051.0000  4560132    0.19%
  25400 14074     1051.0000    99     1053.0000     1051.0000  4578028    0.19%
  25500 14162     1051.0000   100     1053.0000     1051.0000  4596698    0.19%
  25600 14239     1052.0000   101     1053.0000     1051.0000  4618257    0.19%
  25700 14315     1052.0000    84     1053.0000     1051.0000  4641314    0.19%
  25800 14397     1052.0000    94     1053.0000     1051.0000  4658449    0.19%
  25900 14476     1052.0000    98     1053.0000     1051.0000  4678186    0.19%
  26000 14556     1052.0000    78     1053.0000     1051.0000  4696182    0.19%
Elapsed time = 2384.39 sec. (tree size = 211.61 MB, solutions = 9)
Nodefile size = 84.35 MB (75.93 MB after compression)
  26100 14631    infeasible           1053.0000     1051.0000  4717543    0.19%
  26200 14712     1052.0000    74     1053.0000     1051.0000  4734376    0.19%
  26300 14796     1052.0000    84     1053.0000     1051.0000  4751409    0.19%
  26400 14884     1052.0000    74     1053.0000     1051.0000  4770828    0.19%
  26500 14966     1052.0000    91     1053.0000     1051.0000  4786064    0.19%
  26600 15043     1052.0000   102     1053.0000     1051.0000  4807950    0.19%
  26700 15109     1052.0000    85     1053.0000     1051.0000  4834756    0.19%
  26800 15192     1052.0000    86     1053.0000     1051.0000  4856159    0.19%
  26900 15259     1052.0000    83     1053.0000     1051.0000  4880821    0.19%
  27000 15341    infeasible           1053.0000     1051.0000  4910910    0.19%
Elapsed time = 2495.50 sec. (tree size = 224.87 MB, solutions = 9)
Nodefile size = 97.25 MB (87.77 MB after compression)
  27100 15408        cutoff           1053.0000     1051.0000  4937886    0.19%
  27200 15482     1052.0000   106     1053.0000     1051.0000  4960563    0.19%
  27300 15558     1051.0000   128     1053.0000     1051.0000  4989334    0.19%
  27400 15633     1052.0000    92     1053.0000     1051.0000  5031785    0.19%
  27500 15715     1052.0000    80     1053.0000     1051.0000  5050172    0.19%
  27600 15798     1052.0000    98     1053.0000     1051.0000  5068899    0.19%
  27700 15877     1052.0000    91     1053.0000     1051.0000  5088452    0.19%
  27800 15955     1052.0000    75     1053.0000     1051.0000  5111156    0.19%
  27900 16033     1052.0000    80     1053.0000     1051.0000  5130804    0.19%
  28000 16112     1052.0000    66     1053.0000     1051.0000  5146378    0.19%
Elapsed time = 2623.69 sec. (tree size = 237.88 MB, solutions = 9)
Nodefile size = 110.15 MB (99.86 MB after compression)
  28100 16191     1052.0000    96     1053.0000     1051.0000  5165488    0.19%
  28200 16266     1052.0000    67     1053.0000     1051.0000  5190691    0.19%
  28300 16345     1052.0000    59     1053.0000     1051.0000  5206506    0.19%
  28400 16423     1052.0000    79     1053.0000     1051.0000  5227863    0.19%
  28500 16500     1052.0000    97     1053.0000     1051.0000  5250759    0.19%
  28600 16585     1052.0000    88     1053.0000     1051.0000  5270771    0.19%
  28700 16668     1052.0000   103     1053.0000     1051.0000  5290237    0.19%
  28800 16753     1052.0000   102     1053.0000     1051.0000  5310459    0.19%
  28900 16838     1052.0000    82     1053.0000     1051.0000  5327853    0.19%
  29000 16916    infeasible           1053.0000     1051.0000  5348698    0.19%
Elapsed time = 2730.58 sec. (tree size = 251.45 MB, solutions = 9)
Nodefile size = 124.04 MB (112.75 MB after compression)
  29100 16987     1052.0000    73     1053.0000     1051.0000  5370089    0.19%
  29200 17066     1052.0000    55     1053.0000     1051.0000  5393670    0.19%
  29300 17122     1052.0000    92     1053.0000     1051.0000  5424212    0.19%
  29400 17212     1052.0000    76     1053.0000     1051.0000  5446738    0.19%
  29500 17289     1052.0000    80     1053.0000     1051.0000  5469507    0.19%
  29600 17364     1051.0000    97     1053.0000     1051.0000  5490928    0.19%
  29700 17444     1052.0000    72     1053.0000     1051.0000  5512081    0.19%
  29800 17524     1052.0000    71     1053.0000     1051.0000  5528865    0.19%
  29900 17603     1052.0000    77     1053.0000     1051.0000  5550321    0.19%
  30000 17680     1052.0000    84     1053.0000     1051.0000  5569282    0.19%
Elapsed time = 2842.53 sec. (tree size = 264.30 MB, solutions = 9)
Nodefile size = 136.94 MB (124.61 MB after compression)
  30100 17752     1052.0000    72     1053.0000     1051.0000  5591360    0.19%
  30200 17824     1051.0277   104     1053.0000     1051.0000  5619545    0.19%
  30300 17901     1052.0000    81     1053.0000     1051.0000  5642274    0.19%
  30400 17986     1052.0000   107     1053.0000     1051.0000  5659452    0.19%
  30500 18065     1052.0000    55     1053.0000     1051.0000  5677563    0.19%
  30600 18137     1052.0000    84     1053.0000     1051.0000  5702909    0.19%
  30700 18208     1052.0000   111     1053.0000     1051.0000  5727707    0.19%
  30800 18271    infeasible           1053.0000     1051.0000  5757874    0.19%
  30900 18354     1052.0000    88     1053.0000     1051.0000  5773351    0.19%
  31000 18435     1052.0000   122     1053.0000     1051.0000  5793138    0.19%
Elapsed time = 2965.33 sec. (tree size = 277.11 MB, solutions = 9)
Nodefile size = 149.84 MB (136.76 MB after compression)
  31100 18507     1052.0000    79     1053.0000     1051.0000  5820917    0.19%
  31200 18586     1052.0000    72     1053.0000     1051.0000  5837016    0.19%
  31300 18665     1052.0000    92     1053.0000     1051.0000  5853477    0.19%
  31400 18739     1052.0000    72     1053.0000     1051.0000  5872021    0.19%
  31500 18813     1052.0000    70     1053.0000     1051.0000  5897417    0.19%
  31600 18885     1052.0000    74     1053.0000     1051.0000  5914464    0.19%
  31700 18963     1051.0164   118     1053.0000     1051.0000  5936120    0.19%
  31800 19048     1052.0000    70     1053.0000     1051.0000  5954489    0.19%
  31900 19124     1052.0000    73     1053.0000     1051.0000  5977454    0.19%
  32000 19188     1052.0000    75     1053.0000     1051.0000  6006983    0.19%
Elapsed time = 3076.20 sec. (tree size = 289.81 MB, solutions = 9)
Nodefile size = 162.73 MB (148.73 MB after compression)
  32100 19276     1052.0000    99     1053.0000     1051.0000  6024899    0.19%
  32200 19360     1052.0000   102     1053.0000     1051.0000  6038144    0.19%
  32300 19435    infeasible           1053.0000     1051.0000  6060062    0.19%
  32400 19518     1052.0000   106     1053.0000     1051.0000  6078008    0.19%
  32500 19601     1052.0000    72     1053.0000     1051.0000  6093248    0.19%
  32600 19681     1052.0000    90     1053.0000     1051.0000  6116654    0.19%
  32700 19764     1052.0000    83     1053.0000     1051.0000  6133591    0.19%
  32800 19844     1052.0000    71     1053.0000     1051.0000  6150163    0.19%
  32900 19925     1052.0000    77     1053.0000     1051.0000  6169542    0.19%
  33000 19999     1052.0000    96     1053.0000     1051.0000  6192467    0.19%
Elapsed time = 3175.94 sec. (tree size = 303.47 MB, solutions = 9)
Nodefile size = 175.62 MB (160.83 MB after compression)
  33100 20070     1052.0000    64     1053.0000     1051.0000  6213078    0.19%
  33200 20146     1052.0000    90     1053.0000     1051.0000  6235559    0.19%
  33300 20229     1052.0000    70     1053.0000     1051.0000  6253628    0.19%
  33400 20308     1052.0000    90     1053.0000     1051.0000  6278935    0.19%
  33500 20382    infeasible           1053.0000     1051.0000  6301492    0.19%
  33600 20449     1052.0000    83     1053.0000     1051.0000  6330885    0.19%
  33700 20521     1052.0000    67     1053.0000     1051.0000  6351407    0.19%
  33800 20587     1052.0000    64     1053.0000     1051.0000  6384465    0.19%
  33900 20675     1052.0000    87     1053.0000     1051.0000  6404538    0.19%
  34000 20735    infeasible           1053.0000     1051.0000  6439010    0.19%
Elapsed time = 3311.33 sec. (tree size = 315.97 MB, solutions = 9)
Nodefile size = 188.52 MB (172.97 MB after compression)
  34100 20804     1052.0000    66     1053.0000     1051.0000  6462586    0.19%
  34200 20888     1052.0000    63     1053.0000     1051.0000  6480865    0.19%
  34300 20973     1052.0000    96     1053.0000     1051.0000  6498827    0.19%
  34400 21050     1052.0000    86     1053.0000     1051.0000  6522338    0.19%
  34500 21124     1052.0000    96     1053.0000     1051.0000  6541782    0.19%
  34600 21189     1052.0000    78     1053.0000     1051.0000  6562650    0.19%
  34700 21273     1052.0000    88     1053.0000     1051.0000  6578302    0.19%
  34800 21356     1052.0000    69     1053.0000     1051.0000  6595137    0.19%
  34900 21436     1052.0000    72     1053.0000     1051.0000  6615089    0.19%
  35000 21522    infeasible           1053.0000     1051.0000  6630431    0.19%
Elapsed time = 3410.19 sec. (tree size = 329.27 MB, solutions = 9)
Nodefile size = 201.44 MB (185.15 MB after compression)
  35100 21603    infeasible           1053.0000     1051.0000  6646799    0.19%
  35200 21688    infeasible           1053.0000     1051.0000  6661363    0.19%
  35300 21769     1052.0000    89     1053.0000     1051.0000  6674805    0.19%
  35400 21857     1052.0000    91     1053.0000     1051.0000  6690299    0.19%
  35500 21935     1052.0000    70     1053.0000     1051.0000  6709825    0.19%
  35600 22014     1052.0000    56     1053.0000     1051.0000  6726887    0.19%
  35700 22093     1052.0000    67     1053.0000     1051.0000  6748881    0.19%
  35800 22175     1052.0000    89     1053.0000     1051.0000  6766908    0.19%
  35900 22246     1052.0000    90     1053.0000     1051.0000  6793688    0.19%
  36000 22324     1052.0000    82     1053.0000     1051.0000  6814960    0.19%
Elapsed time = 3508.84 sec. (tree size = 342.76 MB, solutions = 9)
Nodefile size = 215.33 MB (198.25 MB after compression)
  36100 22407     1052.0000    95     1053.0000     1051.0000  6835260    0.19%
  36200 22479     1052.0000    87     1053.0000     1051.0000  6858024    0.19%
  36300 22564     1052.0000    92     1053.0000     1051.0000  6875351    0.19%
  36400 22643     1052.0000    81     1053.0000     1051.0000  6891832    0.19%
  36500 22724     1052.0000    78     1053.0000     1051.0000  6912527    0.19%
  36600 22802     1052.0000    74     1053.0000     1051.0000  6934571    0.19%
  36700 22888     1052.0000    97     1053.0000     1051.0000  6948485    0.19%
  36800 22974     1051.0000   107     1053.0000     1051.0000  6965112    0.19%
  36900 23052     1052.0000   107     1053.0000     1051.0000  6989779    0.19%
  37000 23131     1052.0000    91     1053.0000     1051.0000  7011576    0.19%
Elapsed time = 3616.67 sec. (tree size = 356.34 MB, solutions = 9)
Nodefile size = 229.24 MB (211.38 MB after compression)
  37100 23210     1052.0000    96     1053.0000     1051.0000  7032053    0.19%
  37200 23285     1052.0000   106     1053.0000     1051.0000  7049969    0.19%
  37300 23362     1052.0000    80     1053.0000     1051.0000  7067179    0.19%
  37400 23442     1052.0000    81     1053.0000     1051.0000  7095663    0.19%
  37500 23526     1052.0000    66     1053.0000     1051.0000  7125059    0.19%
  37600 23603     1052.0000    95     1053.0000     1051.0000  7152704    0.19%
  37700 23681     1052.0000    97     1053.0000     1051.0000  7171838    0.19%
  37800 23762     1052.0000    79     1053.0000     1051.0000  7189365    0.19%
  37900 23841     1052.0000    91     1053.0000     1051.0000  7213297    0.19%
  38000 23917     1052.0000    84     1053.0000     1051.0000  7233060    0.19%
Elapsed time = 3732.00 sec. (tree size = 369.59 MB, solutions = 9)
Nodefile size = 242.14 MB (223.53 MB after compression)
  38100 23997     1052.0000   102     1053.0000     1051.0000  7258519    0.19%
  38200 24082     1052.0000    84     1053.0000     1051.0000  7274095    0.19%
  38300 24165    infeasible           1053.0000     1051.0000  7295866    0.19%
  38400 24248     1052.0000   108     1053.0000     1051.0000  7314264    0.19%
  38500 24321     1052.0000    91     1053.0000     1051.0000  7341183    0.19%
  38600 24406     1052.0000    85     1053.0000     1051.0000  7359368    0.19%
  38700 24476     1052.0000    79     1053.0000     1051.0000  7379553    0.19%
  38800 24549    infeasible           1053.0000     1051.0000  7403794    0.19%
  38900 24629     1052.0000    85     1053.0000     1051.0000  7424641    0.19%
  39000 24704     1052.0000    84     1053.0000     1051.0000  7449394    0.19%
Elapsed time = 3848.55 sec. (tree size = 382.84 MB, solutions = 9)
Nodefile size = 255.05 MB (235.76 MB after compression)
  39100 24786     1051.0000   112     1053.0000     1051.0000  7468914    0.19%
  39200 24859     1051.0000   105     1053.0000     1051.0000  7487982    0.19%
  39300 24944     1052.0000    89     1053.0000     1051.0000  7508641    0.19%
  39400 25022     1052.0000    99     1053.0000     1051.0000  7524925    0.19%
  39500 25103     1052.0000    91     1053.0000     1051.0000  7545530    0.19%
  39600 25181     1052.0000    85     1053.0000     1051.0000  7564393    0.19%
  39700 25261     1052.0000    99     1053.0000     1051.0000  7580665    0.19%
  39800 25338     1052.0000    87     1053.0000     1051.0000  7602684    0.19%
  39900 25419     1052.0000    99     1053.0000     1051.0000  7620838    0.19%
  40000 25488     1052.0000    79     1053.0000     1051.0000  7647110    0.19%
Elapsed time = 3956.92 sec. (tree size = 396.06 MB, solutions = 9)
Nodefile size = 268.98 MB (248.94 MB after compression)
  40100 25566     1052.0000    95     1053.0000     1051.0000  7667422    0.19%
  40200 25647     1052.0000    94     1053.0000     1051.0000  7688354    0.19%
  40300 25736     1052.0000    82     1053.0000     1051.0000  7703235    0.19%
  40400 25817     1052.0000    96     1053.0000     1051.0000  7722514    0.19%
  40500 25896     1052.0000    65     1053.0000     1051.0000  7742648    0.19%
  40600 25975     1052.0000   104     1053.0000     1051.0000  7759170    0.19%
  40700 26055     1052.0000    74     1053.0000     1051.0000  7774820    0.19%
  40800 26127    infeasible           1053.0000     1051.0000  7793440    0.19%
  40900 26209     1052.0000    75     1053.0000     1051.0000  7808944    0.19%
  41000 26289     1052.0000    86     1053.0000     1051.0000  7830166    0.19%
Elapsed time = 4050.19 sec. (tree size = 409.55 MB, solutions = 9)
Nodefile size = 281.87 MB (261.11 MB after compression)
  41100 26370     1052.0000    84     1053.0000     1051.0000  7846746    0.19%
  41200 26448     1052.0000    85     1053.0000     1051.0000  7861561    0.19%
  41300 26529     1052.0000    80     1053.0000     1051.0000  7881271    0.19%
  41400 26610     1052.0000    80     1053.0000     1051.0000  7894388    0.19%
  41500 26698     1052.0000    70     1053.0000     1051.0000  7908044    0.19%
  41600 26775     1051.0000    89     1053.0000     1051.0000  7926340    0.19%
  41700 26854     1052.0000    79     1053.0000     1051.0000  7938345    0.19%
  41800 26936    infeasible           1053.0000     1051.0000  7951539    0.19%
  41900 27013     1052.0000    90     1053.0000     1051.0000  7969629    0.19%
  42000 27090     1052.0000    86     1053.0000     1051.0000  7985749    0.19%
Elapsed time = 4128.44 sec. (tree size = 423.03 MB, solutions = 9)
Nodefile size = 295.77 MB (274.24 MB after compression)
  42100 27175        cutoff           1053.0000     1051.0000  7999751    0.19%
  42200 27256     1052.0000    92     1053.0000     1051.0000  8015845    0.19%
  42300 27331     1052.0000    55     1053.0000     1051.0000  8033370    0.19%
  42400 27410    infeasible           1053.0000     1051.0000  8067529    0.19%
  42500 27491     1052.0000    95     1053.0000     1051.0000  8088141    0.19%
  42600 27576     1052.0000    78     1053.0000     1051.0000  8105838    0.19%
  42700 27652     1052.0000    89     1053.0000     1051.0000  8123670    0.19%
  42800 27731     1052.0000    84     1053.0000     1051.0000  8140979    0.19%
  42900 27810     1052.0000    80     1053.0000     1051.0000  8158691    0.19%
  43000 27891     1052.0000   100     1053.0000     1051.0000  8181016    0.19%
Elapsed time = 4235.91 sec. (tree size = 436.52 MB, solutions = 9)
Nodefile size = 308.64 MB (286.53 MB after compression)
  43100 27962    infeasible           1053.0000     1051.0000  8204660    0.19%
  43200 28037     1052.0000    96     1053.0000     1051.0000  8227690    0.19%
  43300 28119     1051.0000    99     1053.0000     1051.0000  8246357    0.19%
  43400 28213     1052.0000    91     1053.0000     1051.0000  8260067    0.19%
  43500 28295     1052.0000    65     1053.0000     1051.0000  8275608    0.19%
  43600 28360    infeasible           1053.0000     1051.0000  8298840    0.19%
  43700 28445     1052.0000    53     1053.0000     1051.0000  8310677    0.19%
  43800 28524     1052.0000    91     1053.0000     1051.0000  8327006    0.19%
  43900 28595     1052.0000    92     1053.0000     1051.0000  8368609    0.19%
  44000 28667     1052.0000    86     1053.0000     1051.0000  8392343    0.19%
Elapsed time = 4346.98 sec. (tree size = 449.60 MB, solutions = 9)
Nodefile size = 322.54 MB (299.67 MB after compression)
  44100 28740     1052.0000    99     1053.0000     1051.0000  8418324    0.19%
  44200 28824     1052.0000    79     1053.0000     1051.0000  8438579    0.19%
  44300 28903     1052.0000    91     1053.0000     1051.0000  8464151    0.19%
  44400 28985     1052.0000    73     1053.0000     1051.0000  8485073    0.19%
  44500 29056     1052.0000    83     1053.0000     1051.0000  8531359    0.19%
  44600 29138     1052.0000    85     1053.0000     1051.0000  8550324    0.19%
  44700 29215     1052.0000    57     1053.0000     1051.0000  8569966    0.19%
  44800 29299     1051.0379   112     1053.0000     1051.0000  8588085    0.19%
  44900 29379     1052.0000    85     1053.0000     1051.0000  8605766    0.19%
  45000 29460     1052.0000    71     1053.0000     1051.0000  8624138    0.19%
Elapsed time = 4469.98 sec. (tree size = 462.96 MB, solutions = 9)
Nodefile size = 335.44 MB (311.95 MB after compression)
  45100 29543     1052.0000    92     1053.0000     1051.0000  8645441    0.19%
  45200 29625     1051.0000    98     1053.0000     1051.0000  8660716    0.19%
  45300 29706    infeasible           1053.0000     1051.0000  8678754    0.19%
  45400 29781     1052.0000    73     1053.0000     1051.0000  8701331    0.19%
  45500 29870     1052.0000    96     1053.0000     1051.0000  8716314    0.19%
  45600 29949     1052.0000    65     1053.0000     1051.0000  8734484    0.19%
  45700 30031     1052.0000    87     1053.0000     1051.0000  8750437    0.19%
  45800 30107     1052.0000   113     1053.0000     1051.0000  8769598    0.19%
  45900 30183     1052.0000   100     1053.0000     1051.0000  8789472    0.19%
  46000 30253     1052.0000    81     1053.0000     1051.0000  8808709    0.19%
Elapsed time = 4568.53 sec. (tree size = 476.32 MB, solutions = 9)
Nodefile size = 349.33 MB (325.18 MB after compression)
  46100 30333     1052.0000    71     1053.0000     1051.0000  8828884    0.19%
  46200 30408     1051.0000   102     1053.0000     1051.0000  8850950    0.19%
  46300 30485     1051.0000   109     1053.0000     1051.0000  8879509    0.19%
  46400 30561     1052.0000    72     1053.0000     1051.0000  8905876    0.19%
  46500 30640     1052.0000    92     1053.0000     1051.0000  8924852    0.19%
  46600 30727     1052.0000    93     1053.0000     1051.0000  8944903    0.19%
  46700 30802     1052.0000    89     1053.0000     1051.0000  8971349    0.19%
  46800 30884     1052.0000   100     1053.0000     1051.0000  8994340    0.19%
  46900 30963     1051.0000   105     1053.0000     1051.0000  9016257    0.19%
  47000 31041     1052.0000   101     1053.0000     1051.0000  9040087    0.19%
Elapsed time = 4693.34 sec. (tree size = 489.61 MB, solutions = 9)
Nodefile size = 362.22 MB (337.38 MB after compression)
  47100 31117     1052.0000    75     1053.0000     1051.0000  9065938    0.19%
  47200 31205     1052.0000    70     1053.0000     1051.0000  9080029    0.19%
  47300 31290     1052.0000    68     1053.0000     1051.0000  9099497    0.19%
  47400 31375     1052.0000    82     1053.0000     1051.0000  9114843    0.19%
  47500 31458     1051.0000    93     1053.0000     1051.0000  9132095    0.19%
  47600 31542     1052.0000    86     1053.0000     1051.0000  9152847    0.19%
  47700 31632     1052.0000    69     1053.0000     1051.0000  9165921    0.19%
  47800 31720     1052.0000    66     1053.0000     1051.0000  9181661    0.19%
  47900 31803     1052.0000    92     1053.0000     1051.0000  9200345    0.19%
  48000 31883     1052.0000    85     1053.0000     1051.0000  9217028    0.19%
Elapsed time = 4784.33 sec. (tree size = 503.78 MB, solutions = 9)
Nodefile size = 376.09 MB (350.60 MB after compression)
  48100 31973     1052.0000    83     1053.0000     1051.0000  9233314    0.19%
  48200 32051     1052.0000    85     1053.0000     1051.0000  9252052    0.19%
  48300 32130     1052.0000    71     1053.0000     1051.0000  9276144    0.19%
  48400 32218     1052.0000    80     1053.0000     1051.0000  9292155    0.19%
  48500 32303     1052.0000    88     1053.0000     1051.0000  9309820    0.19%
  48600 32386     1052.0000    94     1053.0000     1051.0000  9326051    0.19%
  48700 32473     1052.0000    92     1053.0000     1051.0000  9342968    0.19%
  48800 32550     1052.0000    77     1053.0000     1051.0000  9361892    0.19%
  48900 32638     1052.0000    92     1053.0000     1051.0000  9374567    0.19%
  49000 32718     1052.0000    89     1053.0000     1051.0000  9389801    0.19%
Elapsed time = 4876.19 sec. (tree size = 517.83 MB, solutions = 9)
Nodefile size = 389.98 MB (363.88 MB after compression)
  49100 32796     1052.0000   107     1053.0000     1051.0000  9415554    0.19%
  49200 32874     1052.0000    78     1053.0000     1051.0000  9433344    0.19%
  49300 32955     1052.0000    82     1053.0000     1051.0000  9455239    0.19%
  49400 33036    infeasible           1053.0000     1051.0000  9476423    0.19%
  49500 33111     1052.0000    91     1053.0000     1051.0000  9499998    0.19%
  49600 33184     1052.0000    36     1053.0000     1051.0000  9520632    0.19%
  49700 33266     1051.0084   108     1053.0000     1051.0000  9540128    0.19%
  49800 33341     1052.0000    85     1053.0000     1051.0000  9561985    0.19%
  49900 33422     1052.0000    90     1053.0000     1051.0000  9583307    0.19%
  50000 33500     1052.0000    91     1053.0000     1051.0000  9604015    0.19%
Elapsed time = 4993.70 sec. (tree size = 530.99 MB, solutions = 9)
Nodefile size = 403.86 MB (377.09 MB after compression)
  50100 33578     1052.0000    76     1053.0000     1051.0000  9621433    0.19%
  50200 33657     1051.1218   105     1053.0000     1051.0000  9647474    0.19%
  50300 33741     1052.0000   103     1053.0000     1051.0000  9670452    0.19%
  50400 33801     1052.0000    73     1053.0000     1051.0000  9712575    0.19%
  50500 33886     1052.0000    86     1053.0000     1051.0000  9729660    0.19%
  50600 33968     1052.0000    90     1053.0000     1051.0000  9747684    0.19%
  50700 34041     1051.5366   119     1053.0000     1051.0000  9770546    0.19%
  50800 34117     1051.0000    94     1053.0000     1051.0000  9794124    0.19%
  50900 34202     1052.0000    74     1053.0000     1051.0000  9811942    0.19%
  51000 34283     1052.0000    68     1053.0000     1051.0000  9830051    0.19%
Elapsed time = 5114.14 sec. (tree size = 544.25 MB, solutions = 9)
Nodefile size = 416.75 MB (389.34 MB after compression)
  51100 34358     1051.0000   109     1053.0000     1051.0000  9848323    0.19%
  51200 34444     1052.0000    83     1053.0000     1051.0000  9872109    0.19%
  51300 34521     1052.0000    72     1053.0000     1051.0000  9893427    0.19%
  51400 34594     1052.0000    66     1053.0000     1051.0000  9912644    0.19%
  51500 34666     1052.0000    89     1053.0000     1051.0000  9938379    0.19%
  51600 34745     1052.0000    79     1053.0000     1051.0000  9958224    0.19%
  51700 34822     1052.0000    80     1053.0000     1051.0000  9977544    0.19%
  51800 34905     1052.0000    86     1053.0000     1051.0000  9996483    0.19%
  51900 34982     1051.1370   105     1053.0000     1051.0000 10017405    0.19%
  52000 35059     1052.0000    86     1053.0000     1051.0000 10044762    0.19%
Elapsed time = 5224.19 sec. (tree size = 557.33 MB, solutions = 9)
Nodefile size = 429.65 MB (401.70 MB after compression)
  52100 35139     1052.0000    89     1053.0000     1051.0000 10063457    0.19%
  52200 35213     1052.0000   100     1053.0000     1051.0000 10086362    0.19%
  52300 35283     1052.0000    89     1053.0000     1051.0000 10114963    0.19%
  52400 35362    infeasible           1053.0000     1051.0000 10136950    0.19%
  52500 35448     1052.0000    98     1053.0000     1051.0000 10158187    0.19%
  52600 35526     1052.0000    89     1053.0000     1051.0000 10183805    0.19%
  52700 35605     1052.0000    77     1053.0000     1051.0000 10207648    0.19%
  52800 35673     1051.1151   106     1053.0000     1051.0000 10233587    0.19%
  52900 35754     1052.0000    79     1053.0000     1051.0000 10252329    0.19%
  53000 35832     1052.0000    90     1053.0000     1051.0000 10272810    0.19%
Elapsed time = 5350.31 sec. (tree size = 570.34 MB, solutions = 9)
Nodefile size = 442.55 MB (414.05 MB after compression)
  53100 35915     1052.0000   102     1053.0000     1051.0000 10294741    0.19%
  53200 35989     1051.0000    93     1053.0000     1051.0000 10326290    0.19%
  53300 36064     1052.0000    80     1053.0000     1051.0000 10353404    0.19%
  53400 36145     1052.0000    85     1053.0000     1051.0000 10370034    0.19%
  53500 36222     1052.0000   106     1053.0000     1051.0000 10394013    0.19%
  53600 36290     1052.0000    92     1053.0000     1051.0000 10421057    0.19%
  53700 36369     1052.0000    86     1053.0000     1051.0000 10446114    0.19%
  53800 36447     1052.0000   109     1053.0000     1051.0000 10467423    0.19%
  53900 36524    infeasible           1053.0000     1051.0000 10501089    0.19%
  54000 36608     1052.0000    80     1053.0000     1051.0000 10522068    0.19%
Elapsed time = 5482.13 sec. (tree size = 583.44 MB, solutions = 9)
Nodefile size = 456.44 MB (427.34 MB after compression)
  54100 36686     1052.0000    69     1053.0000     1051.0000 10541544    0.19%
  54200 36759     1052.0000    96     1053.0000     1051.0000 10561499    0.19%
  54300 36847    infeasible           1053.0000     1051.0000 10578285    0.19%
  54400 36922     1052.0000    97     1053.0000     1051.0000 10597629    0.19%
  54500 36990     1052.0000    83     1053.0000     1051.0000 10614974    0.19%
  54600 37066     1052.0000    86     1053.0000     1051.0000 10638962    0.19%
  54700 37148     1052.0000   100     1053.0000     1051.0000 10661663    0.19%
  54800 37225     1052.0000    79     1053.0000     1051.0000 10685236    0.19%
  54900 37306     1052.0000    96     1053.0000     1051.0000 10708428    0.19%
  55000 37392     1052.0000   107     1053.0000     1051.0000 10726536    0.19%
Elapsed time = 5586.23 sec. (tree size = 596.65 MB, solutions = 9)
Nodefile size = 469.32 MB (439.64 MB after compression)
  55100 37471     1052.0000   107     1053.0000     1051.0000 10747142    0.19%
  55200 37551     1052.0000    76     1053.0000     1051.0000 10767435    0.19%
  55300 37629     1052.0000    78     1053.0000     1051.0000 10788763    0.19%
  55400 37713     1052.0000    89     1053.0000     1051.0000 10805750    0.19%
  55500 37788     1052.0000    77     1053.0000     1051.0000 10828856    0.19%
  55600 37873     1052.0000    85     1053.0000     1051.0000 10849675    0.19%
  55700 37942        cutoff           1053.0000     1051.0000 10876368    0.19%
  55800 38019     1052.0000    80     1053.0000     1051.0000 10899541    0.19%
  55900 38093     1052.0000    69     1053.0000     1051.0000 10923792    0.19%
  56000 38172     1052.0000    95     1053.0000     1051.0000 10947966    0.19%
Elapsed time = 5703.80 sec. (tree size = 609.79 MB, solutions = 9)
Nodefile size = 482.21 MB (451.92 MB after compression)
  56100 38245    infeasible           1053.0000     1051.0000 10974044    0.19%
  56200 38318     1052.0000    71     1053.0000     1051.0000 11003487    0.19%
  56300 38388    infeasible           1053.0000     1051.0000 11026183    0.19%
  56400 38465     1052.0000    74     1053.0000     1051.0000 11048713    0.19%
  56500 38543     1051.0742   104     1053.0000     1051.0000 11069080    0.19%
  56600 38626     1052.0000    95     1053.0000     1051.0000 11087543    0.19%
  56700 38703    infeasible           1053.0000     1051.0000 11114486    0.19%
  56800 38789     1052.0000    83     1053.0000     1051.0000 11131545    0.19%
  56900 38866    infeasible           1053.0000     1051.0000 11156460    0.19%
  57000 38947     1052.0000    86     1053.0000     1051.0000 11183054    0.19%
Elapsed time = 5827.78 sec. (tree size = 622.87 MB, solutions = 9)
Nodefile size = 495.09 MB (464.20 MB after compression)
  57100 39035     1052.0000    92     1053.0000     1051.0000 11201406    0.19%
  57200 39115     1052.0000    81     1053.0000     1051.0000 11222275    0.19%
  57300 39196    infeasible           1053.0000     1051.0000 11240459    0.19%
  57400 39275     1051.0000    99     1053.0000     1051.0000 11263610    0.19%
  57500 39349    infeasible           1053.0000     1051.0000 11291497    0.19%
  57600 39428     1052.0000    96     1053.0000     1051.0000 11309759    0.19%
  57700 39502     1052.0000    78     1053.0000     1051.0000 11329913    0.19%
  57800 39582     1052.0000    62     1053.0000     1051.0000 11346848    0.19%
  57900 39663     1052.0000    73     1053.0000     1051.0000 11367372    0.19%
  58000 39740     1052.0000    60     1053.0000     1051.0000 11390128    0.19%
Elapsed time = 5934.51 sec. (tree size = 636.21 MB, solutions = 9)
Nodefile size = 508.97 MB (477.47 MB after compression)
  58100 39817     1052.0000    84     1053.0000     1051.0000 11412109    0.19%
  58200 39898     1052.0000    96     1053.0000     1051.0000 11431326    0.19%
  58300 39979     1052.0000    61     1053.0000     1051.0000 11458180    0.19%
  58400 40058     1052.0000   110     1053.0000     1051.0000 11482646    0.19%
  58500 40126     1052.0000    63     1053.0000     1051.0000 11510290    0.19%
  58600 40206     1052.0000   104     1053.0000     1051.0000 11536960    0.19%
  58700 40277     1052.0000    81     1053.0000     1051.0000 11562139    0.19%
  58800 40358     1052.0000   110     1053.0000     1051.0000 11581578    0.19%
  58900 40436     1052.0000   101     1053.0000     1051.0000 11601275    0.19%
  59000 40516     1052.0000    82     1053.0000     1051.0000 11621019    0.19%
Elapsed time = 6058.48 sec. (tree size = 649.29 MB, solutions = 9)
Nodefile size = 521.89 MB (489.84 MB after compression)
  59100 40594     1052.0000    82     1053.0000     1051.0000 11640421    0.19%
  59200 40669     1052.0000    98     1053.0000     1051.0000 11667692    0.19%
  59300 40741     1052.0000    76     1053.0000     1051.0000 11701439    0.19%
  59400 40824     1052.0000    98     1053.0000     1051.0000 11722551    0.19%
  59500 40900    infeasible           1053.0000     1051.0000 11745182    0.19%
  59600 40971     1052.0000    72     1053.0000     1051.0000 11765018    0.19%
  59700 41047    infeasible           1053.0000     1051.0000 11787691    0.19%
  59800 41119     1052.0000    64     1053.0000     1051.0000 11812103    0.19%
  59900 41200     1052.0000    87     1053.0000     1051.0000 11828464    0.19%
  60000 41281     1052.0000    88     1053.0000     1051.0000 11852412    0.19%
Elapsed time = 6181.17 sec. (tree size = 662.19 MB, solutions = 9)
Nodefile size = 534.77 MB (502.20 MB after compression)
  60100 41364     1052.0000    59     1053.0000     1051.0000 11874745    0.19%
  60200 41445     1052.0000    83     1053.0000     1051.0000 11894856    0.19%
  60300 41526     1052.0000    66     1053.0000     1051.0000 11915395    0.19%
  60400 41603     1052.0000    85     1053.0000     1051.0000 11934142    0.19%
  60500 41680    infeasible           1053.0000     1051.0000 11954150    0.19%
  60600 41761     1052.0000    84     1053.0000     1051.0000 11970836    0.19%
  60700 41841     1052.0000    91     1053.0000     1051.0000 11988934    0.19%
  60800 41916     1051.0000   110     1053.0000     1051.0000 12013583    0.19%
  60900 41994     1052.0000    96     1053.0000     1051.0000 12034132    0.19%
  61000 42068     1052.0000   106     1053.0000     1051.0000 12076369    0.19%
Elapsed time = 6299.63 sec. (tree size = 675.44 MB, solutions = 9)
Nodefile size = 547.67 MB (514.57 MB after compression)
  61100 42147     1052.0000    95     1053.0000     1051.0000 12096578    0.19%
  61200 42228     1052.0000    95     1053.0000     1051.0000 12116351    0.19%
  61300 42305     1052.0000    89     1053.0000     1051.0000 12135446    0.19%
  61400 42376        cutoff           1053.0000     1051.0000 12161952    0.19%
  61500 42448     1051.0000   121     1053.0000     1051.0000 12196773    0.19%
  61600 42536     1052.0000    76     1053.0000     1051.0000 12212676    0.19%
  61700 42616     1052.0000   119     1053.0000     1051.0000 12229226    0.19%
  61800 42689    infeasible           1053.0000     1051.0000 12258371    0.19%
  61900 42768    infeasible           1053.0000     1051.0000 12285178    0.19%
  62000 42843     1052.0000   122     1053.0000     1051.0000 12312699    0.19%
Elapsed time = 6424.14 sec. (tree size = 688.49 MB, solutions = 9)
Nodefile size = 560.56 MB (526.86 MB after compression)
  62100 42909     1052.0000    87     1053.0000     1051.0000 12339815    0.19%
  62200 42986     1052.0000    88     1053.0000     1051.0000 12361544    0.19%
  62300 43063     1052.0000    67     1053.0000     1051.0000 12379531    0.19%
  62400 43146     1052.0000    88     1053.0000     1051.0000 12398002    0.19%
  62500 43216     1052.0000    70     1053.0000     1051.0000 12425895    0.19%
  62600 43297     1052.0000    79     1053.0000     1051.0000 12450428    0.19%
  62700 43362     1051.0000    91     1053.0000     1051.0000 12496487    0.19%
  62800 43451     1052.0000    86     1053.0000     1051.0000 12513486    0.19%
  62900 43522     1052.0000    66     1053.0000     1051.0000 12540562    0.19%
  63000 43598     1052.0000    91     1053.0000     1051.0000 12580648    0.19%
Elapsed time = 6571.25 sec. (tree size = 701.21 MB, solutions = 9)
Nodefile size = 573.44 MB (539.21 MB after compression)
  63100 43671     1052.0000    79     1053.0000     1051.0000 12618189    0.19%
  63200 43748     1052.0000    64     1053.0000     1051.0000 12640595    0.19%
  63300 43822     1052.0000   105     1053.0000     1051.0000 12663307    0.19%
  63400 43899     1052.0000   100     1053.0000     1051.0000 12692251    0.19%
  63500 43973     1052.0000    80     1053.0000     1051.0000 12720742    0.19%
  63600 44048     1052.0000    79     1053.0000     1051.0000 12751015    0.19%
  63700 44126     1052.0000    77     1053.0000     1051.0000 12771791    0.19%
  63800 44201     1052.0000    88     1053.0000     1051.0000 12796487    0.19%
  63900 44286     1052.0000    85     1053.0000     1051.0000 12831910    0.19%
  64000 44367     1052.0000    73     1053.0000     1051.0000 12853418    0.19%
Elapsed time = 6718.47 sec. (tree size = 714.19 MB, solutions = 9)
Nodefile size = 586.34 MB (551.52 MB after compression)
  64100 44443     1052.0000   135     1053.0000     1051.0000 12880384    0.19%
  64200 44520     1052.0000    78     1053.0000     1051.0000 12901082    0.19%
  64300 44602     1052.0000    77     1053.0000     1051.0000 12923057    0.19%
  64400 44682     1052.0000    88     1053.0000     1051.0000 12942970    0.19%
  64500 44761    infeasible           1053.0000     1051.0000 12962039    0.19%
  64600 44845     1052.0000    78     1053.0000     1051.0000 12977262    0.19%
  64700 44923     1052.0000    92     1053.0000     1051.0000 12999886    0.19%
  64800 44999     1052.0000    93     1053.0000     1051.0000 13020495    0.19%
  64900 45085     1052.0000    76     1053.0000     1051.0000 13037307    0.19%
  65000 45152     1052.0000    79     1053.0000     1051.0000 13065129    0.19%
Elapsed time = 6828.36 sec. (tree size = 727.43 MB, solutions = 9)
Nodefile size = 600.23 MB (564.78 MB after compression)
  65100 45233     1051.0750   125     1053.0000     1051.0000 13087568    0.19%
  65200 45316     1052.0000    72     1053.0000     1051.0000 13109042    0.19%
  65300 45386        cutoff           1053.0000     1051.0000 13139728    0.19%
  65400 45462    infeasible           1053.0000     1051.0000 13161673    0.19%
  65500 45545     1052.0000   106     1053.0000     1051.0000 13179281    0.19%
  65600 45613     1052.0000    92     1053.0000     1051.0000 13203922    0.19%
  65700 45691     1052.0000    92     1053.0000     1051.0000 13230029    0.19%
  65800 45765    infeasible           1053.0000     1051.0000 13251824    0.19%
  65900 45843     1052.0000   100     1053.0000     1051.0000 13278987    0.19%
  66000 45926     1052.0000   100     1053.0000     1051.0000 13297348    0.19%
Elapsed time = 6957.76 sec. (tree size = 740.48 MB, solutions = 9)
Nodefile size = 613.13 MB (577.14 MB after compression)
  66100 45996     1052.0000    78     1053.0000     1051.0000 13324318    0.19%
  66200 46071     1052.0000   101     1053.0000     1051.0000 13346572    0.19%
  66300 46153    infeasible           1053.0000     1051.0000 13366056    0.19%
  66400 46227     1052.0000    64     1053.0000     1051.0000 13382811    0.19%
  66500 46306     1052.0000    76     1053.0000     1051.0000 13401787    0.19%
  66600 46388    infeasible           1053.0000     1051.0000 13417026    0.19%
  66700 46464     1052.0000    73     1053.0000     1051.0000 13435467    0.19%
  66800 46541     1051.0000   113     1053.0000     1051.0000 13456696    0.19%
  66900 46621     1052.0000    86     1053.0000     1051.0000 13478859    0.19%
  67000 46697     1052.0000    88     1053.0000     1051.0000 13501279    0.19%
Elapsed time = 7069.83 sec. (tree size = 753.45 MB, solutions = 9)
Nodefile size = 626.02 MB (589.42 MB after compression)
  67100 46776     1052.0000   109     1053.0000     1051.0000 13522618    0.19%
  67200 46849     1052.0000    92     1053.0000     1051.0000 13542674    0.19%
  67300 46930     1052.0000   103     1053.0000     1051.0000 13563332    0.19%
  67400 46997     1052.0000    63     1053.0000     1051.0000 13588701    0.19%
  67500 47076     1052.0000   113     1053.0000     1051.0000 13613636    0.19%
  67600 47150     1052.0000    79     1053.0000     1051.0000 13632651    0.19%
  67700 47228    infeasible           1053.0000     1051.0000 13652549    0.19%
  67800 47306     1052.0000    89     1053.0000     1051.0000 13671243    0.19%
  67900 47375     1052.0000   112     1053.0000     1051.0000 13697280    0.19%
  68000 47454     1052.0000    73     1053.0000     1051.0000 13728364    0.19%
Elapsed time = 7182.61 sec. (tree size = 766.21 MB, solutions = 9)
Nodefile size = 638.91 MB (601.76 MB after compression)
  68100 47533     1052.0000    83     1053.0000     1051.0000 13754662    0.19%

Cover cuts applied:  1079
Mixed integer rounding cuts applied:  17
Gomory fractional cuts applied:  4

Solution pool: 9 solutions saved.

MIP - Time limit exceeded, integer feasible:  Objective = 1.0530000000e+003
Current MIP best bound = 1.0510000000e+003 (gap = 2, 0.19%)
Solution time = 7200.13 sec.  Iterations = 13760589  Nodes = 68128 (47555)


Incumbent solution
Variable Name           Solution Value
Cmax                       1053.000000
X_1_2                         1.000000
X_2_1                         1.000000
X_3_3                         1.000000
X_4_4                         1.000000
X_5_12                        1.000000
X_6_11                        1.000000
X_7_8                         1.000000
X_8_7                         1.000000
X_9_8                         1.000000
X_10_5                        1.000000
X_11_3                        1.000000
X_12_14                       1.000000
X_13_14                       1.000000
X_14_13                       1.000000
X_15_12                       1.000000
X_16_15                       1.000000
X_17_9                        1.000000
X_18_14                       1.000000
X_19_18                       1.000000
X_20_4                        1.000000
X_21_20                       1.000000
X_22_20                       1.000000
X_23_2                        1.000000
X_24_14                       1.000000
X_25_9                        1.000000
X_26_13                       1.000000
X_27_20                       1.000000
X_28_17                       1.000000
X_29_7                        1.000000
X_30_6                        1.000000
X_31_2                        1.000000
X_32_6                        1.000000
X_33_3                        1.000000
X_34_19                       1.000000
X_35_19                       1.000000
X_36_17                       1.000000
X_37_12                       1.000000
X_38_12                       1.000000
X_39_11                       1.000000
X_40_10                       1.000000
X_41_10                       1.000000
X_42_3                        1.000000
X_43_8                        1.000000
X_44_1                        1.000000
X_45_6                        1.000000
X_46_10                       1.000000
X_47_2                        1.000000
X_48_9                        1.000000
X_49_17                       1.000000
X_50_10                       1.000000
X_51_11                       1.000000
X_52_5                        1.000000
X_53_8                        1.000000
X_54_14                       1.000000
X_55_5                        1.000000
X_56_5                        1.000000
X_57_3                        1.000000
X_58_2                        1.000000
X_59_10                       1.000000
X_60_5                        1.000000
X_61_11                       1.000000
X_62_13                       1.000000
X_63_17                       1.000000
X_64_5                        1.000000
X_65_2                        1.000000
X_66_8                        1.000000
X_67_2                        1.000000
X_68_20                       1.000000
X_69_17                       1.000000
X_70_7                        1.000000
X_71_3                        1.000000
X_72_13                       1.000000
X_73_13                       1.000000
X_74_6                        1.000000
X_75_11                       1.000000
X_76_4                        1.000000
X_77_15                       1.000000
X_78_6                        1.000000
X_79_16                       1.000000
X_80_9                        1.000000
X_81_12                       1.000000
X_82_13                       1.000000
X_83_15                       1.000000
X_84_5                        1.000000
X_85_20                       1.000000
X_86_2                        1.000000
X_87_10                       1.000000
X_88_18                       1.000000
X_89_10                       1.000000
X_90_9                        1.000000
X_91_1                        1.000000
X_92_18                       1.000000
X_93_1                        1.000000
X_94_6                        1.000000
X_95_5                        1.000000
X_96_14                       1.000000
X_97_7                        1.000000
X_98_15                       1.000000
X_99_15                       1.000000
X_100_8                       1.000000
X_101_13                      1.000000
X_102_6                       1.000000
X_103_1                       1.000000
X_104_1                       1.000000
X_105_14                      1.000000
X_106_20                      1.000000
X_107_15                      1.000000
X_108_2                       1.000000
X_109_15                      1.000000
X_110_18                      1.000000
X_111_3                       1.000000
X_112_13                      1.000000
X_113_17                      1.000000
X_114_18                      1.000000
X_115_16                      1.000000
X_116_12                      1.000000
X_117_5                       1.000000
X_118_8                       1.000000
X_119_9                       1.000000
X_120_4                       1.000000
X_121_20                      1.000000
X_122_7                       1.000000
X_123_15                      1.000000
X_124_16                      1.000000
X_125_4                       1.000000
X_126_8                       1.000000
X_127_3                       1.000000
X_128_18                      1.000000
X_129_7                       1.000000
X_130_19                      1.000000
X_131_9                       1.000000
X_132_16                      1.000000
X_133_5                       1.000000
X_134_14                      1.000000
X_135_7                       1.000000
X_136_18                      1.000000
X_137_16                      1.000000
X_138_11                      1.000000
X_139_9                       1.000000
X_140_13                      1.000000
X_141_7                       1.000000
X_142_12                      1.000000
X_143_1                       1.000000
X_144_19                      1.000000
X_145_16                      1.000000
X_146_10                      1.000000
X_147_16                      1.000000
X_148_12                      1.000000
X_149_4                       1.000000
X_150_20                      1.000000
X_151_4                       1.000000
X_152_3                       1.000000
X_153_11                      1.000000
X_154_4                       1.000000
X_155_6                       1.000000
X_156_6                       1.000000
X_157_4                       1.000000
X_158_17                      1.000000
X_159_19                      1.000000
X_160_6                       1.000000
X_161_16                      1.000000
X_162_9                       1.000000
X_163_1                       1.000000
X_164_17                      1.000000
X_165_19                      1.000000
X_166_8                       1.000000
X_167_16                      1.000000
X_168_19                      1.000000
X_169_12                      1.000000
X_170_1                       1.000000
X_171_19                      1.000000
X_172_4                       1.000000
X_173_18                      1.000000
X_174_20                      1.000000
X_175_12                      1.000000
X_176_11                      1.000000
X_177_15                      1.000000
X_178_8                       1.000000
X_179_3                       1.000000
X_180_15                      1.000000
X_181_7                       1.000000
X_182_20                      1.000000
X_183_18                      1.000000
X_184_16                      1.000000
X_185_18                      1.000000
X_186_19                      1.000000
X_187_17                      1.000000
X_188_1                       1.000000
X_189_9                       1.000000
X_190_11                      1.000000
X_191_10                      1.000000
X_192_7                       1.000000
X_193_2                       1.000000
X_194_14                      1.000000
X_195_17                      1.000000
X_196_10                      1.000000
X_197_19                      1.000000
X_198_14                      1.000000
X_199_11                      1.000000
X_200_13                      1.000000
All other variables in the range 1-4001 are 0.
