
Log started (V11.0.0) Fri Apr 18 22:49:31 2008

Tried aggregator 1 time.
Reduced MIP has 220 rows, 4001 columns, and 8020 nonzeros.
Presolve time =    0.05 sec.
Clique table members: 200.
MIP emphasis: balance optimality and feasibility.
MIP search method: dynamic search.
Parallel mode: none, using 1 thread.
Root relaxation solution time =    0.13 sec.

        Nodes                                         Cuts/
   Node  Left     Objective  IInf  Best Integer     Best Node    ItCnt     Gap

*     0+    0                        29076.0000     1041.9518      381   96.42%
*     0+    0                         1061.0000     1041.9518      381    1.80%
      0     0     1042.0363    41     1061.0000      Fract: 6      394    1.79%
      0     0     1042.7638    59     1061.0000      Cuts: 10      435    1.72%
      0     0     1042.8378    73     1061.0000       Cuts: 9      479    1.71%
      0     0     1042.9050    83     1061.0000    MIRcuts: 6      517    1.71%
      0     0     1042.9273    86     1061.0000       Cuts: 6      530    1.70%
      0     0     1042.9965    83     1061.0000       Cuts: 6      556    1.70%
      0     0     1043.0311    90     1061.0000       Cuts: 5      574    1.69%
*     0+    0                         1056.0000     1043.0311      574    1.23%
*     0+    0                         1054.0000     1043.0311      574    1.04%
*     0+    0                         1053.0000     1043.0311      574    0.95%
*     0+    0                         1052.0000     1043.0311      574    0.85%
*     0+    0                         1051.0000     1043.0311      574    0.76%
      0     2     1043.0311    90     1051.0000     1043.0311      574    0.76%
    100    95     1045.0000    35     1051.0000     1043.1305     2693    0.75%
    200   178     1047.0000    45     1051.0000     1043.1305     7553    0.75%
    300   233     1044.0000    47     1051.0000     1044.0000    11956    0.67%
    400   323     1046.0000    32     1051.0000     1044.0000    14513    0.67%
    500   385     1044.0000    53     1051.0000     1044.0000    17854    0.67%
    600   417     1049.0000    42     1051.0000     1044.0000    21812    0.67%
    700   429     1045.0000    39     1051.0000     1044.0000    24854    0.67%
    800   457     1046.0000    32     1051.0000     1044.0000    27498    0.67%
    900   470     1046.0000    55     1051.0000     1044.0000    32448    0.67%
   1000   474     1046.0000    55     1051.0000     1044.0000    36683    0.67%
Elapsed time =  24.33 sec. (tree size =  2.15 MB, solutions = 7)
   1100   516     1050.0000    49     1051.0000     1044.0000    40150    0.67%
   1200   602     1048.0000    40     1051.0000     1044.0000    43355    0.67%
   1300   687     1046.0000    36     1051.0000     1044.0000    47583    0.67%
   1400   772     1046.0000    45     1051.0000     1044.0000    54607    0.67%
   1500   848     1050.0000    44     1051.0000     1044.0000    61569    0.67%
   1600   928     1046.0000    63     1051.0000     1044.0000    67875    0.67%
   1700  1011     1045.0000    68     1051.0000     1044.0000    73069    0.67%
*  1771+  894                         1050.0000     1044.0000    76749    0.57%
   1800   919     1047.0000    70     1050.0000     1044.0000    78425    0.57%
   1900  1003     1046.0000    69     1050.0000     1044.0000    84966    0.57%
   2000  1089     1047.0220    70     1050.0000     1044.0000    89946    0.57%
Elapsed time =  46.36 sec. (tree size =  5.72 MB, solutions = 8)
   2100  1175     1046.0000    69     1050.0000     1044.0000    94275    0.57%
   2200  1263     1047.0000    62     1050.0000     1044.0000    99213    0.57%
   2300  1352     1046.0000    57     1050.0000     1044.0000   105194    0.57%
   2400  1432     1046.0000    76     1050.0000     1044.0000   113045    0.57%
   2500  1529     1049.0000    63     1050.0000     1044.0000   116576    0.57%
   2600  1618        cutoff           1050.0000     1044.0000   121910    0.57%
   2700  1706     1048.0000    72     1050.0000     1044.0000   126635    0.57%
   2800  1790     1047.0000    62     1050.0000     1044.0000   134140    0.57%
   2900  1869     1045.0000    65     1050.0000     1044.0000   141173    0.57%
   3000  1956     1048.0000    56     1050.0000     1044.0000   145554    0.57%
Elapsed time =  70.47 sec. (tree size = 10.86 MB, solutions = 8)
   3100  2043     1047.0000    62     1050.0000     1044.0000   150794    0.57%
   3200  2125     1048.0000    60     1050.0000     1044.0000   159902    0.57%
   3300  2210     1048.0000    55     1050.0000     1044.0000   166171    0.57%
   3400  2303     1049.0000    40     1050.0000     1044.0000   171220    0.57%
   3500  2390     1049.0000    32     1050.0000     1044.0299   175059    0.57%
*  3511+ 2051                         1049.0000     1044.0299   175349    0.47%
*  3511+ 1818                         1048.0000     1044.0299   175349    0.38%
   3600  1897     1047.0000    45     1048.0000     1044.3616   179152    0.35%
   3700  1990     1046.0000    43     1048.0000     1044.3874   182261    0.34%
   3800  2058     1045.0000    64     1048.0000     1044.3917   193312    0.34%
   3900  2149     1045.0000    75     1048.0000     1044.3949   197411    0.34%
   4000  2240     1045.0000    77     1048.0000     1044.3983   202752    0.34%
Elapsed time =  91.27 sec. (tree size = 12.85 MB, solutions = 10)
   4100  2333     1045.0000    71     1048.0000     1044.4050   206438    0.34%
   4200  2424     1046.0000    62     1048.0000     1044.4050   210953    0.34%
   4300  2504     1046.0000    54     1048.0000     1044.4499   217779    0.34%
   4400  2594     1047.0000    69     1048.0000     1044.4547   222548    0.34%
   4500  2680     1046.0000    56     1048.0000     1044.5278   229471    0.33%
   4600  2770     1046.0000    59     1048.0000     1044.9750   233666    0.29%
   4700  2856     1047.0000    68     1048.0000     1045.0000   241415    0.29%
   4800  2938     1046.0000    78     1048.0000     1045.0000   249674    0.29%
   4900  3027     1047.0000    55     1048.0000     1045.0000   255352    0.29%
   5000  3122     1046.0000    76     1048.0000     1045.0000   259528    0.29%
Elapsed time = 109.20 sec. (tree size = 18.38 MB, solutions = 10)
   5100  3212     1046.0000    76     1048.0000     1045.0000   264733    0.29%
   5200  3296     1045.0000    71     1048.0000     1045.0000   272222    0.29%
   5300  3387     1047.0000    49     1048.0000     1045.0000   277559    0.29%
   5400  3457     1047.0000    65     1048.0000     1045.0000   287087    0.29%
   5500  3517    infeasible           1048.0000     1045.0000   301205    0.29%
   5600  3584     1046.0000    66     1048.0000     1045.0000   312336    0.29%
   5700  3631     1046.0000    48     1048.0000     1045.0000   328703    0.29%
   5800  3717     1047.0000    52     1048.0000     1045.0000   334130    0.29%
   5900  3782     1046.0000    67     1048.0000     1045.0000   344258    0.29%
   6000  3844     1047.0000    70     1048.0000     1045.0000   355288    0.29%
Elapsed time = 137.58 sec. (tree size = 23.28 MB, solutions = 10)
   6100  3927     1046.0000    75     1048.0000     1045.0000   363802    0.29%
   6200  4014     1047.0000    60     1048.0000     1045.0000   370740    0.29%
   6300  4104     1045.0000    57     1048.0000     1045.0000   376883    0.29%
   6400  4187    infeasible           1048.0000     1045.0000   383766    0.29%
   6500  4278     1047.0000    62     1048.0000     1045.0000   389108    0.29%
   6600  4368     1046.0000    69     1048.0000     1045.0000   395685    0.29%
   6700  4454     1046.0000    66     1048.0000     1045.0000   403599    0.29%
   6800  4537     1046.0000    64     1048.0000     1045.0000   412967    0.29%
   6900  4621     1045.0000    74     1048.0000     1045.0000   422478    0.29%
   7000  4706    infeasible           1048.0000     1045.0000   428316    0.29%
Elapsed time = 162.06 sec. (tree size = 29.50 MB, solutions = 10)
   7100  4798     1047.0000    62     1048.0000     1045.0000   434755    0.29%
   7200  4882     1047.0000    67     1048.0000     1045.0000   442618    0.29%
   7300  4970     1045.3618    98     1048.0000     1045.0000   450791    0.29%
   7400  5047     1046.0000    73     1048.0000     1045.0000   460611    0.29%
   7500  5129     1047.0000    66     1048.0000     1045.0000   469805    0.29%
   7600  5214        cutoff           1048.0000     1045.0000   478958    0.29%
   7700  5300     1046.0000    74     1048.0000     1045.0000   486994    0.29%
   7800  5393     1047.0000    67     1048.0000     1045.0000   492383    0.29%
   7900  5460    infeasible           1048.0000     1045.0000   504404    0.29%
   8000  5550     1046.0053    74     1048.0000     1045.0000   511810    0.29%
Elapsed time = 191.56 sec. (tree size = 36.18 MB, solutions = 10)
   8100  5636     1046.0000    80     1048.0000     1045.0000   522289    0.29%
   8200  5730     1046.0000    85     1048.0000     1045.0000   528629    0.29%
   8300  5814     1045.0277   108     1048.0000     1045.0000   540209    0.29%
   8400  5902     1046.0000    89     1048.0000     1045.0000   550390    0.29%
   8500  5990     1046.0000    77     1048.0000     1045.0000   556362    0.29%
   8600  6074     1047.0000    74     1048.0000     1045.0000   566805    0.29%
   8700  6159     1045.0942    87     1048.0000     1045.0000   576377    0.29%
   8800  6237     1046.0000    80     1048.0000     1045.0000   586684    0.29%
   8900  6317     1047.0000    72     1048.0000     1045.0000   595324    0.29%
   9000  6395     1046.0000    73     1048.0000     1045.0000   607021    0.29%
Elapsed time = 225.39 sec. (tree size = 43.30 MB, solutions = 10)
   9100  6484     1047.0000    89     1048.0000     1045.0000   613376    0.29%
   9200  6574     1047.0000    43     1048.0000     1045.0000   620657    0.29%
   9300  6657     1047.0000    61     1048.0000     1045.0000   627858    0.29%
   9400  6742     1046.0000    71     1048.0000     1045.0000   636772    0.29%
   9500  6831     1045.0366    83     1048.0000     1045.0000   644465    0.29%
   9600  6922     1047.0000    79     1048.0000     1045.0000   651536    0.29%
   9700  6995     1046.0000    84     1048.0000     1045.0000   662839    0.29%
   9800  7071     1046.0000    77     1048.0000     1045.0000   675068    0.29%
   9900  7155     1045.1475    89     1048.0000     1045.0000   685629    0.29%
  10000  7245     1047.0000    72     1048.0000     1045.0000   695462    0.29%
Elapsed time = 261.66 sec. (tree size = 50.97 MB, solutions = 10)
  10100  7330     1045.1282   101     1048.0000     1045.0000   703214    0.29%
  10200  7416     1046.0000    86     1048.0000     1045.0000   717556    0.29%
  10300  7500     1047.0000    67     1048.0000     1045.0000   731409    0.29%
  10400  7584     1047.0000    54     1048.0000     1045.0000   743396    0.29%
  10500  7667     1046.0000    59     1048.0000     1045.0000   752617    0.29%
  10600  7755     1046.0000    94     1048.0000     1045.0000   763548    0.29%
  10700  7842     1047.0000    76     1048.0000     1045.0000   772051    0.29%
  10800  7930     1047.0000    67     1048.0000     1045.0000   783185    0.29%
  10900  8013     1047.0000    71     1048.0000     1045.0000   796219    0.29%
  11000  8105     1047.0000    64     1048.0000     1045.0000   803765    0.29%
Elapsed time = 303.84 sec. (tree size = 59.34 MB, solutions = 10)
  11100  8191    infeasible           1048.0000     1045.0000   812930    0.29%
  11200  8274     1047.0000    51     1048.0000     1045.0000   825956    0.29%
  11300  8353     1047.0000    68     1048.0000     1045.0000   843084    0.29%
  11400  8436     1045.3171    92     1048.0000     1045.0000   855856    0.29%
  11500  8517     1046.0000    67     1048.0000     1045.0000   866768    0.29%
  11600  8598        cutoff           1048.0000     1045.0000   875768    0.29%
  11700  8688     1047.0000    74     1048.0000     1045.0000   885894    0.29%
  11800  8769     1046.0000    74     1048.0000     1045.0000   901287    0.29%
  11900  8854     1047.0000    70     1048.0000     1045.0000   910543    0.29%
  12000  8923     1046.1769   105     1048.0000     1045.0000   929915    0.29%
Elapsed time = 358.70 sec. (tree size = 67.77 MB, solutions = 10)
  12100  8994     1045.0000    60     1048.0000     1045.0000   947521    0.29%
  12200  9081     1047.0000    55     1048.0000     1045.0000   957386    0.29%
  12300  9168     1046.0000    58     1048.0000     1045.0000   969240    0.29%
  12400  9252     1047.0000    55     1048.0000     1045.0000   981842    0.29%
  12500  9339     1046.0000    68     1048.0000     1045.0000   995217    0.29%
  12600  9413     1046.6858    96     1048.0000     1045.0000  1014776    0.29%
  12700  9487     1047.0000    64     1048.0000     1045.0000  1039225    0.29%
  12800  9574     1046.0000    83     1048.0000     1045.0000  1054197    0.29%
  12900  9664     1047.0000    63     1048.0000     1045.0000  1065569    0.29%
  13000  9731     1046.0000    65     1048.0000     1045.0000  1082992    0.29%
Elapsed time = 428.36 sec. (tree size = 76.89 MB, solutions = 10)
  13100  9808     1045.2429   103     1048.0000     1045.0000  1095952    0.29%
  13200  9872     1046.0000    55     1048.0000     1045.0000  1115589    0.29%
  13300  9961     1047.0000    79     1048.0000     1045.0000  1124549    0.29%
  13400 10039     1045.0000    46     1048.0000     1045.0000  1139444    0.29%
  13500 10134     1046.0000    82     1048.0000     1045.0000  1148460    0.29%
  13600 10210     1046.0000    71     1048.0000     1045.0000  1159458    0.29%
  13700 10304     1046.9629    73     1048.0000     1045.0000  1167872    0.29%
  13800 10376     1047.0000    48     1048.0000     1045.0000  1187768    0.29%
  13900 10467     1047.0000    54     1048.0000     1045.0000  1195722    0.29%
  14000 10547     1046.0000    93     1048.0000     1045.0000  1217456    0.29%
Elapsed time = 501.84 sec. (tree size = 86.70 MB, solutions = 10)
  14100 10629     1046.0000    72     1048.0000     1045.0000  1228037    0.29%
  14200 10688     1047.0000    65     1048.0000     1045.0000  1255983    0.29%
  14300 10773     1046.0000    73     1048.0000     1045.0000  1274494    0.29%
  14400 10861     1047.0000    69     1048.0000     1045.0000  1282995    0.29%
  14500 10947     1047.0000    65     1048.0000     1045.0000  1292506    0.29%
  14600 11022     1045.0000    83     1048.0000     1045.0000  1313472    0.29%
  14700 11095     1047.0000    62     1048.0000     1045.0000  1334467    0.29%
  14800 11183     1047.0000    48     1048.0000     1045.0000  1348335    0.29%
  14900 11258     1046.0000    81     1048.0000     1045.0000  1370472    0.29%
  15000 11347     1047.0000    79     1048.0000     1045.0000  1381473    0.29%
Elapsed time = 584.89 sec. (tree size = 96.96 MB, solutions = 10)
  15100 11426     1046.0000    77     1048.0000     1045.0000  1395464    0.29%
  15200 11510     1046.0000    91     1048.0000     1045.0000  1407230    0.29%
  15300 11588     1047.0000    89     1048.0000     1045.0000  1423785    0.29%
  15400 11674     1047.0000    55     1048.0000     1045.0000  1436543    0.29%
  15500 11759     1046.0000   103     1048.0000     1045.0000  1446827    0.29%
  15600 11846        cutoff           1048.0000     1045.0000  1459350    0.29%
  15700 11912     1047.0000    87     1048.0000     1045.0000  1486492    0.29%
  15800 11999     1046.0000    92     1048.0000     1045.0000  1499506    0.29%
  15900 12084     1047.0000    75     1048.0000     1045.0000  1510388    0.29%
  16000 12164     1047.0000    75     1048.0000     1045.0000  1536908    0.29%
Elapsed time = 663.19 sec. (tree size = 107.96 MB, solutions = 10)
  16100 12247     1045.0000    83     1048.0000     1045.0000  1551584    0.29%
  16200 12332     1045.0000    86     1048.0000     1045.0000  1562875    0.29%
  16300 12419     1045.0000    93     1048.0000     1045.0000  1576677    0.29%
  16400 12509     1047.0000    44     1048.0000     1045.0000  1591525    0.29%
  16500 12592     1047.0000    58     1048.0000     1045.0000  1604948    0.29%
  16600 12682     1047.0000    58     1048.0000     1045.0000  1614098    0.29%
  16700 12773     1046.0000    75     1048.0000     1045.0000  1623453    0.29%
  16800 12848     1046.0000    66     1048.0000     1045.0000  1641401    0.29%
  16900 12936    infeasible           1048.0000     1045.0000  1653070    0.29%
  17000 13020     1047.0000    67     1048.0000     1045.0000  1665513    0.29%
Elapsed time = 732.20 sec. (tree size = 119.87 MB, solutions = 10)
  17100 13088     1047.0000    83     1048.0000     1045.0000  1686658    0.29%
  17200 13167     1046.0000   102     1048.0000     1045.0000  1702917    0.29%
  17300 13247     1047.0000    43     1048.0000     1045.0000  1721599    0.29%
  17400 13334     1046.0000    63     1048.0000     1045.0000  1730975    0.29%
  17500 13410     1047.0000    60     1048.0000     1045.0000  1749642    0.29%
  17600 13493     1046.0000    62     1048.0000     1045.0000  1764219    0.29%
  17700 13584     1047.0000    69     1048.0000     1045.0000  1774056    0.29%
  17800 13656     1046.0000    86     1048.0000     1045.0000  1799375    0.29%
  17900 13739     1046.0000    73     1048.0000     1045.0000  1812159    0.29%
  18000 13831     1046.0000    85     1048.0000     1045.0000  1823558    0.29%
Elapsed time = 823.74 sec. (tree size = 131.74 MB, solutions = 10)
Nodefile size =  3.98 MB (2.94 MB after compression)
  18100 13918     1047.0000    59     1048.0000     1045.0000  1836202    0.29%
  18200 14008     1047.0000    70     1048.0000     1045.0000  1846966    0.29%
  18300 14098    infeasible           1048.0000     1045.0000  1865575    0.29%
  18400 14194     1047.0000    16     1048.0000     1045.0000  1873501    0.29%
  18500 14281     1046.0000    93     1048.0000     1045.0000  1889803    0.29%
* 18531+ 6796                         1047.0000     1045.0000  1894548    0.19%
  18600  6862     1046.0000    57     1047.0000     1045.0000  1900774    0.19%
  18700  6952     1046.0000    69     1047.0000     1045.0000  1912531    0.19%
  18800  7040     1046.0000    71     1047.0000     1045.0000  1930543    0.19%
  18900  7109     1046.0000    85     1047.0000     1045.0000  1953756    0.19%
  19000  7184     1046.0000   114     1047.0000     1045.0000  1974512    0.19%
Elapsed time = 912.66 sec. (tree size = 69.31 MB, solutions = 11)
  19100  7238     1046.0000    82     1047.0000     1045.0000  2005837    0.19%
  19200  7311    infeasible           1047.0000     1045.0000  2025215    0.19%
  19300  7380     1046.0000    81     1047.0000     1045.0000  2045901    0.19%
  19400  7449     1046.0000    71     1047.0000     1045.0000  2073236    0.19%
  19500  7525     1046.0000    72     1047.0000     1045.0000  2097712    0.19%
  19600  7596    infeasible           1047.0000     1045.0000  2120031    0.19%
  19700  7680     1046.0000    75     1047.0000     1045.0000  2133086    0.19%
  19800  7755     1046.0000    76     1047.0000     1045.0000  2152146    0.19%
  19900  7834    infeasible           1047.0000     1045.0000  2174383    0.19%
  20000  7915     1046.0000    67     1047.0000     1045.0000  2189904    0.19%
Elapsed time = 1030.47 sec. (tree size = 80.79 MB, solutions = 11)
  20100  8006     1046.0000    83     1047.0000     1045.0000  2200317    0.19%
  20200  8084     1046.0000    97     1047.0000     1045.0000  2214192    0.19%
  20300  8177     1046.0000    50     1047.0000     1045.0000  2220869    0.19%
  20400  8258     1046.0000    46     1047.0000     1045.0000  2230942    0.19%
  20500  8347     1046.0000    68     1047.0000     1045.0000  2239680    0.19%
  20600  8428     1046.0000    81     1047.0000     1045.0000  2253348    0.19%
  20700  8518     1046.0000    66     1047.0000     1045.0000  2266933    0.19%
  20800  8606     1046.0000    54     1047.0000     1045.0000  2282299    0.19%
  20900  8696     1046.0000    68     1047.0000     1045.0000  2292938    0.19%
  21000  8781     1046.0000    87     1047.0000     1045.0000  2305665    0.19%
Elapsed time = 1096.55 sec. (tree size = 94.35 MB, solutions = 11)
  21100  8869     1046.0000    34     1047.0000     1045.0000  2317274    0.19%
  21200  8957     1046.0000    79     1047.0000     1045.0000  2329822    0.19%
  21300  9048    infeasible           1047.0000     1045.0000  2340646    0.19%
  21400  9131     1046.0000    67     1047.0000     1045.0000  2356588    0.19%
  21500  9222     1046.0000   100     1047.0000     1045.0000  2368239    0.19%
  21600  9307     1046.0000    61     1047.0000     1045.0000  2381799    0.19%
  21700  9402     1046.0000    66     1047.0000     1045.0000  2389190    0.19%
  21800  9492     1046.0000    72     1047.0000     1045.0000  2402476    0.19%
  21900  9575     1046.0000    85     1047.0000     1045.0000  2417014    0.19%
  22000  9661     1045.1262    90     1047.0000     1045.0000  2427127    0.19%
Elapsed time = 1173.69 sec. (tree size = 108.52 MB, solutions = 11)
  22100  9750     1046.0000    61     1047.0000     1045.0000  2437102    0.19%
  22200  9829     1045.0000    62     1047.0000     1045.0000  2456602    0.19%
  22300  9923     1046.0000    57     1047.0000     1045.0000  2464001    0.19%
  22400 10002     1046.0000    64     1047.0000     1045.0000  2479190    0.19%
  22500 10097     1046.0000    67     1047.0000     1045.0000  2485012    0.19%
  22600 10186     1045.0000    73     1047.0000     1045.0000  2494078    0.19%
  22700 10280     1046.0000    60     1047.0000     1045.0000  2502045    0.19%
  22800 10366     1046.0000    40     1047.0000     1045.0000  2513895    0.19%
  22900 10454     1046.0000    40     1047.0000     1045.0000  2523701    0.19%
  23000 10547     1046.0000    65     1047.0000     1045.0000  2531564    0.19%
Elapsed time = 1236.34 sec. (tree size = 123.01 MB, solutions = 11)
  23100 10631     1046.0000    70     1047.0000     1045.0000  2546384    0.19%
  23200 10715     1045.0000    78     1047.0000     1045.0000  2563498    0.19%
  23300 10803     1046.0000    74     1047.0000     1045.0000  2576027    0.19%
  23400 10898     1046.0000    72     1047.0000     1045.0000  2584597    0.19%
  23500 10980     1046.0000    76     1047.0000     1045.0000  2598901    0.19%
  23600 11070     1046.0000    64     1047.0000     1045.0000  2609344    0.19%
  23700 11149     1046.0000    71     1047.0000     1045.0000  2625664    0.19%
  23800 11230     1046.0000    48     1047.0000     1045.0000  2640240    0.19%
  23900 11320     1046.0000    52     1047.0000     1045.0000  2648884    0.19%
  24000 11403    infeasible           1047.0000     1045.0000  2663778    0.19%
Elapsed time = 1310.56 sec. (tree size = 137.19 MB, solutions = 11)
Nodefile size =  9.92 MB (7.73 MB after compression)
  24100 11489     1046.0000    73     1047.0000     1045.0000  2677220    0.19%
  24200 11575     1046.0000    76     1047.0000     1045.0000  2689344    0.19%
* 24292  1195      integral     0     1046.0000     1045.0000  2701082    0.10%
  24300  1193    infeasible           1046.0000     1045.0000  2707921    0.10%
  24400  1209     1045.0000    75     1046.0000     1045.0000  2761190    0.10%
  24500  1255     1045.0000    75     1046.0000     1045.0000  2801103    0.10%
  24600  1283     1045.0000    73     1046.0000     1045.0000  2861009    0.10%
  24700  1323     1045.0000    74     1046.0000     1045.0000  2905634    0.10%
  24800  1343     1045.0000    84     1046.0000     1045.0000  2954410    0.10%
  24900  1360     1045.0000    64     1046.0000     1045.0000  3014388    0.10%
  25000  1370    infeasible           1046.0000     1045.0000  3073148    0.10%
Elapsed time = 1568.27 sec. (tree size = 16.48 MB, solutions = 12)
  25100  1388     1045.0000    71     1046.0000     1045.0000  3145633    0.10%
  25200  1400        cutoff           1046.0000     1045.0000  3201499    0.10%
  25300  1426        cutoff           1046.0000     1045.0000  3258445    0.10%
  25400  1446     1045.0000   108     1046.0000     1045.0000  3318108    0.10%
  25500  1494    infeasible           1046.0000     1045.0000  3362869    0.10%
  25600  1518    infeasible           1046.0000     1045.0000  3426327    0.10%
  25700  1524     1045.0000    76     1046.0000     1045.0000  3485834    0.10%
  25800  1554     1045.0000    76     1046.0000     1045.0000  3533953    0.10%
  25900  1564     1045.0000    78     1046.0000     1045.0000  3590364    0.10%
  26000  1600    infeasible           1046.0000     1045.0000  3642757    0.10%
Elapsed time = 1930.97 sec. (tree size = 21.18 MB, solutions = 12)
  26100  1608     1045.0000    63     1046.0000     1045.0000  3714569    0.10%
  26200  1600    infeasible           1046.0000     1045.0000  3790328    0.10%
  26300  1652     1045.0000    97     1046.0000     1045.0000  3830548    0.10%
  26400  1668     1045.0000    74     1046.0000     1045.0000  3886436    0.10%
  26500  1678     1045.0000    58     1046.0000     1045.0000  3951160    0.10%
  26600  1694    infeasible           1046.0000     1045.0000  4010226    0.10%
  26700  1698        cutoff           1046.0000     1045.0000  4080443    0.10%
  26800  1738     1045.0000    63     1046.0000     1045.0000  4127564    0.10%
  26900  1750    infeasible           1046.0000     1045.0000  4180733    0.10%
  27000  1752    infeasible           1046.0000     1045.0000  4247176    0.10%
Elapsed time = 2313.72 sec. (tree size = 24.67 MB, solutions = 12)
  27100  1756     1045.0000    79     1046.0000     1045.0000  4314793    0.10%
  27200  1769     1045.0000    76     1046.0000     1045.0000  4379361    0.10%
  27300  1771     1045.0000   109     1046.0000     1045.0000  4443051    0.10%
  27400  1789     1045.0000    63     1046.0000     1045.0000  4492859    0.10%
  27500  1806     1045.0000    70     1046.0000     1045.0000  4550204    0.10%
  27600  1814    infeasible           1046.0000     1045.0000  4612888    0.10%
  27700  1833     1045.0000    65     1046.0000     1045.0000  4658342    0.10%
  27800  1849     1045.0000    83     1046.0000     1045.0000  4716350    0.10%
  27900  1869    infeasible           1046.0000     1045.0000  4771000    0.10%
  28000  1885     1045.0000    75     1046.0000     1045.0000  4827911    0.10%
Elapsed time = 2676.28 sec. (tree size = 27.79 MB, solutions = 12)
  28100  1905     1045.0000    63     1046.0000     1045.0000  4883298    0.10%
  28200  1899     1045.0000    78     1046.0000     1045.0000  4943216    0.10%
  28300  1937    infeasible           1046.0000     1045.0000  4993090    0.10%
  28400  1923     1045.0000    66     1046.0000     1045.0000  5069386    0.10%
  28500  1953     1045.0000    90     1046.0000     1045.0000  5126819    0.10%
  28600  1963     1045.0000    71     1046.0000     1045.0000  5184404    0.10%
  28700  1969    infeasible           1046.0000     1045.0000  5231992    0.10%
  28800  1965     1045.0000    76     1046.0000     1045.0000  5304292    0.10%
  28900  2001     1045.0000    61     1046.0000     1045.0000  5350133    0.10%
  29000  2011     1045.0000    66     1046.0000     1045.0000  5404367    0.10%
Elapsed time = 3032.58 sec. (tree size = 30.22 MB, solutions = 12)
  29100  2007    infeasible           1046.0000     1045.0000  5459973    0.10%
  29200  2019     1045.0000    90     1046.0000     1045.0000  5515479    0.10%
  29300  2025    infeasible           1046.0000     1045.0000  5568178    0.10%
  29400  2007     1045.0000    81     1046.0000     1045.0000  5641404    0.10%
  29500  2021     1045.0000    60     1046.0000     1045.0000  5689339    0.10%
  29600  2045     1045.0000    62     1046.0000     1045.0000  5734051    0.10%
  29700  2029    infeasible           1046.0000     1045.0000  5785849    0.10%
  29800  2063    infeasible           1046.0000     1045.0000  5822531    0.10%
  29900  2039    infeasible           1046.0000     1045.0000  5880443    0.10%
  30000  2051     1045.0000    79     1046.0000     1045.0000  5933868    0.10%
Elapsed time = 3347.22 sec. (tree size = 31.24 MB, solutions = 12)
  30100  2081     1045.0000    64     1046.0000     1045.0000  5979582    0.10%
  30200  2109     1045.0000    69     1046.0000     1045.0000  6030954    0.10%
  30300  2117    infeasible           1046.0000     1045.0000  6088890    0.10%
  30400  2111    infeasible           1046.0000     1045.0000  6150241    0.10%
  30500  2111    infeasible           1046.0000     1045.0000  6210315    0.10%
  30600  2147     1045.0000    81     1046.0000     1045.0000  6259757    0.10%
  30700  2137        cutoff           1046.0000     1045.0000  6335603    0.10%
  30800  2155     1045.0000    68     1046.0000     1045.0000  6396798    0.10%
  30900  2181     1045.0000    77     1046.0000     1045.0000  6443802    0.10%
  31000  2191    infeasible           1046.0000     1045.0000  6493651    0.10%
Elapsed time = 3690.09 sec. (tree size = 33.95 MB, solutions = 12)
  31100  2185        cutoff           1046.0000     1045.0000  6562323    0.10%
  31200  2227     1045.0000    76     1046.0000     1045.0000  6602611    0.10%
  31300  2261     1045.0000    67     1046.0000     1045.0000  6639627    0.10%
  31400  2249     1045.0000   108     1046.0000     1045.0000  6711807    0.10%
  31500  2237    infeasible           1046.0000     1045.0000  6778136    0.10%
  31600  2251     1045.0000    92     1046.0000     1045.0000  6848026    0.10%
  31700  2257        cutoff           1046.0000     1045.0000  6909336    0.10%
  31800  2271    infeasible           1046.0000     1045.0000  6966827    0.10%
  31900  2295    infeasible           1046.0000     1045.0000  7014585    0.10%
  32000  2307     1045.0000    87     1046.0000     1045.0000  7083548    0.10%
Elapsed time = 4049.88 sec. (tree size = 36.34 MB, solutions = 12)
  32100  2327    infeasible           1046.0000     1045.0000  7134111    0.10%
  32200  2351     1045.0000    82     1046.0000     1045.0000  7183597    0.10%
  32300  2369    infeasible           1046.0000     1045.0000  7231453    0.10%
  32400  2365    infeasible           1046.0000     1045.0000  7284262    0.10%
  32500  2379    infeasible           1046.0000     1045.0000  7331384    0.10%
  32600  2389     1045.0000    82     1046.0000     1045.0000  7375131    0.10%
  32700  2407    infeasible           1046.0000     1045.0000  7419390    0.10%
  32800  2407     1045.0000    79     1046.0000     1045.0000  7467813    0.10%
  32900  2411    infeasible           1046.0000     1045.0000  7523714    0.10%
  33000  2401    infeasible           1046.0000     1045.0000  7599174    0.10%
Elapsed time = 4356.69 sec. (tree size = 38.01 MB, solutions = 12)
  33100  2407     1045.0000    80     1046.0000     1045.0000  7646408    0.10%
  33200  2433    infeasible           1046.0000     1045.0000  7699597    0.10%
  33300  2453    infeasible           1046.0000     1045.0000  7749056    0.10%
  33400  2451     1045.0000    91     1046.0000     1045.0000  7812622    0.10%
  33500  2437    infeasible           1046.0000     1045.0000  7877325    0.10%
  33600  2443     1045.0000    96     1046.0000     1045.0000  7947329    0.10%
  33700  2427    infeasible           1046.0000     1045.0000  8010577    0.10%
  33800  2451     1045.0000    77     1046.0000     1045.0000  8059117    0.10%
  33900  2469     1045.0000    75     1046.0000     1045.0000  8109199    0.10%
  34000  2491     1045.0000    70     1046.0000     1045.0000  8161110    0.10%
Elapsed time = 4696.56 sec. (tree size = 39.73 MB, solutions = 12)
  34100  2505     1045.0000    72     1046.0000     1045.0000  8208765    0.10%
  34200  2507     1045.0000    62     1046.0000     1045.0000  8271979    0.10%
  34300  2509    infeasible           1046.0000     1045.0000  8339264    0.10%
  34400  2517     1045.0000    75     1046.0000     1045.0000  8390108    0.10%
  34500  2525    infeasible           1046.0000     1045.0000  8446616    0.10%
  34600  2537     1045.0000    74     1046.0000     1045.0000  8487029    0.10%
  34700  2511    infeasible           1046.0000     1045.0000  8546274    0.10%
  34800  2519     1045.0000    63     1046.0000     1045.0000  8599065    0.10%
  34900  2529    infeasible           1046.0000     1045.0000  8652930    0.10%
  35000  2535     1045.0000    76     1046.0000     1045.0000  8706996    0.10%
Elapsed time = 5019.86 sec. (tree size = 40.68 MB, solutions = 12)
  35100  2547     1045.0000    85     1046.0000     1045.0000  8768495    0.10%
  35200  2553    infeasible           1046.0000     1045.0000  8829651    0.10%
  35300  2549     1045.0000    76     1046.0000     1045.0000  8886947    0.10%
  35400  2587     1045.0000    65     1046.0000     1045.0000  8925020    0.10%
  35500  2563    infeasible           1046.0000     1045.0000  8980621    0.10%
  35600  2545     1045.0000    77     1046.0000     1045.0000  9046725    0.10%
  35700  2577     1045.0000    96     1046.0000     1045.0000  9094998    0.10%
  35800  2603     1045.0000    69     1046.0000     1045.0000  9146201    0.10%
  35900  2635     1045.0000    73     1046.0000     1045.0000  9191777    0.10%
  36000  2645     1045.0000    85     1046.0000     1045.0000  9249571    0.10%
Elapsed time = 5342.53 sec. (tree size = 42.69 MB, solutions = 12)
  36100  2655     1045.0000    91     1046.0000     1045.0000  9306752    0.10%
  36200  2671    infeasible           1046.0000     1045.0000  9357534    0.10%
  36300  2691     1045.0000    96     1046.0000     1045.0000  9408354    0.10%
  36400  2691    infeasible           1046.0000     1045.0000  9469020    0.10%
  36500  2698     1045.0000    90     1046.0000     1045.0000  9522801    0.10%
  36600  2698     1045.0000    80     1046.0000     1045.0000  9590256    0.10%
  36700  2716     1045.0000    71     1046.0000     1045.0000  9650951    0.10%
  36800  2742     1045.0000    62     1046.0000     1045.0000  9706587    0.10%
  36900  2718    infeasible           1046.0000     1045.0000  9793212    0.10%
  37000  2752    infeasible           1046.0000     1045.0000  9845343    0.10%
Elapsed time = 5705.39 sec. (tree size = 44.63 MB, solutions = 12)
  37100  2759        cutoff           1046.0000     1045.0000  9906261    0.10%
  37200  2763    infeasible           1046.0000     1045.0000  9967142    0.10%
  37300  2779    infeasible           1046.0000     1045.0000 10017085    0.10%
  37400  2753    infeasible           1046.0000     1045.0000 10085793    0.10%
  37500  2763    infeasible           1046.0000     1045.0000 10144168    0.10%
  37600  2741    infeasible           1046.0000     1045.0000 10213526    0.10%
  37700  2745    infeasible           1046.0000     1045.0000 10270438    0.10%
  37800  2729     1045.0000    88     1046.0000     1045.0000 10347148    0.10%
  37900  2735     1045.0000    82     1046.0000     1045.0000 10404039    0.10%
  38000  2727     1045.0000    61     1046.0000     1045.0000 10476685    0.10%
Elapsed time = 6081.55 sec. (tree size = 44.37 MB, solutions = 12)
  38100  2743     1045.0000    73     1046.0000     1045.0000 10534345    0.10%
  38200  2757     1045.0000    85     1046.0000     1045.0000 10586775    0.10%
  38300  2749    infeasible           1046.0000     1045.0000 10646262    0.10%
  38400  2785     1045.0000    98     1046.0000     1045.0000 10685011    0.10%
  38500  2785     1045.0000   103     1046.0000     1045.0000 10746110    0.10%
  38600  2771     1045.0000    88     1046.0000     1045.0000 10809054    0.10%
  38700  2751    infeasible           1046.0000     1045.0000 10882083    0.10%
  38800  2789    infeasible           1046.0000     1045.0000 10931891    0.10%
  38900  2785     1045.0000    87     1046.0000     1045.0000 11006004    0.10%
  39000  2805     1045.0000    53     1046.0000     1045.0000 11052343    0.10%
Elapsed time = 6424.17 sec. (tree size = 45.79 MB, solutions = 12)
  39100  2829     1045.0000    85     1046.0000     1045.0000 11102682    0.10%
  39200  2833     1045.0000    63     1046.0000     1045.0000 11163289    0.10%
  39300  2837     1045.0000    68     1046.0000     1045.0000 11221723    0.10%
  39400  2842     1045.0000    76     1046.0000     1045.0000 11279328    0.10%
  39500  2840     1045.0000    73     1046.0000     1045.0000 11330502    0.10%
  39600  2866     1045.0000    76     1046.0000     1045.0000 11378269    0.10%
  39700  2866    infeasible           1046.0000     1045.0000 11423659    0.10%
  39800  2860    infeasible           1046.0000     1045.0000 11472339    0.10%
  39900  2858     1045.0000    73     1046.0000     1045.0000 11534518    0.10%
  40000  2886    infeasible           1046.0000     1045.0000 11586554    0.10%
Elapsed time = 6744.41 sec. (tree size = 47.19 MB, solutions = 12)
  40100  2910     1045.0000    95     1046.0000     1045.0000 11639300    0.10%
  40200  2942     1045.0000    99     1046.0000     1045.0000 11688499    0.10%
  40300  2936    infeasible           1046.0000     1045.0000 11755049    0.10%
  40400  2944    infeasible           1046.0000     1045.0000 11827942    0.10%
  40500  2940     1045.0000    78     1046.0000     1045.0000 11893807    0.10%
  40600  2946     1045.0000    83     1046.0000     1045.0000 11950284    0.10%
  40700  2950     1045.0000    65     1046.0000     1045.0000 12006579    0.10%
  40800  2928    infeasible           1046.0000     1045.0000 12079673    0.10%
  40900  2932    infeasible           1046.0000     1045.0000 12130342    0.10%
  41000  2914    infeasible           1046.0000     1045.0000 12195761    0.10%
Elapsed time = 7107.52 sec. (tree size = 47.80 MB, solutions = 12)
  41100  2900    infeasible           1046.0000     1045.0000 12262087    0.10%
  41200  2900     1045.0000    73     1046.0000     1045.0000 12326106    0.10%

Cover cuts applied:  1067
Mixed integer rounding cuts applied:  22
Zero-half cuts applied:  2
Gomory fractional cuts applied:  9

Solution pool: 12 solutions saved.

MIP - Time limit exceeded, integer feasible:  Objective = 1.0460000000e+003
Current MIP best bound = 1.0450000000e+003 (gap = 1, 0.10%)
Solution time = 7200.02 sec.  Iterations = 12352145  Nodes = 41252 (2909)


Incumbent solution
Variable Name           Solution Value
Cmax                       1046.000000
X_1_3                         1.000000
X_2_7                         1.000000
X_3_7                         1.000000
X_4_5                         1.000000
X_5_16                        1.000000
X_6_2                         1.000000
X_7_5                         1.000000
X_8_19                        1.000000
X_9_8                         1.000000
X_10_16                       1.000000
X_11_3                        1.000000
X_12_20                       1.000000
X_13_15                       1.000000
X_14_18                       1.000000
X_15_11                       1.000000
X_16_19                       1.000000
X_17_9                        1.000000
X_18_15                       1.000000
X_19_19                       1.000000
X_20_9                        1.000000
X_21_10                       1.000000
X_22_17                       1.000000
X_23_5                        1.000000
X_24_9                        1.000000
X_25_6                        1.000000
X_26_18                       1.000000
X_27_11                       1.000000
X_28_8                        1.000000
X_29_11                       1.000000
X_30_13                       1.000000
X_31_15                       1.000000
X_32_7                        1.000000
X_33_1                        1.000000
X_34_1                        1.000000
X_35_13                       1.000000
X_36_20                       1.000000
X_37_12                       1.000000
X_38_7                        1.000000
X_39_19                       1.000000
X_40_16                       1.000000
X_41_8                        1.000000
X_42_11                       1.000000
X_43_19                       1.000000
X_44_6                        1.000000
X_45_3                        1.000000
X_46_17                       1.000000
X_47_4                        1.000000
X_48_19                       1.000000
X_49_3                        1.000000
X_50_14                       1.000000
X_51_17                       1.000000
X_52_6                        1.000000
X_53_2                        1.000000
X_54_20                       1.000000
X_55_6                        1.000000
X_56_8                        1.000000
X_57_4                        1.000000
X_58_4                        1.000000
X_59_12                       1.000000
X_60_10                       1.000000
X_61_13                       1.000000
X_62_2                        1.000000
X_63_20                       1.000000
X_64_13                       1.000000
X_65_14                       1.000000
X_66_3                        1.000000
X_67_9                        1.000000
X_68_20                       1.000000
X_69_13                       1.000000
X_70_13                       1.000000
X_71_19                       1.000000
X_72_12                       1.000000
X_73_5                        1.000000
X_74_1                        1.000000
X_75_11                       1.000000
X_76_18                       1.000000
X_77_12                       1.000000
X_78_16                       1.000000
X_79_6                        1.000000
X_80_5                        1.000000
X_81_4                        1.000000
X_82_18                       1.000000
X_83_16                       1.000000
X_84_18                       1.000000
X_85_2                        1.000000
X_86_4                        1.000000
X_87_3                        1.000000
X_88_18                       1.000000
X_89_9                        1.000000
X_90_5                        1.000000
X_91_10                       1.000000
X_92_5                        1.000000
X_93_17                       1.000000
X_94_9                        1.000000
X_95_1                        1.000000
X_96_17                       1.000000
X_97_2                        1.000000
X_98_4                        1.000000
X_99_11                       1.000000
X_100_13                      1.000000
X_101_11                      1.000000
X_102_20                      1.000000
X_103_16                      1.000000
X_104_14                      1.000000
X_105_6                       1.000000
X_106_15                      1.000000
X_107_4                       1.000000
X_108_2                       1.000000
X_109_12                      1.000000
X_110_13                      1.000000
X_111_4                       1.000000
X_112_15                      1.000000
X_113_9                       1.000000
X_114_1                       1.000000
X_115_9                       1.000000
X_116_15                      1.000000
X_117_17                      1.000000
X_118_11                      1.000000
X_119_12                      1.000000
X_120_16                      1.000000
X_121_20                      1.000000
X_122_5                       1.000000
X_123_10                      1.000000
X_124_7                       1.000000
X_125_8                       1.000000
X_126_1                       1.000000
X_127_2                       1.000000
X_128_13                      1.000000
X_129_10                      1.000000
X_130_6                       1.000000
X_131_16                      1.000000
X_132_7                       1.000000
X_133_15                      1.000000
X_134_7                       1.000000
X_135_2                       1.000000
X_136_7                       1.000000
X_137_3                       1.000000
X_138_5                       1.000000
X_139_1                       1.000000
X_140_8                       1.000000
X_141_17                      1.000000
X_142_14                      1.000000
X_143_14                      1.000000
X_144_16                      1.000000
X_145_14                      1.000000
X_146_3                       1.000000
X_147_14                      1.000000
X_148_11                      1.000000
X_149_9                       1.000000
X_150_1                       1.000000
X_151_19                      1.000000
X_152_12                      1.000000
X_153_2                       1.000000
X_154_10                      1.000000
X_155_4                       1.000000
X_156_1                       1.000000
X_157_15                      1.000000
X_158_10                      1.000000
X_159_18                      1.000000
X_160_20                      1.000000
X_161_17                      1.000000
X_162_11                      1.000000
X_163_10                      1.000000
X_164_8                       1.000000
X_165_3                       1.000000
X_166_20                      1.000000
X_167_6                       1.000000
X_168_18                      1.000000
X_169_12                      1.000000
X_170_6                       1.000000
X_171_18                      1.000000
X_172_16                      1.000000
X_173_19                      1.000000
X_174_7                       1.000000
X_175_10                      1.000000
X_176_5                       1.000000
X_177_12                      1.000000
X_178_3                       1.000000
X_179_13                      1.000000
X_180_10                      1.000000
X_181_14                      1.000000
X_182_17                      1.000000
X_183_8                       1.000000
X_184_1                       1.000000
X_185_14                      1.000000
X_186_18                      1.000000
X_187_17                      1.000000
X_188_4                       1.000000
X_189_12                      1.000000
X_190_6                       1.000000
X_191_15                      1.000000
X_192_15                      1.000000
X_193_7                       1.000000
X_194_2                       1.000000
X_195_19                      1.000000
X_196_14                      1.000000
X_197_8                       1.000000
X_198_8                       1.000000
X_199_9                       1.000000
X_200_20                      1.000000
All other variables in the range 1-4001 are 0.
