
Log started (V11.0.0) Sat Apr 19 02:49:32 2008

Tried aggregator 1 time.
Reduced MIP has 220 rows, 4001 columns, and 8020 nonzeros.
Presolve time =    0.03 sec.
Clique table members: 200.
MIP emphasis: balance optimality and feasibility.
MIP search method: dynamic search.
Parallel mode: none, using 1 thread.
Root relaxation solution time =    0.14 sec.

        Nodes                                         Cuts/
   Node  Left     Objective  IInf  Best Integer     Best Node    ItCnt     Gap

*     0+    0                        30056.0000     1042.9818      376   96.53%
*     0+    0                         1065.0000     1042.9818      376    2.07%
      0     0     1043.3362    41     1065.0000      Fract: 6      385    2.03%
*     0+    0                         1064.0000     1043.3362      385    1.94%
      0     0     1044.0524    53     1064.0000      Cuts: 10      432    1.87%
      0     0     1044.4974    61     1064.0000       Cuts: 9      494    1.83%
      0     0     1044.5736    69     1064.0000       Cuts: 7      519    1.83%
      0     0     1044.6128    77     1064.0000       Cuts: 4      532    1.82%
      0     0     1044.6887    82     1064.0000       Cuts: 4      571    1.81%
      0     0     1044.9839    84     1064.0000       Cuts: 4      620    1.79%
      0     0     1045.0486    85     1064.0000       Cuts: 3      644    1.78%
*     0+    0                         1063.0000     1045.0486      644    1.69%
*     0+    0                         1055.0000     1045.0486      644    0.94%
*     0+    0                         1054.0000     1045.0486      644    0.85%
      0     2     1045.0486    85     1054.0000     1045.0486      644    0.85%
    100    95     1047.0000    40     1054.0000     1045.1539     2825    0.84%
    200   143     1050.0000    36     1054.0000     1045.1539     5374    0.84%
    300   148     1053.0000    38     1054.0000     1045.1539     7758    0.84%
    400   237     1047.0000    34     1054.0000     1046.0000     9595    0.76%
    500   325     1049.0000    36     1054.0000     1046.0000    12404    0.76%
    600   352     1051.0000    33     1054.0000     1046.0000    16806    0.76%
    700   344     1048.3784    65     1054.0000     1046.0000    21009    0.76%
    800   355     1053.0000    45     1054.0000     1046.0000    25442    0.76%
    900   358     1050.0000    44     1054.0000     1046.0000    29002    0.76%
*   931+  311                         1053.0000     1046.0000    29892    0.66%
   1000   357     1048.0000    49     1053.0000     1046.0000    31798    0.66%
Elapsed time =  22.50 sec. (tree size =  1.59 MB, solutions = 7)
   1100   423     1046.7434    86     1053.0000     1046.0000    38281    0.66%
   1200   516     1049.4386    61     1053.0000     1046.0000    41204    0.66%
   1300   603     1049.0000    40     1053.0000     1046.0000    45920    0.66%
   1400   679     1048.0000    75     1053.0000     1046.0000    49636    0.66%
   1500   764     1047.0000    53     1053.0000     1046.0000    52271    0.66%
*  1511+  705                         1052.0000     1046.0000    52549    0.57%
   1600   793     1051.0000    41     1052.0000     1046.0000    54651    0.57%
   1700   870     1049.0000    38     1052.0000     1046.0000    58013    0.57%
   1800   954     1047.0000    66     1052.0000     1046.0000    61607    0.57%
   1900  1051     1050.0000    38     1052.0000     1046.0000    63757    0.57%
   2000  1141     1048.0000    60     1052.0000     1046.0000    66517    0.57%
Elapsed time =  35.86 sec. (tree size =  5.53 MB, solutions = 8)
*  2091+ 1138                         1051.0000     1046.0000    68968    0.48%
   2100  1149     1048.0000    43     1051.0000     1046.0000    69162    0.48%
   2200  1239     1050.0000    61     1051.0000     1046.0000    72940    0.48%
   2300  1319     1049.0000    55     1051.0000     1046.0000    77627    0.48%
   2400  1406     1049.0000    42     1051.0000     1046.0000    81151    0.48%
   2500  1482     1050.0000    23     1051.0000     1046.0000    88037    0.48%
   2600  1553     1049.0000    26     1051.0000     1046.0000    94468    0.48%
   2700  1644     1049.0000    50     1051.0000     1046.0000    96829    0.48%
   2800  1737     1049.0000    38     1051.0000     1046.0000    99468    0.48%
   2900  1822     1050.0000    58     1051.0000     1046.0000   102079    0.48%
   3000  1914     1050.0000    42     1051.0000     1046.0000   105558    0.48%
Elapsed time =  49.34 sec. (tree size =  9.69 MB, solutions = 9)
   3100  2004     1050.0000    58     1051.0000     1046.0000   108783    0.48%
   3200  2093     1050.0000    54     1051.0000     1046.0000   111619    0.48%
   3300  2186     1050.0000    58     1051.0000     1046.0000   114115    0.48%
   3400  2276     1049.0000    37     1051.0000     1046.0000   117589    0.48%
   3500  2345     1048.0000    62     1051.0000     1046.0000   125454    0.48%
   3600  2433     1050.0000    52     1051.0000     1046.0000   127593    0.48%
   3700  2522     1050.0000    50     1051.0000     1046.0000   130387    0.48%
   3800  2608     1049.0000    47     1051.0000     1046.0000   134570    0.48%
   3900  2700     1048.0000    65     1051.0000     1046.0000   138101    0.48%
   4000  2789    infeasible           1051.0000     1046.0000   141265    0.48%
Elapsed time =  61.94 sec. (tree size = 14.57 MB, solutions = 9)
   4100  2880     1048.0000    67     1051.0000     1047.0000   144832    0.38%
   4200  2963     1049.0000    69     1051.0000     1047.0000   147994    0.38%
   4300  3048     1049.0000    60     1051.0000     1047.0000   151765    0.38%
   4400  3130     1049.0000    35     1051.0000     1047.0000   156793    0.38%
   4500  3222     1049.0000    69     1051.0000     1047.0000   160251    0.38%
*  4511+ 2414                         1050.0000     1047.0000   161061    0.29%
   4600  2485     1049.0000    72     1050.0000     1047.0000   167182    0.29%
   4700  2571     1049.0000    55     1050.0000     1047.0000   172866    0.29%
   4800  2666     1049.0000    74     1050.0000     1047.0000   176724    0.29%
   4900  2756     1049.0000    45     1050.0000     1047.0000   180654    0.29%
   5000  2831     1049.0000    38     1050.0000     1047.0000   187384    0.29%
Elapsed time =  76.05 sec. (tree size = 15.31 MB, solutions = 10)
   5100  2923     1049.0000    48     1050.0000     1047.0000   190548    0.29%
   5200  3011     1048.0000    67     1050.0000     1047.0000   195381    0.29%
   5300  3102     1049.0000    45     1050.0000     1047.0000   199129    0.29%
   5400  3190    infeasible           1050.0000     1047.0000   203550    0.29%
   5500  3275     1049.0000    48     1050.0000     1047.0000   209307    0.29%
   5600  3369    infeasible           1050.0000     1047.0000   211903    0.29%
   5700  3460     1049.0000    56     1050.0000     1047.0000   216314    0.29%
   5800  3548    infeasible           1050.0000     1047.0000   220688    0.29%
   5900  3632     1048.2149    83     1050.0000     1047.0000   226141    0.29%
   6000  3720     1048.0000    74     1050.0000     1047.0000   230391    0.29%
Elapsed time =  88.70 sec. (tree size = 20.98 MB, solutions = 10)
   6100  3808     1049.0000    47     1050.0000     1047.0000   233830    0.29%
   6200  3900     1049.0000    55     1050.0000     1047.0000   237689    0.29%
   6300  3990     1049.0000    44     1050.0000     1047.0000   242665    0.29%
   6400  4083     1049.0000    63     1050.0000     1047.0000   246392    0.29%
   6500  4176     1049.0000    70     1050.0000     1047.0000   250800    0.29%
   6600  4271     1048.0000    78     1050.0000     1047.0000   254914    0.29%
   6700  4358     1049.0000    67     1050.0000     1047.0000   259783    0.29%
   6800  4444     1049.0000    49     1050.0000     1047.0000   264929    0.29%
   6900  4534     1049.0000    42     1050.0000     1047.0000   269271    0.29%
   7000  4619     1049.0000    50     1050.0000     1047.0000   275554    0.29%
Elapsed time = 102.01 sec. (tree size = 26.95 MB, solutions = 10)
   7100  4712     1048.0000    74     1050.0000     1047.0000   279249    0.29%
   7200  4792     1048.0000    80     1050.0000     1047.0000   285439    0.29%
   7300  4884     1048.0000    72     1050.0000     1047.0000   289573    0.29%
   7400  4979     1049.0000    57     1050.0000     1047.0000   294138    0.29%
   7500  5066     1049.0000    35     1050.0000     1047.0000   301525    0.29%
   7600  5145     1048.0000    71     1050.0000     1047.0000   319262    0.29%
   7700  5232     1049.0000    58     1050.0000     1047.0000   326538    0.29%
   7800  5318     1049.0000    71     1050.0000     1047.0000   332686    0.29%
   7900  5407     1048.0000    79     1050.0000     1047.0000   339494    0.29%
   8000  5499     1048.0000    76     1050.0000     1047.0000   345487    0.29%
Elapsed time = 123.23 sec. (tree size = 33.21 MB, solutions = 10)
   8100  5589     1049.0000    74     1050.0000     1047.0000   350676    0.29%
   8200  5677     1049.0000    56     1050.0000     1047.0000   357002    0.29%
   8300  5763     1049.0000    68     1050.0000     1047.0000   363941    0.29%
   8400  5852     1048.0000    87     1050.0000     1047.0000   369581    0.29%
   8500  5941     1049.0000    43     1050.0000     1047.0000   376651    0.29%
   8600  6034     1048.0829    90     1050.0000     1047.0000   382306    0.29%
   8700  6122     1049.0000    45     1050.0000     1047.0000   393618    0.29%
   8800  6203     1049.0000    70     1050.0000     1047.0000   401639    0.29%
   8900  6284     1049.0000    62     1050.0000     1047.0000   413521    0.29%
   9000  6366     1049.0000    59     1050.0000     1047.0000   426646    0.29%
Elapsed time = 150.30 sec. (tree size = 39.75 MB, solutions = 10)
   9100  6443     1049.0000    67     1050.0000     1047.0000   435813    0.29%
   9200  6536     1049.0000    66     1050.0000     1047.0000   444338    0.29%
   9300  6620     1049.0000    69     1050.0000     1047.0000   459486    0.29%
   9400  6694     1048.0000    96     1050.0000     1047.0000   477100    0.29%
   9500  6783     1048.0000   104     1050.0000     1047.0000   488131    0.29%
   9600  6871     1049.0000    74     1050.0000     1047.0000   498172    0.29%
   9700  6957     1049.0000    68     1050.0000     1047.0000   507464    0.29%
   9800  7044     1049.0000    73     1050.0000     1047.0000   518171    0.29%
   9900  7116    infeasible           1050.0000     1047.0000   533481    0.29%
  10000  7196     1049.0000    85     1050.0000     1047.0000   543131    0.29%
Elapsed time = 190.64 sec. (tree size = 46.39 MB, solutions = 10)
  10100  7281     1048.0000    94     1050.0000     1047.0000   554318    0.29%
  10200  7354     1049.0000    66     1050.0000     1047.0000   573654    0.29%
  10300  7447     1049.0000    75     1050.0000     1047.0000   583027    0.29%
  10400  7535     1049.0000    69     1050.0000     1047.0000   593593    0.29%
  10500  7625     1049.0000    66     1050.0000     1047.0000   605208    0.29%
  10600  7701     1049.0000    66     1050.0000     1047.0000   621310    0.29%
  10700  7791     1049.0000    77     1050.0000     1047.0000   630532    0.29%
  10800  7878     1049.0000    77     1050.0000     1047.0000   644400    0.29%
  10900  7944     1049.0000    71     1050.0000     1047.0000   659608    0.29%
  11000  8007     1049.0000    76     1050.0000     1047.0000   676179    0.29%
Elapsed time = 241.13 sec. (tree size = 53.50 MB, solutions = 10)
  11100  8083    infeasible           1050.0000     1047.0000   689747    0.29%
  11200  8169     1049.0000    76     1050.0000     1047.0000   705314    0.29%
  11300  8234     1049.0000    79     1050.0000     1047.0000   723559    0.29%
  11400  8315     1048.0000    97     1050.0000     1047.0000   741255    0.29%
  11500  8398     1049.0000    86     1050.0000     1047.0000   752631    0.29%
  11600  8485     1049.0000    68     1050.0000     1047.0000   767536    0.29%
  11700  8552     1049.0000    67     1050.0000     1047.0000   789671    0.29%
  11800  8646     1049.0000    89     1050.0000     1047.0000   804478    0.29%
  11900  8722     1049.0000    77     1050.0000     1047.0000   822317    0.29%
  12000  8810     1049.0000    77     1050.0000     1047.0000   837850    0.29%
Elapsed time = 305.69 sec. (tree size = 61.26 MB, solutions = 10)
  12100  8892     1049.0000    66     1050.0000     1047.0000   849585    0.29%
  12200  8980     1049.0000    59     1050.0000     1047.0000   865871    0.29%
  12300  9063    infeasible           1050.0000     1047.0000   883914    0.29%
  12400  9150     1049.0000    46     1050.0000     1047.0000   899889    0.29%
  12500  9237     1049.0000    60     1050.0000     1047.0000   911214    0.29%
  12600  9324     1048.0000    81     1050.0000     1047.0000   922585    0.29%
  12700  9410     1049.0000    87     1050.0000     1048.0000   940584    0.19%
  12800  9495     1049.0000    58     1050.0000     1048.0000   956841    0.19%
  12900  9579     1048.0902    90     1050.0000     1048.0000   971734    0.19%
  13000  9668    infeasible           1050.0000     1048.0000   984632    0.19%
Elapsed time = 367.61 sec. (tree size = 69.79 MB, solutions = 10)
  13100  9755     1049.0000    72     1050.0000     1048.0000   995958    0.19%
  13200  9844     1049.0000    39     1050.0000     1048.0000  1014853    0.19%
  13300  9927     1049.0000    81     1050.0000     1048.0000  1034953    0.19%
  13400 10012     1049.0000    65     1050.0000     1048.0000  1048650    0.19%
  13500 10087     1049.0000    50     1050.0000     1048.0000  1067201    0.19%
  13600 10167     1049.0000    53     1050.0000     1048.0000  1082021    0.19%
  13700 10252     1048.0000    83     1050.0000     1048.0000  1103941    0.19%
  13800 10333     1048.1016    77     1050.0000     1048.0000  1126946    0.19%
  13900 10421     1049.0000    68     1050.0000     1048.0000  1137965    0.19%
  14000 10508     1049.0000    56     1050.0000     1048.0000  1148146    0.19%
Elapsed time = 435.97 sec. (tree size = 78.42 MB, solutions = 10)
  14100 10591     1049.0000    53     1050.0000     1048.0000  1158783    0.19%
  14200 10683     1049.0000    72     1050.0000     1048.0000  1169737    0.19%
  14300 10765     1049.0000    58     1050.0000     1048.0000  1187178    0.19%
  14400 10851    infeasible           1050.0000     1048.0000  1203191    0.19%
  14500 10928     1049.0000    65     1050.0000     1048.0000  1219443    0.19%
  14600 11001     1049.0000    56     1050.0000     1048.0000  1234534    0.19%
  14700 11087     1049.0000    68     1050.0000     1048.0000  1246311    0.19%
  14800 11168     1048.0000    93     1050.0000     1048.0000  1263157    0.19%
  14900 11255     1049.0000    84     1050.0000     1048.0000  1276841    0.19%
  15000 11327     1049.0000    54     1050.0000     1048.0000  1302130    0.19%
Elapsed time = 499.92 sec. (tree size = 87.18 MB, solutions = 10)
  15100 11413     1049.0000    61     1050.0000     1048.0000  1311938    0.19%
  15200 11489    infeasible           1050.0000     1048.0000  1328463    0.19%
  15300 11569     1049.0000    58     1050.0000     1048.0000  1345781    0.19%
  15400 11653     1049.0000    52     1050.0000     1048.0000  1363256    0.19%
  15500 11737     1049.0000    60     1050.0000     1048.0000  1376562    0.19%
* 15511+ 2209                         1049.0000     1048.0000  1376979    0.10%
  15600  2229     1048.0000    84     1049.0000     1048.0000  1444157    0.10%
  15700  2254     1048.0000    79     1049.0000     1048.0000  1520409    0.10%
  15800  2298     1048.0000    81     1049.0000     1048.0000  1589595    0.10%
  15900  2322        cutoff           1049.0000     1048.0000  1659854    0.10%
  16000  2359     1048.0000    85     1049.0000     1048.0000  1733192    0.10%
Elapsed time = 695.98 sec. (tree size = 17.11 MB, solutions = 11)
  16100  2374        cutoff           1049.0000     1048.0000  1814492    0.10%
  16200  2392     1048.0000    80     1049.0000     1048.0000  1890067    0.10%
  16300  2442     1048.0000    85     1049.0000     1048.0000  1949890    0.10%
  16400  2476     1048.0000    84     1049.0000     1048.0000  2015107    0.10%
  16500  2472     1048.0000    83     1049.0000     1048.0000  2125672    0.10%
  16600  2512     1048.0000    76     1049.0000     1048.0000  2192841    0.10%
  16700  2560     1048.0000    87     1049.0000     1048.0000  2255920    0.10%
  16800  2588        cutoff           1049.0000     1048.0000  2325039    0.10%
  16900  2613        cutoff           1049.0000     1048.0000  2407062    0.10%
  17000  2655        cutoff           1049.0000     1048.0000  2486026    0.10%
Elapsed time = 1063.48 sec. (tree size = 21.03 MB, solutions = 11)
  17100  2676        cutoff           1049.0000     1048.0000  2580039    0.10%
  17200  2705        cutoff           1049.0000     1048.0000  2661507    0.10%
  17300  2731     1048.0000    65     1049.0000     1048.0000  2742733    0.10%
  17400  2771     1048.0000    87     1049.0000     1048.0000  2826999    0.10%
  17500  2819     1048.0000    73     1049.0000     1048.0000  2894325    0.10%
  17600  2875        cutoff           1049.0000     1048.0000  2944064    0.10%
  17700  2888        cutoff           1049.0000     1048.0000  3022777    0.10%
  17800  2900     1048.0000    95     1049.0000     1048.0000  3140400    0.10%
  17900  2921     1048.0000    86     1049.0000     1048.0000  3242504    0.10%
  18000  2943     1048.0000    66     1049.0000     1048.0000  3341010    0.10%
Elapsed time = 1509.28 sec. (tree size = 25.08 MB, solutions = 11)
  18100  2975        cutoff           1049.0000     1048.0000  3424835    0.10%
  18200  2997     1048.0000    91     1049.0000     1048.0000  3503360    0.10%
  18300  3066     1048.0000    82     1049.0000     1048.0000  3573433    0.10%
  18400  3104        cutoff           1049.0000     1048.0000  3637422    0.10%
  18500  3142        cutoff           1049.0000     1048.0000  3717257    0.10%
  18600  3172     1048.0000    75     1049.0000     1048.0000  3782685    0.10%
  18700  3197     1048.0000    89     1049.0000     1048.0000  3849597    0.10%
  18800  3224     1048.0000    88     1049.0000     1048.0000  3923299    0.10%
  18900  3234        cutoff           1049.0000     1048.0000  4016436    0.10%
  19000  3243     1048.0000    78     1049.0000     1048.0000  4117204    0.10%
Elapsed time = 1931.91 sec. (tree size = 29.48 MB, solutions = 11)
  19100  3273     1048.0000    87     1049.0000     1048.0000  4192566    0.10%
  19200  3284        cutoff           1049.0000     1048.0000  4299463    0.10%
  19300  3310        cutoff           1049.0000     1048.0000  4394957    0.10%
  19400  3308        cutoff           1049.0000     1048.0000  4506353    0.10%
  19500  3334     1048.0000    91     1049.0000     1048.0000  4593182    0.10%
  19600  3352     1048.0000    87     1049.0000     1048.0000  4694042    0.10%
  19700  3390     1048.0000    83     1049.0000     1048.0000  4779819    0.10%
  19800  3460     1048.0000    74     1049.0000     1048.0000  4849764    0.10%
  19900  3532     1048.0000    71     1049.0000     1048.0000  4896472    0.10%
  20000  3600        cutoff           1049.0000     1048.0000  4956358    0.10%
Elapsed time = 2415.01 sec. (tree size = 35.09 MB, solutions = 11)
  20100  3650        cutoff           1049.0000     1048.0000  5037992    0.10%
  20200  3698     1048.0000    67     1049.0000     1048.0000  5118247    0.10%
  20300  3757     1048.0000    66     1049.0000     1048.0000  5188048    0.10%
  20400  3801     1048.0000    78     1049.0000     1048.0000  5263173    0.10%
  20500  3841        cutoff           1049.0000     1048.0000  5352568    0.10%
  20600  3850     1048.0000    84     1049.0000     1048.0000  5457020    0.10%
  20700  3917     1048.0000    81     1049.0000     1048.0000  5547773    0.10%
  20800  3957     1048.0000    92     1049.0000     1048.0000  5643411    0.10%
  20900  4013        cutoff           1049.0000     1048.0000  5711977    0.10%
  21000  4035        cutoff           1049.0000     1048.0000  5846136    0.10%
Elapsed time = 2948.11 sec. (tree size = 41.93 MB, solutions = 11)
  21100  4053     1048.0000    78     1049.0000     1048.0000  5962028    0.10%
  21200  4107        cutoff           1049.0000     1048.0000  6045678    0.10%
  21300  4139     1048.0000    74     1049.0000     1048.0000  6158547    0.10%
  21400  4175     1048.0000   110     1049.0000     1048.0000  6256490    0.10%
  21500  4211        cutoff           1049.0000     1048.0000  6361973    0.10%
  21600  4247        cutoff           1049.0000     1048.0000  6438844    0.10%
  21700  4281     1048.0000    79     1049.0000     1048.0000  6539621    0.10%
  21800  4318     1048.0000    93     1049.0000     1048.0000  6621310    0.10%
  21900  4334     1048.0000    85     1049.0000     1048.0000  6716568    0.10%
  22000  4412     1048.0000    69     1049.0000     1048.0000  6770246    0.10%
Elapsed time = 3517.83 sec. (tree size = 48.10 MB, solutions = 11)
  22100  4458     1048.0000    57     1049.0000     1048.0000  6850155    0.10%
  22200  4494     1048.0000    80     1049.0000     1048.0000  6950987    0.10%
  22300  4520        cutoff           1049.0000     1048.0000  7035997    0.10%
  22400  4564     1048.0000    72     1049.0000     1048.0000  7130036    0.10%
  22500  4618     1048.0000   107     1049.0000     1048.0000  7204387    0.10%
  22600  4672        cutoff           1049.0000     1048.0000  7274071    0.10%
  22700  4690        cutoff           1049.0000     1048.0000  7366153    0.10%
  22800  4716        cutoff           1049.0000     1048.0000  7455335    0.10%
  22900  4740     1048.0000    87     1049.0000     1048.0000  7549586    0.10%
  23000  4764     1048.0000    87     1049.0000     1048.0000  7640625    0.10%
Elapsed time = 4059.73 sec. (tree size = 54.02 MB, solutions = 11)
  23100  4819        cutoff           1049.0000     1048.0000  7708839    0.10%
  23200  4845        cutoff           1049.0000     1048.0000  7793944    0.10%
  23300  4857     1048.0000    85     1049.0000     1048.0000  7915682    0.10%
  23400  4888     1048.0000   120     1049.0000     1048.0000  7996872    0.10%
  23500  4917     1048.0000    75     1049.0000     1048.0000  8090887    0.10%
  23600  4933     1048.0000    73     1049.0000     1048.0000  8186741    0.10%
  23700  4935     1048.0000    89     1049.0000     1048.0000  8302215    0.10%
  23800  4941        cutoff           1049.0000     1048.0000  8413440    0.10%
  23900  4962     1048.0000    82     1049.0000     1048.0000  8514142    0.10%
  24000  5011     1048.0000    80     1049.0000     1048.0000  8587058    0.10%
Elapsed time = 4649.66 sec. (tree size = 58.23 MB, solutions = 11)
  24100  5043     1048.0000    87     1049.0000     1048.0000  8679109    0.10%
  24200  5067        cutoff           1049.0000     1048.0000  8758913    0.10%
  24300  5098     1048.0000    85     1049.0000     1048.0000  8841705    0.10%
  24400  5106     1048.0000    70     1049.0000     1048.0000  8938896    0.10%
  24500  5145        cutoff           1049.0000     1048.0000  9012845    0.10%
  24600  5157     1048.0000    89     1049.0000     1048.0000  9106385    0.10%
  24700  5195     1048.0000    76     1049.0000     1048.0000  9207453    0.10%
  24800  5221        cutoff           1049.0000     1048.0000  9290341    0.10%
  24900  5240     1048.0000    99     1049.0000     1048.0000  9380205    0.10%
  25000  5253        cutoff           1049.0000     1048.0000  9470911    0.10%
Elapsed time = 5188.45 sec. (tree size = 62.35 MB, solutions = 11)
  25100  5277        cutoff           1049.0000     1048.0000  9565637    0.10%
  25200  5306     1048.0000    78     1049.0000     1048.0000  9672626    0.10%
  25300  5300        cutoff           1049.0000     1048.0000  9795318    0.10%
  25400  5336     1048.0000    76     1049.0000     1048.0000  9886962    0.10%
  25500  5395        cutoff           1049.0000     1048.0000  9952561    0.10%
  25600  5421        cutoff           1049.0000     1048.0000 10036450    0.10%
  25700  5437     1048.0000    83     1049.0000     1048.0000 10124705    0.10%
  25800  5439        cutoff           1049.0000     1048.0000 10239486    0.10%
  25900  5463     1048.0000    84     1049.0000     1048.0000 10367112    0.10%
  26000  5463     1048.0000    71     1049.0000     1048.0000 10497545    0.10%
Elapsed time = 5821.50 sec. (tree size = 66.02 MB, solutions = 11)
  26100  5489     1048.0000    74     1049.0000     1048.0000 10586841    0.10%
  26200  5528     1048.0000   103     1049.0000     1048.0000 10654955    0.10%
  26300  5549        cutoff           1049.0000     1048.0000 10755571    0.10%
  26400  5567     1048.0000    90     1049.0000     1048.0000 10835359    0.10%
  26500  5575        cutoff           1049.0000     1048.0000 10927213    0.10%
  26600  5609     1048.0000    75     1049.0000     1048.0000 11011012    0.10%
  26700  5677     1048.0000    62     1049.0000     1048.0000 11071670    0.10%
  26800  5729        cutoff           1049.0000     1048.0000 11144119    0.10%
  26900  5789     1048.0000    75     1049.0000     1048.0000 11207139    0.10%
  27000  5831        cutoff           1049.0000     1048.0000 11287936    0.10%
Elapsed time = 6314.63 sec. (tree size = 72.42 MB, solutions = 11)
  27100  5869     1048.0000    76     1049.0000     1048.0000 11379478    0.10%
  27200  5895        cutoff           1049.0000     1048.0000 11452538    0.10%
  27300  5935     1048.0000   105     1049.0000     1048.0000 11531096    0.10%
  27400  5963     1048.0000    73     1049.0000     1048.0000 11616769    0.10%
  27500  5967     1048.0000    94     1049.0000     1048.0000 11699396    0.10%
  27600  6031        cutoff           1049.0000     1048.0000 11751067    0.10%
  27700  6068     1048.0000    74     1049.0000     1048.0000 11827419    0.10%
  27800  6130     1048.0000    74     1049.0000     1048.0000 11887509    0.10%
  27900  6146     1048.0000    64     1049.0000     1048.0000 11977222    0.10%
  28000  6202     1048.0000    60     1049.0000     1048.0000 12033670    0.10%
Elapsed time = 6767.17 sec. (tree size = 78.66 MB, solutions = 11)
  28100  6255        cutoff           1049.0000     1048.0000 12098957    0.10%
  28200  6285     1048.0000    78     1049.0000     1048.0000 12191636    0.10%
  28300  6305     1048.0000    63     1049.0000     1048.0000 12280506    0.10%
  28400  6339        cutoff           1049.0000     1048.0000 12357519    0.10%
  28500  6345     1048.0000    86     1049.0000     1048.0000 12467417    0.10%
  28600  6417     1048.0000    78     1049.0000     1048.0000 12538121    0.10%
  28700  6465     1048.0000    78     1049.0000     1048.0000 12601655    0.10%
  28800  6500     1048.0000    93     1049.0000     1048.0000 12678613    0.10%
  28900  6556        cutoff           1049.0000     1048.0000 12735186    0.10%

Cover cuts applied:  1081
Mixed integer rounding cuts applied:  13
Gomory fractional cuts applied:  6

Solution pool: 11 solutions saved.

MIP - Time limit exceeded, integer feasible:  Objective = 1.0490000000e+003
Current MIP best bound = 1.0480000000e+003 (gap = 1, 0.10%)
Solution time = 7200.00 sec.  Iterations = 12754188  Nodes = 28923 (6560)


Incumbent solution
Variable Name           Solution Value
Cmax                       1049.000000
X_1_4                         1.000000
X_2_12                        1.000000
X_3_13                        1.000000
X_4_19                        1.000000
X_5_10                        1.000000
X_6_5                         1.000000
X_7_5                         1.000000
X_8_16                        1.000000
X_9_13                        1.000000
X_10_14                       1.000000
X_11_11                       1.000000
X_12_9                        1.000000
X_13_11                       1.000000
X_14_4                        1.000000
X_15_1                        1.000000
X_16_8                        1.000000
X_17_9                        1.000000
X_18_15                       1.000000
X_19_12                       1.000000
X_20_18                       1.000000
X_21_8                        1.000000
X_22_5                        1.000000
X_23_2                        1.000000
X_24_7                        1.000000
X_25_9                        1.000000
X_26_5                        1.000000
X_27_19                       1.000000
X_28_3                        1.000000
X_29_1                        1.000000
X_30_16                       1.000000
X_31_14                       1.000000
X_32_3                        1.000000
X_33_7                        1.000000
X_34_2                        1.000000
X_35_15                       1.000000
X_36_20                       1.000000
X_37_19                       1.000000
X_38_6                        1.000000
X_39_19                       1.000000
X_40_18                       1.000000
X_41_13                       1.000000
X_42_16                       1.000000
X_43_15                       1.000000
X_44_12                       1.000000
X_45_10                       1.000000
X_46_2                        1.000000
X_47_3                        1.000000
X_48_20                       1.000000
X_49_4                        1.000000
X_50_2                        1.000000
X_51_1                        1.000000
X_52_10                       1.000000
X_53_8                        1.000000
X_54_9                        1.000000
X_55_3                        1.000000
X_56_4                        1.000000
X_57_7                        1.000000
X_58_16                       1.000000
X_59_9                        1.000000
X_60_14                       1.000000
X_61_17                       1.000000
X_62_10                       1.000000
X_63_8                        1.000000
X_64_5                        1.000000
X_65_19                       1.000000
X_66_8                        1.000000
X_67_15                       1.000000
X_68_19                       1.000000
X_69_1                        1.000000
X_70_7                        1.000000
X_71_10                       1.000000
X_72_1                        1.000000
X_73_1                        1.000000
X_74_11                       1.000000
X_75_2                        1.000000
X_76_6                        1.000000
X_77_19                       1.000000
X_78_3                        1.000000
X_79_13                       1.000000
X_80_20                       1.000000
X_81_14                       1.000000
X_82_18                       1.000000
X_83_6                        1.000000
X_84_17                       1.000000
X_85_3                        1.000000
X_86_1                        1.000000
X_87_20                       1.000000
X_88_14                       1.000000
X_89_16                       1.000000
X_90_11                       1.000000
X_91_12                       1.000000
X_92_14                       1.000000
X_93_3                        1.000000
X_94_13                       1.000000
X_95_3                        1.000000
X_96_15                       1.000000
X_97_10                       1.000000
X_98_9                        1.000000
X_99_20                       1.000000
X_100_1                       1.000000
X_101_7                       1.000000
X_102_14                      1.000000
X_103_6                       1.000000
X_104_2                       1.000000
X_105_18                      1.000000
X_106_7                       1.000000
X_107_18                      1.000000
X_108_2                       1.000000
X_109_2                       1.000000
X_110_8                       1.000000
X_111_17                      1.000000
X_112_17                      1.000000
X_113_14                      1.000000
X_114_6                       1.000000
X_115_11                      1.000000
X_116_10                      1.000000
X_117_4                       1.000000
X_118_12                      1.000000
X_119_16                      1.000000
X_120_19                      1.000000
X_121_10                      1.000000
X_122_13                      1.000000
X_123_17                      1.000000
X_124_15                      1.000000
X_125_20                      1.000000
X_126_4                       1.000000
X_127_17                      1.000000
X_128_19                      1.000000
X_129_18                      1.000000
X_130_13                      1.000000
X_131_11                      1.000000
X_132_5                       1.000000
X_133_7                       1.000000
X_134_20                      1.000000
X_135_6                       1.000000
X_136_14                      1.000000
X_137_1                       1.000000
X_138_6                       1.000000
X_139_6                       1.000000
X_140_9                       1.000000
X_141_2                       1.000000
X_142_16                      1.000000
X_143_19                      1.000000
X_144_11                      1.000000
X_145_11                      1.000000
X_146_18                      1.000000
X_147_15                      1.000000
X_148_5                       1.000000
X_149_17                      1.000000
X_150_16                      1.000000
X_151_4                       1.000000
X_152_17                      1.000000
X_153_12                      1.000000
X_154_17                      1.000000
X_155_7                       1.000000
X_156_15                      1.000000
X_157_17                      1.000000
X_158_9                       1.000000
X_159_12                      1.000000
X_160_11                      1.000000
X_161_9                       1.000000
X_162_4                       1.000000
X_163_9                       1.000000
X_164_16                      1.000000
X_165_3                       1.000000
X_166_18                      1.000000
X_167_13                      1.000000
X_168_12                      1.000000
X_169_10                      1.000000
X_170_3                       1.000000
X_171_8                       1.000000
X_172_8                       1.000000
X_173_5                       1.000000
X_174_6                       1.000000
X_175_10                      1.000000
X_176_8                       1.000000
X_177_20                      1.000000
X_178_1                       1.000000
X_179_7                       1.000000
X_180_18                      1.000000
X_181_16                      1.000000
X_182_4                       1.000000
X_183_5                       1.000000
X_184_15                      1.000000
X_185_5                       1.000000
X_186_20                      1.000000
X_187_13                      1.000000
X_188_18                      1.000000
X_189_14                      1.000000
X_190_15                      1.000000
X_191_4                       1.000000
X_192_2                       1.000000
X_193_8                       1.000000
X_194_12                      1.000000
X_195_11                      1.000000
X_196_7                       1.000000
X_197_6                       1.000000
X_198_12                      1.000000
X_199_20                      1.000000
X_200_13                      1.000000
All other variables in the range 1-4001 are 0.
