
Log started (V11.0.0) Fri May 30 03:48:58 2008

Tried aggregator 1 time.
Reduced MIP has 220 rows, 4001 columns, and 8020 nonzeros.
Presolve time =    0.03 sec.
Clique table members: 200.
MIP emphasis: balance optimality and feasibility.
MIP search method: dynamic search.
Parallel mode: none, using 1 thread.
Root relaxation solution time =    0.12 sec.

        Nodes                                         Cuts/
   Node  Left     Objective  IInf  Best Integer     Best Node    ItCnt     Gap

*     0+    0                        29768.0000     1047.4093      418   96.48%
*     0+    0                         1092.0000     1047.4093      418    4.08%
      0     0     1048.0000    41     1092.0000      Fract: 6      440    4.03%
      0     0     1048.0000    41     1092.0000     Covers: 1      488    4.03%
*     0+    0                         1078.0000     1048.0000      488    2.78%
      0     0     1048.1685    46     1078.0000     Covers: 3      556    2.77%
      0     0     1048.8141    59     1078.0000    MIRcuts: 7      611    2.71%
      0     0     1048.8961    72     1078.0000      Cuts: 11      644    2.70%
      0     0     1048.9574    83     1078.0000       Cuts: 6      666    2.69%
*     0+    0                         1067.0000     1048.9574      666    1.69%
*     0+    0                         1065.0000     1048.9574      666    1.51%
      0     2     1048.9574    83     1065.0000     1048.9574      666    1.51%
    100    95     1051.0000    37     1065.0000     1049.0343     2850    1.50%
    200   180     1055.0582    37     1065.0000     1049.0343     5801    1.50%
    300   261     1060.0000    32     1065.0000     1049.0343     7827    1.50%
    400   340        cutoff           1065.0000     1049.0343    10983    1.50%
    500   433     1051.0000    40     1065.0000     1049.1733    12963    1.49%
*   511+  293                         1061.0000     1050.3416    14441    1.00%
    600   308     1055.0000    36     1061.0000     1051.0000    16629    0.94%
    700   317     1051.0000    57     1061.0000     1051.0000    20754    0.94%
*   711+  250                         1060.0000     1051.0000    21034    0.85%
    800   268     1052.0000    42     1060.0000     1051.0000    23984    0.85%
    900   333     1057.0000    56     1060.0000     1051.0000    27847    0.85%
   1000   423     1059.0000    52     1060.0000     1051.0000    31706    0.85%
Elapsed time =  25.66 sec. (tree size =  1.96 MB, solutions = 7)
   1100   494     1052.0000    70     1060.0000     1051.0000    39065    0.85%
   1200   577     1057.0000    63     1060.0000     1051.0000    43621    0.85%
   1300   661     1054.0000    62     1060.0000     1051.0000    47499    0.85%
   1400   722     1052.0000    60     1060.0000     1051.0000    55949    0.85%
   1500   814     1058.0000    49     1060.0000     1051.0000    59554    0.85%
*  1511+  742                         1059.0000     1051.0000    59775    0.76%
*  1511+  702                         1058.0000     1051.0000    59775    0.66%
*  1511+  608                         1056.0000     1051.0000    59775    0.47%
   1600   695     1054.0000    63     1056.0000     1051.0000    62483    0.47%
   1700   786     1052.0000    63     1056.0000     1051.0000    66593    0.47%
   1800   867     1055.0000    50     1056.0000     1051.0000    73185    0.47%
   1900   947     1055.0000    40     1056.0000     1051.0000    81345    0.47%
   2000  1025     1053.0000    69     1056.0000     1051.0000    87429    0.47%
Elapsed time =  44.13 sec. (tree size =  5.21 MB, solutions = 10)
   2100  1114     1052.0000    77     1056.0000     1051.0000    92848    0.47%
   2200  1206     1054.1849    63     1056.0000     1051.0000    95812    0.47%
   2300  1292     1055.0000    57     1056.0000     1051.0000   100955    0.47%
   2400  1382    infeasible           1056.0000     1051.0000   105414    0.47%
   2500  1463     1053.0000    73     1056.0000     1051.0000   112297    0.47%
   2600  1557     1054.0000    61     1056.0000     1051.0000   116717    0.47%
   2700  1645     1055.0000    50     1056.0000     1051.0000   121973    0.47%
   2800  1732     1055.0000    56     1056.0000     1051.0000   127137    0.47%
   2900  1818     1054.0000    50     1056.0000     1051.0000   132742    0.47%
   3000  1906     1055.0000    53     1056.0000     1051.0000   136926    0.47%
Elapsed time =  61.48 sec. (tree size = 10.22 MB, solutions = 10)
   3100  1996     1054.0000    60     1056.0000     1051.0000   140766    0.47%
   3200  2088     1055.0000    67     1056.0000     1051.0000   144244    0.47%
   3300  2171     1054.0000    60     1056.0000     1051.0000   150282    0.47%
   3400  2258     1054.0000    58     1056.0000     1051.0000   154935    0.47%
   3500  2336     1052.0000    74     1056.0000     1051.0000   159636    0.47%
   3600  2430     1054.0000    59     1056.0000     1051.0000   162868    0.47%
   3700  2512     1053.0000    57     1056.0000     1051.0000   168810    0.47%
   3800  2605     1053.0127    66     1056.0000     1051.0000   174355    0.47%
   3900  2677     1053.0000    55     1056.0000     1051.0000   187020    0.47%
   4000  2767     1055.0000    54     1056.0000     1051.0000   191124    0.47%
Elapsed time =  79.31 sec. (tree size = 15.38 MB, solutions = 10)
   4100  2856     1054.0000    47     1056.0000     1051.0000   196352    0.47%
   4200  2939     1053.0000    56     1056.0000     1051.0000   201104    0.47%
   4300  3033     1055.0000    51     1056.0000     1051.0000   204624    0.47%
   4400  3117     1053.0000    59     1056.0000     1051.0000   211817    0.47%
   4500  3209     1055.0000    40     1056.0000     1051.0000   215761    0.47%
   4600  3296     1054.0000    64     1056.0000     1051.0000   221286    0.47%
   4700  3383     1054.0000    43     1056.0000     1051.0000   225589    0.47%
   4800  3471     1055.0000    59     1056.0000     1051.0000   230920    0.47%
   4900  3562     1055.0000    70     1056.0000     1051.0000   235093    0.47%
   5000  3655     1055.0000    64     1056.0000     1051.0000   240094    0.47%
Elapsed time =  95.08 sec. (tree size = 20.92 MB, solutions = 10)
   5100  3736     1054.0000    63     1056.0000     1051.0000   245506    0.47%
   5200  3826     1054.0000    60     1056.0000     1051.0000   249310    0.47%
   5300  3909     1053.0000    71     1056.0000     1051.0000   254063    0.47%
   5400  3997     1054.0000    45     1056.0000     1051.0000   259510    0.47%
   5500  4084     1053.0000    75     1056.0000     1051.0000   264870    0.47%
   5600  4176     1055.0000    54     1056.0000     1051.0000   270939    0.47%
   5700  4250     1054.0000    74     1056.0000     1051.0000   284109    0.47%
   5800  4341     1055.0000    62     1056.0000     1051.0000   289736    0.47%
   5900  4429     1054.0000    43     1056.0000     1051.0000   297022    0.47%
   6000  4510     1055.0000    43     1056.0000     1051.0000   305175    0.47%
Elapsed time = 114.23 sec. (tree size = 26.53 MB, solutions = 10)
   6100  4598     1055.0000    52     1056.0000     1051.0000   310317    0.47%
   6200  4691     1053.0000    62     1056.0000     1051.0000   313996    0.47%
   6300  4783     1055.0000    39     1056.0000     1051.0000   317051    0.47%
   6400  4866     1054.0000    69     1056.0000     1051.0000   323920    0.47%
   6500  4957     1053.0000    59     1056.0000     1051.0000   328476    0.47%
*  6511+ 3338                         1055.0000     1051.0000   328832    0.38%
   6600  3417     1054.0000    58     1055.0000     1051.0000   334099    0.38%
   6700  3495    infeasible           1055.0000     1051.0000   344794    0.38%
   6800  3579     1053.0000    81     1055.0000     1051.0000   355968    0.38%
   6900  3656     1053.0000    62     1055.0000     1052.0000   365307    0.28%
   7000  3743     1053.1409    75     1055.0000     1052.0000   371853    0.28%
Elapsed time = 136.39 sec. (tree size = 22.64 MB, solutions = 11)
   7100  3824     1053.0000    78     1055.0000     1052.0000   382007    0.28%
   7200  3918     1052.0000    69     1055.0000     1052.0000   386218    0.28%
*  7201+ 1959                         1054.0000     1052.0000   387117    0.19%
   7300  2000    infeasible           1054.0000     1052.0000   407979    0.19%
   7400  1941     1053.0000    88     1054.0000     1052.0000   446454    0.19%
   7500  2013    infeasible           1054.0000     1052.0000   459230    0.19%
   7600  2095     1053.0000    48     1054.0000     1052.0000   468739    0.19%
   7700  2166     1052.0000    82     1054.0000     1052.0000   482225    0.19%
   7800  2232     1053.0000    61     1054.0000     1052.0000   497546    0.19%
   7900  2300     1053.0000    60     1054.0000     1052.0000   512415    0.19%
   8000  2371     1053.0000    52     1054.0000     1052.0000   526000    0.19%
Elapsed time = 189.48 sec. (tree size = 15.59 MB, solutions = 12)
   8100  2457     1053.0000    66     1054.0000     1052.0000   533756    0.19%
   8200  2552     1053.0000    62     1054.0000     1052.0000   539604    0.19%
   8300  2619     1053.0000    76     1054.0000     1052.0000   552449    0.19%
   8400  2707     1053.0000    58     1054.0000     1052.0000   559565    0.19%
   8500  2791    infeasible           1054.0000     1052.0000   568890    0.19%
   8600  2863     1053.0000    73     1054.0000     1052.0000   579334    0.19%
   8700  2934     1053.0000    72     1054.0000     1052.0000   591949    0.19%
   8800  3019     1053.0000    62     1054.0000     1052.0000   600325    0.19%
   8900  3102     1053.0000    82     1054.0000     1052.0000   610708    0.19%
   9000  3170     1053.0000    59     1054.0000     1052.0000   627668    0.19%
Elapsed time = 226.13 sec. (tree size = 22.84 MB, solutions = 12)
   9100  3248     1053.0000    54     1054.0000     1052.0000   637018    0.19%
   9200  3325     1052.0000    77     1054.0000     1052.0000   647301    0.19%
   9300  3412     1053.0000    70     1054.0000     1052.0000   659631    0.19%
   9400  3487     1053.0000    67     1054.0000     1052.0000   670175    0.19%
   9500  3570     1053.0000    54     1054.0000     1052.0000   679613    0.19%
   9600  3652     1053.0000    66     1054.0000     1052.0000   689872    0.19%
   9700  3724     1053.0000    77     1054.0000     1052.0000   705904    0.19%
   9800  3786     1053.0000    72     1054.0000     1052.0000   726542    0.19%
   9900  3872     1052.0000    88     1054.0000     1052.0000   734549    0.19%
  10000  3961     1053.0000    70     1054.0000     1052.0000   742065    0.19%
Elapsed time = 271.20 sec. (tree size = 30.64 MB, solutions = 12)
  10100  4046     1052.0000    64     1054.0000     1052.0000   750090    0.19%
  10200  4125     1053.0000    61     1054.0000     1052.0000   760009    0.19%
  10300  4204     1053.0000    86     1054.0000     1052.0000   769638    0.19%
  10400  4280     1053.0000    53     1054.0000     1052.0000   780646    0.19%
  10500  4364     1053.0000    67     1054.0000     1052.0000   789654    0.19%
  10600  4443     1053.0000    68     1054.0000     1052.0000   798654    0.19%
  10700  4511     1053.0000    72     1054.0000     1052.0000   814722    0.19%
  10800  4578    infeasible           1054.0000     1052.0000   829712    0.19%
  10900  4659     1053.0000    76     1054.0000     1052.0000   845387    0.19%
  11000  4727     1053.0000    83     1054.0000     1052.0000   863676    0.19%
Elapsed time = 319.08 sec. (tree size = 38.48 MB, solutions = 12)
  11100  4807     1053.0000    72     1054.0000     1052.0000   876438    0.19%
  11200  4894     1053.0000    56     1054.0000     1052.0000   883082    0.19%
  11300  4974     1053.0000    85     1054.0000     1052.0000   892854    0.19%
  11400  5051     1052.0000    85     1054.0000     1052.0000   904697    0.19%
  11500  5144     1053.0000    65     1054.0000     1052.0000   914283    0.19%
  11600  5205     1053.0000    66     1054.0000     1052.0000   934170    0.19%
  11700  5266     1053.0000    81     1054.0000     1052.0000   953004    0.19%
  11800  5343     1053.0000    68     1054.0000     1052.0000   964790    0.19%
  11900  5419     1053.0000    85     1054.0000     1052.0000   978475    0.19%
  12000  5503     1053.0000    68     1054.0000     1052.0000   987193    0.19%
Elapsed time = 365.92 sec. (tree size = 46.74 MB, solutions = 12)
  12100  5574     1053.0000    61     1054.0000     1052.0000   999533    0.19%
  12200  5647     1053.0000    83     1054.0000     1052.0000  1017976    0.19%
  12300  5725    infeasible           1054.0000     1052.0000  1031021    0.19%
  12400  5805    infeasible           1054.0000     1052.0000  1040608    0.19%
  12500  5882     1053.0000    77     1054.0000     1052.0000  1052716    0.19%
  12600  5954    infeasible           1054.0000     1052.0000  1066227    0.19%
  12700  6036     1053.0000    73     1054.0000     1052.0000  1077432    0.19%
  12800  6108     1053.0000    86     1054.0000     1052.0000  1091768    0.19%
  12900  6188     1053.0000    66     1054.0000     1052.0000  1106731    0.19%
  13000  6275     1053.0000    73     1054.0000     1052.0000  1121659    0.19%
Elapsed time = 420.55 sec. (tree size = 55.36 MB, solutions = 12)
  13100  6340     1052.0518    83     1054.0000     1052.0000  1142422    0.19%
  13200  6420     1053.0000    79     1054.0000     1052.0000  1155152    0.19%
  13300  6500     1052.0000    86     1054.0000     1052.0000  1170682    0.19%
  13400  6579     1053.0000    70     1054.0000     1052.0000  1184164    0.19%
  13500  6666        cutoff           1054.0000     1052.0000  1197964    0.19%
  13600  6749     1053.0000    82     1054.0000     1052.0000  1216859    0.19%
  13700  6836     1053.0000    72     1054.0000     1052.0000  1225740    0.19%
  13800  6906     1052.0000    80     1054.0000     1052.0000  1240947    0.19%
  13900  6991     1053.0000    74     1054.0000     1052.0000  1250733    0.19%
  14000  7066     1053.0000    68     1054.0000     1052.0000  1268089    0.19%
Elapsed time = 483.88 sec. (tree size = 64.51 MB, solutions = 12)
  14100  7142    infeasible           1054.0000     1052.0000  1277497    0.19%
  14200  7212     1053.0000    86     1054.0000     1052.0000  1290597    0.19%
  14300  7297     1053.0000    70     1054.0000     1052.0000  1305637    0.19%
  14400  7383     1053.0000    54     1054.0000     1052.0000  1317876    0.19%
  14500  7467     1053.0000    59     1054.0000     1052.0000  1326876    0.19%
  14600  7554     1053.0000    66     1054.0000     1052.0000  1340475    0.19%
  14700  7639     1053.0000    80     1054.0000     1052.0000  1355579    0.19%
  14800  7728     1053.0000    70     1054.0000     1052.0000  1367098    0.19%
  14900  7809        cutoff           1054.0000     1052.0000  1378047    0.19%
  15000  7884     1053.0000    90     1054.0000     1052.0000  1396445    0.19%
Elapsed time = 539.48 sec. (tree size = 74.27 MB, solutions = 12)
  15100  7963     1053.0000    70     1054.0000     1052.0000  1408049    0.19%
  15200  8049     1053.0000    68     1054.0000     1052.0000  1419972    0.19%
  15300  8130     1053.0000    80     1054.0000     1052.0000  1430285    0.19%
  15400  8216     1053.0000    79     1054.0000     1052.0000  1439247    0.19%
  15500  8287     1053.0000    82     1054.0000     1052.0000  1456163    0.19%
  15600  8360     1053.0000    51     1054.0000     1052.0000  1475589    0.19%
  15700  8427     1052.4394    99     1054.0000     1052.0000  1492610    0.19%
  15800  8506    infeasible           1054.0000     1052.0000  1503104    0.19%
  15900  8571     1053.0000    80     1054.0000     1052.0000  1524544    0.19%
  16000  8655     1053.0000    61     1054.0000     1052.0000  1537035    0.19%
Elapsed time = 601.19 sec. (tree size = 84.00 MB, solutions = 12)
  16100  8747     1053.0000    67     1054.0000     1052.0000  1550426    0.19%
  16200  8815     1053.0000    84     1054.0000     1052.0000  1568009    0.19%
  16300  8893     1053.0000    63     1054.0000     1052.0000  1586914    0.19%
  16400  8962     1053.0000    81     1054.0000     1052.0000  1603380    0.19%
  16500  9041     1053.0000    72     1054.0000     1052.0000  1617116    0.19%
  16600  9129     1053.0000    76     1054.0000     1052.0000  1624755    0.19%
  16700  9207     1053.0000    67     1054.0000     1052.0000  1635975    0.19%
  16800  9273     1053.0000    67     1054.0000     1052.0000  1650889    0.19%
  16900  9357     1053.0000    71     1054.0000     1052.0000  1663466    0.19%
  17000  9443     1053.0000    61     1054.0000     1052.0000  1672889    0.19%
Elapsed time = 664.14 sec. (tree size = 94.05 MB, solutions = 12)
  17100  9529     1053.0000    70     1054.0000     1052.0000  1683816    0.19%
  17200  9608     1053.0000    56     1054.0000     1052.0000  1694608    0.19%
  17300  9686     1053.0000    68     1054.0000     1052.0000  1705823    0.19%
  17400  9767     1053.0000    69     1054.0000     1052.0000  1731499    0.19%
  17500  9852     1053.0000    70     1054.0000     1052.0000  1740926    0.19%
  17600  9936     1053.0000    70     1054.0000     1052.0000  1751807    0.19%
  17700 10024     1053.0000    62     1054.0000     1052.0000  1761303    0.19%
  17800 10097     1053.0000    62     1054.0000     1052.0000  1774989    0.19%
  17900 10175     1052.0000    90     1054.0000     1052.0000  1790083    0.19%
  18000 10247     1053.0000    57     1054.0000     1052.0000  1803921    0.19%
Elapsed time = 725.66 sec. (tree size = 104.52 MB, solutions = 12)
  18100 10331     1053.0000    83     1054.0000     1052.0000  1813974    0.19%
  18200 10415     1053.0000    65     1054.0000     1052.0000  1826438    0.19%
  18300 10497     1053.0000    66     1054.0000     1052.0000  1838775    0.19%
  18400 10574     1053.0000    84     1054.0000     1052.0000  1853870    0.19%
  18500 10642        cutoff           1054.0000     1052.0000  1869027    0.19%
  18600 10725     1053.0000    78     1054.0000     1052.0000  1880457    0.19%
  18700 10800     1053.0000    84     1054.0000     1052.0000  1896208    0.19%
  18800 10890     1053.0000    68     1054.0000     1052.0000  1904027    0.19%
  18900 10960     1052.0000    88     1054.0000     1052.0000  1921047    0.19%
  19000 11054     1053.0000    74     1054.0000     1052.0000  1929591    0.19%
Elapsed time = 782.63 sec. (tree size = 115.26 MB, solutions = 12)
  19100 11134    infeasible           1054.0000     1052.0000  1938902    0.19%
  19200 11218     1053.0000    54     1054.0000     1052.0000  1948877    0.19%
  19300 11293     1052.0000    82     1054.0000     1052.0000  1963167    0.19%
  19400 11378    infeasible           1054.0000     1052.0000  1973579    0.19%
  19500 11445     1053.0000    61     1054.0000     1052.0000  1988954    0.19%
  19600 11530     1053.0000    72     1054.0000     1052.0000  1999455    0.19%
  19700 11609     1053.0000    93     1054.0000     1052.0000  2011846    0.19%
  19800 11672     1052.0000    77     1054.0000     1052.0000  2034724    0.19%
  19900 11758     1053.0000    80     1054.0000     1052.0000  2043814    0.19%
  20000 11837     1053.0000    64     1054.0000     1052.0000  2057574    0.19%
Elapsed time = 842.36 sec. (tree size = 125.85 MB, solutions = 12)
  20100 11917     1053.0000    59     1054.0000     1052.0000  2073556    0.19%
Began writing nodes to disk (directory ./cpxa03760 created)
  20200 11998     1053.0000    73     1054.0000     1052.0000  2086775    0.19%
  20300 12087     1053.0000    71     1054.0000     1052.0000  2102439    0.19%
  20400 12168     1053.0000    77     1054.0000     1052.0000  2115032    0.19%
  20500 12248     1052.0000    80     1054.0000     1052.0000  2125437    0.19%
  20600 12332     1053.0000    76     1054.0000     1052.0000  2141916    0.19%
  20700 12403     1053.0000    52     1054.0000     1052.0000  2157462    0.19%
  20800 12473     1053.0000    66     1054.0000     1052.0000  2180432    0.19%
  20900 12552     1053.0000    51     1054.0000     1052.0000  2193398    0.19%
  21000 12641     1052.0000    76     1054.0000     1052.0000  2201414    0.19%
Elapsed time = 909.66 sec. (tree size = 136.87 MB, solutions = 12)
Nodefile size =  8.92 MB (6.74 MB after compression)
  21100 12730     1053.0000    60     1054.0000     1052.0000  2211175    0.19%
  21200 12807     1053.0000    70     1054.0000     1052.0000  2224667    0.19%
  21300 12884     1053.0000    67     1054.0000     1052.0000  2237426    0.19%
  21400 12966     1053.0000    66     1054.0000     1052.0000  2249124    0.19%
  21500 13054     1053.0000    52     1054.0000     1052.0000  2258522    0.19%
  21600 13135     1053.0000    77     1054.0000     1052.0000  2280536    0.19%
  21700 13219     1053.0000    76     1054.0000     1052.0000  2291236    0.19%
  21800 13272     1053.0000    45     1054.0000     1052.0000  2314256    0.19%
  21900 13350     1053.0000    81     1054.0000     1052.0000  2331644    0.19%
  22000 13443     1053.0000    85     1054.0000     1052.0000  2341382    0.19%
Elapsed time = 981.77 sec. (tree size = 148.17 MB, solutions = 12)
Nodefile size = 20.83 MB (15.44 MB after compression)
  22100 13533     1053.0000    73     1054.0000     1052.0000  2350816    0.19%
  22200 13615     1053.0000    85     1054.0000     1052.0000  2361033    0.19%
  22300 13698     1053.0000    74     1054.0000     1052.0000  2369531    0.19%
  22400 13779     1053.0000    65     1054.0000     1052.0000  2378386    0.19%
  22500 13838     1053.0000    74     1054.0000     1052.0000  2397603    0.19%
  22600 13928     1053.0000    53     1054.0000     1052.0000  2409371    0.19%
  22700 14017     1053.0000    79     1054.0000     1052.0000  2421091    0.19%
  22800 14097     1053.0000    68     1054.0000     1052.0000  2430541    0.19%
  22900 14176     1053.0000    60     1054.0000     1052.0000  2441501    0.19%
  23000 14260     1053.0000    86     1054.0000     1052.0000  2454680    0.19%
Elapsed time = 1034.81 sec. (tree size = 159.76 MB, solutions = 12)
Nodefile size = 31.78 MB (23.35 MB after compression)
  23100 14327     1053.0000    78     1054.0000     1052.0000  2475086    0.19%
  23200 14403     1052.0000    76     1054.0000     1052.0000  2490836    0.19%
  23300 14463     1053.0000    85     1054.0000     1052.0000  2530298    0.19%
  23400 14540     1052.0000    84     1054.0000     1052.0000  2548972    0.19%
  23500 14629     1053.0000    57     1054.0000     1052.0000  2557654    0.19%
  23600 14715     1053.0000    80     1054.0000     1052.0000  2568711    0.19%
  23700 14787     1052.2962    95     1054.0000     1052.0000  2585580    0.19%
  23800 14873     1053.0000    63     1054.0000     1052.0000  2597584    0.19%
  23900 14942     1052.8845    87     1054.0000     1052.0000  2621133    0.19%
  24000 15024     1053.0000    58     1054.0000     1052.0000  2630506    0.19%
Elapsed time = 1123.17 sec. (tree size = 170.95 MB, solutions = 12)
Nodefile size = 43.70 MB (31.92 MB after compression)
  24100 15080     1053.0000    74     1054.0000     1052.0000  2648578    0.19%
  24200 15160     1053.0000    63     1054.0000     1052.0000  2662800    0.19%
  24300 15246     1053.0000    77     1054.0000     1052.0000  2674235    0.19%
  24400 15322     1053.0000    66     1054.0000     1052.0000  2693605    0.19%
  24500 15402     1053.0000    47     1054.0000     1052.0000  2719364    0.19%
  24600 15476     1053.0000    76     1054.0000     1052.0000  2732213    0.19%
  24700 15557     1053.0000    70     1054.0000     1052.0000  2744805    0.19%
  24800 15633     1052.0000    78     1054.0000     1052.0000  2760174    0.19%
  24900 15722     1053.0000    61     1054.0000     1052.0000  2768714    0.19%
  25000 15811     1053.0000    54     1054.0000     1052.0000  2781499    0.19%
Elapsed time = 1205.31 sec. (tree size = 182.61 MB, solutions = 12)
Nodefile size = 54.63 MB (39.78 MB after compression)
  25100 15892     1053.0000    61     1054.0000     1052.0000  2800421    0.19%
  25200 15967        cutoff           1054.0000     1052.0000  2818531    0.19%
  25300 16053     1053.0000    74     1054.0000     1052.0000  2827613    0.19%
  25400 16144     1053.0000    76     1054.0000     1052.0000  2843875    0.19%
  25500 16232     1053.0000    82     1054.0000     1052.0000  2851177    0.19%
  25600 16321     1053.0000    78     1054.0000     1052.0000  2866144    0.19%
  25700 16395     1053.0000    83     1054.0000     1052.0000  2889334    0.19%
  25800 16468     1053.0000    66     1054.0000     1052.0000  2903966    0.19%
  25900 16543     1053.0000    46     1054.0000     1052.0000  2917391    0.19%
  26000 16622     1053.0000    79     1054.0000     1052.0000  2928391    0.19%
Elapsed time = 1280.73 sec. (tree size = 194.88 MB, solutions = 12)
Nodefile size = 67.56 MB (49.10 MB after compression)
  26100 16702     1053.0000    72     1054.0000     1052.0000  2943848    0.19%
  26200 16788     1053.0000    61     1054.0000     1052.0000  2959185    0.19%
  26300 16862     1053.0000    48     1054.0000     1052.0000  2974471    0.19%
  26400 16926     1052.0000    72     1054.0000     1052.0000  2995630    0.19%
  26500 17015     1053.0000    77     1054.0000     1052.0000  3002203    0.19%
  26600 17106     1053.0000    66     1054.0000     1052.0000  3011951    0.19%
  26700 17189     1053.0000    72     1054.0000     1052.0000  3025557    0.19%
  26800 17261        cutoff           1054.0000     1052.0000  3044443    0.19%
  26900 17356     1053.0000    79     1054.0000     1052.0000  3053996    0.19%
  27000 17443     1053.0000    59     1054.0000     1052.0000  3068599    0.19%
Elapsed time = 1356.97 sec. (tree size = 207.35 MB, solutions = 12)
Nodefile size = 79.50 MB (57.79 MB after compression)
  27100 17525     1053.0000    67     1054.0000     1052.0000  3080399    0.19%
  27200 17612    infeasible           1054.0000     1052.0000  3087672    0.19%
  27300 17700     1053.0000    63     1054.0000     1052.0000  3098219    0.19%
  27400 17788     1053.0000    77     1054.0000     1052.0000  3113957    0.19%
  27500 17872     1053.0000    53     1054.0000     1052.0000  3126616    0.19%
  27600 17950     1053.0000    62     1054.0000     1052.0000  3139208    0.19%
  27700 18024     1053.0000    43     1054.0000     1052.0000  3158928    0.19%
  27800 18099     1053.0000    70     1054.0000     1052.0000  3174090    0.19%
  27900 18183     1052.0149   100     1054.0000     1052.0000  3185588    0.19%
  28000 18270     1053.0000    75     1054.0000     1052.0000  3197601    0.19%
Elapsed time = 1424.30 sec. (tree size = 219.99 MB, solutions = 12)
Nodefile size = 92.43 MB (67.09 MB after compression)
  28100 18341     1053.0000    75     1054.0000     1052.0000  3212863    0.19%
  28200 18423     1053.0000    65     1054.0000     1052.0000  3232519    0.19%
  28300 18498     1053.0000    82     1054.0000     1052.0000  3245677    0.19%
  28400 18579     1053.0000    61     1054.0000     1052.0000  3257378    0.19%
  28500 18659     1053.0000    70     1054.0000     1052.0000  3270812    0.19%
  28600 18729     1053.0000    75     1054.0000     1052.0000  3295855    0.19%
  28700 18807     1053.0000    77     1054.0000     1052.0000  3312534    0.19%
  28800 18878     1053.0000    58     1054.0000     1052.0000  3333051    0.19%
  28900 18963     1053.0000    62     1054.0000     1052.0000  3341494    0.19%
  29000 19042     1053.0000    58     1054.0000     1052.0000  3360337    0.19%
Elapsed time = 1511.48 sec. (tree size = 232.04 MB, solutions = 12)
Nodefile size = 104.35 MB (75.48 MB after compression)
  29100 19117     1053.0000    62     1054.0000     1052.0000  3378985    0.19%
  29200 19193     1052.0000    85     1054.0000     1052.0000  3389963    0.19%
  29300 19268     1053.0000    50     1054.0000     1052.0000  3404201    0.19%
  29400 19352    infeasible           1054.0000     1052.0000  3415412    0.19%
  29500 19430     1053.0000    71     1054.0000     1052.0000  3444438    0.19%
  29600 19505     1052.0000    85     1054.0000     1052.0000  3455410    0.19%
  29700 19580     1053.0000    72     1054.0000     1052.0000  3469953    0.19%
  29800 19666     1053.0000    61     1054.0000     1052.0000  3481452    0.19%
  29900 19748     1053.0000    71     1054.0000     1052.0000  3494372    0.19%
  30000 19833     1052.0000    86     1054.0000     1052.0000  3504354    0.19%
Elapsed time = 1591.52 sec. (tree size = 244.53 MB, solutions = 12)
Nodefile size = 117.28 MB (85.59 MB after compression)
  30100 19920     1053.0000    53     1054.0000     1052.0000  3515565    0.19%
  30200 20007     1053.0000    71     1054.0000     1052.0000  3528279    0.19%
  30300 20080     1053.0000    62     1054.0000     1052.0000  3542077    0.19%
  30400 20161     1053.0000    47     1054.0000     1052.0000  3552462    0.19%
  30500 20227     1053.0000    65     1054.0000     1052.0000  3566913    0.19%
  30600 20305    infeasible           1054.0000     1052.0000  3578108    0.19%
  30700 20384     1053.0000    65     1054.0000     1052.0000  3594239    0.19%
  30800 20466    infeasible           1054.0000     1052.0000  3606177    0.19%
  30900 20553     1053.0000    66     1054.0000     1052.0000  3618099    0.19%
  31000 20630     1053.0000    69     1054.0000     1052.0000  3631988    0.19%
Elapsed time = 1660.91 sec. (tree size = 257.25 MB, solutions = 12)
Nodefile size = 130.17 MB (96.54 MB after compression)
  31100 20713     1053.0000    68     1054.0000     1052.0000  3648929    0.19%
  31200 20792     1053.0000    91     1054.0000     1052.0000  3662910    0.19%
  31300 20878     1053.0000    71     1054.0000     1052.0000  3671346    0.19%
  31400 20957     1053.0000    66     1054.0000     1052.0000  3683397    0.19%
  31500 21041     1053.0000    64     1054.0000     1052.0000  3699388    0.19%
  31600 21130     1053.0000    63     1054.0000     1052.0000  3707397    0.19%
  31700 21197    infeasible           1054.0000     1052.0000  3733579    0.19%
  31800 21280     1053.0000    86     1054.0000     1052.0000  3746023    0.19%
  31900 21359     1053.0000    54     1054.0000     1052.0000  3761528    0.19%
  32000 21436    infeasible           1054.0000     1052.0000  3783938    0.19%
Elapsed time = 1743.50 sec. (tree size = 270.32 MB, solutions = 12)
Nodefile size = 143.10 MB (107.72 MB after compression)
  32100 21509     1053.0000    85     1054.0000     1052.0000  3796846    0.19%
  32200 21593     1053.0000    54     1054.0000     1052.0000  3806986    0.19%
  32300 21680     1053.0000    61     1054.0000     1052.0000  3820633    0.19%
  32400 21758     1053.0000    72     1054.0000     1052.0000  3842188    0.19%
  32500 21840     1053.0000    62     1054.0000     1052.0000  3853810    0.19%
  32600 21923     1053.0000    54     1054.0000     1052.0000  3865293    0.19%
  32700 22016     1053.0000    78     1054.0000     1052.0000  3874671    0.19%
  32800 22097     1053.0000    76     1054.0000     1052.0000  3903559    0.19%
  32900 22178     1053.0000    86     1054.0000     1052.0000  3912351    0.19%
  33000 22243     1053.0000    71     1054.0000     1052.0000  3928965    0.19%
Elapsed time = 1827.89 sec. (tree size = 283.71 MB, solutions = 12)
Nodefile size = 156.02 MB (118.99 MB after compression)
  33100 22319     1053.0000    78     1054.0000     1052.0000  3942038    0.19%
  33200 22397     1052.6559    95     1054.0000     1052.0000  3955415    0.19%
  33300 22472     1053.0000    64     1054.0000     1052.0000  3969613    0.19%
  33400 22553    infeasible           1054.0000     1052.0000  3979216    0.19%
  33500 22643     1053.0000    87     1054.0000     1052.0000  3994149    0.19%
  33600 22702    infeasible           1054.0000     1052.0000  4016164    0.19%
  33700 22772     1053.0000    66     1054.0000     1052.0000  4031135    0.19%
  33800 22858     1053.0000    66     1054.0000     1052.0000  4041572    0.19%
  33900 22936     1052.0000    90     1054.0000     1052.0000  4058201    0.19%
  34000 23023     1053.0000    75     1054.0000     1052.0000  4069246    0.19%
Elapsed time = 1905.39 sec. (tree size = 296.89 MB, solutions = 12)
Nodefile size = 168.92 MB (130.08 MB after compression)
  34100 23110     1053.0000    62     1054.0000     1052.0000  4083893    0.19%
  34200 23195     1053.0000    83     1054.0000     1052.0000  4094009    0.19%
  34300 23269     1053.0000    61     1054.0000     1052.0000  4110021    0.19%
  34400 23353     1053.0000    93     1054.0000     1052.0000  4126940    0.19%
  34500 23435     1053.0000    63     1054.0000     1052.0000  4143060    0.19%
  34600 23504     1053.0000    90     1054.0000     1052.0000  4159839    0.19%
  34700 23574     1053.0000    86     1054.0000     1052.0000  4179899    0.19%
  34800 23649     1053.0000    59     1054.0000     1052.0000  4194457    0.19%
  34900 23728     1053.0000    74     1054.0000     1052.0000  4215011    0.19%
  35000 23810     1052.0000    81     1054.0000     1052.0000  4230026    0.19%
Elapsed time = 1993.56 sec. (tree size = 310.27 MB, solutions = 12)
Nodefile size = 182.83 MB (142.38 MB after compression)
  35100 23888     1053.0000    71     1054.0000     1052.0000  4247054    0.19%
  35200 23958     1053.0000    57     1054.0000     1052.0000  4263025    0.19%
  35300 24039     1053.0000    26     1054.0000     1052.0000  4278738    0.19%
  35400 24126     1053.0000    77     1054.0000     1052.0000  4288293    0.19%
  35500 24210     1053.0000    84     1054.0000     1052.0000  4297830    0.19%
  35600 24280     1053.0000    86     1054.0000     1052.0000  4314165    0.19%
  35700 24362    infeasible           1054.0000     1052.0000  4325106    0.19%
  35800 24433     1053.0000    70     1054.0000     1052.0000  4343917    0.19%
  35900 24511     1053.0000    73     1054.0000     1052.0000  4356764    0.19%
  36000 24591     1053.0000    71     1054.0000     1052.0000  4368055    0.19%
Elapsed time = 2072.05 sec. (tree size = 323.60 MB, solutions = 12)
Nodefile size = 195.74 MB (153.86 MB after compression)
  36100 24674    infeasible           1054.0000     1052.0000  4378959    0.19%
  36200 24740        cutoff           1054.0000     1052.0000  4397783    0.19%
  36300 24824     1053.0000    53     1054.0000     1052.0000  4413059    0.19%
  36400 24914     1053.0000    61     1054.0000     1052.0000  4422027    0.19%
  36500 24994     1053.0000    83     1054.0000     1052.0000  4436738    0.19%
  36600 25073     1053.0000   101     1054.0000     1052.0000  4451079    0.19%
  36700 25154     1053.0000    76     1054.0000     1052.0000  4465854    0.19%
  36800 25232     1052.0000    89     1054.0000     1052.0000  4482329    0.19%
  36900 25317    infeasible           1054.0000     1052.0000  4497349    0.19%
  37000 25405     1053.0000    78     1054.0000     1052.0000  4507798    0.19%
Elapsed time = 2152.41 sec. (tree size = 337.40 MB, solutions = 12)
Nodefile size = 209.62 MB (166.15 MB after compression)
  37100 25490     1053.0000    59     1054.0000     1052.0000  4522101    0.19%
  37200 25574     1053.0000    71     1054.0000     1052.0000  4533084    0.19%
  37300 25641     1053.0000    56     1054.0000     1052.0000  4550379    0.19%
  37400 25730    infeasible           1054.0000     1052.0000  4561574    0.19%
  37500 25821     1053.0000    52     1054.0000     1052.0000  4572056    0.19%
  37600 25902     1053.0000    52     1054.0000     1052.0000  4586307    0.19%
  37700 25988     1053.0000    71     1054.0000     1052.0000  4596413    0.19%
  37800 26064     1053.0000    49     1054.0000     1052.0000  4620954    0.19%
  37900 26148     1053.0000    70     1054.0000     1052.0000  4635566    0.19%
  38000 26236     1053.0000    89     1054.0000     1052.0000  4647128    0.19%
Elapsed time = 2227.11 sec. (tree size = 351.47 MB, solutions = 12)
Nodefile size = 223.51 MB (178.51 MB after compression)
  38100 26310     1053.0000    62     1054.0000     1052.0000  4669944    0.19%
  38200 26405     1053.0000    65     1054.0000     1052.0000  4679544    0.19%
  38300 26481     1053.0000    76     1054.0000     1052.0000  4694522    0.19%
  38400 26560     1053.0000    88     1054.0000     1052.0000  4712957    0.19%
  38500 26646     1053.0000    58     1054.0000     1052.0000  4725659    0.19%
  38600 26727     1053.0000    68     1054.0000     1052.0000  4735722    0.19%
  38700 26812     1053.0000    90     1054.0000     1052.0000  4750099    0.19%
  38800 26895     1053.0000    56     1054.0000     1052.0000  4768947    0.19%
  38900 26981     1053.0000    82     1054.0000     1052.0000  4783688    0.19%
  39000 27066     1053.0000    70     1054.0000     1052.0000  4798763    0.19%
Elapsed time = 2313.19 sec. (tree size = 365.51 MB, solutions = 12)
Nodefile size = 238.41 MB (191.95 MB after compression)
  39100 27144     1053.0000    80     1054.0000     1052.0000  4818567    0.19%
  39200 27199     1052.0708    83     1054.0000     1052.0000  4838717    0.19%
  39300 27294     1053.0000    56     1054.0000     1052.0000  4844948    0.19%
  39400 27372     1052.0000    92     1054.0000     1052.0000  4860445    0.19%
  39500 27464     1053.0000    70     1054.0000     1052.0000  4870036    0.19%
  39600 27532     1053.0000    72     1054.0000     1052.0000  4886585    0.19%
  39700 27610     1053.0000    79     1054.0000     1052.0000  4899665    0.19%
  39800 27692    infeasible           1054.0000     1052.0000  4908687    0.19%
  39900 27774     1053.0000    73     1054.0000     1052.0000  4921418    0.19%
  40000 27855     1053.0000    49     1054.0000     1052.0000  4934825    0.19%
Elapsed time = 2392.77 sec. (tree size = 378.93 MB, solutions = 12)
Nodefile size = 251.31 MB (203.64 MB after compression)
  40100 27940     1053.0000    52     1054.0000     1052.0000  4945284    0.19%
  40200 28028     1053.0000    61     1054.0000     1052.0000  4955844    0.19%
  40300 28107     1053.0000    66     1054.0000     1052.0000  4968508    0.19%
  40400 28183     1053.0000    71     1054.0000     1052.0000  4981207    0.19%
  40500 28270     1053.0000    83     1054.0000     1052.0000  4991189    0.19%
  40600 28357     1053.0000    85     1054.0000     1052.0000  5001634    0.19%
  40700 28426     1053.0000    67     1054.0000     1052.0000  5015579    0.19%
  40800 28508     1053.0000    85     1054.0000     1052.0000  5036797    0.19%
  40900 28590     1053.0000    74     1054.0000     1052.0000  5048361    0.19%
  41000 28677    infeasible           1054.0000     1052.0000  5060352    0.19%
Elapsed time = 2465.34 sec. (tree size = 392.82 MB, solutions = 12)
Nodefile size = 265.15 MB (215.90 MB after compression)
  41100 28752     1053.0000    85     1054.0000     1052.0000  5076172    0.19%
  41200 28833     1053.0000    69     1054.0000     1052.0000  5091009    0.19%
  41300 28915     1053.0000    85     1054.0000     1052.0000  5103212    0.19%
  41400 29006    infeasible           1054.0000     1052.0000  5112918    0.19%
  41500 29083     1053.0000    71     1054.0000     1052.0000  5125991    0.19%
  41600 29169     1053.0000    59     1054.0000     1052.0000  5155572    0.19%
  41700 29250     1053.0000    61     1054.0000     1052.0000  5187334    0.19%
  41800 29328     1053.0000    76     1054.0000     1052.0000  5204702    0.19%
  41900 29406     1053.0000    52     1054.0000     1052.0000  5217375    0.19%
  42000 29469     1052.4702   103     1054.0000     1052.0000  5238778    0.19%
Elapsed time = 2564.23 sec. (tree size = 406.31 MB, solutions = 12)
Nodefile size = 279.05 MB (228.39 MB after compression)
  42100 29550     1053.0000    76     1054.0000     1052.0000  5253958    0.19%
  42200 29630     1053.0000    60     1054.0000     1052.0000  5269724    0.19%
  42300 29705     1053.0000    72     1054.0000     1052.0000  5281422    0.19%
  42400 29783     1053.0000    43     1054.0000     1052.0000  5295289    0.19%
  42500 29865    infeasible           1054.0000     1052.0000  5307072    0.19%
  42600 29944     1053.0000    61     1054.0000     1052.0000  5325615    0.19%
  42700 30031     1053.0000    65     1054.0000     1052.0000  5335221    0.19%
  42800 30113     1053.0000    59     1054.0000     1052.0000  5356852    0.19%
  42900 30199     1053.0000    65     1054.0000     1052.0000  5364000    0.19%
  43000 30276     1053.0000    79     1054.0000     1052.0000  5378139    0.19%
Elapsed time = 2641.22 sec. (tree size = 420.04 MB, solutions = 12)
Nodefile size = 292.96 MB (240.98 MB after compression)
  43100 30359     1053.0000    77     1054.0000     1052.0000  5392422    0.19%
  43200 30437     1053.0000    71     1054.0000     1052.0000  5407223    0.19%
  43300 30527     1053.0000    70     1054.0000     1052.0000  5418435    0.19%
  43400 30602     1053.0000    74     1054.0000     1052.0000  5433266    0.19%
  43500 30693    infeasible           1054.0000     1052.0000  5442445    0.19%
  43600 30772     1053.0000    66     1054.0000     1052.0000  5457588    0.19%
  43700 30849     1053.0000    74     1054.0000     1052.0000  5471110    0.19%
  43800 30930     1053.0000    57     1054.0000     1052.0000  5495951    0.19%
  43900 31015     1053.0000    74     1054.0000     1052.0000  5521381    0.19%
  44000 31105     1053.0000    64     1054.0000     1052.0000  5534453    0.19%
Elapsed time = 2734.03 sec. (tree size = 434.19 MB, solutions = 12)
Nodefile size = 306.86 MB (253.68 MB after compression)
  44100 31191     1053.0000    73     1054.0000     1052.0000  5555655    0.19%
  44200 31251     1053.0000    61     1054.0000     1052.0000  5581964    0.19%
  44300 31327     1053.0000    78     1054.0000     1052.0000  5600036    0.19%
  44400 31404     1053.0000    76     1054.0000     1052.0000  5612542    0.19%
  44500 31487     1053.0000    73     1054.0000     1052.0000  5627969    0.19%
  44600 31568     1053.0000    76     1054.0000     1052.0000  5641402    0.19%
  44700 31658     1053.0000    78     1054.0000     1052.0000  5651122    0.19%
  44800 31740     1053.0000    66     1054.0000     1052.0000  5665697    0.19%
  44900 31828     1053.0000    84     1054.0000     1052.0000  5679465    0.19%
  45000 31914     1053.0000    64     1054.0000     1052.0000  5689538    0.19%
Elapsed time = 2818.45 sec. (tree size = 447.96 MB, solutions = 12)
Nodefile size = 320.74 MB (266.52 MB after compression)
  45100 32003     1052.0000    87     1054.0000     1052.0000  5698211    0.19%
  45200 32088     1053.0000    76     1054.0000     1052.0000  5709614    0.19%
  45300 32172     1053.0000    77     1054.0000     1052.0000  5721896    0.19%
  45400 32252     1053.0000    64     1054.0000     1052.0000  5745181    0.19%
  45500 32335     1053.0000    76     1054.0000     1052.0000  5756677    0.19%
  45600 32426     1053.0000    81     1054.0000     1052.0000  5766682    0.19%
  45700 32514     1053.0000    83     1054.0000     1052.0000  5782028    0.19%
  45800 32594     1053.0000    69     1054.0000     1052.0000  5799095    0.19%
  45900 32678     1053.0000    87     1054.0000     1052.0000  5818909    0.19%
  46000 32750     1053.0000    64     1054.0000     1052.0000  5833585    0.19%
Elapsed time = 2897.64 sec. (tree size = 462.13 MB, solutions = 12)
Nodefile size = 334.65 MB (279.31 MB after compression)
  46100 32831     1053.0000    79     1054.0000     1052.0000  5845036    0.19%
  46200 32909     1053.0000    82     1054.0000     1052.0000  5855720    0.19%
  46300 32986     1053.0000    49     1054.0000     1052.0000  5880784    0.19%
  46400 33064     1053.0000    63     1054.0000     1052.0000  5892305    0.19%
  46500 33149    infeasible           1054.0000     1052.0000  5900238    0.19%
  46600 33233     1053.0000    69     1054.0000     1052.0000  5911987    0.19%
  46700 33316     1053.0000    76     1054.0000     1052.0000  5923032    0.19%
  46800 33397     1053.0000    75     1054.0000     1052.0000  5936498    0.19%
  46900 33486     1052.0000    74     1054.0000     1052.0000  5945472    0.19%
  47000 33567     1053.0000    74     1054.0000     1052.0000  5956194    0.19%
Elapsed time = 2963.83 sec. (tree size = 475.95 MB, solutions = 12)
Nodefile size = 348.53 MB (292.04 MB after compression)
  47100 33649     1053.0000    85     1054.0000     1052.0000  5967777    0.19%
  47200 33732     1053.0000    57     1054.0000     1052.0000  5981903    0.19%
  47300 33821     1053.0000    56     1054.0000     1052.0000  5992204    0.19%
  47400 33892     1053.0000    51     1054.0000     1052.0000  6010875    0.19%
  47500 33985     1053.0000    74     1054.0000     1052.0000  6020740    0.19%
  47600 34068     1053.0000    62     1054.0000     1052.0000  6031035    0.19%
  47700 34150     1053.0000    74     1054.0000     1052.0000  6042775    0.19%
  47800 34220     1053.0000    57     1054.0000     1052.0000  6057496    0.19%
  47900 34302     1053.0000    90     1054.0000     1052.0000  6073170    0.19%
  48000 34376     1053.0000    71     1054.0000     1052.0000  6092750    0.19%
Elapsed time = 3039.72 sec. (tree size = 489.62 MB, solutions = 12)
Nodefile size = 362.45 MB (304.85 MB after compression)
  48100 34464     1053.0000    69     1054.0000     1052.0000  6103163    0.19%
  48200 34550     1053.0000    62     1054.0000     1052.0000  6112804    0.19%
  48300 34633    infeasible           1054.0000     1052.0000  6131356    0.19%
  48400 34717     1053.0000    68     1054.0000     1052.0000  6164227    0.19%
  48500 34810     1053.0000    49     1054.0000     1052.0000  6172458    0.19%
  48600 34891     1053.0000    81     1054.0000     1052.0000  6190786    0.19%
  48700 34975     1053.0000    72     1054.0000     1052.0000  6208937    0.19%
  48800 35050     1053.0000    48     1054.0000     1052.0000  6220712    0.19%
  48900 35138     1053.0000    76     1054.0000     1052.0000  6227543    0.19%
  49000 35216     1053.0000    55     1054.0000     1052.0000  6241734    0.19%
Elapsed time = 3127.00 sec. (tree size = 503.83 MB, solutions = 12)
Nodefile size = 376.36 MB (317.58 MB after compression)
  49100 35300     1053.0000    53     1054.0000     1052.0000  6253253    0.19%
  49200 35384     1053.0000    81     1054.0000     1052.0000  6264169    0.19%
  49300 35451     1052.0000    79     1054.0000     1052.0000  6282690    0.19%
  49400 35545     1053.0000    68     1054.0000     1052.0000  6291267    0.19%
  49500 35629     1053.0000    67     1054.0000     1052.0000  6303799    0.19%
  49600 35713     1053.0000    65     1054.0000     1052.0000  6315259    0.19%
  49700 35792     1053.0000    65     1054.0000     1052.0000  6326259    0.19%
  49800 35877     1053.0000    67     1054.0000     1052.0000  6338902    0.19%
  49900 35961     1053.0000    66     1054.0000     1052.0000  6349607    0.19%
  50000 36046     1052.0000    79     1054.0000     1052.0000  6360902    0.19%
Elapsed time = 3193.25 sec. (tree size = 517.85 MB, solutions = 12)
Nodefile size = 390.27 MB (330.53 MB after compression)
  50100 36139     1053.0000    62     1054.0000     1052.0000  6369782    0.19%
  50200 36215     1053.0000    78     1054.0000     1052.0000  6385416    0.19%
  50300 36301     1052.0000    84     1054.0000     1052.0000  6396960    0.19%
  50400 36387     1053.0000    54     1054.0000     1052.0000  6403788    0.19%
  50500 36473     1053.0000    57     1054.0000     1052.0000  6415404    0.19%
  50600 36554     1053.0000    84     1054.0000     1052.0000  6429759    0.19%
  50700 36606     1053.0000    74     1054.0000     1052.0000  6461428    0.19%
  50800 36690     1053.0000    81     1054.0000     1052.0000  6475201    0.19%
  50900 36771     1053.0000    52     1054.0000     1052.0000  6487095    0.19%
  51000 36844    infeasible           1054.0000     1052.0000  6504313    0.19%
Elapsed time = 3269.53 sec. (tree size = 531.35 MB, solutions = 12)
Nodefile size = 404.18 MB (343.47 MB after compression)
  51100 36927     1053.0000    74     1054.0000     1052.0000  6519368    0.19%
  51200 36988     1052.0761   109     1054.0000     1052.0000  6547125    0.19%
  51300 37077     1053.0000    63     1054.0000     1052.0000  6562277    0.19%
  51400 37161     1053.0000    80     1054.0000     1052.0000  6573703    0.19%
  51500 37245     1053.0000    73     1054.0000     1052.0000  6589031    0.19%
  51600 37333     1053.0000    62     1054.0000     1052.0000  6615752    0.19%
  51700 37415     1053.0000    64     1054.0000     1052.0000  6633350    0.19%
  51800 37501     1053.0000    83     1054.0000     1052.0000  6648876    0.19%
  51900 37588     1053.0000    60     1054.0000     1052.0000  6661476    0.19%
  52000 37671     1053.0000    87     1054.0000     1052.0000  6671464    0.19%
Elapsed time = 3367.33 sec. (tree size = 545.31 MB, solutions = 12)
Nodefile size = 418.08 MB (356.29 MB after compression)
  52100 37758     1053.0000    70     1054.0000     1052.0000  6680831    0.19%
  52200 37823     1053.0000    50     1054.0000     1052.0000  6700865    0.19%
  52300 37916     1053.0000    64     1054.0000     1052.0000  6709197    0.19%
  52400 37991     1053.0000    88     1054.0000     1052.0000  6727665    0.19%
  52500 38077     1053.0000    66     1054.0000     1052.0000  6739991    0.19%
  52600 38158     1053.0000    77     1054.0000     1052.0000  6753197    0.19%
  52700 38227     1053.0000    80     1054.0000     1052.0000  6773301    0.19%
  52800 38299     1053.0000    49     1054.0000     1052.0000  6789231    0.19%
  52900 38368     1053.0000    70     1054.0000     1052.0000  6808351    0.19%
  53000 38450     1053.0000    30     1054.0000     1052.0000  6820315    0.19%
Elapsed time = 3448.39 sec. (tree size = 558.61 MB, solutions = 12)
Nodefile size = 430.96 MB (368.25 MB after compression)
  53100 38528     1053.0000    50     1054.0000     1052.0000  6838558    0.19%
  53200 38610     1053.0000    62     1054.0000     1052.0000  6852745    0.19%
  53300 38701     1053.0000    70     1054.0000     1052.0000  6861501    0.19%
  53400 38770     1052.0000    93     1054.0000     1052.0000  6874639    0.19%
  53500 38856     1053.0000    64     1054.0000     1052.0000  6884492    0.19%
  53600 38931     1053.0000    62     1054.0000     1052.0000  6899037    0.19%
  53700 39019     1053.0000    75     1054.0000     1052.0000  6908057    0.19%
  53800 39096     1053.0000    55     1054.0000     1052.0000  6921126    0.19%
  53900 39179     1053.0000    73     1054.0000     1052.0000  6934370    0.19%
  54000 39254     1053.0000    73     1054.0000     1052.0000  6949039    0.19%
Elapsed time = 3515.97 sec. (tree size = 572.26 MB, solutions = 12)
Nodefile size = 444.86 MB (380.99 MB after compression)
  54100 39343     1053.0000    83     1054.0000     1052.0000  6957990    0.19%
  54200 39403     1053.0000    85     1054.0000     1052.0000  6978825    0.19%
  54300 39494     1053.0000    55     1054.0000     1052.0000  6987200    0.19%
  54400 39576     1053.0000    64     1054.0000     1052.0000  7000070    0.19%
  54500 39652     1053.0000    98     1054.0000     1052.0000  7016767    0.19%
  54600 39726     1052.0000    87     1054.0000     1052.0000  7038300    0.19%
  54700 39808     1053.0000    64     1054.0000     1052.0000  7057856    0.19%
  54800 39891     1053.0000    60     1054.0000     1052.0000  7070547    0.19%
  54900 39972     1053.0000    89     1054.0000     1052.0000  7083687    0.19%
  55000 40053     1053.0000    81     1054.0000     1052.0000  7097550    0.19%
Elapsed time = 3595.77 sec. (tree size = 585.87 MB, solutions = 12)
Nodefile size = 458.75 MB (393.97 MB after compression)
  55100 40132     1053.0000    55     1054.0000     1052.0000  7113606    0.19%
  55200 40219     1053.0000    66     1054.0000     1052.0000  7135554    0.19%
  55300 40303     1053.0000    66     1054.0000     1052.0000  7154817    0.19%
  55400 40363     1053.0000    66     1054.0000     1052.0000  7174263    0.19%
  55500 40450     1053.0000    46     1054.0000     1052.0000  7187239    0.19%
  55600 40532    infeasible           1054.0000     1052.0000  7200217    0.19%
  55700 40615     1052.0000   103     1054.0000     1052.0000  7216002    0.19%
  55800 40703     1053.0000    70     1054.0000     1052.0000  7226327    0.19%
  55900 40768     1053.0000    47     1054.0000     1052.0000  7253499    0.19%
  56000 40861     1053.0000    69     1054.0000     1052.0000  7263178    0.19%
Elapsed time = 3691.16 sec. (tree size = 599.52 MB, solutions = 12)
Nodefile size = 471.66 MB (406.06 MB after compression)
  56100 40947     1053.0000    48     1054.0000     1052.0000  7274655    0.19%
  56200 41027     1053.0000    69     1054.0000     1052.0000  7287026    0.19%
  56300 41113     1053.0000    62     1054.0000     1052.0000  7299061    0.19%
  56400 41201     1053.0000    79     1054.0000     1052.0000  7312738    0.19%
  56500 41291     1053.0000    67     1054.0000     1052.0000  7322240    0.19%
  56600 41378     1053.0000    69     1054.0000     1052.0000  7333293    0.19%
  56700 41462     1053.0000    69     1054.0000     1052.0000  7346951    0.19%
  56800 41549     1053.0000    76     1054.0000     1052.0000  7371323    0.19%
  56900 41635     1053.0000    76     1054.0000     1052.0000  7385692    0.19%
  57000 41726     1053.0000    82     1054.0000     1052.0000  7398850    0.19%
Elapsed time = 3768.72 sec. (tree size = 614.16 MB, solutions = 12)
Nodefile size = 486.57 MB (420.07 MB after compression)
  57100 41808     1053.0000    59     1054.0000     1052.0000  7411714    0.19%
  57200 41888     1053.0000    46     1054.0000     1052.0000  7426286    0.19%
  57300 41975     1053.0000    79     1054.0000     1052.0000  7436876    0.19%
  57400 42071     1053.0000    62     1054.0000     1052.0000  7449526    0.19%
  57500 42140     1053.0000    66     1054.0000     1052.0000  7467770    0.19%
  57600 42221     1053.0000    56     1054.0000     1052.0000  7482386    0.19%
  57700 42314     1053.0000    78     1054.0000     1052.0000  7490221    0.19%
  57800 42390     1053.0000    70     1054.0000     1052.0000  7504608    0.19%
  57900 42459     1053.0000    63     1054.0000     1052.0000  7520887    0.19%
  58000 42548     1053.0000    68     1054.0000     1052.0000  7531859    0.19%
Elapsed time = 3841.48 sec. (tree size = 628.03 MB, solutions = 12)
Nodefile size = 500.47 MB (432.99 MB after compression)
  58100 42636     1053.0000    69     1054.0000     1052.0000  7552187    0.19%
  58200 42719     1053.0000    64     1054.0000     1052.0000  7565750    0.19%
  58300 42791    infeasible           1054.0000     1052.0000  7583002    0.19%
  58400 42878     1053.0000    82     1054.0000     1052.0000  7594456    0.19%
  58500 42956     1053.0000    86     1054.0000     1052.0000  7607814    0.19%
  58600 43025     1053.0000    49     1054.0000     1052.0000  7624784    0.19%
  58700 43106     1053.0000    60     1054.0000     1052.0000  7638010    0.19%
  58800 43175        cutoff           1054.0000     1052.0000  7655701    0.19%
  58900 43270     1053.0000    66     1054.0000     1052.0000  7663264    0.19%
  59000 43351     1053.0000    72     1054.0000     1052.0000  7673688    0.19%
Elapsed time = 3916.41 sec. (tree size = 641.58 MB, solutions = 12)
Nodefile size = 514.36 MB (445.91 MB after compression)
  59100 43437     1053.0000    74     1054.0000     1052.0000  7684085    0.19%
  59200 43510     1053.0000    66     1054.0000     1052.0000  7697235    0.19%
  59300 43592     1053.0000    65     1054.0000     1052.0000  7712455    0.19%
  59400 43670     1053.0000    62     1054.0000     1052.0000  7725768    0.19%
  59500 43741     1053.0000    66     1054.0000     1052.0000  7738311    0.19%
  59600 43824     1053.0000    76     1054.0000     1052.0000  7750365    0.19%
  59700 43912     1053.0000    88     1054.0000     1052.0000  7770153    0.19%
  59800 43998     1053.0000    61     1054.0000     1052.0000  7781600    0.19%
  59900 44077     1053.0000    57     1054.0000     1052.0000  7793904    0.19%
  60000 44156     1053.0000    52     1054.0000     1052.0000  7804499    0.19%
Elapsed time = 3983.97 sec. (tree size = 655.15 MB, solutions = 12)
Nodefile size = 527.28 MB (457.97 MB after compression)
  60100 44246     1053.0000    76     1054.0000     1052.0000  7813315    0.19%
  60200 44320     1053.0000    69     1054.0000     1052.0000  7830281    0.19%
  60300 44405     1053.0000    85     1054.0000     1052.0000  7850920    0.19%
  60400 44489     1053.0000    78     1054.0000     1052.0000  7870917    0.19%
  60500 44570     1053.0000    55     1054.0000     1052.0000  7885437    0.19%
  60600 44649     1052.0000    91     1054.0000     1052.0000  7900336    0.19%
  60700 44730     1053.0000    61     1054.0000     1052.0000  7912814    0.19%
  60800 44821     1053.0000    74     1054.0000     1052.0000  7930262    0.19%
  60900 44910     1053.0000    69     1054.0000     1052.0000  7938314    0.19%
  61000 44993     1053.0000    76     1054.0000     1052.0000  7959204    0.19%
Elapsed time = 4074.92 sec. (tree size = 669.26 MB, solutions = 12)
Nodefile size = 542.15 MB (471.91 MB after compression)
  61100 45073     1053.0000    57     1054.0000     1052.0000  7982721    0.19%
  61200 45152     1053.0000    55     1054.0000     1052.0000  7999050    0.19%
  61300 45226     1052.0000    87     1054.0000     1052.0000  8012901    0.19%
  61400 45314    infeasible           1054.0000     1052.0000  8022839    0.19%
  61500 45398     1053.0000    77     1054.0000     1052.0000  8036242    0.19%
  61600 45481     1053.0000    50     1054.0000     1052.0000  8046971    0.19%
  61700 45564    infeasible           1054.0000     1052.0000  8060935    0.19%
  61800 45650     1053.0000    62     1054.0000     1052.0000  8074213    0.19%
  61900 45738     1053.0000    72     1054.0000     1052.0000  8084385    0.19%
  62000 45814     1053.0000    85     1054.0000     1052.0000  8097266    0.19%
Elapsed time = 4154.28 sec. (tree size = 683.15 MB, solutions = 12)
Nodefile size = 556.07 MB (484.92 MB after compression)
  62100 45900     1053.0000    74     1054.0000     1052.0000  8107293    0.19%
  62200 45990     1053.0000    72     1054.0000     1052.0000  8117885    0.19%
  62300 46066     1053.0000    71     1054.0000     1052.0000  8135995    0.19%
  62400 46154     1053.0000    78     1054.0000     1052.0000  8151981    0.19%
  62500 46235     1053.0000    78     1054.0000     1052.0000  8164243    0.19%
  62600 46303    infeasible           1054.0000     1052.0000  8182810    0.19%
  62700 46375     1053.0000    62     1054.0000     1052.0000  8204788    0.19%
  62800 46448     1053.0000    74     1054.0000     1052.0000  8224265    0.19%
  62900 46535     1053.0000    69     1054.0000     1052.0000  8235484    0.19%
  63000 46611     1053.0000    61     1054.0000     1052.0000  8258467    0.19%
Elapsed time = 4238.73 sec. (tree size = 696.62 MB, solutions = 12)
Nodefile size = 568.96 MB (497.06 MB after compression)
  63100 46686     1053.0000    63     1054.0000     1052.0000  8273178    0.19%
  63200 46766     1052.0000    79     1054.0000     1052.0000  8288235    0.19%
  63300 46846     1052.0000    88     1054.0000     1052.0000  8299011    0.19%
  63400 46923     1052.0000    91     1054.0000     1052.0000  8320314    0.19%
  63500 47010     1053.0000    60     1054.0000     1052.0000  8332148    0.19%
  63600 47085     1053.0000    58     1054.0000     1052.0000  8347578    0.19%
  63700 47173     1053.0000    63     1054.0000     1052.0000  8355697    0.19%
  63800 47249     1053.0000    58     1054.0000     1052.0000  8372445    0.19%
  63900 47333     1052.0000    90     1054.0000     1052.0000  8386814    0.19%
  64000 47411     1053.0000    78     1054.0000     1052.0000  8408448    0.19%
Elapsed time = 4322.69 sec. (tree size = 710.11 MB, solutions = 12)
Nodefile size = 582.84 MB (510.12 MB after compression)
  64100 47497     1053.0000    72     1054.0000     1052.0000  8422730    0.19%
  64200 47551     1053.0000    71     1054.0000     1052.0000  8445212    0.19%
  64300 47617     1052.4286    93     1054.0000     1052.0000  8467791    0.19%
  64400 47694     1053.0000    79     1054.0000     1052.0000  8482644    0.19%
  64500 47772     1053.0000    75     1054.0000     1052.0000  8499008    0.19%
  64600 47849        cutoff           1054.0000     1052.0000  8511042    0.19%
  64700 47929     1053.0000    51     1054.0000     1052.0000  8523621    0.19%
  64800 48010     1053.0000    68     1054.0000     1052.0000  8535217    0.19%
  64900 48087     1053.0000    70     1054.0000     1052.0000  8554554    0.19%
  65000 48172     1053.0000    47     1054.0000     1052.0000  8570676    0.19%
Elapsed time = 4407.97 sec. (tree size = 723.03 MB, solutions = 12)
Nodefile size = 595.74 MB (522.27 MB after compression)
  65100 48255     1053.0000    92     1054.0000     1052.0000  8581344    0.19%
  65200 48341    infeasible           1054.0000     1052.0000  8591429    0.19%
  65300 48404     1053.0000    69     1054.0000     1052.0000  8611569    0.19%
  65400 48481     1053.0000    53     1054.0000     1052.0000  8628416    0.19%
  65500 48570     1053.0000    74     1054.0000     1052.0000  8645928    0.19%
  65600 48641     1052.0000    92     1054.0000     1052.0000  8663155    0.19%
  65700 48733     1053.0000    70     1054.0000     1052.0000  8673735    0.19%
  65800 48819     1053.0000    84     1054.0000     1052.0000  8684163    0.19%
  65900 48904     1053.0000    69     1054.0000     1052.0000  8700033    0.19%
  66000 48993        cutoff           1054.0000     1052.0000  8711475    0.19%
Elapsed time = 4487.30 sec. (tree size = 736.94 MB, solutions = 12)
Nodefile size = 609.61 MB (535.33 MB after compression)
  66100 49076     1053.0000    76     1054.0000     1052.0000  8724857    0.19%
  66200 49138     1053.0000    74     1054.0000     1052.0000  8749063    0.19%
  66300 49216     1053.0000    92     1054.0000     1052.0000  8763509    0.19%
  66400 49285     1053.0000    71     1054.0000     1052.0000  8782261    0.19%
  66500 49372     1053.0000    65     1054.0000     1052.0000  8795271    0.19%
  66600 49453     1053.0000    75     1054.0000     1052.0000  8812635    0.19%
  66700 49542     1053.0000    70     1054.0000     1052.0000  8823730    0.19%
  66800 49622     1053.0000    60     1054.0000     1052.0000  8842095    0.19%
  66900 49703     1053.0000    85     1054.0000     1052.0000  8856449    0.19%
  67000 49792     1053.0000    86     1054.0000     1052.0000  8868025    0.19%
Elapsed time = 4573.53 sec. (tree size = 750.48 MB, solutions = 12)
Nodefile size = 622.52 MB (547.47 MB after compression)
  67100 49867     1053.0000    79     1054.0000     1052.0000  8882331    0.19%
  67200 49940     1053.0000    55     1054.0000     1052.0000  8912879    0.19%
  67300 50023    infeasible           1054.0000     1052.0000  8929157    0.19%
  67400 50101     1053.0000    79     1054.0000     1052.0000  8951131    0.19%
  67500 50184     1053.0000    74     1054.0000     1052.0000  8961222    0.19%
  67600 50278     1053.0000    64     1054.0000     1052.0000  8971415    0.19%
  67700 50359     1053.0000    76     1054.0000     1052.0000  8987895    0.19%
  67800 50444     1053.0000    71     1054.0000     1052.0000  8999931    0.19%
  67900 50507     1053.0000    85     1054.0000     1052.0000  9027020    0.19%
  68000 50587    infeasible           1054.0000     1052.0000  9042380    0.19%
Elapsed time = 4670.41 sec. (tree size = 763.97 MB, solutions = 12)
Nodefile size = 636.41 MB (560.44 MB after compression)
  68100 50681     1053.0000    63     1054.0000     1052.0000  9060148    0.19%
  68200 50771     1053.0000    73     1054.0000     1052.0000  9074101    0.19%
  68300 50854     1052.0134    91     1054.0000     1052.0000  9086662    0.19%
  68400 50944     1053.0000    72     1054.0000     1052.0000  9099540    0.19%
  68500 51026     1053.0000    56     1054.0000     1052.0000  9116133    0.19%
  68600 51098     1053.0000    79     1054.0000     1052.0000  9133801    0.19%
  68700 51193     1053.0000    62     1054.0000     1052.0000  9143822    0.19%
  68800 51273     1053.0000    76     1054.0000     1052.0000  9157289    0.19%
  68900 51362     1053.0000    72     1054.0000     1052.0000  9169116    0.19%
  69000 51444     1053.0000    87     1054.0000     1052.0000  9182059    0.19%
Elapsed time = 4745.69 sec. (tree size = 778.44 MB, solutions = 12)
Nodefile size = 651.33 MB (574.50 MB after compression)
  69100 51525    infeasible           1054.0000     1052.0000  9196821    0.19%
  69200 51604     1053.0000    97     1054.0000     1052.0000  9211129    0.19%
  69300 51676     1053.0000    56     1054.0000     1052.0000  9224156    0.19%
  69400 51748    infeasible           1054.0000     1052.0000  9240722    0.19%
  69500 51829     1053.0000    76     1054.0000     1052.0000  9252673    0.19%
  69600 51906     1053.0000    74     1054.0000     1052.0000  9264183    0.19%
  69700 51989     1053.0000    85     1054.0000     1052.0000  9280166    0.19%
  69800 52068     1053.0000    77     1054.0000     1052.0000  9296069    0.19%
  69900 52145    infeasible           1054.0000     1052.0000  9308547    0.19%
  70000 52220     1053.0000    73     1054.0000     1052.0000  9326563    0.19%
Elapsed time = 4826.59 sec. (tree size = 791.60 MB, solutions = 12)
Nodefile size = 664.22 MB (586.64 MB after compression)
  70100 52293     1053.0000    68     1054.0000     1052.0000  9340551    0.19%
  70200 52372     1053.0000    59     1054.0000     1052.0000  9355094    0.19%
  70300 52453     1053.0000    65     1054.0000     1052.0000  9369957    0.19%
  70400 52540     1053.0000    51     1054.0000     1052.0000  9378394    0.19%
  70500 52620     1053.0000    74     1054.0000     1052.0000  9389926    0.19%
  70600 52689     1053.0000    68     1054.0000     1052.0000  9404976    0.19%
  70700 52780     1053.0000    74     1054.0000     1052.0000  9414189    0.19%
  70800 52866     1053.0000    71     1054.0000     1052.0000  9424341    0.19%
  70900 52941     1053.0000   103     1054.0000     1052.0000  9444101    0.19%
  71000 53022     1053.0000    74     1054.0000     1052.0000  9458163    0.19%
Elapsed time = 4898.44 sec. (tree size = 805.20 MB, solutions = 12)
Nodefile size = 678.11 MB (599.74 MB after compression)
  71100 53106    infeasible           1054.0000     1052.0000  9470734    0.19%
  71200 53185     1052.0126    88     1054.0000     1052.0000  9497891    0.19%
  71300 53255     1053.0000    72     1054.0000     1052.0000  9524202    0.19%
  71400 53333     1053.0000    73     1054.0000     1052.0000  9540291    0.19%
  71500 53414     1053.0000    57     1054.0000     1052.0000  9552859    0.19%
  71600 53463     1052.0000    94     1054.0000     1052.0000  9577444    0.19%
  71700 53557     1053.0000    80     1054.0000     1052.0000  9586390    0.19%
  71800 53622        cutoff           1054.0000     1052.0000  9604146    0.19%
  71900 53705     1053.0000    73     1054.0000     1052.0000  9621922    0.19%
  72000 53785     1053.0000    61     1054.0000     1052.0000  9640279    0.19%
Elapsed time = 5000.05 sec. (tree size = 818.07 MB, solutions = 12)
Nodefile size = 691.00 MB (611.87 MB after compression)
  72100 53875     1052.0000    87     1054.0000     1052.0000  9655085    0.19%
  72200 53957     1053.0000    63     1054.0000     1052.0000  9666574    0.19%
  72300 54026     1052.6082    84     1054.0000     1052.0000  9686063    0.19%
  72400 54114     1053.0000    58     1054.0000     1052.0000  9696609    0.19%
  72500 54180     1053.0000    67     1054.0000     1052.0000  9719706    0.19%
  72600 54250     1053.0000    65     1054.0000     1052.0000  9734434    0.19%
  72700 54332     1053.0000    74     1054.0000     1052.0000  9752855    0.19%
  72800 54407    infeasible           1054.0000     1052.0000  9764914    0.19%
  72900 54491     1053.0000    78     1054.0000     1052.0000  9786404    0.19%
  73000 54575     1053.0000    68     1054.0000     1052.0000  9806949    0.19%
Elapsed time = 5090.08 sec. (tree size = 831.46 MB, solutions = 12)
Nodefile size = 703.91 MB (624.01 MB after compression)
  73100 54661     1053.0000    67     1054.0000     1052.0000  9817983    0.19%
  73200 54743     1052.0000    78     1054.0000     1052.0000  9828449    0.19%
  73300 54837     1053.0000    74     1054.0000     1052.0000  9839909    0.19%
  73400 54923     1053.0000    85     1054.0000     1052.0000  9849090    0.19%
  73500 55011     1053.0000    69     1054.0000     1052.0000  9858019    0.19%
  73600 55079     1052.0669    89     1054.0000     1052.0000  9882465    0.19%
  73700 55152     1053.0000    45     1054.0000     1052.0000  9900248    0.19%
  73800 55231     1053.0000    67     1054.0000     1052.0000  9911109    0.19%
  73900 55312     1053.0000    59     1054.0000     1052.0000  9920690    0.19%
  74000 55400     1053.0000    81     1054.0000     1052.0000  9928135    0.19%
Elapsed time = 5152.66 sec. (tree size = 845.36 MB, solutions = 12)
Nodefile size = 717.78 MB (637.10 MB after compression)
  74100 55481     1053.0000    50     1054.0000     1052.0000  9948070    0.19%
  74200 55564     1053.0000    73     1054.0000     1052.0000  9965431    0.19%
  74300 55650     1053.0000    62     1054.0000     1052.0000  9974071    0.19%
  74400 55745     1053.0000    83     1054.0000     1052.0000  9981575    0.19%
  74500 55828     1053.0000    79     1054.0000     1052.0000  9995881    0.19%
  74600 55905     1053.0000    66     1054.0000     1052.0000 10014292    0.19%
  74700 55991     1053.0000    74     1054.0000     1052.0000 10034983    0.19%
  74800 56087     1053.0000    86     1054.0000     1052.0000 10043211    0.19%
  74900 56173     1052.0000    84     1054.0000     1052.0000 10055384    0.19%
  75000 56251     1053.0000    87     1054.0000     1052.0000 10066970    0.19%
Elapsed time = 5230.58 sec. (tree size = 859.70 MB, solutions = 12)
Nodefile size = 732.67 MB (651.18 MB after compression)
  75100 56338     1053.0000    72     1054.0000     1052.0000 10082979    0.19%
  75200 56415     1052.0000   108     1054.0000     1052.0000 10098927    0.19%
  75300 56499     1053.0000    52     1054.0000     1052.0000 10108390    0.19%
  75400 56577     1053.0000    67     1054.0000     1052.0000 10120803    0.19%
  75500 56651     1053.0000    71     1054.0000     1052.0000 10134122    0.19%
  75600 56728     1053.0000    58     1054.0000     1052.0000 10154388    0.19%
  75700 56817    infeasible           1054.0000     1052.0000 10165256    0.19%
  75800 56893     1053.0000    81     1054.0000     1052.0000 10182432    0.19%
  75900 56972     1053.0000    69     1054.0000     1052.0000 10198254    0.19%
  76000 57053    infeasible           1054.0000     1052.0000 10211304    0.19%
Elapsed time = 5309.45 sec. (tree size = 873.26 MB, solutions = 12)
Nodefile size = 745.54 MB (663.34 MB after compression)
  76100 57123     1053.0000    69     1054.0000     1052.0000 10223426    0.19%
  76200 57208     1053.0000    65     1054.0000     1052.0000 10235930    0.19%
  76300 57289     1053.0000    98     1054.0000     1052.0000 10252179    0.19%
  76400 57373     1053.0000    74     1054.0000     1052.0000 10266962    0.19%
  76500 57445     1053.0000    75     1054.0000     1052.0000 10285062    0.19%
  76600 57523     1053.0000    67     1054.0000     1052.0000 10300745    0.19%
  76700 57600     1053.0000    88     1054.0000     1052.0000 10314098    0.19%
  76800 57672     1052.0647   104     1054.0000     1052.0000 10330934    0.19%
  76900 57765     1053.0000    81     1054.0000     1052.0000 10338000    0.19%
  77000 57848    infeasible           1054.0000     1052.0000 10348289    0.19%
Elapsed time = 5385.33 sec. (tree size = 886.70 MB, solutions = 12)
Nodefile size = 759.41 MB (676.41 MB after compression)
  77100 57926     1053.0000    56     1054.0000     1052.0000 10362880    0.19%
  77200 58008    infeasible           1054.0000     1052.0000 10372701    0.19%
  77300 58094     1053.0000    66     1054.0000     1052.0000 10384792    0.19%
  77400 58154     1052.9132   102     1054.0000     1052.0000 10411114    0.19%
  77500 58233     1053.0000    70     1054.0000     1052.0000 10422755    0.19%
  77600 58317     1052.0000    84     1054.0000     1052.0000 10444322    0.19%
  77700 58404     1053.0000    57     1054.0000     1052.0000 10454231    0.19%
  77800 58497     1053.0000    70     1054.0000     1052.0000 10461460    0.19%
  77900 58582     1053.0000    70     1054.0000     1052.0000 10480005    0.19%
  78000 58661     1053.0000    64     1054.0000     1052.0000 10500715    0.19%
Elapsed time = 5468.50 sec. (tree size = 900.40 MB, solutions = 12)
Nodefile size = 773.32 MB (689.55 MB after compression)
  78100 58738     1053.0000    77     1054.0000     1052.0000 10520122    0.19%
  78200 58816     1052.0792    95     1054.0000     1052.0000 10532294    0.19%
  78300 58896     1052.0000    88     1054.0000     1052.0000 10545446    0.19%
  78400 58971     1053.0000    67     1054.0000     1052.0000 10560172    0.19%
  78500 59064     1053.0000    62     1054.0000     1052.0000 10570752    0.19%
  78600 59148     1053.0000    70     1054.0000     1052.0000 10582949    0.19%
  78700 59230     1053.0000    86     1054.0000     1052.0000 10599554    0.19%
  78800 59302     1053.0000    54     1054.0000     1052.0000 10618386    0.19%
  78900 59381     1053.0000    88     1054.0000     1052.0000 10631636    0.19%
  79000 59453     1053.0000    74     1054.0000     1052.0000 10647415    0.19%
Elapsed time = 5544.83 sec. (tree size = 913.82 MB, solutions = 12)
Nodefile size = 786.21 MB (701.78 MB after compression)
  79100 59515    infeasible           1054.0000     1052.0000 10679263    0.19%
  79200 59590     1053.0000    69     1054.0000     1052.0000 10704376    0.19%
  79300 59678     1053.0000    77     1054.0000     1052.0000 10717902    0.19%
  79400 59761     1053.0000    61     1054.0000     1052.0000 10735525    0.19%
  79500 59837     1053.0000    68     1054.0000     1052.0000 10749861    0.19%
  79600 59924     1053.0000    79     1054.0000     1052.0000 10762734    0.19%
  79700 59996     1053.0000    62     1054.0000     1052.0000 10785815    0.19%
  79800 60088     1053.0000    61     1054.0000     1052.0000 10797601    0.19%
  79900 60171     1053.0000    80     1054.0000     1052.0000 10810028    0.19%
  80000 60257     1053.0000    72     1054.0000     1052.0000 10820099    0.19%
Elapsed time = 5642.56 sec. (tree size = 927.50 MB, solutions = 12)
Nodefile size = 800.11 MB (714.86 MB after compression)
  80100 60337    infeasible           1054.0000     1052.0000 10832391    0.19%
  80200 60416     1053.0000    81     1054.0000     1052.0000 10851157    0.19%
  80300 60497     1053.0000    56     1054.0000     1052.0000 10864413    0.19%
  80400 60583     1053.0000    68     1054.0000     1052.0000 10873233    0.19%
  80500 60645     1053.0000    65     1054.0000     1052.0000 10892478    0.19%
  80600 60725     1053.0000    81     1054.0000     1052.0000 10907431    0.19%
  80700 60803     1053.0000    58     1054.0000     1052.0000 10929644    0.19%
  80800 60879     1053.0000    65     1054.0000     1052.0000 10942953    0.19%
  80900 60966     1053.0000    62     1054.0000     1052.0000 10951530    0.19%
  81000 61041    infeasible           1054.0000     1052.0000 10966482    0.19%
Elapsed time = 5720.98 sec. (tree size = 940.80 MB, solutions = 12)
Nodefile size = 813.01 MB (727.06 MB after compression)
  81100 61122     1053.0000    53     1054.0000     1052.0000 10977036    0.19%
  81200 61204     1053.0000    87     1054.0000     1052.0000 10989019    0.19%
  81300 61284     1053.0000    81     1054.0000     1052.0000 11002843    0.19%
  81400 61373     1053.0000    69     1054.0000     1052.0000 11022055    0.19%
  81500 61459     1053.0000    73     1054.0000     1052.0000 11031170    0.19%
  81600 61545     1053.0000    62     1054.0000     1052.0000 11043171    0.19%
  81700 61608     1053.0000    40     1054.0000     1052.0000 11067736    0.19%
  81800 61698     1053.0000    83     1054.0000     1052.0000 11077788    0.19%
  81900 61783     1053.0000    60     1054.0000     1052.0000 11086276    0.19%
  82000 61862     1053.0000    52     1054.0000     1052.0000 11098765    0.19%
Elapsed time = 5790.53 sec. (tree size = 954.63 MB, solutions = 12)
Nodefile size = 826.88 MB (740.19 MB after compression)
  82100 61939     1052.0542    93     1054.0000     1052.0000 11112095    0.19%
  82200 62022    infeasible           1054.0000     1052.0000 11126759    0.19%
  82300 62110     1053.0000    62     1054.0000     1052.0000 11138515    0.19%
  82400 62178    infeasible           1054.0000     1052.0000 11157561    0.19%
  82500 62258     1053.0000    64     1054.0000     1052.0000 11171071    0.19%
  82600 62329     1053.0000    80     1054.0000     1052.0000 11195975    0.19%
  82700 62396     1053.0000    85     1054.0000     1052.0000 11218393    0.19%
  82800 62483     1053.0000    69     1054.0000     1052.0000 11233828    0.19%
  82900 62555     1053.0000    69     1054.0000     1052.0000 11256529    0.19%
  83000 62636     1053.0000    64     1054.0000     1052.0000 11270383    0.19%
Elapsed time = 5882.08 sec. (tree size = 967.70 MB, solutions = 12)
Nodefile size = 839.78 MB (752.37 MB after compression)
  83100 62713     1053.0000    69     1054.0000     1052.0000 11284650    0.19%
  83200 62796     1053.0000    76     1054.0000     1052.0000 11300846    0.19%
  83300 62867     1053.0000    46     1054.0000     1052.0000 11312257    0.19%
  83400 62961     1053.0000    76     1054.0000     1052.0000 11320599    0.19%
  83500 63032    infeasible           1054.0000     1052.0000 11340579    0.19%
  83600 63111     1053.0000    78     1054.0000     1052.0000 11361093    0.19%
  83700 63196        cutoff           1054.0000     1052.0000 11386503    0.19%
  83800 63272     1053.0000    61     1054.0000     1052.0000 11404299    0.19%
  83900 63360     1053.0000    47     1054.0000     1052.0000 11420840    0.19%
  84000 63434     1053.0000    80     1054.0000     1052.0000 11440731    0.19%
Elapsed time = 5973.58 sec. (tree size = 981.19 MB, solutions = 12)
Nodefile size = 853.65 MB (765.40 MB after compression)
  84100 63507     1053.0000    62     1054.0000     1052.0000 11454586    0.19%
  84200 63595     1053.0000    59     1054.0000     1052.0000 11464547    0.19%
  84300 63668     1053.0000    77     1054.0000     1052.0000 11482882    0.19%
  84400 63741     1053.0000    73     1054.0000     1052.0000 11504577    0.19%
  84500 63803     1053.0000    68     1054.0000     1052.0000 11526274    0.19%
  84600 63886     1053.0000    62     1054.0000     1052.0000 11538170    0.19%
  84700 63968     1053.0000    77     1054.0000     1052.0000 11556821    0.19%
  84800 64042     1053.0000    58     1054.0000     1052.0000 11570035    0.19%
  84900 64127     1052.0000   102     1054.0000     1052.0000 11586949    0.19%
  85000 64204     1053.0000    66     1054.0000     1052.0000 11604502    0.19%
Elapsed time = 6066.45 sec. (tree size = 994.19 MB, solutions = 12)
Nodefile size = 866.54 MB (777.60 MB after compression)
  85100 64290     1053.0000    70     1054.0000     1052.0000 11617428    0.19%
  85200 64379     1053.0000    82     1054.0000     1052.0000 11625417    0.19%
  85300 64463     1053.0000    67     1054.0000     1052.0000 11635332    0.19%
  85400 64538     1053.0000   105     1054.0000     1052.0000 11648850    0.19%
  85500 64622     1053.0000    79     1054.0000     1052.0000 11660901    0.19%
  85600 64706     1053.0000    76     1054.0000     1052.0000 11673061    0.19%
  85700 64793     1053.0000    60     1054.0000     1052.0000 11691011    0.19%
  85800 64874     1053.0000    67     1054.0000     1052.0000 11704424    0.19%
  85900 64954     1053.0000    64     1054.0000     1052.0000 11715333    0.19%
  86000 65033     1052.8198   119     1054.0000     1052.0000 11732071    0.19%
Elapsed time = 6136.13 sec. (tree size = 1008.20 MB, solutions = 12)
Nodefile size = 880.43 MB (790.68 MB after compression)
  86100 65114     1053.0000    98     1054.0000     1052.0000 11748508    0.19%
  86200 65178     1053.0000    81     1054.0000     1052.0000 11773208    0.19%
  86300 65261     1053.0000    69     1054.0000     1052.0000 11784721    0.19%
  86400 65349     1053.0000    83     1054.0000     1052.0000 11794541    0.19%
  86500 65428     1053.0000    72     1054.0000     1052.0000 11813117    0.19%
  86600 65500     1053.0000    82     1054.0000     1052.0000 11828422    0.19%
  86700 65569     1053.0000    85     1054.0000     1052.0000 11852548    0.19%
  86800 65639    infeasible           1054.0000     1052.0000 11864607    0.19%
  86900 65718     1053.0000    80     1054.0000     1052.0000 11879146    0.19%
  87000 65786     1053.0000    38     1054.0000     1052.0000 11904291    0.19%
Elapsed time = 6225.08 sec. (tree size = 1020.91 MB, solutions = 12)
Nodefile size = 893.35 MB (802.87 MB after compression)
  87100 65867     1052.0000   100     1054.0000     1052.0000 11930048    0.19%
  87200 65959     1053.0000    59     1054.0000     1052.0000 11938114    0.19%
  87300 66032     1053.0000    77     1054.0000     1052.0000 11954484    0.19%
  87400 66104     1053.0000    79     1054.0000     1052.0000 11972828    0.19%
  87500 66173     1053.0000    65     1054.0000     1052.0000 11988861    0.19%
  87600 66252     1053.0000    80     1054.0000     1052.0000 12003698    0.19%
  87700 66325     1053.0000    32     1054.0000     1052.0000 12016899    0.19%
  87800 66414     1053.0000    82     1054.0000     1052.0000 12025812    0.19%
  87900 66500     1053.0000    92     1054.0000     1052.0000 12037632    0.19%
  88000 66565     1053.0000    81     1054.0000     1052.0000 12060136    0.19%
Elapsed time = 6306.39 sec. (tree size = 1034.12 MB, solutions = 12)
Nodefile size = 906.25 MB (815.01 MB after compression)
  88100 66650     1053.0000    64     1054.0000     1052.0000 12073169    0.19%
  88200 66731     1053.0000    88     1054.0000     1052.0000 12092560    0.19%
  88300 66810     1053.0000    94     1054.0000     1052.0000 12121434    0.19%
  88400 66892     1053.0000    67     1054.0000     1052.0000 12138879    0.19%
  88500 66966    infeasible           1054.0000     1052.0000 12151593    0.19%
  88600 67038     1053.0000    82     1054.0000     1052.0000 12166045    0.19%
  88700 67122     1052.0000   114     1054.0000     1052.0000 12181908    0.19%
  88800 67210     1053.0000    65     1054.0000     1052.0000 12199742    0.19%
  88900 67288    infeasible           1054.0000     1052.0000 12215913    0.19%
  89000 67380     1053.0000    79     1054.0000     1052.0000 12226985    0.19%
Elapsed time = 6400.42 sec. (tree size = 1047.89 MB, solutions = 12)
Nodefile size = 920.15 MB (828.14 MB after compression)
  89100 67457     1053.0000    73     1054.0000     1052.0000 12241099    0.19%
  89200 67540     1053.0000    78     1054.0000     1052.0000 12252860    0.19%
  89300 67631     1053.0000    75     1054.0000     1052.0000 12272049    0.19%
  89400 67711     1053.0000    59     1054.0000     1052.0000 12296493    0.19%
  89500 67785     1053.0000    61     1054.0000     1052.0000 12313112    0.19%
  89600 67860     1053.0000    65     1054.0000     1052.0000 12323579    0.19%
  89700 67946     1052.0405    99     1054.0000     1052.0000 12336349    0.19%
  89800 68017     1053.0000    95     1054.0000     1052.0000 12354310    0.19%
  89900 68100     1053.0000    65     1054.0000     1052.0000 12364440    0.19%
  90000 68180     1053.0000    65     1054.0000     1052.0000 12379295    0.19%
Elapsed time = 6485.13 sec. (tree size = 1061.41 MB, solutions = 12)
Nodefile size = 934.06 MB (841.28 MB after compression)
  90100 68248     1053.0000    69     1054.0000     1052.0000 12399199    0.19%
  90200 68341    infeasible           1054.0000     1052.0000 12405995    0.19%
  90300 68414     1053.0000    94     1054.0000     1052.0000 12420971    0.19%
  90400 68499     1053.0000    79     1054.0000     1052.0000 12431160    0.19%
  90500 68586    infeasible           1054.0000     1052.0000 12450995    0.19%
  90600 68667     1053.0000    92     1054.0000     1052.0000 12466682    0.19%
  90700 68747     1053.0000    56     1054.0000     1052.0000 12491278    0.19%
  90800 68826     1053.0000    74     1054.0000     1052.0000 12506950    0.19%
  90900 68909     1053.0000    72     1054.0000     1052.0000 12523187    0.19%
  91000 68985     1053.0000    80     1054.0000     1052.0000 12538945    0.19%
Elapsed time = 6575.17 sec. (tree size = 1075.04 MB, solutions = 12)
Nodefile size = 947.96 MB (854.43 MB after compression)
  91100 69072     1053.0000    53     1054.0000     1052.0000 12564129    0.19%
  91200 69155     1053.0000    68     1054.0000     1052.0000 12575971    0.19%
  91300 69237     1053.0000    77     1054.0000     1052.0000 12589553    0.19%
  91400 69307     1053.0000    73     1054.0000     1052.0000 12607393    0.19%
  91500 69391     1053.0000    63     1054.0000     1052.0000 12626775    0.19%
  91600 69473     1053.0000    42     1054.0000     1052.0000 12642279    0.19%
  91700 69561    infeasible           1054.0000     1052.0000 12654720    0.19%
  91800 69631     1053.0000    59     1054.0000     1052.0000 12677398    0.19%
  91900 69708     1053.0000    90     1054.0000     1052.0000 12700696    0.19%
  92000 69788     1053.0000    53     1054.0000     1052.0000 12724963    0.19%
Elapsed time = 6681.08 sec. (tree size = 1088.63 MB, solutions = 12)
Nodefile size = 960.87 MB (866.53 MB after compression)
  92100 69869     1053.0000    65     1054.0000     1052.0000 12737741    0.19%
  92200 69964     1053.0000    67     1054.0000     1052.0000 12749049    0.19%
  92300 70034     1053.0000    90     1054.0000     1052.0000 12767377    0.19%
  92400 70122     1053.0000    71     1054.0000     1052.0000 12777662    0.19%
  92500 70210     1053.0000    61     1054.0000     1052.0000 12794824    0.19%
  92600 70271        cutoff           1054.0000     1052.0000 12817086    0.19%
  92700 70359     1053.0000    76     1054.0000     1052.0000 12825688    0.19%
  92800 70450     1053.0000    63     1054.0000     1052.0000 12835574    0.19%
  92900 70540     1053.0000    80     1054.0000     1052.0000 12849321    0.19%
  93000 70614     1053.0000    70     1054.0000     1052.0000 12880329    0.19%
Elapsed time = 6769.00 sec. (tree size = 1102.59 MB, solutions = 12)
Nodefile size = 974.74 MB (879.56 MB after compression)
  93100 70700     1053.0000    62     1054.0000     1052.0000 12892218    0.19%
  93200 70785     1053.0000    62     1054.0000     1052.0000 12906919    0.19%
  93300 70870     1053.0000    57     1054.0000     1052.0000 12922044    0.19%
  93400 70953     1053.0000    61     1054.0000     1052.0000 12934239    0.19%
  93500 71021     1053.0000    52     1054.0000     1052.0000 12961189    0.19%
  93600 71096     1053.0000    70     1054.0000     1052.0000 12984334    0.19%
  93700 71160     1053.0000    69     1054.0000     1052.0000 13009133    0.19%
  93800 71234     1053.0000    68     1054.0000     1052.0000 13024860    0.19%
  93900 71312    infeasible           1054.0000     1052.0000 13041727    0.19%
  94000 71380     1053.0000    88     1054.0000     1052.0000 13058448    0.19%
Elapsed time = 6868.11 sec. (tree size = 1115.50 MB, solutions = 12)
Nodefile size = 987.64 MB (891.77 MB after compression)
  94100 71461     1052.0206   102     1054.0000     1052.0000 13069619    0.19%
  94200 71549     1053.0000    58     1054.0000     1052.0000 13083755    0.19%
  94300 71619     1053.0000    65     1054.0000     1052.0000 13106781    0.19%
  94400 71696     1052.0138    98     1054.0000     1052.0000 13118567    0.19%
  94500 71783     1053.0000    70     1054.0000     1052.0000 13139340    0.19%
  94600 71865     1053.0000    67     1054.0000     1052.0000 13162246    0.19%
  94700 71948     1053.0000    72     1054.0000     1052.0000 13182085    0.19%
  94800 72024    infeasible           1054.0000     1052.0000 13201846    0.19%
  94900 72101     1053.0000    78     1054.0000     1052.0000 13217355    0.19%
  95000 72176     1053.0000    87     1054.0000     1052.0000 13233628    0.19%
Elapsed time = 6970.64 sec. (tree size = 1128.92 MB, solutions = 12)
Nodefile size = 1001.55 MB (904.87 MB after compression)
  95100 72237     1053.0000    72     1054.0000     1052.0000 13258134    0.19%
  95200 72298     1053.0000    77     1054.0000     1052.0000 13277517    0.19%
  95300 72374     1053.0000    64     1054.0000     1052.0000 13291324    0.19%
  95400 72443     1053.0000    74     1054.0000     1052.0000 13309842    0.19%
  95500 72531     1053.0000    66     1054.0000     1052.0000 13319787    0.19%
  95600 72605     1053.0000    75     1054.0000     1052.0000 13335047    0.19%
  95700 72683     1053.0000    60     1054.0000     1052.0000 13349858    0.19%
  95800 72751     1053.0000    87     1054.0000     1052.0000 13366658    0.19%
  95900 72841     1053.0000    63     1054.0000     1052.0000 13381827    0.19%
  96000 72930     1053.0000    74     1054.0000     1052.0000 13389815    0.19%
Elapsed time = 7056.58 sec. (tree size = 1141.63 MB, solutions = 12)
Nodefile size = 1014.46 MB (917.11 MB after compression)
  96100 73016     1053.0000    77     1054.0000     1052.0000 13400800    0.19%
  96200 73096     1052.0000    90     1054.0000     1052.0000 13414486    0.19%
  96300 73165    infeasible           1054.0000     1052.0000 13436745    0.19%
  96400 73242     1053.0000    70     1054.0000     1052.0000 13451383    0.19%
  96500 73322     1053.0000    94     1054.0000     1052.0000 13469486    0.19%
  96600 73378     1053.0000    69     1054.0000     1052.0000 13491587    0.19%
  96700 73464     1053.0000    93     1054.0000     1052.0000 13504587    0.19%
  96800 73550     1053.0000    88     1054.0000     1052.0000 13518025    0.19%
  96900 73631     1053.0000    73     1054.0000     1052.0000 13528193    0.19%
  97000 73709        cutoff           1054.0000     1052.0000 13541626    0.19%
Elapsed time = 7137.67 sec. (tree size = 1154.79 MB, solutions = 12)
Nodefile size = 1027.38 MB (929.37 MB after compression)
  97100 73776     1053.0000    71     1054.0000     1052.0000 13565913    0.19%
  97200 73864     1053.0000    67     1054.0000     1052.0000 13578332    0.19%
  97300 73957     1053.0000    71     1054.0000     1052.0000 13588243    0.19%
  97400 74039     1053.0000    49     1054.0000     1052.0000 13598852    0.19%
  97500 74115     1053.0000    57     1054.0000     1052.0000 13614448    0.19%
  97600 74177    infeasible           1054.0000     1052.0000 13639742    0.19%

Cover cuts applied:  1079
Mixed integer rounding cuts applied:  18
Gomory fractional cuts applied:  3

Solution pool: 12 solutions saved.

MIP - Time limit exceeded, integer feasible:  Objective = 1.0540000000e+003
Current MIP best bound = 1.0520000000e+003 (gap = 2, 0.19%)
Solution time = 7200.05 sec.  Iterations = 13652903  Nodes = 97667 (74234)


Incumbent solution
Variable Name           Solution Value
Cmax                       1054.000000
X_1_11                        1.000000
X_2_13                        1.000000
X_3_10                        1.000000
X_4_11                        1.000000
X_5_11                        1.000000
X_6_9                         1.000000
X_7_16                        1.000000
X_8_1                         1.000000
X_9_18                        1.000000
X_10_4                        1.000000
X_11_11                       1.000000
X_12_18                       1.000000
X_13_6                        1.000000
X_14_14                       1.000000
X_15_19                       1.000000
X_16_5                        1.000000
X_17_9                        1.000000
X_18_10                       1.000000
X_19_6                        1.000000
X_20_13                       1.000000
X_21_2                        1.000000
X_22_6                        1.000000
X_23_7                        1.000000
X_24_8                        1.000000
X_25_20                       1.000000
X_26_2                        1.000000
X_27_5                        1.000000
X_28_4                        1.000000
X_29_7                        1.000000
X_30_20                       1.000000
X_31_13                       1.000000
X_32_16                       1.000000
X_33_7                        1.000000
X_34_8                        1.000000
X_35_8                        1.000000
X_36_13                       1.000000
X_37_2                        1.000000
X_38_17                       1.000000
X_39_16                       1.000000
X_40_11                       1.000000
X_41_8                        1.000000
X_42_2                        1.000000
X_43_17                       1.000000
X_44_10                       1.000000
X_45_15                       1.000000
X_46_2                        1.000000
X_47_1                        1.000000
X_48_8                        1.000000
X_49_12                       1.000000
X_50_17                       1.000000
X_51_8                        1.000000
X_52_2                        1.000000
X_53_19                       1.000000
X_54_18                       1.000000
X_55_10                       1.000000
X_56_18                       1.000000
X_57_10                       1.000000
X_58_13                       1.000000
X_59_19                       1.000000
X_60_11                       1.000000
X_61_9                        1.000000
X_62_6                        1.000000
X_63_7                        1.000000
X_64_3                        1.000000
X_65_19                       1.000000
X_66_3                        1.000000
X_67_16                       1.000000
X_68_1                        1.000000
X_69_6                        1.000000
X_70_17                       1.000000
X_71_20                       1.000000
X_72_5                        1.000000
X_73_1                        1.000000
X_74_13                       1.000000
X_75_18                       1.000000
X_76_11                       1.000000
X_77_1                        1.000000
X_78_7                        1.000000
X_79_15                       1.000000
X_80_13                       1.000000
X_81_2                        1.000000
X_82_14                       1.000000
X_83_8                        1.000000
X_84_17                       1.000000
X_85_6                        1.000000
X_86_10                       1.000000
X_87_14                       1.000000
X_88_6                        1.000000
X_89_9                        1.000000
X_90_12                       1.000000
X_91_17                       1.000000
X_92_5                        1.000000
X_93_3                        1.000000
X_94_18                       1.000000
X_95_19                       1.000000
X_96_15                       1.000000
X_97_10                       1.000000
X_98_16                       1.000000
X_99_16                       1.000000
X_100_17                      1.000000
X_101_7                       1.000000
X_102_18                      1.000000
X_103_20                      1.000000
X_104_9                       1.000000
X_105_3                       1.000000
X_106_8                       1.000000
X_107_17                      1.000000
X_108_1                       1.000000
X_109_15                      1.000000
X_110_12                      1.000000
X_111_1                       1.000000
X_112_6                       1.000000
X_113_14                      1.000000
X_114_9                       1.000000
X_115_2                       1.000000
X_116_4                       1.000000
X_117_4                       1.000000
X_118_1                       1.000000
X_119_6                       1.000000
X_120_20                      1.000000
X_121_15                      1.000000
X_122_2                       1.000000
X_123_5                       1.000000
X_124_18                      1.000000
X_125_14                      1.000000
X_126_20                      1.000000
X_127_11                      1.000000
X_128_1                       1.000000
X_129_13                      1.000000
X_130_4                       1.000000
X_131_1                       1.000000
X_132_3                       1.000000
X_133_9                       1.000000
X_134_15                      1.000000
X_135_12                      1.000000
X_136_7                       1.000000
X_137_14                      1.000000
X_138_5                       1.000000
X_139_3                       1.000000
X_140_16                      1.000000
X_141_4                       1.000000
X_142_12                      1.000000
X_143_11                      1.000000
X_144_16                      1.000000
X_145_9                       1.000000
X_146_6                       1.000000
X_147_17                      1.000000
X_148_20                      1.000000
X_149_2                       1.000000
X_150_4                       1.000000
X_151_13                      1.000000
X_152_19                      1.000000
X_153_18                      1.000000
X_154_10                      1.000000
X_155_20                      1.000000
X_156_7                       1.000000
X_157_3                       1.000000
X_158_20                      1.000000
X_159_15                      1.000000
X_160_14                      1.000000
X_161_4                       1.000000
X_162_12                      1.000000
X_163_8                       1.000000
X_164_3                       1.000000
X_165_14                      1.000000
X_166_10                      1.000000
X_167_20                      1.000000
X_168_12                      1.000000
X_169_13                      1.000000
X_170_16                      1.000000
X_171_18                      1.000000
X_172_17                      1.000000
X_173_9                       1.000000
X_174_19                      1.000000
X_175_14                      1.000000
X_176_15                      1.000000
X_177_14                      1.000000
X_178_19                      1.000000
X_179_19                      1.000000
X_180_12                      1.000000
X_181_15                      1.000000
X_182_10                      1.000000
X_183_3                       1.000000
X_184_5                       1.000000
X_185_5                       1.000000
X_186_5                       1.000000
X_187_3                       1.000000
X_188_9                       1.000000
X_189_19                      1.000000
X_190_15                      1.000000
X_191_16                      1.000000
X_192_11                      1.000000
X_193_5                       1.000000
X_194_7                       1.000000
X_195_12                      1.000000
X_196_7                       1.000000
X_197_4                       1.000000
X_198_12                      1.000000
X_199_8                       1.000000
X_200_4                       1.000000
All other variables in the range 1-4001 are 0.
