
Log started (V11.0.0) Fri May 30 05:48:58 2008

Tried aggregator 1 time.
Reduced MIP has 230 rows, 6001 columns, and 12030 nonzeros.
Presolve time =    0.05 sec.
Clique table members: 200.
MIP emphasis: balance optimality and feasibility.
MIP search method: dynamic search.
Parallel mode: none, using 1 thread.
Root relaxation solution time =    0.19 sec.

        Nodes                                         Cuts/
   Node  Left     Objective  IInf  Best Integer     Best Node    ItCnt     Gap

*     0+    0                        29879.0000      685.4963      459   97.71%
*     0+    0                          733.0000      685.4963      459    6.48%
      0     0      686.2236    60      733.0000      Fract: 6      477    6.38%
      0     0      696.6222   109      733.0000      Cuts: 31      806    4.96%
      0     0      698.6394   136      733.0000   MIRcuts: 29     1072    4.69%
      0     0      698.9196   160      733.0000   MIRcuts: 22     1265    4.65%
      0     0      699.1548   169      733.0000   MIRcuts: 19     1440    4.62%
      0     0      699.2103   182      733.0000   MIRcuts: 15     1535    4.61%
      0     0      699.2700   198      733.0000    MIRcuts: 9     1644    4.60%
      0     0      699.3008   201      733.0000    MIRcuts: 5     1734    4.60%
      0     0      699.3658   201      733.0000    MIRcuts: 8     1883    4.59%
      0     0      699.3706   208      733.0000    MIRcuts: 6     1942    4.59%
*     0+    0                          731.0000      699.3706     1942    4.33%
*     0+    0                          730.0000      699.3706     1942    4.20%
*     0+    0                          729.0000      699.3706     1942    4.06%
*     0+    0                          728.0000      699.3706     1942    3.93%
      0     2      700.0000   144      728.0000      699.3706     1942    3.93%
Elapsed time =  10.22 sec. (tree size =  0.00 MB, solutions = 6)
    100   101      700.0000   106      728.0000      700.0000    12800    3.85%
    200   184      701.0000    95      728.0000      700.0000    30776    3.85%
    300   276      702.0000    67      728.0000      700.0000    40160    3.85%
    400   359      703.0000    65      728.0000      700.0000    49713    3.85%
    500   436      706.0000    80      728.0000      705.3287    67368    3.11%
    600   464      706.0000    77      728.0000      705.3287    72611    3.11%
    700   489      707.0000    65      728.0000      705.3287    80052    3.11%
    800   508      708.0000    59      728.0000      705.3287    85017    3.11%
    900   514      711.0000    53      728.0000      705.3287    88463    3.11%
   1000   500      714.0000    54      728.0000      705.3287    92444    3.11%
Elapsed time =  74.75 sec. (tree size =  2.80 MB, solutions = 6)
   1100   513      718.9381    54      728.0000      705.3287    96369    3.11%
   1200   583      719.0000    51      728.0000      705.3287    99162    3.11%
   1300   642      722.0000    52      728.0000      705.3287   102256    3.11%
   1400   701      727.0000    48      728.0000      705.3287   104593    3.11%
   1500   764      706.0000    78      728.0000      706.0000   109931    3.02%
   1600   861      706.0000   127      728.0000      706.0000   125756    3.02%
   1700   956      706.0000   118      728.0000      706.0000   139413    3.02%
   1800  1035      707.0000    72      728.0000      706.0000   161290    3.02%
   1900  1135      707.0000    70      728.0000      706.0000   165652    3.02%
   2000  1215      710.0000    63      728.0000      706.0000   172943    3.02%
Elapsed time = 115.44 sec. (tree size =  7.42 MB, solutions = 6)
   2100  1288      713.0000    57      728.0000      706.0000   176240    3.02%
   2200  1350      714.0000    51      728.0000      706.0000   180411    3.02%
   2300  1416      718.4118    51      728.0000      706.0000   182550    3.02%
   2400  1480      720.0000    46      728.0000      706.0000   184448    3.02%
   2500  1540      722.1986    48      728.0000      706.0000   186945    3.02%
   2600  1587      706.3852   217      728.0000      706.0000   209079    3.02%
   2700  1684      707.0000   127      728.0000      706.0000   230077    3.02%
   2800  1784      707.0000   161      728.0000      706.0000   238388    3.02%
   2900  1881      708.0000   124      728.0000      706.0000   252474    3.02%
   3000  1980      709.0000    72      728.0000      706.0000   258219    3.02%
Elapsed time = 172.53 sec. (tree size = 13.29 MB, solutions = 6)
   3100  2075      708.0000   102      728.0000      706.0000   264434    3.02%
   3200  2174      709.0000    91      728.0000      706.0000   269566    3.02%
   3300  2271      708.0000   102      728.0000      706.0000   276037    3.02%
   3400  2370      708.0000   110      728.0000      706.0000   284018    3.02%
   3500  2460      708.0000   129      728.0000      706.0000   299656    3.02%
   3600  2555      709.0000    59      728.0000      706.0000   309731    3.02%
   3700  2653      708.0000    92      728.0000      706.0000   317245    3.02%
   3800  2753      708.0000   108      728.0000      706.0000   321463    3.02%
   3900  2849      708.0000    99      728.0000      706.0000   328164    3.02%
   4000  2948      709.0000    66      728.0000      706.0000   332671    3.02%
Elapsed time = 222.80 sec. (tree size = 21.75 MB, solutions = 6)
   4100  3046      708.0000   132      728.0000      706.0000   340114    3.02%
   4200  3145      709.0000    95      728.0000      706.0000   347789    3.02%
   4300  3242      708.0000    91      728.0000      706.0000   354569    3.02%
   4400  3341      708.0000   108      728.0000      706.0000   361478    3.02%
   4500  3432      708.0000    79      728.0000      706.0000   376509    3.02%
   4600  3531      709.0000   103      728.0000      706.0000   380885    3.02%
   4700  3629      716.0000    50      728.0000      706.0000   387631    3.02%
   4800  3727      718.0000    65      728.0000      706.0000   390403    3.02%
   4900  3813      707.0000   113      728.0000      706.0000   396987    3.02%
   5000  3913      707.0000   147      728.0000      706.0000   403364    3.02%
Elapsed time = 266.67 sec. (tree size = 30.42 MB, solutions = 6)
   5100  4010      707.0000   116      728.0000      706.0000   411331    3.02%
   5200  4110      707.0000   102      728.0000      706.0000   416842    3.02%
   5300  4205      707.0000   149      728.0000      706.0000   432243    3.02%
   5400  4302      708.0000    92      728.0000      706.0000   450384    3.02%
   5500  4401      707.0000   188      728.0000      706.0000   459140    3.02%
   5600  4500      708.0000   112      728.0000      706.0000   467009    3.02%
   5700  4599      707.0000   191      728.0000      706.0000   474984    3.02%
   5800  4698      708.0000   101      728.0000      706.0000   484275    3.02%
   5900  4796      707.0000   116      728.0000      706.0000   493171    3.02%
   6000  4896      707.0000   145      728.0000      706.0000   498744    3.02%
Elapsed time = 328.00 sec. (tree size = 39.63 MB, solutions = 6)
   6100  4991      707.0000   212      728.0000      706.0000   515208    3.02%
   6200  5090      708.0000    90      728.0000      706.0000   522345    3.02%
   6300  5190      706.0000   120      728.0000      706.0000   530737    3.02%
   6400  5290      706.0000   134      728.0000      706.0000   539071    3.02%
   6500  5388      707.0000   156      728.0000      706.0000   551451    3.02%
   6600  5487      708.0000   121      728.0000      706.0000   562291    3.02%
   6700  5584      707.0000   147      728.0000      706.0000   570239    3.02%
   6800  5683      707.0000   151      728.0000      706.0000   580071    3.02%
   6900  5773      707.0000   149      728.0000      706.0000   598371    3.02%
   7000  5871      708.0000    85      728.0000      706.0000   609272    3.02%
Elapsed time = 399.66 sec. (tree size = 49.02 MB, solutions = 6)
   7100  5969      707.0000   143      728.0000      706.0000   616815    3.02%
   7200  6069      707.0000   171      728.0000      706.0000   629206    3.02%
   7300  6167      708.0000   115      728.0000      706.0000   637901    3.02%
   7400  6266      708.0000   123      728.0000      706.0000   644941    3.02%
   7500  6359      708.0000   155      728.0000      706.0000   657395    3.02%
   7600  6456      709.0000    80      728.0000      706.0000   664489    3.02%
   7700  6550      709.0000    75      728.0000      706.0000   675221    3.02%
   7800  6650      709.0000    96      728.0000      706.0000   678000    3.02%
   7900  6747      709.0000   141      728.0000      706.0000   685015    3.02%
   8000  6846      710.0000   104      728.0000      706.0000   690566    3.02%
Elapsed time = 447.73 sec. (tree size = 58.72 MB, solutions = 6)
   8100  6944      707.0000   148      728.0000      706.0000   697426    3.02%
   8200  7043      708.0000    86      728.0000      706.0000   706364    3.02%
   8300  7141      707.0000   127      728.0000      706.0000   714826    3.02%
   8400  7241      707.0000   150      728.0000      706.0000   723895    3.02%
   8500  7335      707.0000   197      728.0000      706.0000   741434    3.02%
   8600  7433      708.0000    96      728.0000      706.0000   746621    3.02%
   8700  7532      706.0000   178      728.0000      706.0000   754221    3.02%
   8800  7631      707.0000    97      728.0000      706.0000   766895    3.02%
   8900  7730      707.0000   208      728.0000      706.0000   776595    3.02%
   9000  7829      708.0000   111      728.0000      706.0000   784581    3.02%
Elapsed time = 521.50 sec. (tree size = 68.78 MB, solutions = 6)
   9100  7927      708.0000   115      728.0000      706.0000   793402    3.02%
   9200  8025      708.0000   127      728.0000      706.0000   802801    3.02%
   9300  8118      709.0000   112      728.0000      706.0000   816394    3.02%
   9400  8218      709.0000   111      728.0000      706.0000   821214    3.02%
   9500  8312      712.0000    69      728.0000      706.0000   828385    3.02%
   9600  8411      713.0000    75      728.0000      706.0000   831277    3.02%
   9700  8504      712.0000    65      728.0000      706.0000   837578    3.02%
   9800  8603      713.0000    69      728.0000      706.0000   840011    3.02%
   9900  8700      708.0000   120      728.0000      706.0000   847059    3.02%
  10000  8799      708.0000   118      728.0000      706.0000   855341    3.02%
Elapsed time = 559.17 sec. (tree size = 79.19 MB, solutions = 6)
  10100  8892      709.0000   100      728.0000      706.0000   868788    3.02%
  10200  8992      709.0000   105      728.0000      706.0000   872909    3.02%
  10300  9090      709.0000    81      728.0000      706.0000   879747    3.02%
  10400  9190      709.0000   108      728.0000      706.0000   884643    3.02%
  10500  9280      709.0000    87      728.0000      706.0000   897816    3.02%
  10600  9380      709.0000   121      728.0000      706.0000   903216    3.02%
  10700  9475      709.0000   139      728.0000      706.0000   914695    3.02%
  10800  9573      710.0000    73      728.0000      706.0000   920159    3.02%
  10900  9663      709.0000    97      728.0000      706.0000   934140    3.02%
  11000  9763      709.0000    89      728.0000      706.0000   937793    3.02%
Elapsed time = 604.44 sec. (tree size = 89.80 MB, solutions = 6)
  11100  9861      709.0000    79      728.0000      706.0000   946446    3.02%
  11200  9961      709.0000   116      728.0000      706.0000   951651    3.02%
  11300 10059      707.0000   106      728.0000      706.0000   960531    3.02%
  11400 10157      707.0000   146      728.0000      706.0000   974603    3.02%
  11500 10254      706.0000   139      728.0000      706.0000   985876    3.02%
  11600 10354      706.0000   154      728.0000      706.0000   994290    3.02%
  11700 10452      707.0000   105      728.0000      706.0000  1006264    3.02%
  11800 10552      707.0000   106      728.0000      706.0000  1010367    3.02%
  11900 10650      707.0000   131      728.0000      706.0000  1023481    3.02%
  12000 10750      707.0000    92      728.0000      706.0000  1027427    3.02%
Elapsed time = 669.59 sec. (tree size = 101.69 MB, solutions = 6)
  12100 10847      707.0000   140      728.0000      706.0000  1037950    3.02%
  12200 10947      707.0000   107      728.0000      706.0000  1042308    3.02%
  12300 11047      706.0000   214      728.0000      706.0000  1050434    3.02%
  12400 11145      706.0000   160      728.0000      706.0000  1070828    3.02%
  12500 11242      706.0000   169      728.0000      706.0000  1083281    3.02%
  12600 11341      707.0000   118      728.0000      706.0000  1094939    3.02%
  12700 11438      707.0000   202      728.0000      706.0000  1112842    3.02%
  12800 11538      707.0000   129      728.0000      706.0000  1120177    3.02%
  12900 11638      706.0000   241      728.0000      706.0000  1130731    3.02%
  13000 11737      707.0000   136      728.0000      706.0000  1145179    3.02%
Elapsed time = 770.55 sec. (tree size = 114.38 MB, solutions = 6)
  13100 11837      706.0000   179      728.0000      706.0000  1152887    3.02%
  13200 11937      706.0000   207      728.0000      706.0000  1167055    3.02%
  13300 12034      710.0000    93      728.0000      706.0000  1190449    3.02%
  13400 12132      711.0000    68      728.0000      706.0000  1196109    3.02%
  13500 12232      706.0000   239      728.0000      706.0000  1203921    3.02%
  13600 12330      708.0000    90      728.0000      706.0000  1221356    3.02%
  13700 12429      707.0000   120      728.0000      706.0000  1229650    3.02%
  13800 12529      707.0000   120      728.0000      706.0000  1236599    3.02%
  13900 12628      709.0000    94      728.0000      706.0000  1247344    3.02%
  14000 12726      710.0000    54      728.0000      706.0000  1255005    3.02%
Elapsed time = 856.94 sec. (tree size = 127.88 MB, solutions = 6)
Began writing nodes to disk (directory ./cpxa03760 created)
  14100 12822      709.0000    86      728.0000      706.0000  1263181    3.02%
  14200 12921      710.0000    67      728.0000      706.0000  1270005    3.02%
  14300 13018      709.0000    92      728.0000      706.0000  1278986    3.02%
  14400 13116      710.0000    74      728.0000      706.0000  1285588    3.02%
  14500 13213      709.0000   118      728.0000      706.0000  1295314    3.02%
  14600 13312      710.0000    85      728.0000      706.0000  1300593    3.02%
  14700 13411      706.0000   260      728.0000      706.0000  1309911    3.02%
  14800 13507      707.0000   113      728.0000      706.0000  1334338    3.02%
  14900 13605      709.0000    97      728.0000      706.0000  1347104    3.02%
  15000 13704      710.0000    70      728.0000      706.0000  1354146    3.02%
Elapsed time = 928.36 sec. (tree size = 141.70 MB, solutions = 6)
Nodefile size = 14.23 MB (7.52 MB after compression)
  15100 13802      709.0000   129      728.0000      706.0000  1361354    3.02%
  15200 13901      710.0000    58      728.0000      706.0000  1365990    3.02%
  15300 14000      707.0000   142      728.0000      706.0000  1372467    3.02%
  15400 14100      707.0000   106      728.0000      706.0000  1378282    3.02%
  15500 14194      708.0000   130      728.0000      706.0000  1395545    3.02%
  15600 14292      709.0000    71      728.0000      706.0000  1405272    3.02%
  15700 14390      707.0000   142      728.0000      706.0000  1419609    3.02%
  15800 14489      708.0000    74      728.0000      706.0000  1428621    3.02%
  15900 14587      709.0000    96      728.0000      706.0000  1436795    3.02%
  16000 14685      711.0000    58      728.0000      706.0000  1441533    3.02%
Elapsed time = 997.77 sec. (tree size = 155.70 MB, solutions = 6)
Nodefile size = 28.13 MB (16.56 MB after compression)
  16100 14782      709.0000   109      728.0000      706.0000  1449017    3.02%
  16200 14881      710.0000    83      728.0000      706.0000  1455330    3.02%
  16300 14979      708.0000   179      728.0000      706.0000  1463898    3.02%
  16400 15071      709.0000    80      728.0000      706.0000  1480382    3.02%
  16500 15169      709.0000    97      728.0000      706.0000  1490274    3.02%
  16600 15268      710.0000    71      728.0000      706.0000  1495108    3.02%
  16700 15366      707.0000   155      728.0000      706.0000  1503081    3.02%
  16800 15466      707.0000   162      728.0000      706.0000  1510887    3.02%
  16900 15564      707.0000   150      728.0000      706.0000  1527465    3.02%
  17000 15662      708.0000    98      728.0000      706.0000  1539184    3.02%
Elapsed time = 1078.59 sec. (tree size = 169.82 MB, solutions = 6)
Nodefile size = 42.05 MB (24.98 MB after compression)
  17100 15761      710.0000   147      728.0000      706.0000  1546158    3.02%
  17200 15857      712.0000    78      728.0000      706.0000  1553920    3.02%
  17300 15953      709.0000   138      728.0000      706.0000  1561843    3.02%
  17400 16052      709.0000   148      728.0000      706.0000  1569681    3.02%
  17500 16144      710.0000   125      728.0000      706.0000  1581735    3.02%
  17600 16244      710.0000   114      728.0000      706.0000  1585858    3.02%
  17700 16341      710.0000   102      728.0000      706.0000  1594206    3.02%
  17800 16440      711.0000    81      728.0000      706.0000  1599504    3.02%
  17900 16537      709.0000   185      728.0000      706.0000  1607164    3.02%
  18000 16635      709.0000   103      728.0000      706.0000  1616780    3.02%
Elapsed time = 1136.56 sec. (tree size = 184.35 MB, solutions = 6)
Nodefile size = 56.94 MB (33.10 MB after compression)
  18100 16730      709.0000   115      728.0000      706.0000  1627249    3.02%
  18200 16829      710.0000    76      728.0000      706.0000  1634610    3.02%
  18300 16926      707.0000   203      728.0000      706.0000  1648426    3.02%
  18400 17023      708.0000   115      728.0000      706.0000  1662169    3.02%
  18500 17120      708.0000   170      728.0000      706.0000  1676973    3.02%
  18600 17218      710.0000    89      728.0000      706.0000  1686274    3.02%
  18700 17316      708.0000   150      728.0000      706.0000  1695303    3.02%
  18800 17412      709.0000    77      728.0000      706.0000  1714993    3.02%
  18900 17505      707.0000   194      728.0000      706.0000  1727259    3.02%
  19000 17604      708.0000   107      728.0000      706.0000  1737625    3.02%
Elapsed time = 1228.58 sec. (tree size = 199.08 MB, solutions = 6)
Nodefile size = 71.84 MB (42.13 MB after compression)
  19100 17703      707.0000   134      728.0000      706.0000  1748683    3.02%
  19200 17802      708.0000    76      728.0000      706.0000  1760404    3.02%
  19300 17901      706.0000   240      728.0000      706.0000  1773560    3.02%
  19400 17995      707.0000   108      728.0000      706.0000  1818707    3.02%
  19500 18095      706.0000   251      728.0000      706.0000  1829135    3.02%
  19600 18191      707.0000    93      728.0000      706.0000  1854054    3.02%
  19700 18291      706.0000   192      728.0000      706.0000  1862497    3.02%
  19800 18390      707.0000   104      728.0000      706.0000  1879034    3.02%
  19900 18489      718.0000    41      728.0000      706.0000  1886432    3.02%
  20000 18583      724.0000    58      728.0000      706.0000  1890244    3.02%
Elapsed time = 1361.36 sec. (tree size = 214.40 MB, solutions = 6)
Nodefile size = 86.75 MB (52.34 MB after compression)
  20100 18671      712.0000    64      728.0000      706.0000  1898939    3.02%
  20200 18768      714.0000    69      728.0000      706.0000  1904378    3.02%
  20300 18865      714.0000    86      728.0000      706.0000  1911624    3.02%
  20400 18960      715.0193    96      728.0000      706.0000  1915668    3.02%
  20500 19053      711.0000    78      728.0000      706.0000  1922171    3.02%
  20600 19151      713.0000    59      728.0000      706.0000  1926127    3.02%
  20700 19249      711.0000    90      728.0000      706.0000  1932497    3.02%
  20800 19347      713.0000    57      728.0000      706.0000  1937317    3.02%
  20900 19444      713.0000    64      728.0000      706.0000  1943116    3.02%
  21000 19540      722.0000    41      728.0000      706.0000  1946684    3.02%
Elapsed time = 1403.70 sec. (tree size = 230.04 MB, solutions = 6)
Nodefile size = 102.63 MB (66.43 MB after compression)
  21100 19624      711.0000   112      728.0000      706.0000  1952432    3.02%
  21200 19717      713.0000    51      728.0000      706.0000  1958907    3.02%
  21300 19814      706.0000   198      728.0000      706.0000  1966102    3.02%
  21400 19913      707.0000   124      728.0000      706.0000  1979259    3.02%
  21500 20011      711.0000    91      728.0000      706.0000  1989905    3.02%
  21600 20109      724.0000    40      728.0000      706.0000  1995805    3.02%
  21700 20205      710.0000    88      728.0000      706.0000  2003672    3.02%
  21800 20303      712.0000    69      728.0000      706.0000  2009389    3.02%
  21900 20399      709.0000    95      728.0000      706.0000  2016361    3.02%
  22000 20496      710.0000    80      728.0000      706.0000  2024104    3.02%
Elapsed time = 1468.20 sec. (tree size = 245.84 MB, solutions = 6)
Nodefile size = 118.45 MB (79.93 MB after compression)
  22100 20596      706.0000   188      728.0000      706.0000  2031219    3.02%
  22200 20695      707.0000   140      728.0000      706.0000  2044065    3.02%
  22300 20794      708.0000   145      728.0000      706.0000  2054725    3.02%
  22400 20892      709.0000   105      728.0000      706.0000  2066687    3.02%
  22500 20988      706.0000   227      728.0000      706.0000  2072658    3.02%
  22600 21087      707.0000   118      728.0000      706.0000  2086297    3.02%
  22700 21184      708.0000   160      728.0000      706.0000  2093877    3.02%
  22800 21282      709.0000    69      728.0000      706.0000  2104901    3.02%
  22900 21381      706.0000   208      728.0000      706.0000  2113896    3.02%
  23000 21480      707.0000   116      728.0000      706.0000  2131717    3.02%
Elapsed time = 1569.38 sec. (tree size = 262.37 MB, solutions = 6)
Nodefile size = 134.60 MB (92.57 MB after compression)
  23100 21580      706.0000   189      728.0000      706.0000  2140979    3.02%
  23200 21679      707.0000    98      728.0000      706.0000  2155808    3.02%
  23300 21779      706.0000   258      728.0000      706.0000  2168005    3.02%
  23400 21878      707.0000   158      728.0000      706.0000  2186602    3.02%
  23500 21977      706.0000   216      728.0000      706.0000  2200277    3.02%
  23600 22070      707.0000   109      728.0000      706.0000  2236045    3.02%
  23700 22169      706.0000   289      728.0000      706.0000  2252188    3.02%
  23800 22267      707.0000   152      728.0000      706.0000  2265786    3.02%
  23900 22365      707.0000   173      728.0000      706.0000  2276912    3.02%
  24000 22465      707.0000   159      728.0000      706.0000  2287099    3.02%
Elapsed time = 1715.48 sec. (tree size = 279.28 MB, solutions = 6)
Nodefile size = 152.05 MB (105.33 MB after compression)
  24100 22564      706.0000   211      728.0000      706.0000  2298529    3.02%
  24200 22663      707.0000   100      728.0000      706.0000  2313812    3.02%
  24300 22760      710.0163   180      728.0000      706.0000  2325540    3.02%
  24400 22854      714.0000    63      728.0000      706.0000  2331525    3.02%
  24500 22949      709.0000   118      728.0000      706.0000  2338354    3.02%
  24600 23047      712.0000    59      728.0000      706.0000  2347462    3.02%
  24700 23146      709.0000   128      728.0000      706.0000  2355319    3.02%
  24800 23245      710.0000    91      728.0000      706.0000  2362622    3.02%
  24900 23342      709.0000   143      728.0000      706.0000  2370598    3.02%
  25000 23441      710.0000    90      728.0000      706.0000  2378409    3.02%
Elapsed time = 1792.13 sec. (tree size = 296.54 MB, solutions = 6)
Nodefile size = 169.20 MB (119.89 MB after compression)
  25100 23539      709.0000   117      728.0000      706.0000  2387946    3.02%
  25200 23636      710.0000    81      728.0000      706.0000  2400851    3.02%
  25300 23735      709.0000   140      728.0000      706.0000  2410456    3.02%
  25400 23834      710.0000    88      728.0000      706.0000  2420732    3.02%
  25500 23931      710.0000    99      728.0000      706.0000  2430879    3.02%
  25600 24030      711.0000    66      728.0000      706.0000  2438244    3.02%
  25700 24129      706.0000   225      728.0000      706.0000  2447388    3.02%
  25800 24228      707.0000   127      728.0000      706.0000  2460593    3.02%
  25900 24324      707.0000   200      728.0000      706.0000  2482835    3.02%
  26000 24419      709.0000   140      728.0000      706.0000  2501537    3.02%
Elapsed time = 1892.95 sec. (tree size = 313.93 MB, solutions = 6)
Nodefile size = 186.70 MB (135.13 MB after compression)
  26100 24517      708.0000   170      728.0000      706.0000  2513116    3.02%
  26200 24616      709.0000    78      728.0000      706.0000  2521498    3.02%
  26300 24715      707.0000   184      728.0000      706.0000  2532616    3.02%
  26400 24814      708.0000    86      728.0000      706.0000  2551441    3.02%
  26500 24914      706.0000   234      728.0000      706.0000  2560189    3.02%
  26600 25013      707.0000   145      728.0000      706.0000  2581578    3.02%
  26700 25111      707.0000   166      728.0000      706.0000  2592921    3.02%
  26800 25211      707.0000   127      728.0000      706.0000  2601528    3.02%
  26900 25307      719.0000    84      728.0000      706.0000  2615460    3.02%
  27000 25403      723.0000    65      728.0000      706.0000  2619249    3.02%
Elapsed time = 1998.61 sec. (tree size = 331.64 MB, solutions = 6)
Nodefile size = 204.00 MB (149.33 MB after compression)
  27100 25497      714.0000    65      728.0000      706.0000  2626256    3.02%
  27200 25594      717.0000    63      728.0000      706.0000  2631207    3.02%
  27300 25692      706.0000   253      728.0000      706.0000  2639184    3.02%
  27400 25790      708.0000    86      728.0000      706.0000  2653301    3.02%
  27500 25888      706.0000   211      728.0000      706.0000  2659733    3.02%
  27600 25986      706.0000   194      728.0000      706.0000  2684344    3.02%
  27700 26082      709.0000   144      728.0000      706.0000  2700804    3.02%
  27800 26178      713.0000    57      728.0000      706.0000  2708565    3.02%
  27900 26275      714.0000    95      728.0000      706.0000  2714847    3.02%
  28000 26372      717.0000    49      728.0000      706.0000  2717954    3.02%
Elapsed time = 2088.64 sec. (tree size = 349.15 MB, solutions = 6)
Nodefile size = 221.65 MB (164.58 MB after compression)
  28100 26467      708.0000   148      728.0000      706.0000  2725766    3.02%
  28200 26565      710.0000    68      728.0000      706.0000  2736942    3.02%
  28300 26662      710.0000   170      728.0000      706.0000  2747450    3.02%
  28400 26755      714.0000    56      728.0000      706.0000  2757129    3.02%
  28500 26848      712.0000    74      728.0000      706.0000  2765421    3.02%
  28600 26946      714.0000    61      728.0000      706.0000  2769855    3.02%
  28700 27042      712.0000    67      728.0000      706.0000  2776213    3.02%
  28800 27139      722.0000    51      728.0000      706.0000  2781373    3.02%
  28900 27235      711.0000   124      728.0000      706.0000  2790017    3.02%
  29000 27333      713.0000    68      728.0000      706.0000  2793801    3.02%
Elapsed time = 2151.33 sec. (tree size = 366.60 MB, solutions = 6)
Nodefile size = 239.46 MB (180.89 MB after compression)
  29100 27427      710.0000   122      728.0000      706.0000  2804460    3.02%
  29200 27524      711.0000    82      728.0000      706.0000  2813147    3.02%
  29300 27618      710.0000   127      728.0000      706.0000  2823508    3.02%
  29400 27716      712.0000    53      728.0000      706.0000  2831054    3.02%
  29500 27810      710.0000   102      728.0000      706.0000  2841383    3.02%
  29600 27908      712.0000    87      728.0000      706.0000  2851043    3.02%
  29700 28005      709.0000   131      728.0000      706.0000  2858525    3.02%
  29800 28103      711.0000    88      728.0000      706.0000  2866772    3.02%
  29900 28202      706.0000   286      728.0000      706.0000  2874608    3.02%
  30000 28300      707.0000   109      728.0000      706.0000  2905489    3.02%
Elapsed time = 2245.28 sec. (tree size = 384.12 MB, solutions = 6)
Nodefile size = 256.25 MB (196.29 MB after compression)
  30100 28399      709.0000   130      728.0000      706.0000  2917493    3.02%
  30200 28498      710.0000    95      728.0000      706.0000  2926096    3.02%
  30300 28596      709.0000   148      728.0000      706.0000  2934243    3.02%
  30400 28695      710.0000   102      728.0000      706.0000  2941060    3.02%
  30500 28793      709.0000   147      728.0000      706.0000  2949762    3.02%
  30600 28892      710.0000   115      728.0000      706.0000  2959474    3.02%
  30700 28990      706.1234   282      728.0000      706.0000  2971744    3.02%
  30800 29085      707.0000   158      728.0000      706.0000  3003432    3.02%
  30900 29183      707.0000   158      728.0000      706.0000  3036079    3.02%
  31000 29282      708.0000    89      728.0000      706.0000  3048644    3.02%
Elapsed time = 2372.77 sec. (tree size = 401.80 MB, solutions = 6)
Nodefile size = 274.05 MB (211.85 MB after compression)
  31100 29381      707.0000   202      728.0000      706.0000  3060080    3.02%
  31200 29480      708.0000    70      728.0000      706.0000  3069846    3.02%
  31300 29579      706.0000   255      728.0000      706.0000  3076463    3.02%
  31400 29678      707.0000   155      728.0000      706.0000  3093830    3.02%
  31500 29777      706.0000   227      728.0000      706.0000  3109561    3.02%
  31600 29877      706.0000   172      728.0000      706.0000  3126682    3.02%
  31700 29973      706.0000   226      728.0000      706.0000  3158984    3.02%
  31800 30071      708.0000   114      728.0000      706.0000  3181339    3.02%
  31900 30170      707.0000   166      728.0000      706.0000  3188419    3.02%
  32000 30269      708.0000   121      728.0000      706.0000  3198580    3.02%
Elapsed time = 2507.52 sec. (tree size = 419.50 MB, solutions = 6)
Nodefile size = 292.45 MB (227.81 MB after compression)
  32100 30367      712.0000   117      728.0000      706.0000  3209109    3.02%
  32200 30464      717.0000    58      728.0000      706.0000  3213678    3.02%
  32300 30561      712.0000    75      728.0000      706.0000  3221209    3.02%
  32400 30656      714.0000    57      728.0000      706.0000  3226445    3.02%
  32500 30755      706.0000   210      728.0000      706.0000  3232261    3.02%
  32600 30854      707.0000   158      728.0000      706.0000  3249187    3.02%
  32700 30952      707.0000   161      728.0000      706.0000  3260654    3.02%
  32800 31051      708.0000   116      728.0000      706.0000  3279867    3.02%
  32900 31150      706.0000   239      728.0000      706.0000  3287684    3.02%
  33000 31249      707.0000   129      728.0000      706.0000  3305933    3.02%
Elapsed time = 2604.55 sec. (tree size = 437.14 MB, solutions = 6)
Nodefile size = 309.24 MB (242.68 MB after compression)
  33100 31345      711.0000   132      728.0000      706.0000  3319888    3.02%
  33200 31438      714.0055    90      728.0000      706.0000  3329440    3.02%
  33300 31535      712.0000    80      728.0000      706.0000  3338487    3.02%
  33400 31634      713.0000    61      728.0000      706.0000  3342528    3.02%
  33500 31730      709.0000   133      728.0000      706.0000  3350725    3.02%
  33600 31827      712.0000    68      728.0000      706.0000  3357440    3.02%
  33700 31923      710.0000    91      728.0000      706.0000  3365392    3.02%
  33800 32021      712.0000    80      728.0000      706.0000  3370984    3.02%
  33900 32120      706.0000   206      728.0000      706.0000  3378113    3.02%
  34000 32216      707.0000    94      728.0000      706.0000  3416074    3.02%
Elapsed time = 2702.27 sec. (tree size = 454.60 MB, solutions = 6)
Nodefile size = 327.01 MB (258.68 MB after compression)
  34100 32315      707.0000   194      728.0000      706.0000  3428170    3.02%
  34200 32411      709.0000    91      728.0000      706.0000  3440220    3.02%
  34300 32510      707.0000   177      728.0000      706.0000  3450494    3.02%
  34400 32609      708.0000    86      728.0000      706.0000  3462365    3.02%
  34500 32708      707.0000   178      728.0000      706.0000  3473209    3.02%
  34600 32808      707.0000   117      728.0000      706.0000  3481823    3.02%
  34700 32907      706.0000   184      728.0000      706.0000  3494158    3.02%
  34800 33006      706.0000   176      728.0000      706.0000  3512645    3.02%
  34900 33102      711.0000    91      728.0000      706.0000  3535838    3.02%
  35000 33200      713.0000    85      728.0000      706.0000  3542628    3.02%
Elapsed time = 2822.16 sec. (tree size = 472.26 MB, solutions = 6)
Nodefile size = 344.76 MB (274.11 MB after compression)
  35100 33292      710.0000   136      728.0000      706.0000  3550666    3.02%
  35200 33387      715.0000    78      728.0000      706.0000  3557939    3.02%
  35300 33482      709.0000   107      728.0000      706.0000  3564508    3.02%
  35400 33580      711.0000    87      728.0000      706.0000  3572748    3.02%
  35500 33678      709.0000   113      728.0000      706.0000  3581643    3.02%
  35600 33772      710.0000    68      728.0000      706.0000  3592989    3.02%
  35700 33871      707.0000   189      728.0000      706.0000  3600892    3.02%
  35800 33968      709.0000    87      728.0000      706.0000  3614645    3.02%
  35900 34066      707.0000   120      728.0000      706.0000  3622798    3.02%
  36000 34165      708.0000   131      728.0000      706.0000  3635668    3.02%
Elapsed time = 2897.64 sec. (tree size = 489.69 MB, solutions = 6)
Nodefile size = 362.60 MB (290.52 MB after compression)
  36100 34264      706.0000   279      728.0000      706.0000  3645161    3.02%
  36200 34362      708.0000    84      728.0000      706.0000  3666087    3.02%
  36300 34462      706.0000   226      728.0000      706.0000  3676279    3.02%
  36400 34561      707.0000   149      728.0000      706.0000  3699445    3.02%
  36500 34656      707.0000   221      728.0000      706.0000  3724478    3.02%
  36600 34755      708.0000    84      728.0000      706.0000  3734990    3.02%
  36700 34855      706.0000   255      728.0000      706.0000  3744207    3.02%
  36800 34953      708.0000   113      728.0000      706.0000  3760054    3.02%
  36900 35052      707.0000   242      728.0000      706.0000  3769837    3.02%
  37000 35151      708.0000    87      728.0000      706.0000  3786907    3.02%
Elapsed time = 3035.69 sec. (tree size = 507.37 MB, solutions = 6)
Nodefile size = 379.46 MB (305.63 MB after compression)
  37100 35251      706.0000   187      728.0000      706.0000  3793501    3.02%
  37200 35347      707.0000    98      728.0000      706.0000  3825832    3.02%
  37300 35447      706.0000   214      728.0000      706.0000  3834535    3.02%
  37400 35545      708.0000    82      728.0000      706.0000  3852054    3.02%
  37500 35645      706.0000   290      728.0000      706.0000  3862037    3.02%
  37600 35743      708.0000    81      728.0000      706.0000  3880780    3.02%
  37700 35842      706.0000   242      728.0000      706.0000  3887644    3.02%
  37800 35940      708.0000    98      728.0000      706.0000  3907848    3.02%
  37900 36039      706.0000   235      728.0000      706.0000  3920523    3.02%
  38000 36134      708.0000   158      728.0000      706.0000  3943791    3.02%
Elapsed time = 3173.61 sec. (tree size = 524.99 MB, solutions = 6)
Nodefile size = 397.30 MB (321.66 MB after compression)
  38100 36234      706.0000   223      728.0000      706.0000  3953271    3.02%
  38200 36332      708.0000   107      728.0000      706.0000  3970633    3.02%
  38300 36431      706.0000   213      728.0000      706.0000  3979022    3.02%
  38400 36529      708.0000    96      728.0000      706.0000  3995792    3.02%
  38500 36628      707.0000   191      728.0000      706.0000  4005945    3.02%
  38600 36727      708.0000   135      728.0000      706.0000  4019079    3.02%
  38700 36826      706.0000   191      728.0000      706.0000  4029982    3.02%
  38800 36921      707.0000   108      728.0000      706.0000  4055280    3.02%
  38900 37021      706.0000   226      728.0000      706.0000  4063699    3.02%
  39000 37120      707.0000    88      728.0000      706.0000  4077333    3.02%
Elapsed time = 3290.89 sec. (tree size = 542.66 MB, solutions = 6)
Nodefile size = 415.14 MB (337.75 MB after compression)
  39100 37219      708.0000   130      728.0000      706.0000  4085008    3.02%
  39200 37317      710.0000    88      728.0000      706.0000  4094735    3.02%
  39300 37414      708.0000   158      728.0000      706.0000  4104477    3.02%
  39400 37513      709.0000   126      728.0000      706.0000  4114258    3.02%
  39500 37605      719.0171    85      728.0000      706.0000  4125612    3.02%
  39600 37700      724.0000    72      728.0000      706.0000  4130013    3.02%
  39700 37798      726.0000    52      728.0000      706.0000  4133795    3.02%
  39800 37879      721.0000    69      728.0000      706.0000  4144601    3.02%
  39900 37978      725.0000    51      728.0000      706.0000  4148272    3.02%
  40000 38064      715.0000    67      728.0000      706.0000  4157239    3.02%
Elapsed time = 3354.48 sec. (tree size = 559.78 MB, solutions = 6)
Nodefile size = 431.98 MB (352.90 MB after compression)
  40100 38159      724.0000    58      728.0000      706.0000  4160570    3.02%
  40200 38253      726.0000    50      728.0000      706.0000  4164038    3.02%
  40300 38349      715.0000    78      728.0000      706.0000  4171383    3.02%
  40400 38438      724.0000    42      728.0000      706.0000  4176222    3.02%
  40500 38531      712.0000    78      728.0000      706.0000  4183702    3.02%
  40600 38630      713.0000    63      728.0000      706.0000  4188513    3.02%
  40700 38724      714.0000    79      728.0000      706.0000  4196185    3.02%
  40800 38819      722.0000    75      728.0000      706.0000  4200140    3.02%
  40900 38914      710.0000    81      728.0000      706.0000  4209290    3.02%
  41000 39013      711.0000    79      728.0000      706.0000  4213592    3.02%
Elapsed time = 3398.13 sec. (tree size = 577.03 MB, solutions = 6)
Nodefile size = 449.77 MB (369.00 MB after compression)
  41100 39111      709.0000   125      728.0000      706.0000  4220366    3.02%
  41200 39209      710.0000    66      728.0000      706.0000  4228838    3.02%
  41300 39305      706.0000   260      728.0000      706.0000  4241413    3.02%
  41400 39403      708.0000    94      728.0000      706.0000  4257548    3.02%
  41500 39503      706.0000   155      728.0000      706.0000  4264273    3.02%
  41600 39601      708.0000    96      728.0000      706.0000  4283784    3.02%
  41700 39700      706.0000   220      728.0000      706.0000  4297374    3.02%
  41800 39799      707.0000   176      728.0000      706.0000  4314983    3.02%
  41900 39897      707.0000   182      728.0000      706.0000  4325319    3.02%
  42000 39986      709.0000   110      728.0000      706.0000  4351437    3.02%
Elapsed time = 3523.42 sec. (tree size = 594.51 MB, solutions = 6)
Nodefile size = 466.66 MB (384.63 MB after compression)
  42100 40077      707.0000   176      728.0000      706.0000  4365550    3.02%
  42200 40175      709.0000   112      728.0000      706.0000  4377357    3.02%
  42300 40272      707.0000   172      728.0000      706.0000  4385408    3.02%
  42400 40370      709.0000    83      728.0000      706.0000  4393959    3.02%
  42500 40468      706.0000   229      728.0000      706.0000  4403106    3.02%
  42600 40566      708.0000   100      728.0000      706.0000  4418034    3.02%
  42700 40658      708.0000   176      728.0000      706.0000  4432939    3.02%
  42800 40754      712.0000    70      728.0000      706.0000  4442581    3.02%
  42900 40852      714.0000    62      728.0000      706.0000  4445754    3.02%
  43000 40951      724.0000    36      728.0000      706.0000  4447628    3.02%
Elapsed time = 3607.88 sec. (tree size = 611.96 MB, solutions = 6)
Nodefile size = 484.46 MB (401.12 MB after compression)
  43100 41042      710.0000    59      728.0000      706.0000  4461427    3.02%
  43200 41141      711.0000    81      728.0000      706.0000  4467352    3.02%
  43300 41237      716.0000    78      728.0000      706.0000  4471267    3.02%
  43400 41336      722.0000    48      728.0000      706.0000  4472887    3.02%
  43500 41419      720.0000    70      728.0000      706.0000  4480363    3.02%
  43600 41511      725.0000    37      728.0000      706.0000  4488694    3.02%
  43700 41604      727.0000    38      728.0000      706.0000  4492682    3.02%
  43800 41691      713.0000    74      728.0000      706.0000  4503116    3.02%
  43900 41780      719.0000    62      728.0000      706.0000  4509559    3.02%
  44000 41869      727.0000    51      728.0000      706.0000  4513972    3.02%
Elapsed time = 3659.86 sec. (tree size = 628.67 MB, solutions = 6)
Nodefile size = 501.26 MB (416.44 MB after compression)
  44100 41961      708.0000    84      728.0000      706.0000  4533867    3.02%
  44200 42060      709.0000    71      728.0000      706.0000  4543764    3.02%
  44300 42159      710.0000    60      728.0000      706.0000  4547192    3.02%
  44400 42258      711.0000    66      728.0000      706.0000  4550061    3.02%
  44500 42353      724.0000    46      728.0000      706.0000  4551896    3.02%
  44600 42428      707.0000   167      728.0000      706.0000  4564757    3.02%
  44700 42526      709.0000    83      728.0000      706.0000  4575795    3.02%
  44800 42625      710.0000    73      728.0000      706.0000  4582072    3.02%
  44900 42724      707.0000   193      728.0000      706.0000  4590422    3.02%
  45000 42823      708.0000    97      728.0000      706.0000  4600023    3.02%
Elapsed time = 3736.69 sec. (tree size = 645.89 MB, solutions = 6)
Nodefile size = 518.08 MB (432.13 MB after compression)
  45100 42922      706.0000   250      728.0000      706.0000  4609389    3.02%
  45200 43013      707.0000   105      728.0000      706.0000  4654415    3.02%
  45300 43112      706.0000   223      728.0000      706.0000  4664333    3.02%
  45400 43210      708.0000   112      728.0000      706.0000  4678914    3.02%
  45500 43309      708.0000   173      728.0000      706.0000  4688567    3.02%
  45600 43406      710.0000   119      728.0000      706.0000  4696932    3.02%
  45700 43502      709.0000   114      728.0000      706.0000  4705887    3.02%
  45800 43601      710.0000    78      728.0000      706.0000  4712392    3.02%
  45900 43692      715.0000    68      728.0000      706.0000  4724348    3.02%
  46000 43788      719.0000    67      728.0000      706.0000  4728626    3.02%
Elapsed time = 3840.23 sec. (tree size = 663.28 MB, solutions = 6)
Nodefile size = 535.92 MB (448.06 MB after compression)
  46100 43887      723.0000    41      728.0000      706.0000  4730878    3.02%
  46200 43984      725.0000    51      728.0000      706.0000  4733296    3.02%
  46300 44070      710.0000   107      728.0000      706.0000  4749157    3.02%
  46400 44165      713.0000    69      728.0000      706.0000  4753763    3.02%
  46500 44260      714.0000    58      728.0000      706.0000  4757982    3.02%
  46600 44354      720.0000    56      728.0000      706.0000  4760414    3.02%
  46700 44437      726.0000    41      728.0000      706.0000  4762743    3.02%
  46800 44521      710.0000    97      728.0000      706.0000  4773729    3.02%
  46900 44619      712.0000    91      728.0000      706.0000  4780361    3.02%
  47000 44716      717.0000    58      728.0000      706.0000  4782920    3.02%
Elapsed time = 3882.56 sec. (tree size = 680.15 MB, solutions = 6)
Nodefile size = 552.73 MB (463.59 MB after compression)
  47100 44807      709.0000   169      728.0000      706.0000  4797292    3.02%
  47200 44903      713.0000    73      728.0000      706.0000  4806928    3.02%
  47300 45000      716.0000    63      728.0000      706.0000  4810228    3.02%
  47400 45097      726.0000    35      728.0000      706.0000  4812281    3.02%
  47500 45188      711.0000    70      728.0000      706.0000  4822785    3.02%
  47600 45285      715.0000    65      728.0000      706.0000  4826691    3.02%
  47700 45382      718.0000    58      728.0000      706.0000  4829701    3.02%
  47800 45479      721.0000    55      728.0000      706.0000  4832548    3.02%
  47900 45561      725.0000    54      728.0000      706.0000  4835607    3.02%
  48000 45654      707.0000   100      728.0000      706.0000  4851769    3.02%
Elapsed time = 3937.23 sec. (tree size = 697.21 MB, solutions = 6)
Nodefile size = 569.52 MB (479.02 MB after compression)
  48100 45753      708.0000   107      728.0000      706.0000  4863578    3.02%
  48200 45852      709.0000   111      728.0000      706.0000  4869179    3.02%
  48300 45950      706.0000   173      728.0000      706.0000  4874296    3.02%
  48400 46049      706.0000   165      728.0000      706.0000  4894726    3.02%
  48500 46144      710.0011   159      728.0000      706.0000  4918257    3.02%
  48600 46239      716.0000    70      728.0000      706.0000  4924559    3.02%
  48700 46334      710.0000   145      728.0000      706.0000  4933105    3.02%
  48800 46428      720.0000    77      728.0000      706.0000  4940866    3.02%
  48900 46524      706.0000   271      728.0000      706.0000  4950217    3.02%
  49000 46622      708.0000   100      728.0000      706.0000  4968803    3.02%
Elapsed time = 4030.09 sec. (tree size = 714.66 MB, solutions = 6)
Nodefile size = 587.32 MB (495.14 MB after compression)
  49100 46716      706.0000   236      728.0000      706.0000  4987534    3.02%
  49200 46814      708.0000   101      728.0000      706.0000  5000248    3.02%
  49300 46913      709.0000   113      728.0000      706.0000  5008257    3.02%
  49400 47010      712.0000    58      728.0000      706.0000  5011553    3.02%
  49500 47105      727.0000    49      728.0000      706.0000  5013551    3.02%
  49600 47188      718.0000    57      728.0000      706.0000  5027085    3.02%
  49700 47283      719.0000    64      728.0000      706.0000  5031011    3.02%
  49800 47370      719.0000    75      728.0000      706.0000  5041624    3.02%
  49900 47466      726.0000    53      728.0000      706.0000  5045213    3.02%
  50000 47564      727.0000    49      728.0000      706.0000  5048953    3.02%
Elapsed time = 4087.98 sec. (tree size = 731.79 MB, solutions = 6)
Nodefile size = 604.15 MB (510.37 MB after compression)
  50100 47652      727.0000    42      728.0000      706.0000  5056109    3.02%
  50200 47744      721.0000    51      728.0000      706.0000  5062487    3.02%
  50300 47837      711.0000   119      728.0000      706.0000  5070608    3.02%
  50400 47929      713.0000    64      728.0000      706.0000  5079928    3.02%
  50500 48026      714.0000    67      728.0000      706.0000  5085488    3.02%
  50600 48120      715.0000    46      728.0000      706.0000  5091065    3.02%
  50700 48210      722.0000    56      728.0000      706.0000  5094995    3.02%
  50800 48288      727.0000    38      728.0000      706.0000  5097717    3.02%
  50900 48380      715.0000    63      728.0000      706.0000  5105649    3.02%
  51000 48475      724.0000    73      728.0000      706.0000  5111911    3.02%
Elapsed time = 4131.09 sec. (tree size = 748.37 MB, solutions = 6)
Nodefile size = 620.93 MB (525.63 MB after compression)
  51100 48571      710.0000   113      728.0000      706.0000  5121384    3.02%
  51200 48669      712.0000    87      728.0000      706.0000  5126234    3.02%
  51300 48766      709.0000   105      728.0000      706.0000  5135135    3.02%
  51400 48863      712.0000    68      728.0000      706.0000  5145427    3.02%
  51500 48957      719.0000    80      728.0000      706.0000  5153958    3.02%
  51600 49043      722.0000    81      728.0000      706.0000  5162796    3.02%
  51700 49136      727.0000    43      728.0000      706.0000  5168595    3.02%
  51800 49217      722.0238    75      728.0000      706.0000  5179816    3.02%
  51900 49313      724.0000    66      728.0000      706.0000  5184623    3.02%
  52000 49404      725.5190    83      728.0000      706.0000  5189850    3.02%
Elapsed time = 4187.97 sec. (tree size = 765.32 MB, solutions = 6)
Nodefile size = 637.75 MB (541.03 MB after compression)
  52100 49492      720.0000    83      728.0000      706.0000  5199324    3.02%
  52200 49588      724.0000    44      728.0000      706.0000  5202714    3.02%
  52300 49681      717.0000    63      728.0000      706.0000  5209475    3.02%
  52400 49767      716.0000    85      728.0000      706.0000  5216488    3.02%
  52500 49860      707.0000   158      728.0000      706.0000  5231230    3.02%
  52600 49957      708.0000    85      728.0000      706.0000  5241705    3.02%
  52700 50057      708.0000    75      728.0000      706.0000  5245621    3.02%
  52800 50154      709.0000    79      728.0000      706.0000  5252529    3.02%
  52900 50238      713.0601    75      728.0000      706.0000  5257884    3.02%
  53000 50323      727.0000    36      728.0000      706.0000  5260950    3.02%
Elapsed time = 4242.55 sec. (tree size = 782.02 MB, solutions = 6)
Nodefile size = 654.54 MB (556.37 MB after compression)
  53100 50408      709.0000    84      728.0000      706.0000  5278134    3.02%
  53200 50507      710.0000    76      728.0000      706.0000  5283551    3.02%
  53300 50605      712.0000    64      728.0000      706.0000  5286277    3.02%
  53400 50702      715.2184    68      728.0000      706.0000  5288526    3.02%
  53500 50798      707.0000   216      728.0000      706.0000  5295263    3.02%
  53600 50896      709.0000    74      728.0000      706.0000  5305713    3.02%
  53700 50993      709.0000   158      728.0000      706.0000  5314894    3.02%
  53800 51089      713.0000    76      728.0000      706.0000  5320756    3.02%
  53900 51185      709.0000    94      728.0000      706.0000  5327309    3.02%
  54000 51280      710.0000    69      728.0000      706.0000  5336342    3.02%
Elapsed time = 4304.44 sec. (tree size = 799.31 MB, solutions = 6)
Nodefile size = 671.35 MB (571.91 MB after compression)
  54100 51358      707.0000   214      728.0000      706.0000  5363075    3.02%
  54200 51457      708.0000   121      728.0000      706.0000  5380204    3.02%
  54300 51556      709.0000    94      728.0000      706.0000  5385669    3.02%
  54400 51654      711.0000    76      728.0000      706.0000  5388927    3.02%
  54500 51751      714.0000    60      728.0000      706.0000  5391284    3.02%
  54600 51845      725.0000    52      728.0000      706.0000  5393751    3.02%
  54700 51927      707.0000   124      728.0000      706.0000  5413731    3.02%
  54800 52023      708.0000   100      728.0000      706.0000  5429014    3.02%
  54900 52119      710.0000    93      728.0000      706.0000  5438152    3.02%
  55000 52211      713.0000    55      728.0000      706.0000  5442572    3.02%
Elapsed time = 4390.83 sec. (tree size = 816.28 MB, solutions = 6)
Nodefile size = 689.14 MB (588.46 MB after compression)
  55100 52303      716.0000    61      728.0000      706.0000  5445097    3.02%
  55200 52390      719.0000    49      728.0000      706.0000  5447221    3.02%
  55300 52457      708.0000   134      728.0000      706.0000  5456950    3.02%
  55400 52555      710.0000   122      728.0000      706.0000  5465302    3.02%
  55500 52651      713.0000    81      728.0000      706.0000  5469534    3.02%
  55600 52745      721.0000    67      728.0000      706.0000  5472428    3.02%
  55700 52835      708.0000   123      728.0000      706.0000  5479989    3.02%
  55800 52928      709.0000    93      728.0000      706.0000  5496489    3.02%
  55900 53021      710.0000   102      728.0000      706.0000  5507771    3.02%
  56000 53109      715.0000    57      728.0000      706.0000  5513480    3.02%
Elapsed time = 4445.25 sec. (tree size = 832.59 MB, solutions = 6)
Nodefile size = 704.96 MB (603.14 MB after compression)
  56100 53197      721.0000    59      728.0000      706.0000  5517626    3.02%
  56200 53275    infeasible            728.0000      706.0000  5533072    3.02%
  56300 53373      709.0000    71      728.0000      706.0000  5550274    3.02%
  56400 53473      709.0000   115      728.0000      706.0000  5555928    3.02%
  56500 53571      712.0000    63      728.0000      706.0000  5560283    3.02%
  56600 53667      716.0000    66      728.0000      706.0000  5562573    3.02%
  56700 53761      727.0000    47      728.0000      706.0000  5564691    3.02%
  56800 53846      711.0000    62      728.0000      706.0000  5581285    3.02%
  56900 53944      713.0000    72      728.0000      706.0000  5585274    3.02%
  57000 54039      718.0000    70      728.0000      706.0000  5588591    3.02%
Elapsed time = 4503.56 sec. (tree size = 849.50 MB, solutions = 6)
Nodefile size = 721.76 MB (618.65 MB after compression)
  57100 54136      723.0000    66      728.0000      706.0000  5590659    3.02%
  57200 54216      708.0000   120      728.0000      706.0000  5600750    3.02%
  57300 54313      710.0211   116      728.0000      706.0000  5609794    3.02%
  57400 54412      712.0000    75      728.0000      706.0000  5612791    3.02%
  57500 54508      718.0000    61      728.0000      706.0000  5616038    3.02%
  57600 54596      709.0000    79      728.0000      706.0000  5633507    3.02%
  57700 54689      711.0000    82      728.0000      706.0000  5643904    3.02%
  57800 54782      713.0000    64      728.0000      706.0000  5648092    3.02%
  57900 54873      719.0000    62      728.0000      706.0000  5650832    3.02%
  58000 54950      727.0000    48      728.0000      706.0000  5653973    3.02%
Elapsed time = 4551.05 sec. (tree size = 866.08 MB, solutions = 6)
Nodefile size = 738.56 MB (634.24 MB after compression)
  58100 55037      710.0000    85      728.0000      706.0000  5668081    3.02%
  58200 55131      713.0000    84      728.0000      706.0000  5673449    3.02%
  58300 55214      706.0000   203      728.0000      706.0000  5688114    3.02%
  58400 55312      708.0000   101      728.0000      706.0000  5706275    3.02%
  58500 55411      709.0000    87      728.0000      706.0000  5712074    3.02%
  58600 55509      711.0000    86      728.0000      706.0000  5716906    3.02%
  58700 55606      714.0000    62      728.0000      706.0000  5719440    3.02%
  58800 55702      722.0000    49      728.0000      706.0000  5721423    3.02%
  58900 55793      715.0000    68      728.0000      706.0000  5729216    3.02%
  59000 55887      723.0000    67      728.0000      706.0000  5733505    3.02%
Elapsed time = 4610.36 sec. (tree size = 883.13 MB, solutions = 6)
Nodefile size = 755.39 MB (649.80 MB after compression)
  59100 55982      727.0000    71      728.0000      706.0000  5737523    3.02%
  59200 56075      709.0000   128      728.0000      706.0000  5759732    3.02%
  59300 56173      711.0000    87      728.0000      706.0000  5765902    3.02%
  59400 56267      720.0000    57      728.0000      706.0000  5769450    3.02%
  59500 56360      727.0000    56      728.0000      706.0000  5771552    3.02%
  59600 56448      714.0000    82      728.0000      706.0000  5779744    3.02%
  59700 56542      716.0000    75      728.0000      706.0000  5785325    3.02%
  59800 56628      719.0000    71      728.0000      706.0000  5792027    3.02%
  59900 56715      727.0000    62      728.0000      706.0000  5796422    3.02%
  60000 56781      708.0000   137      728.0000      706.0000  5829393    3.02%
Elapsed time = 4678.81 sec. (tree size = 899.51 MB, solutions = 6)
Nodefile size = 772.21 MB (665.37 MB after compression)
  60100 56879      710.0000    89      728.0000      706.0000  5836233    3.02%
  60200 56976      714.0000    77      728.0000      706.0000  5840504    3.02%
  60300 57073      721.0000    51      728.0000      706.0000  5842900    3.02%
  60400 57171      723.0000    60      728.0000      706.0000  5845844    3.02%
  60500 57250      708.0000   146      728.0000      706.0000  5856297    3.02%
  60600 57348      709.0000   118      728.0000      706.0000  5866423    3.02%
  60700 57442      712.0000    71      728.0000      706.0000  5874433    3.02%
  60800 57536      714.0000    70      728.0000      706.0000  5877526    3.02%
  60900 57628      717.0000    49      728.0000      706.0000  5879853    3.02%
  61000 57718      719.0940    46      728.0000      706.0000  5883431    3.02%
Elapsed time = 4717.53 sec. (tree size = 916.52 MB, solutions = 6)
Nodefile size = 789.00 MB (680.88 MB after compression)
  61100 57787      721.0000    72      728.0000      706.0000  5900670    3.02%
  61200 57878      723.0000    68      728.0000      706.0000  5905278    3.02%
  61300 57961      715.0000    66      728.0000      706.0000  5913980    3.02%
  61400 58054      727.0000    41      728.0000      706.0000  5917938    3.02%
  61500 58142      710.0000   120      728.0000      706.0000  5929546    3.02%
  61600 58238      715.0000    72      728.0000      706.0000  5934417    3.02%
  61700 58332      722.0000    62      728.0000      706.0000  5937864    3.02%
  61800 58424      709.0000   156      728.0000      706.0000  5944605    3.02%
  61900 58522      711.0000    67      728.0000      706.0000  5953317    3.02%
  62000 58620      713.0000    71      728.0000      706.0000  5957830    3.02%
Elapsed time = 4765.98 sec. (tree size = 932.93 MB, solutions = 6)
Nodefile size = 805.80 MB (696.23 MB after compression)
  62100 58715      721.0000    68      728.0000      706.0000  5961555    3.02%
  62200 58808      707.0000   111      728.0000      706.0000  5982391    3.02%
  62300 58904      708.0000    91      728.0000      706.0000  5997465    3.02%
  62400 59004      708.0000   113      728.0000      706.0000  6003344    3.02%
  62500 59102      709.0000    87      728.0000      706.0000  6007638    3.02%
  62600 59193      715.0000    57      728.0000      706.0000  6011263    3.02%
  62700 59276      722.0000    46      728.0000      706.0000  6012989    3.02%
  62800 59344      706.0000   172      728.0000      706.0000  6016902    3.02%
  62900 59441      708.0000   121      728.0000      706.0000  6036013    3.02%
  63000 59538      711.0000    68      728.0000      706.0000  6042748    3.02%
Elapsed time = 4834.88 sec. (tree size = 949.57 MB, solutions = 6)
Nodefile size = 821.62 MB (710.77 MB after compression)
  63100 59636      713.0000    57      728.0000      706.0000  6045755    3.02%
  63200 59733      724.0000    47      728.0000      706.0000  6047468    3.02%
  63300 59821      706.0169   274      728.0000      706.0000  6052684    3.02%
  63400 59918      709.0000    96      728.0000      706.0000  6063379    3.02%
  63500 60017      710.0000    98      728.0000      706.0000  6068781    3.02%
  63600 60115      712.0000    78      728.0000      706.0000  6072482    3.02%
  63700 60212      715.0000    64      728.0000      706.0000  6074887    3.02%
  63800 60308      719.0000    55      728.0000      706.0000  6077285    3.02%
  63900 60394      707.0000   122      728.0000      706.0000  6089094    3.02%
  64000 60492      709.0000   120      728.0000      706.0000  6100055    3.02%
Elapsed time = 4879.08 sec. (tree size = 966.87 MB, solutions = 6)
Nodefile size = 839.40 MB (727.17 MB after compression)
  64100 60588      713.0000    74      728.0000      706.0000  6104312    3.02%
  64200 60686      715.0000    74      728.0000      706.0000  6107946    3.02%
  64300 60782      719.0000    65      728.0000      706.0000  6110476    3.02%
  64400 60876      726.0000    48      728.0000      706.0000  6112248    3.02%
  64500 60963      718.0000    61      728.0000      706.0000  6120924    3.02%
  64600 61056      719.0000    61      728.0000      706.0000  6127425    3.02%
  64700 61140      722.0000    57      728.0000      706.0000  6132563    3.02%
  64800 61227      725.0000    60      728.0000      706.0000  6137936    3.02%
  64900 61315      727.0000    53      728.0000      706.0000  6144624    3.02%
  65000 61408      709.0000    77      728.0000      706.0000  6159441    3.02%
Elapsed time = 4922.38 sec. (tree size = 983.52 MB, solutions = 6)
Nodefile size = 856.19 MB (742.35 MB after compression)
  65100 61506      711.0000    61      728.0000      706.0000  6165346    3.02%
  65200 61602      716.0000    63      728.0000      706.0000  6169307    3.02%
  65300 61699      726.0000    47      728.0000      706.0000  6170990    3.02%
  65400 61787      709.0000    85      728.0000      706.0000  6186568    3.02%
  65500 61886      710.0000    70      728.0000      706.0000  6191849    3.02%
  65600 61985      711.0000    84      728.0000      706.0000  6194664    3.02%
  65700 62080      717.0000    57      728.0000      706.0000  6198619    3.02%
  65800 62170      706.0000   268      728.0000      706.0000  6227920    3.02%
  65900 62264      708.0000   114      728.0000      706.0000  6250649    3.02%
  66000 62359      710.0000    73      728.0000      706.0000  6259182    3.02%
Elapsed time = 5009.20 sec. (tree size = 1000.77 MB, solutions = 6)
Nodefile size = 873.00 MB (757.85 MB after compression)
  66100 62455      711.0000    78      728.0000      706.0000  6262520    3.02%
  66200 62550      713.0000    65      728.0000      706.0000  6265118    3.02%
  66300 62633      719.0000    55      728.0000      706.0000  6269960    3.02%
  66400 62713      723.0574    52      728.0000      706.0000  6274316    3.02%
  66500 62791      708.0000   121      728.0000      706.0000  6290895    3.02%
  66600 62890      709.0000   112      728.0000      706.0000  6301386    3.02%
  66700 62988      711.0000    74      728.0000      706.0000  6306058    3.02%
  66800 63085      713.0845    74      728.0000      706.0000  6309536    3.02%
  66900 63181      718.0000    56      728.0000      706.0000  6312585    3.02%
  67000 63275      706.0000   234      728.0000      706.0000  6316763    3.02%
Elapsed time = 5054.30 sec. (tree size = 1017.44 MB, solutions = 6)
Nodefile size = 889.77 MB (773.29 MB after compression)
  67100 63371      710.0000    76      728.0000      706.0000  6334534    3.02%
  67200 63468      713.0000    69      728.0000      706.0000  6338573    3.02%
  67300 63538        cutoff            728.0000      706.0000  6357590    3.02%
  67400 63631      711.0000    74      728.0000      706.0000  6371284    3.02%
  67500 63725      718.0000    58      728.0000      706.0000  6374604    3.02%
  67600 63819      724.0000    52      728.0000      706.0000  6377222    3.02%
  67700 63908      708.0000   108      728.0000      706.0000  6389217    3.02%
  67800 64006      710.0000    87      728.0000      706.0000  6397162    3.02%
  67900 64102      715.0000    55      728.0000      706.0000  6401506    3.02%
  68000 64199      718.0000    60      728.0000      706.0000  6403998    3.02%
Elapsed time = 5120.08 sec. (tree size = 1034.41 MB, solutions = 6)
Nodefile size = 906.54 MB (788.70 MB after compression)
  68100 64294      723.0000    54      728.0000      706.0000  6406112    3.02%
  68200 64380      708.0000   101      728.0000      706.0000  6420191    3.02%
  68300 64478      710.0000    98      728.0000      706.0000  6427772    3.02%
  68400 64575      713.0000    68      728.0000      706.0000  6431757    3.02%
  68500 64671      717.0000    54      728.0000      706.0000  6434605    3.02%
  68600 64761      706.0034   282      728.0000      706.0000  6442134    3.02%
  68700 64859      708.0000    93      728.0000      706.0000  6454037    3.02%
  68800 64954      710.0000    79      728.0000      706.0000  6463617    3.02%
  68900 65047      712.0000    65      728.0000      706.0000  6467636    3.02%
  69000 65144      713.0000    64      728.0000      706.0000  6470720    3.02%
Elapsed time = 5173.63 sec. (tree size = 1051.57 MB, solutions = 6)
Nodefile size = 924.31 MB (805.10 MB after compression)
  69100 65229      723.0000    53      728.0000      706.0000  6473741    3.02%
  69200 65314      709.0000    87      728.0000      706.0000  6485582    3.02%
  69300 65411      712.0000    81      728.0000      706.0000  6492912    3.02%
  69400 65508      715.0000    61      728.0000      706.0000  6496320    3.02%
  69500 65603      720.0000    56      728.0000      706.0000  6498330    3.02%
  69600 65688      707.0000   202      728.0000      706.0000  6505892    3.02%
  69700 65784      711.0000    96      728.0000      706.0000  6519368    3.02%
  69800 65882      713.0000    76      728.0000      706.0000  6524029    3.02%
  69900 65979      716.0000    54      728.0000      706.0000  6527111    3.02%
  70000 66076      719.0000    54      728.0000      706.0000  6529181    3.02%
Elapsed time = 5218.98 sec. (tree size = 1068.52 MB, solutions = 6)
Nodefile size = 941.06 MB (820.64 MB after compression)
  70100 66163      707.0000   193      728.0000      706.0000  6539883    3.02%
  70200 66260      710.0000   100      728.0000      706.0000  6553041    3.02%
  70300 66357      713.0000    61      728.0000      706.0000  6557953    3.02%
  70400 66454      717.0000    73      728.0000      706.0000  6562156    3.02%
  70500 66550      721.0000    76      728.0000      706.0000  6564783    3.02%
  70600 66640      706.0000   280      728.0000      706.0000  6571718    3.02%
  70700 66738      707.0000   136      728.0000      706.0000  6593289    3.02%
  70800 66834      708.0000   118      728.0000      706.0000  6607100    3.02%
  70900 66933      709.0000    91      728.0000      706.0000  6611470    3.02%
  71000 67025      711.0000    71      728.0000      706.0000  6615403    3.02%
Elapsed time = 5286.52 sec. (tree size = 1085.75 MB, solutions = 6)
Nodefile size = 957.84 MB (835.70 MB after compression)
  71100 67108      719.0000    53      728.0000      706.0000  6618097    3.02%
  71200 67192      723.0000    47      728.0000      706.0000  6620823    3.02%
  71300 67274      708.0000   131      728.0000      706.0000  6637991    3.02%
  71400 67373      709.0000   103      728.0000      706.0000  6643905    3.02%
  71500 67470      712.0000    89      728.0000      706.0000  6650925    3.02%
  71600 67567      715.0000    71      728.0000      706.0000  6653861    3.02%
  71700 67661      723.8433    75      728.0000      706.0000  6657021    3.02%
  71800 67748      707.0000   190      728.0000      706.0000  6671776    3.02%
  71900 67846      709.0000   115      728.0000      706.0000  6683453    3.02%
  72000 67942      713.0000    68      728.0000      706.0000  6688131    3.02%
Elapsed time = 5341.86 sec. (tree size = 1102.37 MB, solutions = 6)
Nodefile size = 974.64 MB (851.18 MB after compression)
  72100 68035      707.0000   183      728.0000      706.0000  6699153    3.02%
  72200 68132      710.0000    81      728.0000      706.0000  6713148    3.02%
  72300 68230      707.0000   121      728.0000      706.0000  6721190    3.02%
  72400 68328      707.0000   159      728.0000      706.0000  6736290    3.02%
  72500 68422      707.0000   163      728.0000      706.0000  6755771    3.02%
  72600 68519      710.0000    83      728.0000      706.0000  6772010    3.02%
  72700 68618      706.0000   186      728.0000      706.0000  6778274    3.02%
  72800 68716      708.0000   149      728.0000      706.0000  6794172    3.02%
  72900 68813      707.0000   165      728.0000      706.0000  6805901    3.02%
  73000 68908      711.0030   114      728.0000      706.0000  6815989    3.02%
Elapsed time = 5441.52 sec. (tree size = 1119.79 MB, solutions = 6)
Nodefile size = 992.48 MB (867.65 MB after compression)
  73100 69001      708.0000   125      728.0000      706.0000  6825603    3.02%
  73200 69094      709.0000    67      728.0000      706.0000  6843635    3.02%
  73300 69190      707.0000   175      728.0000      706.0000  6855298    3.02%
  73400 69286      711.0000    94      728.0000      706.0000  6868759    3.02%
  73500 69380      708.0000   132      728.0000      706.0000  6879317    3.02%
  73600 69475      713.0000    79      728.0000      706.0000  6888035    3.02%
  73700 69571      707.0000   157      728.0000      706.0000  6896490    3.02%
  73800 69667      711.0000    69      728.0000      706.0000  6906637    3.02%
  73900 69763      706.0000   222      728.0000      706.0000  6917873    3.02%
  74000 69855      708.0000   129      728.0000      706.0000  6947086    3.02%
Elapsed time = 5537.67 sec. (tree size = 1136.98 MB, solutions = 6)
Nodefile size = 1009.30 MB (883.20 MB after compression)
  74100 69952      709.0000   136      728.0000      706.0000  6958574    3.02%
  74200 70048      713.0000    52      728.0000      706.0000  6965651    3.02%
  74300 70143      710.0000    92      728.0000      706.0000  6974300    3.02%
  74400 70238      715.0000    73      728.0000      706.0000  6980445    3.02%
  74500 70321      706.0000   243      728.0000      706.0000  6998806    3.02%
  74600 70418      709.0000   121      728.0000      706.0000  7017457    3.02%
  74700 70517      710.0000    89      728.0000      706.0000  7022783    3.02%
  74800 70615      712.0000    84      728.0000      706.0000  7026358    3.02%
  74900 70711      716.0000    64      728.0000      706.0000  7029228    3.02%
  75000 70806      724.0000    58      728.0000      706.0000  7031113    3.02%
Elapsed time = 5596.67 sec. (tree size = 1154.29 MB, solutions = 6)
Nodefile size = 1027.10 MB (899.69 MB after compression)
  75100 70872      709.0000   157      728.0000      706.0000  7046269    3.02%
  75200 70966      719.0000    34      728.0000      706.0000  7052331    3.02%
  75300 71061      724.0000    65      728.0000      706.0000  7055711    3.02%
  75400 71144      713.0000    61      728.0000      706.0000  7067263    3.02%
  75500 71242      715.0000    72      728.0000      706.0000  7070716    3.02%
  75600 71337      720.0000    66      728.0000      706.0000  7074589    3.02%
  75700 71426      707.0000   161      728.0000      706.0000  7081094    3.02%
  75800 71523      709.0000    84      728.0000      706.0000  7089053    3.02%
  75900 71620      712.0000    78      728.0000      706.0000  7093065    3.02%
  76000 71714      723.0351    68      728.0000      706.0000  7096729    3.02%
Elapsed time = 5644.31 sec. (tree size = 1170.89 MB, solutions = 6)
Nodefile size = 1042.93 MB (914.24 MB after compression)
  76100 71805      708.0000   107      728.0000      706.0000  7106784    3.02%
  76200 71900      709.0000   115      728.0000      706.0000  7115922    3.02%
  76300 71992      713.0000    68      728.0000      706.0000  7120868    3.02%
  76400 72079      721.8580    67      728.0000      706.0000  7124563    3.02%
  76500 72163      726.0000    48      728.0000      706.0000  7126620    3.02%
  76600 72249      709.0000    81      728.0000      706.0000  7138496    3.02%
  76700 72346      712.0000    69      728.0000      706.0000  7142970    3.02%
  76800 72442      718.0000    51      728.0000      706.0000  7145314    3.02%
  76900 72531    infeasible            728.0000      706.0000  7147264    3.02%
  77000 72623      710.0000    89      728.0000      706.0000  7161019    3.02%
Elapsed time = 5695.27 sec. (tree size = 1187.43 MB, solutions = 6)
Nodefile size = 1059.70 MB (929.66 MB after compression)
  77100 72721      712.0000    62      728.0000      706.0000  7165105    3.02%
  77200 72817      716.0000    62      728.0000      706.0000  7167894    3.02%
  77300 72912      725.0000    53      728.0000      706.0000  7169622    3.02%
  77400 73001      708.0000   147      728.0000      706.0000  7179412    3.02%
  77500 73099      710.0000   100      728.0000      706.0000  7189621    3.02%
  77600 73196      713.0000    75      728.0000      706.0000  7193689    3.02%
  77700 73293      716.0000    58      728.0000      706.0000  7196257    3.02%
  77800 73384      707.0000   184      728.0000      706.0000  7203634    3.02%
  77900 73479      708.0000   116      728.0000      706.0000  7223181    3.02%
  78000 73576      709.0000   113      728.0000      706.0000  7231329    3.02%
Elapsed time = 5751.20 sec. (tree size = 1204.75 MB, solutions = 6)
Nodefile size = 1077.49 MB (946.15 MB after compression)
  78100 73668      711.0000    66      728.0000      706.0000  7236930    3.02%
  78200 73759      714.0000    64      728.0000      706.0000  7241412    3.02%
  78300 73848      717.0000    65      728.0000      706.0000  7244573    3.02%
  78400 73936      721.0000    52      728.0000      706.0000  7248543    3.02%
  78500 74018      709.0000    75      728.0000      706.0000  7265182    3.02%
  78600 74117      709.9751   125      728.0000      706.0000  7270135    3.02%
  78700 74214      713.0000    76      728.0000      706.0000  7274002    3.02%
  78800 74309      719.0000    69      728.0000      706.0000  7276723    3.02%
  78900 74403      724.0000    58      728.0000      706.0000  7279125    3.02%
  79000 74500      727.0000    56      728.0000      706.0000  7280553    3.02%
Elapsed time = 5790.05 sec. (tree size = 1221.56 MB, solutions = 6)
Nodefile size = 1094.25 MB (961.36 MB after compression)
  79100 74592      710.0000    69      728.0000      706.0000  7296105    3.02%
  79200 74690      712.0000    71      728.0000      706.0000  7303002    3.02%
  79300 74785      707.0000   174      728.0000      706.0000  7314382    3.02%
  79400 74883      717.0000    46      728.0000      706.0000  7322747    3.02%
  79500 74982      707.0000   148      728.0000      706.0000  7329766    3.02%
  79600 75080      708.0000   125      728.0000      706.0000  7345843    3.02%
  79700 75176      707.0000   186      728.0000      706.0000  7357523    3.02%
  79800 75273      710.0000    74      728.0000      706.0000  7371880    3.02%
  79900 75369      708.0000   109      728.0000      706.0000  7381844    3.02%
  80000 75466      711.0000    77      728.0000      706.0000  7390522    3.02%
Elapsed time = 5881.19 sec. (tree size = 1239.00 MB, solutions = 6)
Nodefile size = 1111.09 MB (977.05 MB after compression)
  80100 75560      707.1455   196      728.0000      706.0000  7401587    3.02%
  80200 75658      710.0000   104      728.0000      706.0000  7408214    3.02%
  80300 75753      707.0000   140      728.0000      706.0000  7416625    3.02%
  80400 75846      708.0000    92      728.0000      706.0000  7441225    3.02%
  80500 75938      707.0000   175      728.0000      706.0000  7455831    3.02%
  80600 76033      713.0000    57      728.0000      706.0000  7468232    3.02%
  80700 76128      707.0000   127      728.0000      706.0000  7475419    3.02%
  80800 76223      712.0000    98      728.0000      706.0000  7488651    3.02%
  80900 76319      707.0052   221      728.0000      706.0000  7501303    3.02%
  81000 76415      711.0000    69      728.0000      706.0000  7510051    3.02%
Elapsed time = 5971.64 sec. (tree size = 1256.22 MB, solutions = 6)
Nodefile size = 1128.91 MB (993.53 MB after compression)
  81100 76512      707.0000   127      728.0000      706.0000  7521861    3.02%
  81200 76607      708.0000   120      728.0000      706.0000  7545121    3.02%
  81300 76704      706.0000   243      728.0000      706.0000  7557929    3.02%
  81400 76800      710.0000    98      728.0000      706.0000  7574497    3.02%
  81500 76896      707.0000   183      728.0000      706.0000  7584090    3.02%
  81600 76993      710.0000    96      728.0000      706.0000  7597632    3.02%
  81700 77090      706.0000   252      728.0000      706.0000  7612189    3.02%
  81800 77186      710.0000    91      728.0000      706.0000  7628253    3.02%
  81900 77283      706.0000   252      728.0000      706.0000  7639653    3.02%
  82000 77373      708.0000   104      728.0000      706.0000  7677957    3.02%
Elapsed time = 6107.28 sec. (tree size = 1273.52 MB, solutions = 6)
Nodefile size = 1145.78 MB (1009.03 MB after compression)
  82100 77465      707.0000   152      728.0000      706.0000  7696660    3.02%
  82200 77561      711.0000    77      728.0000      706.0000  7708808    3.02%
  82300 77635      706.9521   274      728.0000      706.0000  7734570    3.02%
  82400 77731      712.0000    77      728.0000      706.0000  7745035    3.02%
  82500 77828      716.0000    69      728.0000      706.0000  7749690    3.02%
  82600 77924      720.0000    66      728.0000      706.0000  7753376    3.02%
  82700 78012      707.2897   225      728.0000      706.0000  7762154    3.02%
  82800 78109      711.0000    92      728.0000      706.0000  7773094    3.02%
  82900 78206      714.0000    76      728.0000      706.0000  7777377    3.02%
  83000 78298      723.0000    67      728.0000      706.0000  7781454    3.02%
Elapsed time = 6179.47 sec. (tree size = 1290.41 MB, solutions = 6)
Nodefile size = 1162.61 MB (1024.66 MB after compression)
  83100 78386      707.0000   113      728.0000      706.0000  7790702    3.02%
  83200 78484      708.0000   128      728.0000      706.0000  7805166    3.02%
  83300 78582      709.0000   116      728.0000      706.0000  7813908    3.02%
  83400 78672      714.0000    57      728.0000      706.0000  7818767    3.02%
  83500 78757      718.7993    65      728.0000      706.0000  7821974    3.02%
  83600 78841      722.0000    51      728.0000      706.0000  7825893    3.02%
  83700 78925      726.0000    60      728.0000      706.0000  7828665    3.02%
  83800 79013      709.0000    97      728.0000      706.0000  7846331    3.02%
  83900 79110      713.0000    67      728.0000      706.0000  7852705    3.02%
  84000 79205      718.0000    63      728.0000      706.0000  7857683    3.02%
Elapsed time = 6236.38 sec. (tree size = 1306.84 MB, solutions = 6)
Nodefile size = 1179.41 MB (1040.19 MB after compression)
  84100 79300      725.0000    68      728.0000      706.0000  7861992    3.02%
  84200 79394      706.0000   236      728.0000      706.0000  7879027    3.02%
  84300 79491      709.0000   117      728.0000      706.0000  7893536    3.02%
  84400 79590      710.0000    95      728.0000      706.0000  7898554    3.02%
  84500 79687      713.0000    64      728.0000      706.0000  7901471    3.02%
  84600 79783      717.0000    62      728.0000      706.0000  7904689    3.02%
  84700 79875      707.0000   191      728.0000      706.0000  7910814    3.02%
  84800 79973      716.0000    53      728.0000      706.0000  7917045    3.02%
  84900 80067      727.0000    56      728.0000      706.0000  7919681    3.02%
  85000 80152      709.0000    86      728.0000      706.0000  7937080    3.02%
Elapsed time = 6296.95 sec. (tree size = 1324.04 MB, solutions = 6)
Nodefile size = 1196.20 MB (1055.68 MB after compression)
  85100 80245      711.0000    77      728.0000      706.0000  7942136    3.02%
  85200 80329      719.0000    63      728.0000      706.0000  7946510    3.02%
  85300 80416      723.0000    59      728.0000      706.0000  7950772    3.02%
  85400 80493      708.0000   109      728.0000      706.0000  7959221    3.02%
  85500 80590      711.0000    83      728.0000      706.0000  7967172    3.02%
  85600 80685      718.0000    69      728.0000      706.0000  7971512    3.02%
  85700 80780      723.0000    61      728.0000      706.0000  7973298    3.02%
  85800 80864      708.0000    98      728.0000      706.0000  7983806    3.02%
  85900 80961      711.0000    86      728.0000      706.0000  7990793    3.02%
  86000 81057      715.0000    73      728.0000      706.0000  7994271    3.02%
Elapsed time = 6334.34 sec. (tree size = 1340.54 MB, solutions = 6)
Nodefile size = 1212.97 MB (1071.13 MB after compression)
  86100 81150      725.0000    61      728.0000      706.0000  7997589    3.02%
  86200 81241      708.0000    79      728.0000      706.0000  8007351    3.02%
  86300 81339      710.0000    85      728.0000      706.0000  8014141    3.02%
  86400 81433      720.0000    64      728.0000      706.0000  8017531    3.02%
  86500 81521      707.0000   157      728.0000      706.0000  8030738    3.02%
  86600 81618      709.0000    88      728.0000      706.0000  8038925    3.02%
  86700 81714      710.0000   103      728.0000      706.0000  8044842    3.02%
  86800 81803      716.0795    75      728.0000      706.0000  8048486    3.02%
  86900 81894      707.1218   218      728.0000      706.0000  8057813    3.02%
  87000 81992      710.0000    93      728.0000      706.0000  8065203    3.02%
Elapsed time = 6388.08 sec. (tree size = 1357.58 MB, solutions = 6)
Nodefile size = 1229.76 MB (1086.68 MB after compression)
  87100 82088      707.0000   148      728.0000      706.0000  8073712    3.02%
  87200 82185      710.0000    90      728.0000      706.0000  8086043    3.02%
  87300 82280      708.0000   166      728.0000      706.0000  8098304    3.02%
  87400 82378      710.0000    79      728.0000      706.0000  8107962    3.02%
  87500 82474      707.0000   144      728.0000      706.0000  8116553    3.02%
  87600 82572      708.0000   116      728.0000      706.0000  8126249    3.02%
  87700 82666      707.0000   168      728.0000      706.0000  8140583    3.02%
  87800 82764      709.0000    99      728.0000      706.0000  8153559    3.02%
  87900 82861      707.0000   130      728.0000      706.0000  8164112    3.02%
  88000 82958      710.0000    80      728.0000      706.0000  8174264    3.02%
Elapsed time = 6476.59 sec. (tree size = 1375.08 MB, solutions = 6)
Nodefile size = 1247.54 MB (1103.13 MB after compression)
  88100 83054      708.0000   148      728.0000      706.0000  8184933    3.02%
  88200 83151      711.0000    89      728.0000      706.0000  8194384    3.02%
  88300 83248      707.0000   135      728.0000      706.0000  8203729    3.02%
  88400 83341      708.0000   107      728.0000      706.0000  8228274    3.02%
  88500 83435      707.0000   126      728.0000      706.0000  8241013    3.02%
  88600 83531      710.0000    83      728.0000      706.0000  8258660    3.02%
  88700 83628      707.0000   165      728.0000      706.0000  8269795    3.02%
  88800 83724      711.0000   102      728.0000      706.0000  8283358    3.02%
  88900 83822      706.0000   260      728.0000      706.0000  8294973    3.02%
  89000 83919      709.0000   107      728.0000      706.0000  8309359    3.02%
Elapsed time = 6589.39 sec. (tree size = 1392.46 MB, solutions = 6)
Nodefile size = 1265.34 MB (1119.57 MB after compression)
  89100 84017      706.0216   269      728.0000      706.0000  8321192    3.02%
  89200 84113      708.0000   126      728.0000      706.0000  8335840    3.02%
  89300 84212      706.0000   244      728.0000      706.0000  8344402    3.02%
  89400 84307      709.0495   143      728.0000      706.0000  8368985    3.02%
  89500 84405      707.0000   153      728.0000      706.0000  8377582    3.02%
  89600 84498      715.0000    71      728.0000      706.0000  8388683    3.02%
  89700 84592      707.0000   107      728.0000      706.0000  8397118    3.02%
  89800 84688      711.0000    80      728.0000      706.0000  8409144    3.02%
  89900 84785      708.0000   118      728.0000      706.0000  8419786    3.02%
  90000 84881      708.0000   137      728.0000      706.0000  8431970    3.02%
Elapsed time = 6687.84 sec. (tree size = 1409.86 MB, solutions = 6)
Nodefile size = 1282.19 MB (1135.11 MB after compression)
  90100 84965      707.0000   120      728.0000      706.0000  8447420    3.02%
  90200 85062      710.0000    67      728.0000      706.0000  8457479    3.02%
  90300 85156      707.0000   145      728.0000      706.0000  8467557    3.02%
  90400 85252      711.0000    94      728.0000      706.0000  8478494    3.02%
  90500 85348      708.0000   133      728.0000      706.0000  8487674    3.02%
  90600 85446      710.0000    64      728.0000      706.0000  8495987    3.02%
  90700 85542      707.0000   168      728.0000      706.0000  8504202    3.02%
  90800 85638      709.0000   116      728.0000      706.0000  8517204    3.02%
  90900 85731      707.0000   139      728.0000      706.0000  8526291    3.02%
  91000 85827      711.0000    79      728.0000      706.0000  8536356    3.02%
Elapsed time = 6762.81 sec. (tree size = 1427.03 MB, solutions = 6)
Nodefile size = 1299.03 MB (1150.48 MB after compression)
  91100 85923      708.0000   131      728.0000      706.0000  8547960    3.02%
  91200 86020      711.0000    65      728.0000      706.0000  8556078    3.02%
  91300 86117      706.0000   259      728.0000      706.0000  8568452    3.02%
  91400 86211      712.0000    80      728.0000      706.0000  8585539    3.02%
  91500 86307      707.0000   174      728.0000      706.0000  8595820    3.02%
  91600 86402      709.0000    75      728.0000      706.0000  8616401    3.02%
  91700 86493      707.0000   117      728.0000      706.0000  8629246    3.02%
  91800 86590      710.0000   107      728.0000      706.0000  8640842    3.02%
  91900 86685      707.0000   105      728.0000      706.0000  8653036    3.02%
  92000 86782      710.0000    91      728.0000      706.0000  8664571    3.02%
Elapsed time = 6858.89 sec. (tree size = 1444.33 MB, solutions = 6)
Nodefile size = 1316.87 MB (1166.98 MB after compression)
  92100 86878      707.0000   173      728.0000      706.0000  8672972    3.02%
  92200 86972      714.0000    61      728.0000      706.0000  8686382    3.02%
  92300 87067      707.0000   119      728.0000      706.0000  8695041    3.02%
  92400 87163      708.0000   138      728.0000      706.0000  8711126    3.02%
  92500 87255      706.0050   266      728.0000      706.0000  8727819    3.02%
  92600 87350      711.0000    87      728.0000      706.0000  8741485    3.02%
  92700 87447      707.0000   173      728.0000      706.0000  8753710    3.02%
  92800 87543      711.0000    90      728.0000      706.0000  8765070    3.02%
  92900 87639      707.0000   157      728.0000      706.0000  8774199    3.02%
  93000 87734      712.0000    73      728.0000      706.0000  8785084    3.02%
Elapsed time = 6948.55 sec. (tree size = 1461.55 MB, solutions = 6)
Nodefile size = 1333.72 MB (1182.58 MB after compression)
  93100 87828      706.0000   219      728.0000      706.0000  8791976    3.02%
  93200 87927      707.0000   142      728.0000      706.0000  8807890    3.02%
  93300 88008      706.0000   218      728.0000      706.0000  8830273    3.02%
  93400 88105      709.0000    92      728.0000      706.0000  8852768    3.02%
  93500 88202      711.0095   103      728.0000      706.0000  8860279    3.02%
  93600 88299      715.0000    66      728.0000      706.0000  8863046    3.02%
  93700 88394      720.0000    56      728.0000      706.0000  8865545    3.02%
  93800 88484    infeasible            728.0000      706.0000  8867884    3.02%
  93900 88557      708.0000    99      728.0000      706.0000  8903418    3.02%
  94000 88653      709.0000    85      728.0000      706.0000  8909485    3.02%
Elapsed time = 7036.84 sec. (tree size = 1478.40 MB, solutions = 6)
Nodefile size = 1350.52 MB (1198.14 MB after compression)
  94100 88745      711.0000    84      728.0000      706.0000  8914581    3.02%
  94200 88832      717.0000    58      728.0000      706.0000  8918249    3.02%
  94300 88921      721.0000    64      728.0000      706.0000  8920725    3.02%
  94400 89001      707.0000    89      728.0000      706.0000  8930561    3.02%
  94500 89096      712.0000    90      728.0000      706.0000  8943350    3.02%
  94600 89192      716.0000    71      728.0000      706.0000  8948176    3.02%
  94700 89284      725.0000    69      728.0000      706.0000  8951210    3.02%
  94800 89374      708.0000   135      728.0000      706.0000  8958570    3.02%
  94900 89469      713.0000    72      728.0000      706.0000  8969468    3.02%
  95000 89566      716.0000    65      728.0000      706.0000  8972910    3.02%
Elapsed time = 7082.27 sec. (tree size = 1495.02 MB, solutions = 6)
Nodefile size = 1367.30 MB (1213.71 MB after compression)
  95100 89659      723.0000    60      728.0000      706.0000  8976070    3.02%
  95200 89748      707.0000   131      728.0000      706.0000  8982212    3.02%
  95300 89843      713.0000    68      728.0000      706.0000  8993119    3.02%
  95400 89937      718.0382    68      728.0000      706.0000  8997000    3.02%
  95500 90034      722.0000    71      728.0000      706.0000  8999515    3.02%
  95600 90127      727.0000    47      728.0000      706.0000  9002149    3.02%
  95700 90210      709.0000    76      728.0000      706.0000  9024474    3.02%
  95800 90305      712.0000    83      728.0000      706.0000  9028702    3.02%
  95900 90393      721.0000    56      728.0000      706.0000  9031256    3.02%
  96000 90481      726.0000    43      728.0000      706.0000  9033551    3.02%
Elapsed time = 7124.92 sec. (tree size = 1511.71 MB, solutions = 6)
Nodefile size = 1384.06 MB (1229.13 MB after compression)
  96100 90563      710.0000    86      728.0000      706.0000  9046078    3.02%
  96200 90659      716.0000    75      728.0000      706.0000  9052110    3.02%
  96300 90752      723.0000    72      728.0000      706.0000  9056661    3.02%
  96400 90846      727.0000    55      728.0000      706.0000  9059111    3.02%
  96500 90938      710.0000    77      728.0000      706.0000  9072348    3.02%
  96600 91033      715.0000    61      728.0000      706.0000  9078306    3.02%
  96700 91128      722.0000    69      728.0000      706.0000  9080829    3.02%
  96800 91223      727.0000    58      728.0000      706.0000  9082602    3.02%
  96900 91315      710.0000    87      728.0000      706.0000  9095476    3.02%
  97000 91412      713.0000    76      728.0000      706.0000  9100046    3.02%
Elapsed time = 7171.88 sec. (tree size = 1528.68 MB, solutions = 6)
Nodefile size = 1400.86 MB (1244.56 MB after compression)
  97100 91504      726.0000    52      728.0000      706.0000  9102775    3.02%
  97200 91595      709.0000    89      728.0000      706.0000  9117083    3.02%
  97300 91690      712.0000    70      728.0000      706.0000  9124492    3.02%
  97400 91786      714.0000    78      728.0000      706.0000  9127841    3.02%
  97500 91870      719.1067    70      728.0000      706.0000  9131045    3.02%

Cover cuts applied:  992
Mixed integer rounding cuts applied:  156
Gomory fractional cuts applied:  2

Solution pool: 6 solutions saved.

MIP - Time limit exceeded, integer feasible:  Objective = 7.2800000000e+002
Current MIP best bound = 7.0600000000e+002 (gap = 22, 3.02%)
Solution time = 7200.08 sec.  Iterations = 9137061  Nodes = 97576 (91925)


Incumbent solution
Variable Name           Solution Value
Cmax                        728.000000
X_1_11                        1.000000
X_2_20                        1.000000
X_3_17                        1.000000
X_4_29                        1.000000
X_5_22                        1.000000
X_6_2                         1.000000
X_7_17                        1.000000
X_8_18                        1.000000
X_9_23                        1.000000
X_10_8                        1.000000
X_11_8                        1.000000
X_12_8                        1.000000
X_13_20                       1.000000
X_14_17                       1.000000
X_15_5                        1.000000
X_16_28                       1.000000
X_17_22                       1.000000
X_18_13                       1.000000
X_19_26                       1.000000
X_20_24                       1.000000
X_21_25                       1.000000
X_22_12                       1.000000
X_23_10                       1.000000
X_24_22                       1.000000
X_25_26                       1.000000
X_26_25                       1.000000
X_27_27                       1.000000
X_28_1                        1.000000
X_29_5                        1.000000
X_30_3                        1.000000
X_31_6                        1.000000
X_32_23                       1.000000
X_33_28                       1.000000
X_34_27                       1.000000
X_35_24                       1.000000
X_36_29                       1.000000
X_37_18                       1.000000
X_38_1                        1.000000
X_39_9                        1.000000
X_40_16                       1.000000
X_41_9                        1.000000
X_42_3                        1.000000
X_43_10                       1.000000
X_44_22                       1.000000
X_45_5                        1.000000
X_46_5                        1.000000
X_47_19                       1.000000
X_48_6                        1.000000
X_49_29                       1.000000
X_50_15                       1.000000
X_51_19                       1.000000
X_52_15                       1.000000
X_53_7                        1.000000
X_54_27                       1.000000
X_55_17                       1.000000
X_56_6                        1.000000
X_57_16                       1.000000
X_58_20                       1.000000
X_59_9                        1.000000
X_60_1                        1.000000
X_61_14                       1.000000
X_62_26                       1.000000
X_63_29                       1.000000
X_64_10                       1.000000
X_65_16                       1.000000
X_66_12                       1.000000
X_67_29                       1.000000
X_68_3                        1.000000
X_69_29                       1.000000
X_70_11                       1.000000
X_71_8                        1.000000
X_72_11                       1.000000
X_73_14                       1.000000
X_74_13                       1.000000
X_75_7                        1.000000
X_76_4                        1.000000
X_77_2                        1.000000
X_78_25                       1.000000
X_79_11                       1.000000
X_80_17                       1.000000
X_81_18                       1.000000
X_82_15                       1.000000
X_83_1                        1.000000
X_84_22                       1.000000
X_85_7                        1.000000
X_86_7                        1.000000
X_87_27                       1.000000
X_88_30                       1.000000
X_89_30                       1.000000
X_90_21                       1.000000
X_91_13                       1.000000
X_92_30                       1.000000
X_93_28                       1.000000
X_94_18                       1.000000
X_95_9                        1.000000
X_96_14                       1.000000
X_97_10                       1.000000
X_98_3                        1.000000
X_99_15                       1.000000
X_100_30                      1.000000
X_101_28                      1.000000
X_102_16                      1.000000
X_103_23                      1.000000
X_104_16                      1.000000
X_105_25                      1.000000
X_106_11                      1.000000
X_107_25                      1.000000
X_108_30                      1.000000
X_109_12                      1.000000
X_110_19                      1.000000
X_111_3                       1.000000
X_112_21                      1.000000
X_113_12                      1.000000
X_114_18                      1.000000
X_115_27                      1.000000
X_116_3                       1.000000
X_117_28                      1.000000
X_118_12                      1.000000
X_119_30                      1.000000
X_120_1                       1.000000
X_121_15                      1.000000
X_122_25                      1.000000
X_123_25                      1.000000
X_124_11                      1.000000
X_125_30                      1.000000
X_126_22                      1.000000
X_127_17                      1.000000
X_128_1                       1.000000
X_129_29                      1.000000
X_130_4                       1.000000
X_131_28                      1.000000
X_132_14                      1.000000
X_133_5                       1.000000
X_134_14                      1.000000
X_135_23                      1.000000
X_136_8                       1.000000
X_137_4                       1.000000
X_138_13                      1.000000
X_139_6                       1.000000
X_140_13                      1.000000
X_141_26                      1.000000
X_142_8                       1.000000
X_143_16                      1.000000
X_144_19                      1.000000
X_145_24                      1.000000
X_146_23                      1.000000
X_147_10                      1.000000
X_148_23                      1.000000
X_149_27                      1.000000
X_150_2                       1.000000
X_151_21                      1.000000
X_152_9                       1.000000
X_153_19                      1.000000
X_154_28                      1.000000
X_155_13                      1.000000
X_156_23                      1.000000
X_157_24                      1.000000
X_158_9                       1.000000
X_159_8                       1.000000
X_160_3                       1.000000
X_161_6                       1.000000
X_162_7                       1.000000
X_163_2                       1.000000
X_164_14                      1.000000
X_165_1                       1.000000
X_166_9                       1.000000
X_167_20                      1.000000
X_168_20                      1.000000
X_169_4                       1.000000
X_170_24                      1.000000
X_171_22                      1.000000
X_172_2                       1.000000
X_173_15                      1.000000
X_174_21                      1.000000
X_175_6                       1.000000
X_176_18                      1.000000
X_177_26                      1.000000
X_178_14                      1.000000
X_179_20                      1.000000
X_180_12                      1.000000
X_181_17                      1.000000
X_182_4                       1.000000
X_183_18                      1.000000
X_184_2                       1.000000
X_185_7                       1.000000
X_186_21                      1.000000
X_187_21                      1.000000
X_188_5                       1.000000
X_189_4                       1.000000
X_190_6                       1.000000
X_191_26                      1.000000
X_192_19                      1.000000
X_193_19                      1.000000
X_194_10                      1.000000
X_195_11                      1.000000
X_196_20                      1.000000
X_197_2                       1.000000
X_198_24                      1.000000
X_199_4                       1.000000
X_200_26                      1.000000
All other variables in the range 1-6001 are 0.
