
Log started (V11.0.0) Fri May 30 19:49:06 2008

Tried aggregator 1 time.
Reduced MIP has 230 rows, 6001 columns, and 12030 nonzeros.
Presolve time =    0.06 sec.
Clique table members: 200.
MIP emphasis: balance optimality and feasibility.
MIP search method: dynamic search.
Parallel mode: none, using 1 thread.
Root relaxation solution time =    0.19 sec.

        Nodes                                         Cuts/
   Node  Left     Objective  IInf  Best Integer     Best Node    ItCnt     Gap

*     0+    0                        29741.0000      686.2948      454   97.69%
*     0+    0                          730.0000      686.2948      454    5.99%
      0     0      688.0041    60      730.0000      Fract: 6      474    5.75%
      0     0      698.2569   105      730.0000      Cuts: 29      828    4.35%
      0     0      699.5552   137      730.0000   MIRcuts: 28     1059    4.17%
      0     0      700.2681   155      730.0000   MIRcuts: 23     1292    4.07%
      0     0      700.8521   178      730.0000   MIRcuts: 21     1526    3.99%
      0     0      701.0456   191      730.0000   MIRcuts: 17     1692    3.97%
      0     0      701.1028   217      730.0000   MIRcuts: 13     1884    3.96%
      0     0      701.1389   225      730.0000    MIRcuts: 9     2021    3.95%
      0     0      701.1499   228      730.0000       Cuts: 6     2090    3.95%
*     0+    0                          728.0000      701.1499     2090    3.69%
*     0+    0                          724.0000      701.1499     2090    3.16%
      0     2      701.1499   228      724.0000      701.1499     2090    3.16%
    100   100      702.0000    90      724.0000      701.1561     7110    3.16%
    200   195      702.0000   101      724.0000      701.1561    17744    3.16%
    300   277      703.0000    64      724.0000      701.1561    31337    3.16%
    400   365      703.0000    85      724.0000      701.1561    43639    3.16%
*   486+  428                          723.0000      701.1561    55123    3.02%
*   487+  428                          722.0000      701.1561    55149    2.89%
    500   437      708.0000   102      722.0000      708.0000    70344    1.94%
    600   458      709.0000    65      722.0000      708.0000    76119    1.94%
    700   490      710.0000    78      722.0000      708.0000    80868    1.94%
    800   509      710.0000    82      722.0000      708.0000    91289    1.94%
    900   514      715.2859    57      722.0000      708.0000    98460    1.94%
   1000   516      716.0000    56      722.0000      708.0000   105478    1.94%
Elapsed time =  91.78 sec. (tree size =  3.08 MB, solutions = 6)
   1100   525      709.0000    66      722.0000      708.0000   112056    1.94%
   1200   623      709.0000   119      722.0000      708.0000   122496    1.94%
   1300   711      710.0000    61      722.0000      708.0000   132161    1.94%
   1400   791      712.0000    55      722.0000      708.0000   142482    1.94%
*  1488+  848                          721.0000      708.0000   146315    1.80%
   1500   861      714.0000    51      721.0000      708.0000   146731    1.80%
   1600   937      713.0000   109      721.0000      708.0000   165271    1.80%
   1700  1029      712.0000   109      721.0000      708.0000   171446    1.80%
   1800  1123      720.0000    67      721.0000      708.0000   176659    1.80%
   1900  1205      712.0000    74      721.0000      708.0000   188129    1.80%
   2000  1303      712.0000   111      721.0000      708.0000   193732    1.80%
Elapsed time = 141.48 sec. (tree size =  9.35 MB, solutions = 7)
   2100  1390      709.0000   155      721.0000      708.0000   205323    1.80%
   2200  1488      711.0000    90      721.0000      708.0000   211326    1.80%
   2300  1580      710.0000   118      721.0000      708.0000   219900    1.80%
   2400  1678      710.0000   105      721.0000      708.0000   227697    1.80%
*  2488+ 1695                          720.0000      708.0000   239256    1.67%
*  2488+ 1694                          719.0000      708.0000   239256    1.53%
*  2488+ 1663                          718.0000      708.0000   239256    1.39%
   2500  1676      709.0000   164      718.0000      708.0000   244025    1.39%
   2600  1775      710.0000    84      718.0000      708.0000   252134    1.39%
   2700  1872      710.0000   131      718.0000      708.0000   259260    1.39%
   2800  1970      710.0000   117      718.0000      708.0000   267666    1.39%
   2900  2062      709.0000   132      718.0000      708.0000   283376    1.39%
   3000  2162      709.0000   120      718.0000      708.0000   287970    1.39%
Elapsed time = 212.33 sec. (tree size = 17.60 MB, solutions = 10)
   3100  2260      709.0000   187      718.0000      708.0000   298760    1.39%
   3200  2359      710.0000   108      718.0000      708.0000   306493    1.39%
   3300  2451      712.0461   179      718.0000      708.0000   316068    1.39%
   3400  2543      714.0000    58      718.0000      708.0000   325937    1.39%
   3500  2636      712.0000   133      718.0000      708.0000   335365    1.39%
   3600  2732      713.0000    62      718.0000      708.0000   341432    1.39%
   3700  2827      714.0017   127      718.0000      708.0000   349143    1.39%
   3800  2923      716.0000    76      718.0000      708.0000   352273    1.39%
   3900  3003      717.0000    70      718.0000      708.0000   364809    1.39%
   4000  3097      711.0000    71      718.0000      708.0000   376211    1.39%
Elapsed time = 271.95 sec. (tree size = 27.24 MB, solutions = 10)
   4100  3195      713.0000    69      718.0000      708.0000   380751    1.39%
   4200  3282      711.0000   105      718.0000      708.0000   395983    1.39%
   4300  3376      711.0000   113      718.0000      708.0000   406919    1.39%
   4400  3463      711.0000   112      718.0000      708.0000   423631    1.39%
   4500  3548      713.0000    84      718.0000      708.0000   444096    1.39%
   4600  3647      714.0000    84      718.0000      708.0000   446799    1.39%
   4700  3738      712.0000   134      718.0000      708.0000   455231    1.39%
   4800  3837      713.0000    80      718.0000      708.0000   460161    1.39%
   4900  3922      710.0000   123      718.0000      708.0000   470368    1.39%
   5000  4021      711.0000    70      718.0000      708.0000   475366    1.39%
Elapsed time = 333.06 sec. (tree size = 37.25 MB, solutions = 10)
   5100  4115      709.0000   210      718.0000      708.0000   484883    1.39%
   5200  4213      710.0000    65      718.0000      708.0000   492330    1.39%
   5300  4307      709.0000   236      718.0000      708.0000   510619    1.39%
   5400  4404      710.0000   125      718.0000      708.0000   525272    1.39%
   5500  4499      710.0000   149      718.0000      708.0000   541305    1.39%
   5600  4598      711.0000    61      718.0000      708.0000   546370    1.39%
   5700  4695      712.0000   124      718.0000      708.0000   555843    1.39%
   5800  4794      713.0000    71      718.0000      708.0000   559861    1.39%
   5900  4889      713.0000   158      718.0000      708.0000   569352    1.39%
   6000  4986      714.0000    91      718.0000      708.0000   574237    1.39%
Elapsed time = 403.34 sec. (tree size = 48.27 MB, solutions = 10)
   6100  5081      711.0000   131      718.0000      708.0000   586008    1.39%
   6200  5181      711.0000   117      718.0000      708.0000   590347    1.39%
   6300  5279      709.0000   224      718.0000      708.0000   599804    1.39%
   6400  5375      710.0000   110      718.0000      708.0000   608584    1.39%
   6500  5459      711.0000   144      718.0000      708.0000   626534    1.39%
   6600  5558      712.0000    69      718.0000      708.0000   631451    1.39%
   6700  5653      711.0000   134      718.0000      708.0000   642274    1.39%
   6800  5750      712.0000    61      718.0000      708.0000   649241    1.39%
   6900  5843      711.0000   142      718.0000      708.0000   661775    1.39%
   7000  5943      711.0000   127      718.0000      708.0000   666763    1.39%
Elapsed time = 466.03 sec. (tree size = 59.62 MB, solutions = 10)
   7100  6041      711.0000   159      718.0000      708.0000   678003    1.39%
   7200  6141      711.0000   116      718.0000      708.0000   683319    1.39%
   7300  6240      709.0000   191      718.0000      708.0000   693881    1.39%
   7400  6337      709.0000   136      718.0000      708.0000   710676    1.39%
   7500  6433      709.0000   240      718.0000      708.0000   728069    1.39%
   7600  6531      710.0000    90      718.0000      708.0000   735158    1.39%
   7700  6626      711.0000   172      718.0000      708.0000   747742    1.39%
   7800  6724      714.0000    80      718.0000      708.0000   752337    1.39%
   7900  6814      711.0000    78      718.0000      708.0000   763138    1.39%
   8000  6914      711.0000   103      718.0000      708.0000   766766    1.39%
Elapsed time = 537.67 sec. (tree size = 71.57 MB, solutions = 10)
   8100  7012      709.0000   185      718.0000      708.0000   775511    1.39%
   8200  7111      710.0000    99      718.0000      708.0000   783656    1.39%
   8300  7210      709.0000   217      718.0000      708.0000   796387    1.39%
   8400  7303      710.0000    88      718.0000      708.0000   819969    1.39%
   8500  7401      714.0000   124      718.0000      708.0000   828188    1.39%
   8600  7500      715.0000    70      718.0000      708.0000   832341    1.39%
   8700  7595      714.0000   103      718.0000      708.0000   840184    1.39%
   8800  7695      714.0000    86      718.0000      708.0000   842789    1.39%
   8900  7793      709.0000   227      718.0000      708.0000   850333    1.39%
   9000  7892      710.0000   113      718.0000      708.0000   858254    1.39%
Elapsed time = 606.41 sec. (tree size = 84.08 MB, solutions = 10)
   9100  7988      710.0000   208      718.0000      708.0000   871662    1.39%
   9200  8085      711.0000    77      718.0000      708.0000   881984    1.39%
   9300  8182      709.0000   159      718.0000      708.0000   897995    1.39%
   9400  8281      709.0000   126      718.0000      708.0000   907389    1.39%
   9500  8376      709.0000   172      718.0000      708.0000   922185    1.39%
   9600  8475      710.0000    86      718.0000      708.0000   928123    1.39%
   9700  8573      709.0000   215      718.0000      708.0000   940048    1.39%
   9800  8673      709.0000   147      718.0000      708.0000   948457    1.39%
   9900  8771      709.0000   239      718.0000      708.0000   961321    1.39%
  10000  8869      710.0000    69      718.0000      708.0000   969300    1.39%
Elapsed time = 693.97 sec. (tree size = 96.97 MB, solutions = 10)
  10100  8966      711.0000   124      718.0000      708.0000   979519    1.39%
  10200  9065      712.0000    71      718.0000      708.0000   985610    1.39%
  10300  9161      711.0000   188      718.0000      708.0000   997168    1.39%
  10400  9261      711.0000    94      718.0000      708.0000  1002974    1.39%
  10500  9356      709.0000   245      718.0000      708.0000  1019946    1.39%
  10600  9455      710.0000   102      718.0000      708.0000  1026551    1.39%
  10700  9553      709.0000   205      718.0000      708.0000  1038611    1.39%
  10800  9653      709.0000   134      718.0000      708.0000  1046793    1.39%
  10900  9747      709.0000   182      718.0000      708.0000  1071149    1.39%
  11000  9846      710.0000    76      718.0000      708.0000  1078951    1.39%
Elapsed time = 775.75 sec. (tree size = 110.17 MB, solutions = 10)
  11100  9944      709.0000   236      718.0000      708.0000  1091661    1.39%
  11200 10043      710.0000   120      718.0000      708.0000  1100658    1.39%
  11300 10141      711.0000   171      718.0000      708.0000  1112042    1.39%
  11400 10238      712.0000    85      718.0000      708.0000  1121925    1.39%
  11500 10337      709.0000   203      718.0000      708.0000  1132043    1.39%
  11600 10434      710.0000    98      718.0000      708.0000  1148917    1.39%
  11700 10531      713.0000   105      718.0000      708.0000  1163088    1.39%
  11800 10630      714.0000    72      718.0000      708.0000  1164739    1.39%
  11900 10725      713.0000   108      718.0000      708.0000  1174960    1.39%
  12000 10824      714.0000    64      718.0000      708.0000  1178270    1.39%
Elapsed time = 851.50 sec. (tree size = 123.77 MB, solutions = 10)
  12100 10922      709.0000   201      718.0000      708.0000  1186286    1.39%
  12200 11021      710.0000   119      718.0000      708.0000  1193174    1.39%
  12300 11120      711.0000   145      718.0000      708.0000  1201198    1.39%
Began writing nodes to disk (directory ./cpxa03760 created)
  12400 11212      714.0000    46      718.0000      708.0000  1209383    1.39%
  12500 11310      711.0000   149      718.0000      708.0000  1217443    1.39%
  12600 11410      711.0000   113      718.0000      708.0000  1222065    1.39%
  12700 11508      710.0000   199      718.0000      708.0000  1235379    1.39%
  12800 11607      711.0000   108      718.0000      708.0000  1241197    1.39%
  12900 11705      709.0000   219      718.0000      708.0000  1250329    1.39%
  13000 11804      710.0000   123      718.0000      708.0000  1259339    1.39%
Elapsed time = 921.84 sec. (tree size = 137.60 MB, solutions = 10)
Nodefile size =  9.67 MB (6.16 MB after compression)
  13100 11896    infeasible            718.0000      708.0000  1274414    1.39%
  13200 11975      716.0000    58      718.0000      708.0000  1294917    1.39%
  13300 12069      709.0000   187      718.0000      708.0000  1311761    1.39%
  13400 12168      710.0000   105      718.0000      708.0000  1323873    1.39%
  13500 12267      711.0000   121      718.0000      708.0000  1331657    1.39%
  13600 12365      713.0000    94      718.0000      708.0000  1336777    1.39%
  13700 12457      709.0000   219      718.0000      708.0000  1348405    1.39%
  13800 12556      710.0000    98      718.0000      708.0000  1361598    1.39%
  13900 12653      711.0000   190      718.0000      708.0000  1373093    1.39%
  14000 12746      712.0000   108      718.0000      708.0000  1386535    1.39%
Elapsed time = 1030.73 sec. (tree size = 151.46 MB, solutions = 10)
Nodefile size = 24.31 MB (14.64 MB after compression)
  14100 12841      711.0000   171      718.0000      708.0000  1396574    1.39%
  14200 12940      712.0000   105      718.0000      708.0000  1400495    1.39%
  14300 13039      709.0000   228      718.0000      708.0000  1417413    1.39%
  14400 13137      709.0000   137      718.0000      708.0000  1430853    1.39%
  14500 13234      708.1336   309      718.0000      708.0000  1453915    1.39%
  14600 13333      710.0000   119      718.0000      708.0000  1465824    1.39%
  14700 13431      711.0000   166      718.0000      708.0000  1477855    1.39%
  14800 13528      712.0000    73      718.0000      708.0000  1487273    1.39%
  14900 13626      711.0000   185      718.0000      708.0000  1499186    1.39%
  15000 13725      712.0000    90      718.0000      708.0000  1504728    1.39%
Elapsed time = 1131.23 sec. (tree size = 166.18 MB, solutions = 10)
Nodefile size = 38.58 MB (23.90 MB after compression)
  15100 13824      709.0000   156      718.0000      708.0000  1517761    1.39%
  15200 13923      710.0000    90      718.0000      708.0000  1525698    1.39%
  15300 14023      708.0000   293      718.0000      708.0000  1541487    1.39%
  15400 14117      709.0000   126      718.0000      708.0000  1571764    1.39%
  15500 14210      708.0000   314      718.0000      708.0000  1598911    1.39%
  15600 14300      709.0000   133      718.0000      708.0000  1644855    1.39%
  15700 14398      708.0000   294      718.0000      708.0000  1661094    1.39%
  15800 14497      709.0000   135      718.0000      708.0000  1673516    1.39%
  15900 14595      709.0000   204      718.0000      708.0000  1689928    1.39%
  16000 14694      710.0000    98      718.0000      708.0000  1700592    1.39%
Elapsed time = 1316.64 sec. (tree size = 181.27 MB, solutions = 10)
Nodefile size = 53.46 MB (34.06 MB after compression)
  16100 14792      709.0000   205      718.0000      708.0000  1712334    1.39%
  16200 14891      710.0000    79      718.0000      708.0000  1721536    1.39%
  16300 14990      708.0961   315      718.0000      708.0000  1735291    1.39%
  16400 15085      709.0000   146      718.0000      708.0000  1774796    1.39%
  16500 15181      709.0000   250      718.0000      708.0000  1802693    1.39%
  16600 15280      710.0000    81      718.0000      708.0000  1812052    1.39%
  16700 15376      708.0000   303      718.0000      708.0000  1826134    1.39%
  16800 15475      710.0000   122      718.0000      708.0000  1838632    1.39%
  16900 15574      708.0000   337      718.0000      708.0000  1850051    1.39%
  17000 15672      710.0000   144      718.0000      708.0000  1863041    1.39%
Elapsed time = 1489.78 sec. (tree size = 197.22 MB, solutions = 10)
Nodefile size = 69.78 MB (45.13 MB after compression)
  17100 15771      708.0000   269      718.0000      708.0000  1876297    1.39%
  17200 15869      709.0000   118      718.0000      708.0000  1897442    1.39%
  17300 15966      708.0000   299      718.0000      708.0000  1914222    1.39%
  17400 16058      709.0000   121      718.0000      708.0000  1955462    1.39%
  17500 16154      709.0000   215      718.0000      708.0000  1970541    1.39%
  17600 16253      710.0000   100      718.0000      708.0000  1980399    1.39%
  17700 16350      710.0000   149      718.0000      708.0000  1992237    1.39%
  17800 16448      712.0000    92      718.0000      708.0000  2001744    1.39%
  17900 16545      710.0000   187      718.0000      708.0000  2013373    1.39%
  18000 16643      711.0000    84      718.0000      708.0000  2023592    1.39%
Elapsed time = 1653.33 sec. (tree size = 213.73 MB, solutions = 10)
Nodefile size = 85.95 MB (56.86 MB after compression)
  18100 16736      712.0000   159      718.0000      708.0000  2037606    1.39%
  18200 16836      712.0000   101      718.0000      708.0000  2043405    1.39%
  18300 16929      713.0000   186      718.0000      708.0000  2055824    1.39%
  18400 17017      716.0000    62      718.0000      708.0000  2067533    1.39%
  18500 17111      710.0000   161      718.0000      708.0000  2088993    1.39%
  18600 17211      710.0000   188      718.0000      708.0000  2097709    1.39%
  18700 17310      708.0000   280      718.0000      708.0000  2111630    1.39%
  18800 17402      709.0000   191      718.0000      708.0000  2151163    1.39%
  18900 17498      711.0000   215      718.0000      708.0000  2180626    1.39%
  19000 17597      712.0000   150      718.0000      708.0000  2189462    1.39%
Elapsed time = 1802.17 sec. (tree size = 230.42 MB, solutions = 10)
Nodefile size = 102.72 MB (70.56 MB after compression)
  19100 17695      710.0000   228      718.0000      708.0000  2200037    1.39%
  19200 17792      713.0000    55      718.0000      708.0000  2208506    1.39%
  19300 17882      712.0000   121      718.0000      708.0000  2220698    1.39%
  19400 17979      713.0000    66      718.0000      708.0000  2226502    1.39%
  19500 18066      712.1450   188      718.0000      708.0000  2240314    1.39%
  19600 18162      713.0000    82      718.0000      708.0000  2249703    1.39%
  19700 18256      711.0000   201      718.0000      708.0000  2265107    1.39%
  19800 18355      712.0000   112      718.0000      708.0000  2270944    1.39%
  19900 18451      712.0000   152      718.0000      708.0000  2281980    1.39%
  20000 18550      713.0000    60      718.0000      708.0000  2286100    1.39%
Elapsed time = 1884.59 sec. (tree size = 247.41 MB, solutions = 10)
Nodefile size = 119.58 MB (85.91 MB after compression)
  20100 18650      708.0000   275      718.0000      708.0000  2294000    1.39%
  20200 18748      710.0000    89      718.0000      708.0000  2310840    1.39%
  20300 18845      712.0000   159      718.0000      708.0000  2319981    1.39%
  20400 18938      714.0000    85      718.0000      708.0000  2334767    1.39%
  20500 19031      712.0000   133      718.0000      708.0000  2345508    1.39%
  20600 19129      713.0315   124      718.0000      708.0000  2351817    1.39%
  20700 19217      711.0000   109      718.0000      708.0000  2373348    1.39%
  20800 19316      712.0000   141      718.0000      708.0000  2379391    1.39%
  20900 19413      708.2937   329      718.0000      708.0000  2397646    1.39%
  21000 19511      711.0000    72      718.0000      708.0000  2412525    1.39%
Elapsed time = 2013.70 sec. (tree size = 264.67 MB, solutions = 10)
Nodefile size = 137.44 MB (101.33 MB after compression)
  21100 19604      708.0000   253      718.0000      708.0000  2419071    1.39%
  21200 19700      709.0000   108      718.0000      708.0000  2444400    1.39%
  21300 19797      709.0000    89      718.0000      708.0000  2453428    1.39%
  21400 19896      710.0000    83      718.0000      708.0000  2460277    1.39%
  21500 19995      709.0000   105      718.0000      708.0000  2468022    1.39%
  21600 20095      709.0000   121      718.0000      708.0000  2473001    1.39%
  21700 20193      708.0008   254      718.0000      708.0000  2484477    1.39%
  21800 20293      709.0000   119      718.0000      708.0000  2492017    1.39%
  21900 20391      709.0000   112      718.0000      708.0000  2502866    1.39%
  22000 20491      709.0000   104      718.0000      708.0000  2507606    1.39%
Elapsed time = 2102.84 sec. (tree size = 282.24 MB, solutions = 10)
Nodefile size = 154.56 MB (114.77 MB after compression)
  22100 20586      709.0000   117      718.0000      708.0000  2518824    1.39%
  22200 20685      710.0000    74      718.0000      708.0000  2525451    1.39%
  22300 20780      709.0000   102      718.0000      708.0000  2531113    1.39%
  22400 20880      709.0000   135      718.0000      708.0000  2539430    1.39%
  22500 20977      709.0000   114      718.0000      708.0000  2548762    1.39%
  22600 21076      710.0000    82      718.0000      708.0000  2555092    1.39%
  22700 21174      709.0000   106      718.0000      708.0000  2561435    1.39%
  22800 21273      709.0000   114      718.0000      708.0000  2570463    1.39%
  22900 21367      709.0000   136      718.0000      708.0000  2581530    1.39%
  23000 21465      711.0000    73      718.0000      708.0000  2591484    1.39%
Elapsed time = 2178.55 sec. (tree size = 299.69 MB, solutions = 10)
Nodefile size = 172.11 MB (128.94 MB after compression)
  23100 21564      709.0000   135      718.0000      708.0000  2597444    1.39%
  23200 21662      711.0000    91      718.0000      708.0000  2605869    1.39%
  23300 21761      709.0000   101      718.0000      708.0000  2610928    1.39%
  23400 21860      710.0000    78      718.0000      708.0000  2617193    1.39%
  23500 21959      709.0000   111      718.0000      708.0000  2623799    1.39%
  23600 22058      709.0000   100      718.0000      708.0000  2632807    1.39%
  23700 22154      709.0000   174      718.0000      708.0000  2652491    1.39%
  23800 22252      711.0000    78      718.0000      708.0000  2663525    1.39%
  23900 22351      709.0000   141      718.0000      708.0000  2670776    1.39%
  24000 22450      710.0000   138      718.0000      708.0000  2681254    1.39%
Elapsed time = 2255.92 sec. (tree size = 317.35 MB, solutions = 10)
Nodefile size = 189.36 MB (143.14 MB after compression)
  24100 22548      709.0000   192      718.0000      708.0000  2691584    1.39%
  24200 22646      711.0000    90      718.0000      708.0000  2702993    1.39%
  24300 22744      709.0000   141      718.0000      708.0000  2708341    1.39%
  24400 22840      710.0000    97      718.0000      708.0000  2725904    1.39%
  24500 22939      709.0000   178      718.0000      708.0000  2737444    1.39%
  24600 23038      710.0000   102      718.0000      708.0000  2747720    1.39%
  24700 23137      709.0000   165      718.0000      708.0000  2756745    1.39%
  24800 23236      715.0000    50      718.0000      708.0000  2764305    1.39%
  24900 23335      709.0000   159      718.0000      708.0000  2768772    1.39%
  25000 23432      710.0000    82      718.0000      708.0000  2777837    1.39%
Elapsed time = 2339.36 sec. (tree size = 334.95 MB, solutions = 10)
Nodefile size = 207.12 MB (158.33 MB after compression)
  25100 23531      709.0000   170      718.0000      708.0000  2789180    1.39%
  25200 23627      710.0000    81      718.0000      708.0000  2801403    1.39%
  25300 23722      709.0000   143      718.0000      708.0000  2812645    1.39%
  25400 23822      715.0000    47      718.0000      708.0000  2818719    1.39%
  25500 23921      709.0000   132      718.0000      708.0000  2824061    1.39%
  25600 24019      715.0000    47      718.0000      708.0000  2825316    1.39%
  25700 24118      709.0000   132      718.0000      708.0000  2828832    1.39%
  25800 24217      710.0000    82      718.0000      708.0000  2838336    1.39%
  25900 24316      709.0000   179      718.0000      708.0000  2845487    1.39%
  26000 24415      710.0000   105      718.0000      708.0000  2851955    1.39%
Elapsed time = 2399.97 sec. (tree size = 352.78 MB, solutions = 10)
Nodefile size = 224.87 MB (173.61 MB after compression)
  26100 24514      709.0000   125      718.0000      708.0000  2859031    1.39%
  26200 24612      711.0000    84      718.0000      708.0000  2871883    1.39%
  26300 24711      709.0000   119      718.0000      708.0000  2876976    1.39%
  26400 24810      710.0000    81      718.0000      708.0000  2884280    1.39%
  26500 24909      709.0000   132      718.0000      708.0000  2891972    1.39%
  26600 25008      710.0000   120      718.0000      708.0000  2901336    1.39%
  26700 25106      709.0000   144      718.0000      708.0000  2911140    1.39%
  26800 25197      711.0000    76      718.0000      708.0000  2925137    1.39%
  26900 25296      709.0000   140      718.0000      708.0000  2930757    1.39%
  27000 25395      710.0000    74      718.0000      708.0000  2936814    1.39%
Elapsed time = 2465.84 sec. (tree size = 370.45 MB, solutions = 10)
Nodefile size = 242.73 MB (189.56 MB after compression)
  27100 25494      709.0000   176      718.0000      708.0000  2944225    1.39%
  27200 25593      710.0000   115      718.0000      708.0000  2954655    1.39%
  27300 25692      709.0000   101      718.0000      708.0000  2965670    1.39%
  27400 25791      710.0000    89      718.0000      708.0000  2971185    1.39%
  27500 25890      709.0000   119      718.0000      708.0000  2977422    1.39%
  27600 25989      709.0000    99      718.0000      708.0000  2983032    1.39%
  27700 26086      709.0000   193      718.0000      708.0000  2995781    1.39%
  27800 26185      710.0000    90      718.0000      708.0000  3003900    1.39%
  27900 26284      709.0000   155      718.0000      708.0000  3012745    1.39%
  28000 26383      710.0000    71      718.0000      708.0000  3019278    1.39%
Elapsed time = 2531.58 sec. (tree size = 388.15 MB, solutions = 10)
Nodefile size = 260.54 MB (205.16 MB after compression)
  28100 26482      709.0000   124      718.0000      708.0000  3026809    1.39%
  28200 26582      709.0000   116      718.0000      708.0000  3035431    1.39%
  28300 26680      709.0000   132      718.0000      708.0000  3048472    1.39%
  28400 26777      710.0000    82      718.0000      708.0000  3059233    1.39%
  28500 26876      709.0000   154      718.0000      708.0000  3070670    1.39%
  28600 26975      710.0000   101      718.0000      708.0000  3077670    1.39%
  28700 27074      709.0000   117      718.0000      708.0000  3087073    1.39%
  28800 27173      710.0000    76      718.0000      708.0000  3094608    1.39%
  28900 27272      709.0000   118      718.0000      708.0000  3099726    1.39%
  29000 27372      709.0000    90      718.0000      708.0000  3105527    1.39%
Elapsed time = 2603.17 sec. (tree size = 405.86 MB, solutions = 10)
Nodefile size = 278.30 MB (220.71 MB after compression)
  29100 27469      709.0000   175      718.0000      708.0000  3115680    1.39%
  29200 27566      710.0000    98      718.0000      708.0000  3126298    1.39%
  29300 27665      709.0000   167      718.0000      708.0000  3136303    1.39%
  29400 27765      709.0000   191      718.0000      708.0000  3148609    1.39%
  29500 27862      709.1325   266      718.0000      708.0000  3162603    1.39%
  29600 27961      711.0000    82      718.0000      708.0000  3167721    1.39%
  29700 28060      709.0000   186      718.0000      708.0000  3176354    1.39%
  29800 28159      710.0000   109      718.0000      708.0000  3184450    1.39%
  29900 28257      709.0000   107      718.0000      708.0000  3192446    1.39%
  30000 28356      709.0000   142      718.0000      708.0000  3200121    1.39%
Elapsed time = 2686.59 sec. (tree size = 423.51 MB, solutions = 10)
Nodefile size = 296.09 MB (236.70 MB after compression)
  30100 28450      709.0000   128      718.0000      708.0000  3212620    1.39%
  30200 28549      710.0000   111      718.0000      708.0000  3224606    1.39%
  30300 28647      709.0000   113      718.0000      708.0000  3233066    1.39%
  30400 28747      709.0000   111      718.0000      708.0000  3237779    1.39%
  30500 28845      709.0000   125      718.0000      708.0000  3245099    1.39%
  30600 28942      712.0000    54      718.0000      708.0000  3253919    1.39%
  30700 29040      709.0000   130      718.0000      708.0000  3259698    1.39%
  30800 29140      709.0000   102      718.0000      708.0000  3265121    1.39%
  30900 29234      709.0000   182      718.0000      708.0000  3280240    1.39%
  31000 29333      710.0000   160      718.0000      708.0000  3290942    1.39%
Elapsed time = 2765.00 sec. (tree size = 441.06 MB, solutions = 10)
Nodefile size = 313.87 MB (252.28 MB after compression)
  31100 29431      709.0000   191      718.0000      708.0000  3299783    1.39%
  31200 29530      710.0000   149      718.0000      708.0000  3315403    1.39%
  31300 29628      709.0000   104      718.0000      708.0000  3323891    1.39%
  31400 29727      710.0000   109      718.0000      708.0000  3330109    1.39%
  31500 29825      709.0000   176      718.0000      708.0000  3341450    1.39%
  31600 29922      710.0000    87      718.0000      708.0000  3357069    1.39%
  31700 30021      709.0000   149      718.0000      708.0000  3364762    1.39%
  31800 30120      710.0000   122      718.0000      708.0000  3372970    1.39%
  31900 30218      712.0000    84      718.0000      708.0000  3382835    1.39%
  32000 30318      712.0000    52      718.0000      708.0000  3384580    1.39%
Elapsed time = 2847.23 sec. (tree size = 458.74 MB, solutions = 10)
Nodefile size = 331.72 MB (268.51 MB after compression)
  32100 30417      709.0000   134      718.0000      708.0000  3388898    1.39%
  32200 30514      710.0000    73      718.0000      708.0000  3394734    1.39%
  32300 30613      709.0000   147      718.0000      708.0000  3401996    1.39%
  32400 30709      709.0000   134      718.0000      708.0000  3419428    1.39%
  32500 30806      708.3691   297      718.0000      708.0000  3436061    1.39%
  32600 30905      710.0000   117      718.0000      708.0000  3447806    1.39%
  32700 31003      709.0000   135      718.0000      708.0000  3461761    1.39%
  32800 31102      710.0000    97      718.0000      708.0000  3469589    1.39%
  32900 31201      709.0000   210      718.0000      708.0000  3481392    1.39%
  33000 31300      710.0000   112      718.0000      708.0000  3489636    1.39%
Elapsed time = 2937.94 sec. (tree size = 476.44 MB, solutions = 10)
Nodefile size = 348.52 MB (283.82 MB after compression)
  33100 31397      709.0000   235      718.0000      708.0000  3505408    1.39%
  33200 31495      710.0000   118      718.0000      708.0000  3515537    1.39%
  33300 31594      709.0000   103      718.0000      708.0000  3526708    1.39%
  33400 31694      709.0000   100      718.0000      708.0000  3532367    1.39%
  33500 31793      709.0000   127      718.0000      708.0000  3542905    1.39%
  33600 31892      710.0000   101      718.0000      708.0000  3551685    1.39%
  33700 31990      709.0000   179      718.0000      708.0000  3564151    1.39%
  33800 32089      710.0000   153      718.0000      708.0000  3578693    1.39%
  33900 32185      709.0000   187      718.0000      708.0000  3596059    1.39%
  34000 32285      709.0000   101      718.0000      708.0000  3602696    1.39%
Elapsed time = 3027.11 sec. (tree size = 494.17 MB, solutions = 10)
Nodefile size = 366.62 MB (299.90 MB after compression)
  34100 32382      709.0000   152      718.0000      708.0000  3614482    1.39%
  34200 32481      710.0000    82      718.0000      708.0000  3622292    1.39%
  34300 32579      709.0000   188      718.0000      708.0000  3631899    1.39%
  34400 32676      712.0000   105      718.0000      708.0000  3640570    1.39%
  34500 32774      709.0000   115      718.0000      708.0000  3646352    1.39%
  34600 32874      709.0000   105      718.0000      708.0000  3650882    1.39%
  34700 32972      709.0000   117      718.0000      708.0000  3655643    1.39%
  34800 33069      710.0000    66      718.0000      708.0000  3663065    1.39%
  34900 33167      710.0000   153      718.0000      708.0000  3671671    1.39%
  35000 33267      710.0000    87      718.0000      708.0000  3675751    1.39%
Elapsed time = 3085.17 sec. (tree size = 511.87 MB, solutions = 10)
Nodefile size = 384.17 MB (315.64 MB after compression)
  35100 33366      709.0000   118      718.0000      708.0000  3684600    1.39%
  35200 33466      710.0000   112      718.0000      708.0000  3696211    1.39%
  35300 33565      709.0000   194      718.0000      708.0000  3705423    1.39%
  35400 33664      710.0000   116      718.0000      708.0000  3717321    1.39%
  35500 33761      709.0000   138      718.0000      708.0000  3730429    1.39%
  35600 33858      710.0000    93      718.0000      708.0000  3737994    1.39%
  35700 33954      709.0338   209      718.0000      708.0000  3750918    1.39%
  35800 34054      710.0000    85      718.0000      708.0000  3754304    1.39%
  35900 34153      709.0000   111      718.0000      708.0000  3760658    1.39%
  36000 34252      710.0000    99      718.0000      708.0000  3768429    1.39%
Elapsed time = 3155.66 sec. (tree size = 529.66 MB, solutions = 10)
Nodefile size = 401.95 MB (332.12 MB after compression)
  36100 34351      709.0000   137      718.0000      708.0000  3777186    1.39%
  36200 34450      710.0000    69      718.0000      708.0000  3785056    1.39%
  36300 34548      709.0000   158      718.0000      708.0000  3792590    1.39%
  36400 34645      710.0000    84      718.0000      708.0000  3806498    1.39%
  36500 34744      709.0000   138      718.0000      708.0000  3816226    1.39%
  36600 34843      710.0000    80      718.0000      708.0000  3824445    1.39%
  36700 34943      708.0000   217      718.0000      708.0000  3831464    1.39%
  36800 35041      710.0000   102      718.0000      708.0000  3845773    1.39%
  36900 35140      709.0000   176      718.0000      708.0000  3850817    1.39%
  37000 35240      709.0000   169      718.0000      708.0000  3863281    1.39%
Elapsed time = 3236.42 sec. (tree size = 547.35 MB, solutions = 10)
Nodefile size = 419.73 MB (347.91 MB after compression)
  37100 35337      709.0000   150      718.0000      708.0000  3879453    1.39%
  37200 35433      710.0000    75      718.0000      708.0000  3891773    1.39%
  37300 35532      709.0000   139      718.0000      708.0000  3899265    1.39%
  37400 35631      710.0000    82      718.0000      708.0000  3905194    1.39%
  37500 35730      709.0000   137      718.0000      708.0000  3911829    1.39%
  37600 35829      710.0000    58      718.0000      708.0000  3921225    1.39%
  37700 35928      709.0000   178      718.0000      708.0000  3929298    1.39%
  37800 36027      710.0000    93      718.0000      708.0000  3939638    1.39%
  37900 36125      709.0000   191      718.0000      708.0000  3948662    1.39%
  38000 36222      710.0000    95      718.0000      708.0000  3959209    1.39%
Elapsed time = 3323.41 sec. (tree size = 565.00 MB, solutions = 10)
Nodefile size = 437.54 MB (364.37 MB after compression)
  38100 36320      709.0000   161      718.0000      708.0000  3967076    1.39%
  38200 36418      711.0000    79      718.0000      708.0000  3975642    1.39%
  38300 36514      709.0000   174      718.0000      708.0000  3982863    1.39%
  38400 36613      710.0000    80      718.0000      708.0000  3992648    1.39%
  38500 36712      709.0000   166      718.0000      708.0000  4000030    1.39%
  38600 36811      710.0000    98      718.0000      708.0000  4007364    1.39%
  38700 36910      709.0000   145      718.0000      708.0000  4014576    1.39%
  38800 37008      710.0000    80      718.0000      708.0000  4022803    1.39%
  38900 37106      709.0000   209      718.0000      708.0000  4030682    1.39%
  39000 37205      710.0000    83      718.0000      708.0000  4039728    1.39%
Elapsed time = 3394.23 sec. (tree size = 582.76 MB, solutions = 10)
Nodefile size = 455.36 MB (380.90 MB after compression)
  39100 37304      709.0000   173      718.0000      708.0000  4048101    1.39%
  39200 37403      710.0000    99      718.0000      708.0000  4055053    1.39%
  39300 37502      709.0000   127      718.0000      708.0000  4064284    1.39%
  39400 37601      710.0000    91      718.0000      708.0000  4070578    1.39%
  39500 37698      709.0000   149      718.0000      708.0000  4077661    1.39%
  39600 37796      710.0000    71      718.0000      708.0000  4088517    1.39%
  39700 37895      709.0000   149      718.0000      708.0000  4094689    1.39%
  39800 37994      710.0000    96      718.0000      708.0000  4101844    1.39%
  39900 38093      709.0000   127      718.0000      708.0000  4109530    1.39%
  40000 38192      710.0000    77      718.0000      708.0000  4120590    1.39%
Elapsed time = 3466.52 sec. (tree size = 600.55 MB, solutions = 10)
Nodefile size = 473.22 MB (397.24 MB after compression)
  40100 38291      709.0000   153      718.0000      708.0000  4128765    1.39%
  40200 38391      709.0000   116      718.0000      708.0000  4134825    1.39%
  40300 38490      709.0000   117      718.0000      708.0000  4147889    1.39%
  40400 38590      709.0000    97      718.0000      708.0000  4154651    1.39%
  40500 38686      709.0000   142      718.0000      708.0000  4167849    1.39%
  40600 38785      710.0000    74      718.0000      708.0000  4176907    1.39%
  40700 38884      709.0000   128      718.0000      708.0000  4182514    1.39%
  40800 38983      710.0000    88      718.0000      708.0000  4192300    1.39%
  40900 39082      709.0000   171      718.0000      708.0000  4198752    1.39%
  41000 39181      710.0000   104      718.0000      708.0000  4207338    1.39%
Elapsed time = 3538.97 sec. (tree size = 618.32 MB, solutions = 10)
Nodefile size = 490.99 MB (413.48 MB after compression)
  41100 39278      709.0000   162      718.0000      708.0000  4216221    1.39%
  41200 39375      710.0000   125      718.0000      708.0000  4228533    1.39%
  41300 39469      709.0000   137      718.0000      708.0000  4237781    1.39%
  41400 39568      710.0000    82      718.0000      708.0000  4244142    1.39%
  41500 39668      710.0000   138      718.0000      708.0000  4248146    1.39%
  41600 39768      710.0000   117      718.0000      708.0000  4254401    1.39%
  41700 39865      711.0000    83      718.0000      708.0000  4257785    1.39%
  41800 39954      709.0000   208      718.0000      708.0000  4264315    1.39%
  41900 40048      710.0000    96      718.0000      708.0000  4286234    1.39%
  42000 40141      710.0000   112      718.0000      708.0000  4299912    1.39%
Elapsed time = 3609.61 sec. (tree size = 635.75 MB, solutions = 10)
Nodefile size = 507.77 MB (428.55 MB after compression)
  42100 40233      709.0000   158      718.0000      708.0000  4319798    1.39%
  42200 40331      711.0000   115      718.0000      708.0000  4332716    1.39%
  42300 40428      709.0000   187      718.0000      708.0000  4342781    1.39%
  42400 40527      710.0000   120      718.0000      708.0000  4350878    1.39%
  42500 40624      710.0000   137      718.0000      708.0000  4363349    1.39%
  42600 40723      711.0000    69      718.0000      708.0000  4367537    1.39%
  42700 40819      710.0000   173      718.0000      708.0000  4373558    1.39%
  42800 40919      710.0000   100      718.0000      708.0000  4379479    1.39%
  42900 41016      709.0000   122      718.0000      708.0000  4390118    1.39%
  43000 41115      710.0000    87      718.0000      708.0000  4400996    1.39%
Elapsed time = 3692.23 sec. (tree size = 653.27 MB, solutions = 10)
Nodefile size = 525.58 MB (445.12 MB after compression)
  43100 41212      710.0000   165      718.0000      708.0000  4413505    1.39%
  43200 41311      711.0000    72      718.0000      708.0000  4419860    1.39%
  43300 41410      709.0000   138      718.0000      708.0000  4424693    1.39%
  43400 41509      710.0000   124      718.0000      708.0000  4434663    1.39%
  43500 41605      709.0000   143      718.0000      708.0000  4443960    1.39%
  43600 41698      710.0000    73      718.0000      708.0000  4461281    1.39%
  43700 41797      709.0000   125      718.0000      708.0000  4467309    1.39%
  43800 41896      710.0000   126      718.0000      708.0000  4475640    1.39%
  43900 41992      709.0000   142      718.0000      708.0000  4485639    1.39%
  44000 42091      710.0000    89      718.0000      708.0000  4492892    1.39%
Elapsed time = 3765.23 sec. (tree size = 670.84 MB, solutions = 10)
Nodefile size = 543.43 MB (461.65 MB after compression)
  44100 42189      709.0257   221      718.0000      708.0000  4502001    1.39%
  44200 42288      711.0000    70      718.0000      708.0000  4508003    1.39%
  44300 42387      709.0000   121      718.0000      708.0000  4511975    1.39%
  44400 42485      710.0000    87      718.0000      708.0000  4519753    1.39%
  44500 42584      709.0000   196      718.0000      708.0000  4528300    1.39%
  44600 42683      710.0000    73      718.0000      708.0000  4531789    1.39%
  44700 42782      709.0000   185      718.0000      708.0000  4539672    1.39%
  44800 42881      710.0000    82      718.0000      708.0000  4546695    1.39%
  44900 42980      709.0000   141      718.0000      708.0000  4551578    1.39%
  45000 43079      710.0000   112      718.0000      708.0000  4556704    1.39%
Elapsed time = 3815.91 sec. (tree size = 688.66 MB, solutions = 10)
Nodefile size = 561.25 MB (478.16 MB after compression)
  45100 43173      709.0000   134      718.0000      708.0000  4563551    1.39%
  45200 43272      710.0000    98      718.0000      708.0000  4569082    1.39%
  45300 43371      711.0000    96      718.0000      708.0000  4573798    1.39%
  45400 43471      711.0000    97      718.0000      708.0000  4577201    1.39%
  45500 43569      713.0000    66      718.0000      708.0000  4581707    1.39%
  45600 43654      717.0000    74      718.0000      708.0000  4586519    1.39%
  45700 43742      712.0000    66      718.0000      708.0000  4601418    1.39%
  45800 43841      713.0000    67      718.0000      708.0000  4604778    1.39%
  45900 43936      710.0000   178      718.0000      708.0000  4615025    1.39%
  46000 44036      710.0000   105      718.0000      708.0000  4620092    1.39%
Elapsed time = 3864.92 sec. (tree size = 706.04 MB, solutions = 10)
Nodefile size = 578.04 MB (493.75 MB after compression)
  46100 44131      709.0000   111      718.0000      708.0000  4633927    1.39%
  46200 44229      711.0000    69      718.0000      708.0000  4643573    1.39%
  46300 44328      709.0000   116      718.0000      708.0000  4649327    1.39%
  46400 44427      710.0000    79      718.0000      708.0000  4656099    1.39%
  46500 44526      709.0000   128      718.0000      708.0000  4662927    1.39%
  46600 44624      711.0000    86      718.0000      708.0000  4670621    1.39%
  46700 44723      709.0000   177      718.0000      708.0000  4678931    1.39%
  46800 44817      710.0000    79      718.0000      708.0000  4695071    1.39%
  46900 44915      709.0000   214      718.0000      708.0000  4702179    1.39%
  47000 45014      710.0000   117      718.0000      708.0000  4710226    1.39%
Elapsed time = 3935.59 sec. (tree size = 723.55 MB, solutions = 10)
Nodefile size = 595.90 MB (510.27 MB after compression)
  47100 45112      709.0000   136      718.0000      708.0000  4716505    1.39%
  47200 45211      710.0000    95      718.0000      708.0000  4721352    1.39%
  47300 45310      709.0000   114      718.0000      708.0000  4728358    1.39%
  47400 45410      709.0000    87      718.0000      708.0000  4732893    1.39%
  47500 45507      709.0000   117      718.0000      708.0000  4741329    1.39%
  47600 45605      710.0000    76      718.0000      708.0000  4750174    1.39%
  47700 45703      709.0000   117      718.0000      708.0000  4755738    1.39%
  47800 45802      710.0000    90      718.0000      708.0000  4763377    1.39%
  47900 45900      709.0000   135      718.0000      708.0000  4770808    1.39%
  48000 45999      710.0000    87      718.0000      708.0000  4777385    1.39%
Elapsed time = 3991.44 sec. (tree size = 741.21 MB, solutions = 10)
Nodefile size = 613.73 MB (526.65 MB after compression)
  48100 46096      709.0000   152      718.0000      708.0000  4784454    1.39%
  48200 46192      710.0000   128      718.0000      708.0000  4798814    1.39%
  48300 46288      712.0000    74      718.0000      708.0000  4804549    1.39%
  48400 46383      713.0000    69      718.0000      708.0000  4810873    1.39%
* 48488+46260                          717.0000      708.0000  4822020    1.26%
  48500 46273      710.0000   157      717.0000      708.0000  4823218    1.26%
  48600 46371      712.0000    94      717.0000      708.0000  4829887    1.26%
  48700 46470      709.0000   152      717.0000      708.0000  4835955    1.26%
  48800 46568      711.0000    72      717.0000      708.0000  4844319    1.26%
  48900 46667      709.0000   172      717.0000      708.0000  4852055    1.26%
  49000 46764      712.0000    70      717.0000      708.0000  4860810    1.26%
Elapsed time = 4065.55 sec. (tree size = 756.17 MB, solutions = 11)
Nodefile size = 628.60 MB (541.00 MB after compression)
  49100 46863      709.0000   137      717.0000      708.0000  4865842    1.26%
  49200 46961      709.0000   134      717.0000      708.0000  4876563    1.26%
  49300 47055      709.0000   135      717.0000      708.0000  4887676    1.26%
  49400 47154      710.0000   106      717.0000      708.0000  4895865    1.26%
  49500 47252      709.0000   147      717.0000      708.0000  4903356    1.26%
  49600 47349      712.0000    61      717.0000      708.0000  4913600    1.26%
  49700 47443      709.0000   119      717.0000      708.0000  4919514    1.26%
  49800 47542      710.0000    91      717.0000      708.0000  4924716    1.26%
  49900 47640      709.0000   135      717.0000      708.0000  4934242    1.26%
  50000 47736      710.0000    94      717.0000      708.0000  4950943    1.26%
Elapsed time = 4145.77 sec. (tree size = 773.73 MB, solutions = 11)
Nodefile size = 646.42 MB (557.43 MB after compression)
  50100 47834      709.0000   145      717.0000      708.0000  4957978    1.26%
  50200 47932      711.0000    82      717.0000      708.0000  4970507    1.26%
  50300 48031      709.0000   224      717.0000      708.0000  4978357    1.26%
  50400 48130      710.0000   104      717.0000      708.0000  4986515    1.26%
  50500 48228      709.0000   150      717.0000      708.0000  4993601    1.26%
  50600 48326      711.0000    75      717.0000      708.0000  5003470    1.26%
  50700 48425      709.0000   137      717.0000      708.0000  5010768    1.26%
  50800 48519      710.0000   139      717.0000      708.0000  5027110    1.26%
  50900 48617      709.0000   139      717.0000      708.0000  5035071    1.26%
  51000 48715      711.0000    72      717.0000      708.0000  5042528    1.26%
Elapsed time = 4224.56 sec. (tree size = 791.43 MB, solutions = 11)
Nodefile size = 664.22 MB (573.97 MB after compression)
  51100 48812      709.0000   172      717.0000      708.0000  5048365    1.26%
  51200 48910      711.0000    67      717.0000      708.0000  5056883    1.26%
  51300 49008      711.0000    86      717.0000      708.0000  5060026    1.26%
  51400 49105      713.0000    72      717.0000      708.0000  5063581    1.26%
  51500 49203      709.0000   153      717.0000      708.0000  5070535    1.26%
  51600 49298      710.0000   123      717.0000      708.0000  5085198    1.26%
  51700 49395      708.0000   227      717.0000      708.0000  5098224    1.26%
  51800 49493      710.0000   116      717.0000      708.0000  5109234    1.26%
  51900 49592      709.0000   116      717.0000      708.0000  5117946    1.26%
  52000 49689      710.0000   112      717.0000      708.0000  5129359    1.26%
Elapsed time = 4298.63 sec. (tree size = 809.03 MB, solutions = 11)
Nodefile size = 681.03 MB (589.61 MB after compression)
  52100 49785      709.0000   150      717.0000      708.0000  5135570    1.26%
  52200 49884      710.0000   112      717.0000      708.0000  5142640    1.26%
  52300 49982      709.0000   160      717.0000      708.0000  5155942    1.26%
  52400 50076      711.0000   122      717.0000      708.0000  5169154    1.26%
  52500 50173      709.0000   105      717.0000      708.0000  5176906    1.26%
  52600 50272      710.0000    80      717.0000      708.0000  5184761    1.26%
  52700 50371      709.0000   174      717.0000      708.0000  5194459    1.26%
  52800 50469      711.0000    72      717.0000      708.0000  5200514    1.26%
  52900 50566      709.0000   201      717.0000      708.0000  5206731    1.26%
  53000 50662      710.0000    65      717.0000      708.0000  5216802    1.26%
Elapsed time = 4369.83 sec. (tree size = 826.58 MB, solutions = 11)
Nodefile size = 698.82 MB (606.14 MB after compression)
  53100 50760      711.0000    84      717.0000      708.0000  5224026    1.26%
  53200 50859      711.0000    83      717.0000      708.0000  5227903    1.26%
  53300 50955      709.0000   179      717.0000      708.0000  5235971    1.26%
  53400 51050      714.0000    52      717.0000      708.0000  5246212    1.26%
  53500 51149      709.0000   203      717.0000      708.0000  5252479    1.26%
  53600 51248      710.0000    83      717.0000      708.0000  5259803    1.26%
  53700 51343      709.0000   196      717.0000      708.0000  5269344    1.26%
  53800 51441      711.0000    62      717.0000      708.0000  5278778    1.26%
  53900 51541      711.0000    66      717.0000      708.0000  5280087    1.26%
  54000 51641      714.0000    58      717.0000      708.0000  5281595    1.26%
Elapsed time = 4420.61 sec. (tree size = 844.36 MB, solutions = 11)
Nodefile size = 716.59 MB (622.66 MB after compression)
  54100 51741      714.0000    63      717.0000      708.0000  5283520    1.26%
  54200 51830      710.0000   125      717.0000      708.0000  5292959    1.26%
  54300 51929      711.0000    63      717.0000      708.0000  5298380    1.26%
  54400 52029      711.0000    72      717.0000      708.0000  5300526    1.26%
  54500 52128      709.0000   127      717.0000      708.0000  5305909    1.26%
  54600 52227      710.0000    85      717.0000      708.0000  5312442    1.26%
  54700 52323      709.0429   240      717.0000      708.0000  5320561    1.26%
  54800 52422      711.0000    79      717.0000      708.0000  5326181    1.26%
  54900 52520      716.0000    52      717.0000      708.0000  5328789    1.26%
  55000 52620      716.0000    69      717.0000      708.0000  5331143    1.26%
Elapsed time = 4458.86 sec. (tree size = 862.15 MB, solutions = 11)
Nodefile size = 734.36 MB (639.18 MB after compression)
  55100 52712      710.0000    79      717.0000      708.0000  5339977    1.26%
  55200 52812      710.0000    67      717.0000      708.0000  5342199    1.26%
  55300 52911      710.0000    99      717.0000      708.0000  5346487    1.26%
  55400 53011      710.0000   113      717.0000      708.0000  5349984    1.26%
  55500 53104      709.0000   153      717.0000      708.0000  5357404    1.26%
  55600 53202      711.0000    72      717.0000      708.0000  5365164    1.26%
  55700 53302      711.0000    78      717.0000      708.0000  5367779    1.26%
  55800 53402      711.0000   106      717.0000      708.0000  5371914    1.26%
  55900 53501      712.0000    60      717.0000      708.0000  5375615    1.26%
  56000 53598      714.0000    68      717.0000      708.0000  5378029    1.26%
Elapsed time = 4493.31 sec. (tree size = 879.86 MB, solutions = 11)
Nodefile size = 752.15 MB (655.78 MB after compression)
  56100 53681      710.0000   135      717.0000      708.0000  5393066    1.26%
  56200 53781      710.0000   104      717.0000      708.0000  5397629    1.26%
  56300 53879      710.0000    95      717.0000      708.0000  5404137    1.26%
  56400 53972      711.0000    79      717.0000      708.0000  5415434    1.26%
* 56488+53775                          716.0000      708.0000  5417986    1.12%
  56500 53788      709.0000   185      716.0000      708.0000  5423011    1.12%
  56600 53887      710.0000   113      716.0000      708.0000  5430777    1.12%
  56700 53985      709.0000   118      716.0000      708.0000  5438471    1.12%
  56800 54084      710.0000    78      716.0000      708.0000  5445767    1.12%
  56900 54183      709.0000   122      716.0000      708.0000  5452174    1.12%
  57000 54282      710.0000    97      716.0000      708.0000  5458388    1.12%
Elapsed time = 4556.28 sec. (tree size = 893.54 MB, solutions = 12)
Nodefile size = 766.15 MB (669.26 MB after compression)
  57100 54381      708.0000   233      716.0000      708.0000  5468680    1.12%
  57200 54475      710.0000    74      716.0000      708.0000  5489724    1.12%
  57300 54568      709.0000   128      716.0000      708.0000  5504491    1.12%
  57400 54667      710.0000    81      716.0000      708.0000  5515273    1.12%
  57500 54765      712.0000    83      716.0000      708.0000  5523099    1.12%
  57600 54865      712.0000    60      716.0000      708.0000  5524593    1.12%
  57700 54964      709.0000   177      716.0000      708.0000  5529583    1.12%
  57800 55063      710.0000    80      716.0000      708.0000  5539733    1.12%
  57900 55162      708.0000   171      716.0000      708.0000  5546642    1.12%
  58000 55261      709.0000   175      716.0000      708.0000  5558448    1.12%
Elapsed time = 4634.06 sec. (tree size = 911.21 MB, solutions = 12)
Nodefile size = 783.97 MB (685.73 MB after compression)
  58100 55358      709.0000   161      716.0000      708.0000  5570801    1.12%
  58200 55456      711.0000    63      716.0000      708.0000  5578232    1.12%
  58300 55553      709.0000   121      716.0000      708.0000  5584358    1.12%
  58400 55651      711.0000    64      716.0000      708.0000  5593422    1.12%
  58500 55751      711.0000    87      716.0000      708.0000  5596661    1.12%
  58600 55850      712.0000    80      716.0000      708.0000  5600464    1.12%
  58700 55949      712.0000    76      716.0000      708.0000  5604281    1.12%
  58800 56049      712.0000    56      716.0000      708.0000  5605600    1.12%
  58900 56144      709.0000   131      716.0000      708.0000  5610030    1.12%
  59000 56242      711.0000    96      716.0000      708.0000  5618928    1.12%
Elapsed time = 4680.92 sec. (tree size = 929.06 MB, solutions = 12)
Nodefile size = 801.72 MB (702.15 MB after compression)
  59100 56342      711.0000   120      716.0000      708.0000  5625282    1.12%
  59200 56441      712.0000    72      716.0000      708.0000  5630925    1.12%
  59300 56540      713.0000    78      716.0000      708.0000  5633836    1.12%
  59400 56630      715.0000    57      716.0000      708.0000  5638860    1.12%
  59500 56720      710.0000    76      716.0000      708.0000  5652511    1.12%
  59600 56820      710.0000    80      716.0000      708.0000  5655428    1.12%
  59700 56917      709.0000   183      716.0000      708.0000  5664943    1.12%
  59800 57016      710.0000   128      716.0000      708.0000  5673643    1.12%
  59900 57109      709.0000   169      716.0000      708.0000  5685494    1.12%
  60000 57208      710.0000   110      716.0000      708.0000  5695473    1.12%
Elapsed time = 4739.03 sec. (tree size = 946.57 MB, solutions = 12)
Nodefile size = 819.50 MB (718.71 MB after compression)
  60100 57308      710.0000   106      716.0000      708.0000  5700247    1.12%
  60200 57408      710.0000   127      716.0000      708.0000  5707153    1.12%
  60300 57506      711.0232   129      716.0000      708.0000  5713461    1.12%
  60400 57606      712.0000    81      716.0000      708.0000  5716193    1.12%
  60500 57692      715.0000    68      716.0000      708.0000  5721106    1.12%
  60600 57786      710.0000    94      716.0000      708.0000  5729893    1.12%
  60700 57885      711.0000    61      716.0000      708.0000  5735545    1.12%
  60800 57983      711.0000    77      716.0000      708.0000  5737723    1.12%
  60900 58081      709.0000   191      716.0000      708.0000  5744233    1.12%
  61000 58178      712.0000    54      716.0000      708.0000  5754189    1.12%
Elapsed time = 4785.02 sec. (tree size = 964.18 MB, solutions = 12)
Nodefile size = 836.28 MB (734.27 MB after compression)
  61100 58274      709.0000   206      716.0000      708.0000  5760778    1.12%
  61200 58372      711.0000   135      716.0000      708.0000  5770505    1.12%
  61300 58470      712.0000    80      716.0000      708.0000  5774037    1.12%
  61400 58567      715.0000    64      716.0000      708.0000  5777111    1.12%
  61500 58659      710.0000   120      716.0000      708.0000  5791886    1.12%
  61600 58757      711.0000    96      716.0000      708.0000  5796474    1.12%
  61700 58855      709.0000   144      716.0000      708.0000  5803119    1.12%
  61800 58954      710.0000    92      716.0000      708.0000  5811578    1.12%
  61900 59053      709.0000   190      716.0000      708.0000  5821142    1.12%
  62000 59150      710.0000    71      716.0000      708.0000  5831517    1.12%
Elapsed time = 4849.55 sec. (tree size = 981.74 MB, solutions = 12)
Nodefile size = 854.04 MB (750.72 MB after compression)
  62100 59249      709.0000   160      716.0000      708.0000  5839300    1.12%
  62200 59347      711.0000    59      716.0000      708.0000  5849855    1.12%
  62300 59445      714.0000    58      716.0000      708.0000  5852688    1.12%
  62400 59545      714.0000    58      716.0000      708.0000  5853619    1.12%
  62500 59645      714.0000    53      716.0000      708.0000  5854788    1.12%
  62600 59744      715.0000    71      716.0000      708.0000  5856960    1.12%
  62700 59836      710.0000    80      716.0000      708.0000  5878895    1.12%
  62800 59936      710.0000    86      716.0000      708.0000  5883128    1.12%
  62900 60034      709.0000   116      716.0000      708.0000  5890877    1.12%
  63000 60133      710.0000    94      716.0000      708.0000  5897897    1.12%
Elapsed time = 4908.34 sec. (tree size = 999.51 MB, solutions = 12)
Nodefile size = 871.84 MB (767.16 MB after compression)
  63100 60231      709.0000   132      716.0000      708.0000  5907865    1.12%
  63200 60330      710.0000    83      716.0000      708.0000  5919724    1.12%
  63300 60429      712.0000    85      716.0000      708.0000  5925554    1.12%
  63400 60529      712.0000    57      716.0000      708.0000  5926936    1.12%
  63500 60628      709.0000   155      716.0000      708.0000  5932633    1.12%
  63600 60725      710.0000    89      716.0000      708.0000  5944874    1.12%
  63700 60821      709.0000   146      716.0000      708.0000  5955326    1.12%
  63800 60920      710.0000    90      716.0000      708.0000  5966135    1.12%
  63900 61017      709.0000   179      716.0000      708.0000  5973561    1.12%
  64000 61116      710.0000    92      716.0000      708.0000  5980595    1.12%
Elapsed time = 4980.45 sec. (tree size = 1017.38 MB, solutions = 12)
Nodefile size = 889.67 MB (783.51 MB after compression)
  64100 61213      709.0000   131      716.0000      708.0000  5988929    1.12%
  64200 61311      711.0000    80      716.0000      708.0000  6000561    1.12%
  64300 61410      709.0000   146      716.0000      708.0000  6007447    1.12%
  64400 61508      710.0000   100      716.0000      708.0000  6016599    1.12%
  64500 61603      709.0000   215      716.0000      708.0000  6025994    1.12%
  64600 61700      712.0000    68      716.0000      708.0000  6035019    1.12%
  64700 61799      713.0000    75      716.0000      708.0000  6038157    1.12%
  64800 61896      714.0000    49      716.0000      708.0000  6040221    1.12%
  64900 61990      709.0000   178      716.0000      708.0000  6046695    1.12%
  65000 62088      711.0000    70      716.0000      708.0000  6053522    1.12%
Elapsed time = 5041.72 sec. (tree size = 1035.06 MB, solutions = 12)
Nodefile size = 907.40 MB (799.97 MB after compression)
  65100 62186      709.0000   116      716.0000      708.0000  6059944    1.12%
  65200 62286      709.0000   103      716.0000      708.0000  6066643    1.12%
  65300 62382      709.0000   111      716.0000      708.0000  6079025    1.12%
  65400 62481      710.0000    90      716.0000      708.0000  6090801    1.12%
  65500 62580      709.0000   124      716.0000      708.0000  6099623    1.12%
  65600 62679      710.0000    67      716.0000      708.0000  6105374    1.12%
  65700 62778      709.0000   111      716.0000      708.0000  6112361    1.12%
  65800 62877      710.0000    90      716.0000      708.0000  6119912    1.12%
  65900 62974      709.0000   187      716.0000      708.0000  6132170    1.12%
  66000 63073      710.0000   160      716.0000      708.0000  6143026    1.12%
Elapsed time = 5113.55 sec. (tree size = 1052.72 MB, solutions = 12)
Nodefile size = 925.22 MB (816.20 MB after compression)
  66100 63173      710.0000   133      716.0000      708.0000  6149083    1.12%
  66200 63272      711.0000    78      716.0000      708.0000  6159060    1.12%
  66300 63371      709.0000   128      716.0000      708.0000  6163809    1.12%
  66400 63470      710.0000    91      716.0000      708.0000  6170747    1.12%
  66500 63568      709.0000   123      716.0000      708.0000  6177156    1.12%
  66600 63666      711.0000    82      716.0000      708.0000  6189555    1.12%
  66700 63765      709.0000   145      716.0000      708.0000  6198210    1.12%
  66800 63859      710.0000    71      716.0000      708.0000  6211698    1.12%
  66900 63959      709.0000   166      716.0000      708.0000  6220516    1.12%
  67000 64057      711.0000    67      716.0000      708.0000  6232326    1.12%
Elapsed time = 5180.97 sec. (tree size = 1070.54 MB, solutions = 12)
Nodefile size = 943.03 MB (832.77 MB after compression)
  67100 64154      712.0000    61      716.0000      708.0000  6236911    1.12%
  67200 64254      714.0000    47      716.0000      708.0000  6237740    1.12%
  67300 64349      715.0000    43      716.0000      708.0000  6238867    1.12%
  67400 64435      710.0000   129      716.0000      708.0000  6251078    1.12%
  67500 64535      710.0000   132      716.0000      708.0000  6257041    1.12%
  67600 64634      710.0000   123      716.0000      708.0000  6263124    1.12%
  67700 64733      711.0000   126      716.0000      708.0000  6269394    1.12%
  67800 64832      712.0000    96      716.0000      708.0000  6271805    1.12%
  67900 64924      710.0000   100      716.0000      708.0000  6282336    1.12%
  68000 65024      710.0000   117      716.0000      708.0000  6289953    1.12%
Elapsed time = 5224.75 sec. (tree size = 1088.06 MB, solutions = 12)
Nodefile size = 960.79 MB (849.25 MB after compression)
  68100 65124      710.0000   141      716.0000      708.0000  6299194    1.12%
  68200 65223      711.0000    89      716.0000      708.0000  6302971    1.12%
  68300 65320      709.0000   216      716.0000      708.0000  6314767    1.12%
  68400 65416      710.0000   104      716.0000      708.0000  6329186    1.12%
  68500 65515      709.0000   126      716.0000      708.0000  6335589    1.12%
  68600 65613      711.0000    77      716.0000      708.0000  6343654    1.12%
  68700 65711      709.0000   174      716.0000      708.0000  6349810    1.12%
  68800 65809      711.0000    75      716.0000      708.0000  6356274    1.12%
  68900 65905      709.0000   114      716.0000      708.0000  6363881    1.12%
  69000 66002      710.0000    88      716.0000      708.0000  6371848    1.12%
Elapsed time = 5287.70 sec. (tree size = 1105.70 MB, solutions = 12)
Nodefile size = 978.59 MB (865.77 MB after compression)
  69100 66100      709.0000   133      716.0000      708.0000  6378957    1.12%
  69200 66197      710.0000    73      716.0000      708.0000  6387740    1.12%
  69300 66296      709.0000   174      716.0000      708.0000  6395503    1.12%
  69400 66393      712.0000    67      716.0000      708.0000  6404091    1.12%
  69500 66490      709.0000   153      716.0000      708.0000  6412284    1.12%
  69600 66589      710.0000    84      716.0000      708.0000  6420551    1.12%
  69700 66687      709.0000   177      716.0000      708.0000  6428209    1.12%
  69800 66785      711.0000    81      716.0000      708.0000  6439746    1.12%
  69900 66883      709.0000   125      716.0000      708.0000  6448316    1.12%
  70000 66980      709.0000   123      716.0000      708.0000  6456421    1.12%
Elapsed time = 5353.94 sec. (tree size = 1123.35 MB, solutions = 12)
Nodefile size = 995.40 MB (881.39 MB after compression)
  70100 67076      710.0000   158      716.0000      708.0000  6470703    1.12%
  70200 67175      711.0000    76      716.0000      708.0000  6478466    1.12%
  70300 67274      709.0000   235      716.0000      708.0000  6486641    1.12%
  70400 67372      711.0000   106      716.0000      708.0000  6497091    1.12%
  70500 67470      709.0000   107      716.0000      708.0000  6504306    1.12%
  70600 67569      710.0000    92      716.0000      708.0000  6511219    1.12%
  70700 67668      709.0000   163      716.0000      708.0000  6518455    1.12%
  70800 67765      710.0000   104      716.0000      708.0000  6535277    1.12%
  70900 67863      709.0000    99      716.0000      708.0000  6544481    1.12%
  71000 67962      710.0000    79      716.0000      708.0000  6549982    1.12%
Elapsed time = 5424.67 sec. (tree size = 1141.01 MB, solutions = 12)
Nodefile size = 1013.22 MB (897.89 MB after compression)
  71100 68060      709.0000   168      716.0000      708.0000  6556634    1.12%
  71200 68159      710.0000    85      716.0000      708.0000  6564293    1.12%
  71300 68258      709.0000   144      716.0000      708.0000  6571197    1.12%
  71400 68356      710.0000    95      716.0000      708.0000  6582765    1.12%
  71500 68454      709.0000   120      716.0000      708.0000  6591440    1.12%
  71600 68549      710.0000    73      716.0000      708.0000  6604614    1.12%
  71700 68648      709.0000   143      716.0000      708.0000  6614254    1.12%
  71800 68747      710.0000   110      716.0000      708.0000  6621975    1.12%
  71900 68844      709.0000   138      716.0000      708.0000  6628799    1.12%
  72000 68943      710.0000    96      716.0000      708.0000  6633909    1.12%
Elapsed time = 5488.56 sec. (tree size = 1158.60 MB, solutions = 12)
Nodefile size = 1031.07 MB (914.24 MB after compression)
  72100 69042      709.0000   142      716.0000      708.0000  6643978    1.12%
  72200 69141      710.0000    83      716.0000      708.0000  6651544    1.12%
  72300 69240      709.0000   126      716.0000      708.0000  6659711    1.12%
  72400 69336      710.0000    91      716.0000      708.0000  6675556    1.12%
  72500 69427      709.0000   158      716.0000      708.0000  6691994    1.12%
  72600 69526      710.0000    92      716.0000      708.0000  6704119    1.12%
  72700 69625      709.0000   130      716.0000      708.0000  6713511    1.12%
  72800 69723      711.0000    89      716.0000      708.0000  6725413    1.12%
  72900 69822      709.0000   164      716.0000      708.0000  6734163    1.12%
  73000 69920      711.0000    99      716.0000      708.0000  6742980    1.12%
Elapsed time = 5577.02 sec. (tree size = 1176.13 MB, solutions = 12)
Nodefile size = 1048.87 MB (930.78 MB after compression)
  73100 70018      709.0000   200      716.0000      708.0000  6751725    1.12%
  73200 70113      710.0000    77      716.0000      708.0000  6769757    1.12%
  73300 70208      709.0000   140      716.0000      708.0000  6779622    1.12%
  73400 70307      710.0000    93      716.0000      708.0000  6791803    1.12%
  73500 70405      708.0069   258      716.0000      708.0000  6806168    1.12%
  73600 70504      710.0000    78      716.0000      708.0000  6813903    1.12%
  73700 70603      709.0000   118      716.0000      708.0000  6820497    1.12%
  73800 70702      710.0000    94      716.0000      708.0000  6827408    1.12%
  73900 70800      709.0000   155      716.0000      708.0000  6836051    1.12%
  74000 70897      710.0000    84      716.0000      708.0000  6845997    1.12%
Elapsed time = 5665.39 sec. (tree size = 1193.63 MB, solutions = 12)
Nodefile size = 1065.75 MB (946.49 MB after compression)
  74100 70992      709.0000   115      716.0000      708.0000  6857543    1.12%
  74200 71090      711.0000    70      716.0000      708.0000  6867432    1.12%
  74300 71189      709.0000   118      716.0000      708.0000  6874272    1.12%
  74400 71287      710.0000    62      716.0000      708.0000  6880576    1.12%
  74500 71385      709.0000   106      716.0000      708.0000  6890931    1.12%
  74600 71484      710.0000    79      716.0000      708.0000  6902309    1.12%
  74700 71582      709.0000   185      716.0000      708.0000  6909035    1.12%
  74800 71679      709.0000   130      716.0000      708.0000  6921994    1.12%
  74900 71775      709.0000   161      716.0000      708.0000  6938543    1.12%
  75000 71875      709.0000   113      716.0000      708.0000  6945229    1.12%
Elapsed time = 5747.17 sec. (tree size = 1211.15 MB, solutions = 12)
Nodefile size = 1083.58 MB (962.96 MB after compression)
  75100 71973      709.0000   124      716.0000      708.0000  6957015    1.12%
  75200 72070      711.0000    76      716.0000      708.0000  6964905    1.12%
  75300 72168      709.0000   130      716.0000      708.0000  6972737    1.12%
  75400 72267      710.0000    70      716.0000      708.0000  6981950    1.12%
  75500 72364      709.0000   107      716.0000      708.0000  6990074    1.12%
  75600 72463      709.0000    94      716.0000      708.0000  6997060    1.12%
  75700 72555      709.0000   115      716.0000      708.0000  7012335    1.12%
  75800 72654      710.0000    96      716.0000      708.0000  7020488    1.12%
  75900 72753      709.0000   148      716.0000      708.0000  7031238    1.12%
  76000 72852      710.0000    96      716.0000      708.0000  7038522    1.12%
Elapsed time = 5823.95 sec. (tree size = 1228.64 MB, solutions = 12)
Nodefile size = 1101.40 MB (979.43 MB after compression)
  76100 72951      709.0000   157      716.0000      708.0000  7050746    1.12%
  76200 73048      712.0000    56      716.0000      708.0000  7057722    1.12%
  76300 73145      709.0000   118      716.0000      708.0000  7068024    1.12%
  76400 73244      709.0000   103      716.0000      708.0000  7074911    1.12%
  76500 73340      709.0000   120      716.0000      708.0000  7085231    1.12%
  76600 73439      710.0000    66      716.0000      708.0000  7096627    1.12%
  76700 73538      709.0000   114      716.0000      708.0000  7102000    1.12%
  76800 73636      711.0000    65      716.0000      708.0000  7111236    1.12%
  76900 73735      709.0000    86      716.0000      708.0000  7116387    1.12%
  77000 73834      710.0000    85      716.0000      708.0000  7123148    1.12%
Elapsed time = 5895.28 sec. (tree size = 1246.24 MB, solutions = 12)
Nodefile size = 1119.19 MB (995.86 MB after compression)
  77100 73933      709.0000   115      716.0000      708.0000  7129090    1.12%
  77200 74031      709.0000   120      716.0000      708.0000  7136819    1.12%
  77300 74126      709.0000   130      716.0000      708.0000  7149639    1.12%
  77400 74225      710.0000    73      716.0000      708.0000  7156176    1.12%
  77500 74324      709.0000   103      716.0000      708.0000  7163418    1.12%
  77600 74423      710.0000   104      716.0000      708.0000  7170980    1.12%
  77700 74522      709.0000   113      716.0000      708.0000  7179346    1.12%
  77800 74621      710.0000    86      716.0000      708.0000  7187881    1.12%
  77900 74718      709.0000   113      716.0000      708.0000  7198477    1.12%
  78000 74818      709.0000   118      716.0000      708.0000  7203638    1.12%
Elapsed time = 5959.92 sec. (tree size = 1263.86 MB, solutions = 12)
Nodefile size = 1136.03 MB (1011.51 MB after compression)
  78100 74914      709.0000   138      716.0000      708.0000  7211501    1.12%
  78200 75013      710.0000    75      716.0000      708.0000  7219426    1.12%
  78300 75111      709.0000   110      716.0000      708.0000  7226118    1.12%
  78400 75209      711.0000    77      716.0000      708.0000  7238405    1.12%
  78500 75308      709.0000   138      716.0000      708.0000  7243122    1.12%
  78600 75407      710.0000    69      716.0000      708.0000  7249791    1.12%
  78700 75505      709.0000   158      716.0000      708.0000  7258472    1.12%
  78800 75605      709.0000    91      716.0000      708.0000  7263799    1.12%
  78900 75704      709.0000   133      716.0000      708.0000  7272342    1.12%
  79000 75803      710.0000   102      716.0000      708.0000  7281593    1.12%
Elapsed time = 6021.69 sec. (tree size = 1281.51 MB, solutions = 12)
Nodefile size = 1153.80 MB (1027.95 MB after compression)
  79100 75902      709.0000   120      716.0000      708.0000  7288169    1.12%
  79200 76001      710.0000    70      716.0000      708.0000  7295173    1.12%
  79300 76100      709.0000   164      716.0000      708.0000  7303172    1.12%
  79400 76199      710.0000   104      716.0000      708.0000  7309013    1.12%
  79500 76297      709.0000   124      716.0000      708.0000  7316857    1.12%
  79600 76395      709.0000   140      716.0000      708.0000  7332115    1.12%
  79700 76492      709.0000   115      716.0000      708.0000  7341043    1.12%
  79800 76591      710.0000    81      716.0000      708.0000  7350342    1.12%
  79900 76691      708.0000   212      716.0000      708.0000  7357100    1.12%
  80000 76787      712.0000    57      716.0000      708.0000  7373764    1.12%
Elapsed time = 6091.97 sec. (tree size = 1299.14 MB, solutions = 12)
Nodefile size = 1171.65 MB (1044.62 MB after compression)
  80100 76884      709.0000   182      716.0000      708.0000  7381628    1.12%
  80200 76983      710.0000    94      716.0000      708.0000  7392123    1.12%
  80300 77082      708.0000   242      716.0000      708.0000  7404728    1.12%
  80400 77175      710.0000   100      716.0000      708.0000  7425240    1.12%
  80500 77273      709.0000   125      716.0000      708.0000  7435129    1.12%
  80600 77372      710.0000    79      716.0000      708.0000  7442249    1.12%
  80700 77470      709.0000   136      716.0000      708.0000  7451967    1.12%
  80800 77569      710.0000    93      716.0000      708.0000  7458312    1.12%
  80900 77668      709.0000   123      716.0000      708.0000  7468610    1.12%
  81000 77767      710.0000   109      716.0000      708.0000  7480000    1.12%
Elapsed time = 6176.77 sec. (tree size = 1316.67 MB, solutions = 12)
Nodefile size = 1189.50 MB (1061.23 MB after compression)
  81100 77866      709.0000   180      716.0000      708.0000  7492972    1.12%
  81200 77963      710.0000    74      716.0000      708.0000  7502813    1.12%
  81300 78058      709.0000   121      716.0000      708.0000  7512578    1.12%
  81400 78157      710.0000    89      716.0000      708.0000  7519373    1.12%
  81500 78255      709.0000   161      716.0000      708.0000  7531810    1.12%
  81600 78354      710.0000    85      716.0000      708.0000  7542779    1.12%
  81700 78453      709.0000   141      716.0000      708.0000  7553992    1.12%
  81800 78551      711.0000    63      716.0000      708.0000  7562781    1.12%
  81900 78647      708.0010   277      716.0000      708.0000  7581393    1.12%
  82000 78746      709.0000   165      716.0000      708.0000  7592678    1.12%
Elapsed time = 6265.75 sec. (tree size = 1334.20 MB, solutions = 12)
Nodefile size = 1206.34 MB (1076.86 MB after compression)
  82100 78843      709.0000   206      716.0000      708.0000  7616444    1.12%
  82200 78942      710.0000   121      716.0000      708.0000  7627063    1.12%
  82300 79040      709.0000   152      716.0000      708.0000  7639155    1.12%
  82400 79139      710.0000    92      716.0000      708.0000  7650543    1.12%
  82500 79237      709.0000   157      716.0000      708.0000  7660549    1.12%
  82600 79336      710.0000    69      716.0000      708.0000  7669840    1.12%
  82700 79434      709.0000   197      716.0000      708.0000  7681680    1.12%
  82800 79532      710.0000    98      716.0000      708.0000  7696213    1.12%
  82900 79629      709.0000   142      716.0000      708.0000  7709594    1.12%
  83000 79728      710.0000    71      716.0000      708.0000  7718052    1.12%
Elapsed time = 6363.16 sec. (tree size = 1351.83 MB, solutions = 12)
Nodefile size = 1224.19 MB (1093.53 MB after compression)
  83100 79828      712.0000    86      716.0000      708.0000  7722962    1.12%
  83200 79928      712.0000    59      716.0000      708.0000  7724241    1.12%
  83300 80027      709.0000   148      716.0000      708.0000  7730424    1.12%
  83400 80126      710.0000    84      716.0000      708.0000  7739632    1.12%
  83500 80223      709.0000   120      716.0000      708.0000  7750448    1.12%
  83600 80319      709.0000   126      716.0000      708.0000  7762929    1.12%
  83700 80418      709.0000   117      716.0000      708.0000  7778315    1.12%
  83800 80513      713.0000    77      716.0000      708.0000  7787462    1.12%
  83900 80608      709.0000   120      716.0000      708.0000  7793733    1.12%
  84000 80705      710.1523   160      716.0000      708.0000  7803629    1.12%
Elapsed time = 6425.95 sec. (tree size = 1369.48 MB, solutions = 12)
Nodefile size = 1242.03 MB (1110.01 MB after compression)
  84100 80804      709.0000   164      716.0000      708.0000  7809696    1.12%
  84200 80902      710.0000   135      716.0000      708.0000  7821453    1.12%
  84300 80997      709.0000   162      716.0000      708.0000  7831691    1.12%
  84400 81094      710.0000    76      716.0000      708.0000  7847750    1.12%
  84500 81193      709.0000   177      716.0000      708.0000  7855906    1.12%
  84600 81292      710.0000   102      716.0000      708.0000  7866871    1.12%
  84700 81391      709.0000   184      716.0000      708.0000  7879575    1.12%
  84800 81490      710.0000    90      716.0000      708.0000  7890589    1.12%
  84900 81589      709.0000   171      716.0000      708.0000  7899410    1.12%
  85000 81688      710.0000    81      716.0000      708.0000  7908563    1.12%
Elapsed time = 6516.33 sec. (tree size = 1387.17 MB, solutions = 12)
Nodefile size = 1259.85 MB (1126.27 MB after compression)
  85100 81786      709.0000   142      716.0000      708.0000  7919441    1.12%
  85200 81886      709.0000   101      716.0000      708.0000  7926895    1.12%
  85300 81985      709.0000   200      716.0000      708.0000  7939966    1.12%
  85400 82085      710.0000   101      716.0000      708.0000  7946194    1.12%
  85500 82184      709.0000   141      716.0000      708.0000  7956951    1.12%
  85600 82283      710.0000    70      716.0000      708.0000  7967012    1.12%
  85700 82382      709.0000   124      716.0000      708.0000  7974962    1.12%
  85800 82481      710.0000    71      716.0000      708.0000  7983207    1.12%
  85900 82578      709.0000   139      716.0000      708.0000  7991208    1.12%
  86000 82675      710.0000    77      716.0000      708.0000  8000160    1.12%
Elapsed time = 6594.17 sec. (tree size = 1404.91 MB, solutions = 12)
Nodefile size = 1277.66 MB (1142.75 MB after compression)
  86100 82774      709.0000   149      716.0000      708.0000  8006575    1.12%
  86200 82873      710.0000    90      716.0000      708.0000  8014583    1.12%
  86300 82972      709.0000   143      716.0000      708.0000  8021040    1.12%
  86400 83071      710.0000    61      716.0000      708.0000  8028306    1.12%
  86500 83170      709.0000   123      716.0000      708.0000  8035744    1.12%
  86600 83269      710.0000    74      716.0000      708.0000  8044894    1.12%
  86700 83367      709.0000   156      716.0000      708.0000  8055330    1.12%
  86800 83465      710.0000    85      716.0000      708.0000  8067719    1.12%
  86900 83564      709.0000   172      716.0000      708.0000  8076077    1.12%
  87000 83662      710.0000   137      716.0000      708.0000  8087109    1.12%
Elapsed time = 6667.17 sec. (tree size = 1422.70 MB, solutions = 12)
Nodefile size = 1295.44 MB (1159.30 MB after compression)
  87100 83760      709.0000   114      716.0000      708.0000  8093670    1.12%
  87200 83858      711.0000    74      716.0000      708.0000  8104973    1.12%
  87300 83957      709.0000   134      716.0000      708.0000  8112415    1.12%
  87400 84056      710.0000    90      716.0000      708.0000  8124243    1.12%
  87500 84155      709.0000   225      716.0000      708.0000  8134796    1.12%
  87600 84252      710.0000    63      716.0000      708.0000  8146426    1.12%
  87700 84349      709.0000   111      716.0000      708.0000  8152361    1.12%
  87800 84448      710.0000    68      716.0000      708.0000  8159081    1.12%
  87900 84546      709.0000   115      716.0000      708.0000  8163979    1.12%
  88000 84644      710.0000    73      716.0000      708.0000  8171450    1.12%
Elapsed time = 6738.33 sec. (tree size = 1440.39 MB, solutions = 12)
Nodefile size = 1313.23 MB (1175.34 MB after compression)
  88100 84742      709.0000   137      716.0000      708.0000  8181286    1.12%
  88200 84841      710.0000    85      716.0000      708.0000  8190796    1.12%
  88300 84939      709.0000   124      716.0000      708.0000  8204324    1.12%
  88400 85037      710.0000    70      716.0000      708.0000  8215166    1.12%
  88500 85133      709.0000   148      716.0000      708.0000  8221041    1.12%
  88600 85232      710.0000    84      716.0000      708.0000  8232171    1.12%
  88700 85330      709.0000   162      716.0000      708.0000  8240306    1.12%
  88800 85429      710.0000    91      716.0000      708.0000  8247430    1.12%
  88900 85528      709.0000   176      716.0000      708.0000  8257253    1.12%
  89000 85627      710.0000    79      716.0000      708.0000  8268546    1.12%
Elapsed time = 6821.00 sec. (tree size = 1458.07 MB, solutions = 12)
Nodefile size = 1331.03 MB (1191.89 MB after compression)
  89100 85725      709.0000   200      716.0000      708.0000  8279898    1.12%
  89200 85820      710.0000    94      716.0000      708.0000  8301962    1.12%
  89300 85919      709.0000   129      716.0000      708.0000  8309069    1.12%
  89400 86018      710.0000    85      716.0000      708.0000  8317144    1.12%
  89500 86117      709.0000   155      716.0000      708.0000  8324458    1.12%
  89600 86216      710.0000    93      716.0000      708.0000  8331987    1.12%
  89700 86314      709.0000   186      716.0000      708.0000  8345052    1.12%
  89800 86413      710.0000    82      716.0000      708.0000  8354423    1.12%
  89900 86512      709.0000   144      716.0000      708.0000  8364002    1.12%
  90000 86609      710.0000    88      716.0000      708.0000  8375079    1.12%
Elapsed time = 6905.09 sec. (tree size = 1475.77 MB, solutions = 12)
Nodefile size = 1347.85 MB (1207.56 MB after compression)
  90100 86704      709.0000   193      716.0000      708.0000  8384653    1.12%
  90200 86802      711.0000    59      716.0000      708.0000  8396353    1.12%
  90300 86901      709.0000   178      716.0000      708.0000  8402891    1.12%
  90400 87000      710.0000    87      716.0000      708.0000  8413341    1.12%
  90500 87099      709.0000   158      716.0000      708.0000  8421944    1.12%
  90600 87198      710.0000   159      716.0000      708.0000  8433712    1.12%
  90700 87296      709.0000   159      716.0000      708.0000  8440355    1.12%
  90800 87392      710.0000    81      716.0000      708.0000  8454349    1.12%
  90900 87491      709.0000   143      716.0000      708.0000  8461894    1.12%
  91000 87590      710.0000    88      716.0000      708.0000  8471455    1.12%
Elapsed time = 6981.72 sec. (tree size = 1493.54 MB, solutions = 12)
Nodefile size = 1365.66 MB (1224.12 MB after compression)
  91100 87689      709.0000   174      716.0000      708.0000  8480685    1.12%
  91200 87788      710.0000    67      716.0000      708.0000  8490764    1.12%
  91300 87887      709.0000   128      716.0000      708.0000  8498059    1.12%
  91400 87983      713.0000    61      716.0000      708.0000  8507139    1.12%
  91500 88079      708.0804   266      716.0000      708.0000  8520415    1.12%
  91600 88175      710.0000    74      716.0000      708.0000  8538465    1.12%
  91700 88274      709.0000   136      716.0000      708.0000  8546530    1.12%
  91800 88373      710.0000    75      716.0000      708.0000  8555185    1.12%
  91900 88472      709.0000   137      716.0000      708.0000  8560687    1.12%
  92000 88570      710.0000   132      716.0000      708.0000  8571325    1.12%
Elapsed time = 7062.45 sec. (tree size = 1511.15 MB, solutions = 12)
Nodefile size = 1383.49 MB (1240.79 MB after compression)
  92100 88668      709.0000   144      716.0000      708.0000  8581023    1.12%
  92200 88767      710.0000    69      716.0000      708.0000  8588161    1.12%
  92300 88865      709.0000   158      716.0000      708.0000  8596678    1.12%
  92400 88965      709.0000   108      716.0000      708.0000  8603851    1.12%
  92500 89062      709.0000   156      716.0000      708.0000  8616830    1.12%
  92600 89161      710.0000    81      716.0000      708.0000  8629872    1.12%
  92700 89259      709.0000   191      716.0000      708.0000  8639536    1.12%
  92800 89357      711.0000    77      716.0000      708.0000  8650959    1.12%
  92900 89456      709.0000   154      716.0000      708.0000  8655827    1.12%
  93000 89554      711.0000    75      716.0000      708.0000  8663113    1.12%
Elapsed time = 7132.77 sec. (tree size = 1528.89 MB, solutions = 12)
Nodefile size = 1401.32 MB (1257.01 MB after compression)
  93100 89652      709.0000   124      716.0000      708.0000  8671837    1.12%
  93200 89749      710.0000   145      716.0000      708.0000  8686483    1.12%
  93300 89845      709.0000   176      716.0000      708.0000  8695248    1.12%
  93400 89944      710.0000    81      716.0000      708.0000  8703777    1.12%
  93500 90043      709.0000   132      716.0000      708.0000  8711237    1.12%
  93600 90143      709.0000    94      716.0000      708.0000  8716846    1.12%
  93700 90241      709.0000   111      716.0000      708.0000  8723913    1.12%
  93800 90340      710.0000   118      716.0000      708.0000  8733380    1.12%
  93900 90436      709.0000   134      716.0000      708.0000  8743583    1.12%
  94000 90535      710.0000    69      716.0000      708.0000  8752229    1.12%
Elapsed time = 7199.41 sec. (tree size = 1546.58 MB, solutions = 12)
Nodefile size = 1419.13 MB (1273.23 MB after compression)

Cover cuts applied:  990
Mixed integer rounding cuts applied:  159
Gomory fractional cuts applied:  1

Solution pool: 12 solutions saved.

MIP - Time limit exceeded, integer feasible:  Objective = 7.1600000000e+002
Current MIP best bound = 7.0800000000e+002 (gap = 8, 1.12%)
Solution time = 7200.02 sec.  Iterations = 8753161  Nodes = 94033 (90567)


Incumbent solution
Variable Name           Solution Value
Cmax                        716.000000
X_1_12                        1.000000
X_2_16                        1.000000
X_3_26                        1.000000
X_4_14                        1.000000
X_5_1                         1.000000
X_6_30                        1.000000
X_7_17                        1.000000
X_8_25                        1.000000
X_9_23                        1.000000
X_10_26                       1.000000
X_11_11                       1.000000
X_12_27                       1.000000
X_13_9                        1.000000
X_14_23                       1.000000
X_15_16                       1.000000
X_16_15                       1.000000
X_17_18                       1.000000
X_18_21                       1.000000
X_19_27                       1.000000
X_20_30                       1.000000
X_21_4                        1.000000
X_22_25                       1.000000
X_23_27                       1.000000
X_24_8                        1.000000
X_25_19                       1.000000
X_26_23                       1.000000
X_27_2                        1.000000
X_28_20                       1.000000
X_29_12                       1.000000
X_30_30                       1.000000
X_31_11                       1.000000
X_32_7                        1.000000
X_33_29                       1.000000
X_34_14                       1.000000
X_35_23                       1.000000
X_36_9                        1.000000
X_37_22                       1.000000
X_38_1                        1.000000
X_39_17                       1.000000
X_40_3                        1.000000
X_41_15                       1.000000
X_42_14                       1.000000
X_43_1                        1.000000
X_44_13                       1.000000
X_45_6                        1.000000
X_46_9                        1.000000
X_47_2                        1.000000
X_48_5                        1.000000
X_49_17                       1.000000
X_50_22                       1.000000
X_51_28                       1.000000
X_52_24                       1.000000
X_53_10                       1.000000
X_54_20                       1.000000
X_55_28                       1.000000
X_56_22                       1.000000
X_57_21                       1.000000
X_58_30                       1.000000
X_59_26                       1.000000
X_60_10                       1.000000
X_61_29                       1.000000
X_62_15                       1.000000
X_63_14                       1.000000
X_64_3                        1.000000
X_65_11                       1.000000
X_66_8                        1.000000
X_67_11                       1.000000
X_68_24                       1.000000
X_69_11                       1.000000
X_70_15                       1.000000
X_71_28                       1.000000
X_72_12                       1.000000
X_73_2                        1.000000
X_74_20                       1.000000
X_75_7                        1.000000
X_76_13                       1.000000
X_77_15                       1.000000
X_78_6                        1.000000
X_79_24                       1.000000
X_80_29                       1.000000
X_81_8                        1.000000
X_82_2                        1.000000
X_83_6                        1.000000
X_84_27                       1.000000
X_85_8                        1.000000
X_86_20                       1.000000
X_87_7                        1.000000
X_88_10                       1.000000
X_89_15                       1.000000
X_90_27                       1.000000
X_91_19                       1.000000
X_92_13                       1.000000
X_93_5                        1.000000
X_94_2                        1.000000
X_95_12                       1.000000
X_96_8                        1.000000
X_97_2                        1.000000
X_98_3                        1.000000
X_99_13                       1.000000
X_100_19                      1.000000
X_101_5                       1.000000
X_102_13                      1.000000
X_103_20                      1.000000
X_104_10                      1.000000
X_105_5                       1.000000
X_106_5                       1.000000
X_107_23                      1.000000
X_108_22                      1.000000
X_109_12                      1.000000
X_110_19                      1.000000
X_111_16                      1.000000
X_112_26                      1.000000
X_113_1                       1.000000
X_114_30                      1.000000
X_115_3                       1.000000
X_116_22                      1.000000
X_117_18                      1.000000
X_118_29                      1.000000
X_119_14                      1.000000
X_120_16                      1.000000
X_121_27                      1.000000
X_122_9                       1.000000
X_123_6                       1.000000
X_124_17                      1.000000
X_125_5                       1.000000
X_126_17                      1.000000
X_127_18                      1.000000
X_128_25                      1.000000
X_129_10                      1.000000
X_130_4                       1.000000
X_131_4                       1.000000
X_132_12                      1.000000
X_133_14                      1.000000
X_134_4                       1.000000
X_135_8                       1.000000
X_136_28                      1.000000
X_137_11                      1.000000
X_138_7                       1.000000
X_139_10                      1.000000
X_140_11                      1.000000
X_141_19                      1.000000
X_142_4                       1.000000
X_143_13                      1.000000
X_144_16                      1.000000
X_145_6                       1.000000
X_146_18                      1.000000
X_147_21                      1.000000
X_148_13                      1.000000
X_149_21                      1.000000
X_150_4                       1.000000
X_151_7                       1.000000
X_152_10                      1.000000
X_153_16                      1.000000
X_154_24                      1.000000
X_155_25                      1.000000
X_156_24                      1.000000
X_157_6                       1.000000
X_158_22                      1.000000
X_159_17                      1.000000
X_160_7                       1.000000
X_161_19                      1.000000
X_162_15                      1.000000
X_163_27                      1.000000
X_164_7                       1.000000
X_165_24                      1.000000
X_166_21                      1.000000
X_167_20                      1.000000
X_168_9                       1.000000
X_169_26                      1.000000
X_170_16                      1.000000
X_171_21                      1.000000
X_172_28                      1.000000
X_173_18                      1.000000
X_174_21                      1.000000
X_175_24                      1.000000
X_176_3                       1.000000
X_177_1                       1.000000
X_178_26                      1.000000
X_179_3                       1.000000
X_180_9                       1.000000
X_181_1                       1.000000
X_182_25                      1.000000
X_183_28                      1.000000
X_184_30                      1.000000
X_185_28                      1.000000
X_186_25                      1.000000
X_187_25                      1.000000
X_188_29                      1.000000
X_189_2                       1.000000
X_190_17                      1.000000
X_191_26                      1.000000
X_192_29                      1.000000
X_193_18                      1.000000
X_194_4                       1.000000
X_195_29                      1.000000
X_196_23                      1.000000
X_197_22                      1.000000
X_198_5                       1.000000
X_199_20                      1.000000
X_200_23                      1.000000
All other variables in the range 1-6001 are 0.
