
Log started (V11.0.0) Sun Apr 20 05:43:53 2008

Tried aggregator 1 time.
Reduced MIP has 240 rows, 8001 columns, and 16040 nonzeros.
Presolve time =    0.06 sec.
Clique table members: 200.
MIP emphasis: balance optimality and feasibility.
MIP search method: dynamic search.
Parallel mode: none, using 1 thread.
Root relaxation solution time =    0.36 sec.

        Nodes                                         Cuts/
   Node  Left     Objective  IInf  Best Integer     Best Node    ItCnt     Gap

*     0+    0                        29942.0000      509.5231      607   98.30%
*     0+    0                          519.0000      509.5231      607    1.83%
      0     0      510.0000    67      519.0000      Fract: 5      619    1.73%
      0     0      510.0000    69      519.0000     Covers: 2      654    1.73%
      0     0      510.0000    70      519.0000     Covers: 2      665    1.73%
*     0+    0                          518.0000      510.0000      665    1.54%
      0     2      510.0000    70      518.0000      510.0000      665    1.54%
    100    98      513.0000    58      518.0000      510.0000     3566    1.54%
    200   188      514.0000    67      518.0000      510.0000     9889    1.54%
    300   278      515.0000    60      518.0000      510.0000    14491    1.54%
    400   344      510.0000    63      518.0000      510.0000    18058    1.54%
    500   405      511.0000    75      518.0000      511.0000    24540    1.35%
    600   428      517.0000    57      518.0000      511.0000    27194    1.35%
    700   448      514.0000    63      518.0000      511.0000    29657    1.35%
    800   465      514.0000    60      518.0000      511.0000    33195    1.35%
    900   491      513.0000    74      518.0000      511.0000    36196    1.35%
   1000   515    infeasible            518.0000      511.0000    39223    1.35%
Elapsed time =  46.58 sec. (tree size =  2.93 MB, solutions = 3)
   1100   566      514.0000    50      518.0000      511.0000    44551    1.35%
   1200   653      515.0000    74      518.0000      511.0000    48569    1.35%
   1300   738      513.0000    87      518.0000      511.0000    52147    1.35%
   1400   830      514.0000    70      518.0000      511.0000    55681    1.35%
   1500   908      514.0000    73      518.0000      511.0000    60449    1.35%
   1600   998      513.0000    64      518.0000      511.0000    62673    1.35%
   1700  1090      513.0000    84      518.0000      511.0000    65798    1.35%
   1800  1184      514.0000    71      518.0000      511.0000    69147    1.35%
   1900  1274      516.0000    78      518.0000      511.0000    72885    1.35%
   2000  1352      516.0000    71      518.0000      511.0000    80084    1.35%
Elapsed time =  67.31 sec. (tree size =  8.10 MB, solutions = 3)
   2100  1438      514.0000    52      518.0000      511.0000    83649    1.35%
   2200  1533      515.0000    59      518.0000      511.0000    86185    1.35%
   2300  1621      517.0000    49      518.0000      511.0000    90042    1.35%
   2400  1715      514.0000    64      518.0000      511.0000    93304    1.35%
   2500  1799      514.0000    76      518.0000      511.0000    97754    1.35%
   2600  1895      515.4047    89      518.0000      511.0000   100568    1.35%
   2700  1985      516.0000    70      518.0000      511.0000   106096    1.35%
   2800  2065      514.0000    65      518.0000      511.0000   114067    1.35%
   2900  2149      517.0000    64      518.0000      511.0000   118796    1.35%
   3000  2231      513.0000    87      518.0000      511.0000   124978    1.35%
Elapsed time =  88.45 sec. (tree size = 13.65 MB, solutions = 3)
   3100  2322      514.0000    95      518.0000      511.0000   127778    1.35%
   3200  2418      515.0000    65      518.0000      511.0000   129879    1.35%
   3300  2503      516.0000    65      518.0000      511.0000   133478    1.35%
   3400  2588      517.0000    69      518.0000      511.0000   137572    1.35%
   3500  2675      514.0000    69      518.0000      511.0000   140792    1.35%
   3600  2773      514.0000    83      518.0000      511.0000   143754    1.35%
   3700  2861      514.0000    72      518.0000      511.0000   148014    1.35%
   3800  2960      515.0000    69      518.0000      511.0000   149840    1.35%
   3900  3052      514.0015    97      518.0000      511.0000   152785    1.35%
   4000  3147      516.0000    59      518.0000      511.0000   154837    1.35%
Elapsed time = 106.30 sec. (tree size = 19.51 MB, solutions = 3)
   4100  3237      514.0000    72      518.0000      511.0000   158386    1.35%
   4200  3329      513.5861   113      518.0000      511.0000   161680    1.35%
   4300  3427      515.0000    64      518.0000      511.0000   163424    1.35%
   4400  3515      516.0000    42      518.0000      511.0000   168423    1.35%
   4500  3599      514.0000    75      518.0000      511.0000   173981    1.35%
   4600  3695      516.0296    93      518.0000      511.0000   176147    1.35%
   4700  3789      514.0000    63      518.0000      511.0000   178603    1.35%
   4800  3884      517.0000    82      518.0000      511.0000   180807    1.35%
   4900  3976      514.0000    76      518.0000      511.0000   183972    1.35%
   5000  4068      513.0000    87      518.0000      511.0000   187074    1.35%
Elapsed time = 124.45 sec. (tree size = 25.43 MB, solutions = 3)
   5100  4165      514.0000    76      518.0000      511.0000   189736    1.35%
   5200  4253      514.0000    76      518.0000      511.0000   194322    1.35%
   5300  4349      515.0000    70      518.0000      511.0000   197049    1.35%
   5400  4436      517.0000    66      518.0000      511.0000   200730    1.35%
   5500  4527      515.0000    68      518.0000      511.0000   203902    1.35%
   5600  4622      517.0000    61      518.0000      511.0000   205540    1.35%
   5700  4708      514.0000    86      518.0000      511.0000   211246    1.35%
   5800  4805      517.0000    68      518.0000      511.0000   213297    1.35%
   5900  4888      514.0000    87      518.0000      511.0000   218976    1.35%
   6000  4980      516.0000    68      518.0000      511.0000   221653    1.35%
Elapsed time = 144.70 sec. (tree size = 31.38 MB, solutions = 3)
   6100  5072      514.0000    57      518.0000      511.0000   226709    1.35%
   6200  5172      514.0000    88      518.0000      511.0000   228324    1.35%
   6300  5253      514.0000    66      518.0000      511.0000   231316    1.35%
   6400  5351      515.0000    67      518.0000      511.0000   233453    1.35%
   6500  5445      514.0000    90      518.0000      511.0000   237718    1.35%
   6600  5542      515.0000    67      518.0000      511.0000   239710    1.35%
   6700  5637      513.0013   106      518.0000      511.0000   243058    1.35%
   6800  5736      514.0000    81      518.0000      511.0000   245281    1.35%
   6900  5824      514.0000    66      518.0000      511.0000   248445    1.35%
   7000  5923      515.0000    65      518.0000      511.0000   250132    1.35%
Elapsed time = 164.23 sec. (tree size = 37.47 MB, solutions = 3)
   7100  6016      514.0000    91      518.0000      511.0000   253409    1.35%
   7200  6109    infeasible            518.0000      511.0000   255587    1.35%
   7300  6176      512.0000   125      518.0000      511.0000   275841    1.35%
   7400  6269      514.0000    79      518.0000      511.0000   283252    1.35%
   7500  6358      516.0000    39      518.0000      511.0000   287957    1.35%
*  7538+ 4928                          516.0000      511.0000   295088    0.97%
   7600  4991      513.0000    91      516.0000      511.0000   298288    0.97%
   7700  5090      514.0000   111      516.0000      511.0000   302191    0.97%
   7800  5183      513.0000   102      516.0000      512.0000   311406    0.78%
   7900  5282      514.0000   100      516.0000      512.0000   314761    0.78%
   8000  5367      512.0000    96      516.0000      512.0000   322210    0.78%
Elapsed time = 219.02 sec. (tree size = 35.04 MB, solutions = 4)
   8100  5465      513.0000    43      516.0000      512.0000   327364    0.78%
   8200  5558      514.0000    88      516.0000      512.0000   337178    0.78%
   8300  5638      512.0000   105      516.0000      512.0000   347697    0.78%
   8400  5737      513.0000    94      516.0000      512.0000   352813    0.78%
   8500  5834      515.0000    65      516.0000      512.0000   355812    0.78%
   8600  5927      512.0336   125      516.0000      512.0000   365632    0.78%
   8700  6022      513.0000   102      516.0000      512.0000   371406    0.78%
   8800  6112      513.0000    90      516.0000      512.0000   378012    0.78%
   8900  6211      514.0000   101      516.0000      512.0000   381598    0.78%
   9000  6304      512.0000   121      516.0000      512.0000   391678    0.78%
Elapsed time = 269.77 sec. (tree size = 43.41 MB, solutions = 4)
   9100  6392      514.0000    77      516.0000      512.0000   398705    0.78%
   9200  6474      512.0000   104      516.0000      512.0000   419900    0.78%
   9300  6571      513.0000   107      516.0000      512.0000   424524    0.78%
   9400  6665    infeasible            516.0000      512.0000   429780    0.78%
   9500  6757      514.0000   103      516.0000      512.0000   438711    0.78%
   9600  6856      515.0000    75      516.0000      512.0000   441198    0.78%
   9700  6947      513.0000   106      516.0000      512.0000   454135    0.78%
   9800  7037      514.0000    68      516.0000      512.0000   459480    0.78%
   9900  7130      513.0000    70      516.0000      512.0000   467110    0.78%
  10000  7228      513.0000    96      516.0000      512.0000   473192    0.78%
Elapsed time = 319.20 sec. (tree size = 51.96 MB, solutions = 4)
  10100  7315      515.0000    90      516.0000      512.0000   482857    0.78%
  10200  7406      513.0000   102      516.0000      512.0000   494499    0.78%
  10300  7505      514.0000   101      516.0000      512.0000   497046    0.78%
  10400  7591      512.0000    92      516.0000      512.0000   503765    0.78%
  10500  7689      514.0000    77      516.0000      512.0000   508499    0.78%
  10600  7784      515.0000    83      516.0000      512.0000   513261    0.78%
  10700  7875      514.0000   126      516.0000      512.0000   518067    0.78%
  10800  7968      512.1371   129      516.0000      512.0000   523683    0.78%
  10900  8066      513.0000   114      516.0000      512.0000   528862    0.78%
  11000  8158      515.0000    52      516.0000      512.0000   534878    0.78%
Elapsed time = 358.28 sec. (tree size = 60.69 MB, solutions = 4)
  11100  8243      513.0000    85      516.0000      512.0000   549070    0.78%
  11200  8342      514.0000    91      516.0000      512.0000   551988    0.78%
  11300  8433      512.0000    88      516.0000      512.0000   557693    0.78%
  11400  8532      513.0000   107      516.0000      512.0000   562411    0.78%
  11500  8629      514.0000    95      516.0000      512.0000   565877    0.78%
  11600  8721      513.0000    85      516.0000      512.0000   575061    0.78%
  11700  8820      513.0000   107      516.0000      512.0000   577667    0.78%
  11800  8914      515.0000    89      516.0000      512.0000   583499    0.78%
  11900  9005      513.0000    81      516.0000      512.0000   590709    0.78%
  12000  9103      513.0000   103      516.0000      512.0000   596760    0.78%
Elapsed time = 395.56 sec. (tree size = 69.69 MB, solutions = 4)
  12100  9183      515.0000    86      516.0000      512.0000   607753    0.78%
  12200  9257      512.0000   107      516.0000      512.0000   624021    0.78%
  12300  9350      513.0000   107      516.0000      512.0000   631298    0.78%
  12400  9444      514.0000    88      516.0000      512.0000   636193    0.78%
  12500  9524      515.0000    94      516.0000      512.0000   650806    0.78%
  12600  9617      514.0000   120      516.0000      512.0000   657790    0.78%
  12700  9716      515.0000   104      516.0000      512.0000   660622    0.78%
  12800  9809      513.0000   113      516.0000      512.0000   668836    0.78%
  12900  9908      514.0000   101      516.0000      512.0000   671284    0.78%
  13000 10003      512.0000   101      516.0000      512.0000   676992    0.78%
Elapsed time = 439.36 sec. (tree size = 78.30 MB, solutions = 4)
  13100 10099      513.0000    81      516.0000      512.0000   682156    0.78%
  13200 10195      513.1001   108      516.0000      512.0000   688755    0.78%
  13300 10279      512.0000   111      516.0000      512.0000   697618    0.78%
  13400 10377      514.0000    65      516.0000      512.0000   702274    0.78%
  13500 10468      512.0000   105      516.0000      512.0000   708232    0.78%
  13600 10563      513.0000    99      516.0000      512.0000   716544    0.78%
  13700 10659      515.0000    94      516.0000      512.0000   722096    0.78%
  13800 10740      513.0000    81      516.0000      512.0000   735188    0.78%
  13900 10839      514.0000    72      516.0000      512.0000   738264    0.78%
  14000 10926      512.0047   137      516.0000      512.0000   748617    0.78%
Elapsed time = 482.20 sec. (tree size = 87.24 MB, solutions = 4)
  14100 11021      514.0000    67      516.0000      512.0000   754149    0.78%
  14200 11111      515.0000    62      516.0000      512.0000   762352    0.78%
  14300 11201      515.0000    72      516.0000      512.0000   774031    0.78%
  14400 11299      515.0000   104      516.0000      512.0000   778289    0.78%
  14500 11387      514.0000    90      516.0000      512.0000   787690    0.78%
  14600 11482      512.0000    86      516.0000      512.0000   793207    0.78%
  14700 11577      512.0000   118      516.0000      512.0000   806053    0.78%
  14800 11671      513.0000    55      516.0000      512.0000   813501    0.78%
  14900 11757      515.0000   115      516.0000      512.0000   828554    0.78%
  15000 11840      513.0000    65      516.0000      512.0000   841531    0.78%
Elapsed time = 536.69 sec. (tree size = 96.20 MB, solutions = 4)
  15100 11931      512.0000    83      516.0000      512.0000   851513    0.78%
  15200 12029      514.0000    99      516.0000      512.0000   858102    0.78%
  15300 12121      513.0000    85      516.0000      512.0000   864856    0.78%
  15400 12220      514.0000    62      516.0000      512.0000   868797    0.78%
  15500 12315      512.0000    89      516.0000      512.0000   875888    0.78%
  15600 12414      513.0000   107      516.0000      512.0000   881943    0.78%
  15700 12512      515.0000    61      516.0000      512.0000   884875    0.78%
  15800 12604      512.0000   103      516.0000      512.0000   895921    0.78%
  15900 12695      513.0000    83      516.0000      512.0000   904486    0.78%
  16000 12784    infeasible            516.0000      512.0000   915095    0.78%
Elapsed time = 580.48 sec. (tree size = 105.48 MB, solutions = 4)
  16100 12867      513.0000    62      516.0000      512.0000   927245    0.78%
  16200 12966      514.0000    97      516.0000      512.0000   931870    0.78%
  16300 13056      513.0000    84      516.0000      512.0000   937905    0.78%
  16400 13155      514.0000    94      516.0000      512.0000   941595    0.78%
  16500 13239      513.0000   118      516.0000      512.0000   952698    0.78%
  16600 13334      512.0000    99      516.0000      512.0000   955585    0.78%
  16700 13430      513.0000    78      516.0000      512.0000   963793    0.78%
  16800 13527      513.0764   115      516.0000      512.0000   971463    0.78%
  16900 13610      515.0000    84      516.0000      512.0000   978970    0.78%
  17000 13668      512.1371   136      516.0000      512.0000  1005328    0.78%
Elapsed time = 628.64 sec. (tree size = 114.30 MB, solutions = 4)
  17100 13757      513.0000    55      516.0000      512.0000  1015453    0.78%
  17200 13851      513.0000    86      516.0000      512.0000  1029226    0.78%
  17300 13935      515.0000    74      516.0000      512.0000  1041852    0.78%
  17400 14020      513.0000    76      516.0000      512.0000  1063639    0.78%
  17500 14119      514.0000   105      516.0000      512.0000  1068551    0.78%
  17600 14211      512.0000    94      516.0000      512.0000  1076598    0.78%
  17700 14309      514.0000   107      516.0000      512.0000  1081344    0.78%
  17800 14398      512.0000   112      516.0000      512.0000  1086907    0.78%
  17900 14495      513.0000    87      516.0000      512.0000  1094877    0.78%
  18000 14584      515.0000    82      516.0000      512.0000  1103730    0.78%
Elapsed time = 680.53 sec. (tree size = 123.52 MB, solutions = 4)
  18100 14670      513.0000    83      516.0000      512.0000  1116994    0.78%
  18200 14769      514.0000    58      516.0000      512.0000  1121755    0.78%
  18300 14868      512.0000   103      516.0000      512.0000  1127526    0.78%
  18400 14960      512.0000   108      516.0000      512.0000  1135022    0.78%
  18500 15058      514.0000    64      516.0000      512.0000  1140890    0.78%
  18600 15156      515.0000    58      516.0000      512.0000  1143794    0.78%
  18700 15249      512.0000   120      516.0000      512.0000  1153501    0.78%
  18800 15347      513.0000    94      516.0000      512.0000  1159074    0.78%
  18900 15442      512.0000   115      516.0000      512.0000  1165472    0.78%
  19000 15540      514.0000    82      516.0000      512.0000  1170290    0.78%
Elapsed time = 727.05 sec. (tree size = 133.14 MB, solutions = 4)
Nodefile size =  5.98 MB (3.89 MB after compression)
  19100 15638      512.0000   107      516.0000      512.0000  1173321    0.78%
  19200 15733      512.0000   112      516.0000      512.0000  1178925    0.78%
  19300 15830      513.0000    91      516.0000      512.0000  1184778    0.78%
  19400 15917      512.0000    93      516.0000      512.0000  1194169    0.78%
  19500 16014      513.0000    70      516.0000      512.0000  1201890    0.78%
  19600 16102    infeasible            516.0000      512.0000  1211507    0.78%
  19700 16200      514.0000    90      516.0000      512.0000  1217149    0.78%
  19800 16299      515.0000    90      516.0000      512.0000  1220301    0.78%
  19900 16395      512.0000   117      516.0000      512.0000  1227042    0.78%
  20000 16493      514.0000    80      516.0000      512.0000  1231503    0.78%
Elapsed time = 769.91 sec. (tree size = 142.81 MB, solutions = 4)
Nodefile size = 14.93 MB (9.18 MB after compression)
  20100 16592      512.0000   108      516.0000      512.0000  1234485    0.78%
  20200 16690      514.0000    96      516.0000      512.0000  1240327    0.78%
  20300 16789      512.0000   121      516.0000      512.0000  1244839    0.78%
  20400 16882      513.0000   109      516.0000      512.0000  1251422    0.78%
  20500 16977      512.0000   115      516.0000      512.0000  1259563    0.78%
  20600 17075      514.0000    80      516.0000      512.0000  1262463    0.78%
  20700 17174      513.0000    92      516.0000      512.0000  1265836    0.78%
  20800 17273      514.0000    94      516.0000      512.0000  1270527    0.78%
  20900 17372      512.0000   120      516.0000      512.0000  1275111    0.78%
  21000 17470      514.0000    74      516.0000      512.0000  1278224    0.78%
Elapsed time = 803.48 sec. (tree size = 152.84 MB, solutions = 4)
Nodefile size = 25.22 MB (15.10 MB after compression)
  21100 17570      512.0000   126      516.0000      512.0000  1282809    0.78%
  21200 17665      513.0000   110      516.0000      512.0000  1289713    0.78%
  21300 17761      513.0000    70      516.0000      512.0000  1295755    0.78%
  21400 17860      514.0000    77      516.0000      512.0000  1301149    0.78%
  21500 17955      512.0000   102      516.0000      512.0000  1312283    0.78%
  21600 18053      514.0000    99      516.0000      512.0000  1318065    0.78%
  21700 18149      513.0000   134      516.0000      512.0000  1322864    0.78%
  21800 18239      515.0000    99      516.0000      512.0000  1331470    0.78%
  21900 18333      513.0000    80      516.0000      512.0000  1337996    0.78%
  22000 18432      513.0000   108      516.0000      512.0000  1342599    0.78%
Elapsed time = 844.94 sec. (tree size = 162.87 MB, solutions = 4)
Nodefile size = 34.94 MB (20.40 MB after compression)
  22100 18525      513.0000   121      516.0000      512.0000  1348059    0.78%
  22200 18624      514.0000    98      516.0000      512.0000  1352656    0.78%
  22300 18723      512.0000    93      516.0000      512.0000  1355963    0.78%
  22400 18821      514.0000    80      516.0000      512.0000  1361546    0.78%
  22500 18916      513.0000   103      516.0000      512.0000  1366972    0.78%
  22600 19015      514.0000    78      516.0000      512.0000  1370725    0.78%
  22700 19114      512.0000    71      516.0000      512.0000  1374887    0.78%
  22800 19210      513.0000    72      516.0000      512.0000  1384430    0.78%
  22900 19308      512.0000   103      516.0000      512.0000  1390397    0.78%
  23000 19407      513.0000   101      516.0000      512.0000  1394724    0.78%
Elapsed time = 882.56 sec. (tree size = 173.22 MB, solutions = 4)
Nodefile size = 45.88 MB (27.38 MB after compression)
  23100 19500      513.0000   112      516.0000      512.0000  1401876    0.78%
  23200 19597      514.0000   107      516.0000      512.0000  1409443    0.78%
  23300 19694      515.0000    98      516.0000      512.0000  1412811    0.78%
  23400 19786      513.0000    92      516.0000      512.0000  1423871    0.78%
  23500 19880      513.0000    98      516.0000      512.0000  1433277    0.78%
  23600 19968      514.0000    82      516.0000      512.0000  1445333    0.78%
  23700 20063      515.0000    75      516.0000      512.0000  1452936    0.78%
  23800 20153    infeasible            516.0000      512.0000  1461219    0.78%
  23900 20249      514.0000    60      516.0000      512.0000  1467978    0.78%
  24000 20348      515.0000    86      516.0000      512.0000  1471452    0.78%
Elapsed time = 933.91 sec. (tree size = 183.94 MB, solutions = 4)
Nodefile size = 56.84 MB (33.52 MB after compression)
  24100 20439      513.0000   115      516.0000      512.0000  1480577    0.78%
  24200 20535      515.0000    82      516.0000      512.0000  1486353    0.78%
  24300 20627      513.0000    81      516.0000      512.0000  1495275    0.78%
  24400 20723      514.0000    34      516.0000      512.0000  1503114    0.78%
  24500 20798      513.0000   142      516.0000      512.0000  1524902    0.78%
  24600 20897      514.0000   118      516.0000      512.0000  1529663    0.78%
  24700 20993      512.0000   120      516.0000      512.0000  1536553    0.78%
  24800 21091      514.0000    63      516.0000      512.0000  1542815    0.78%
  24900 21189      513.0000   114      516.0000      512.0000  1550054    0.78%
  25000 21287      514.0000    82      516.0000      512.0000  1555111    0.78%
Elapsed time = 992.06 sec. (tree size = 194.75 MB, solutions = 4)
Nodefile size = 67.75 MB (39.85 MB after compression)
  25100 21383      512.0286   126      516.0000      512.0000  1564006    0.78%
  25200 21478      514.0000    82      516.0000      512.0000  1572259    0.78%
  25300 21578      512.0000   111      516.0000      512.0000  1577845    0.78%
  25400 21677      513.0000   123      516.0000      512.0000  1582713    0.78%
  25500 21774      512.0000   139      516.0000      512.0000  1590504    0.78%
  25600 21872      514.0000   107      516.0000      512.0000  1596503    0.78%
  25700 21968      512.0166   144      516.0000      512.0000  1604841    0.78%
  25800 22066      515.0000   116      516.0000      512.0000  1611895    0.78%
  25900 22160      513.0000   104      516.0000      512.0000  1622077    0.78%
  26000 22255      515.0000    84      516.0000      512.0000  1628436    0.78%
Elapsed time = 1049.02 sec. (tree size = 206.05 MB, solutions = 4)
Nodefile size = 78.68 MB (46.30 MB after compression)
  26100 22344      513.0000    96      516.0000      512.0000  1635171    0.78%
  26200 22438      515.0000    96      516.0000      512.0000  1644954    0.78%
  26300 22530      514.0000    91      516.0000      512.0000  1655447    0.78%
  26400 22622      513.0000    88      516.0000      512.0000  1663191    0.78%
  26500 22720      515.0000    74      516.0000      512.0000  1668669    0.78%
  26600 22817      515.0000    96      516.0000      512.0000  1673218    0.78%
  26700 22911      513.0000    67      516.0000      512.0000  1687647    0.78%
  26800 23006      514.0000    73      516.0000      512.0000  1693187    0.78%
  26900 23098      513.0962   127      516.0000      512.0000  1703188    0.78%
  27000 23196      515.0000    98      516.0000      512.0000  1707185    0.78%
Elapsed time = 1108.23 sec. (tree size = 217.15 MB, solutions = 4)
Nodefile size = 89.58 MB (52.31 MB after compression)
* 27078+19078                          515.0000      512.0000  1715181    0.58%
  27100 19102      513.0000   109      515.0000      512.0000  1715951    0.58%
  27200 19201      514.0000    86      515.0000      512.0000  1719357    0.58%
  27300 19294      513.0000   135      515.0000      512.0000  1730546    0.58%
  27400 19381      513.0000   117      515.0000      512.0000  1740513    0.58%
  27500 19476      514.0000    96      515.0000      512.0000  1746734    0.58%
  27600 19568      514.0000    51      515.0000      512.0000  1755888    0.58%
  27700 19655      512.0000   114      515.0000      512.0000  1772172    0.58%
  27800 19750      514.0000    70      515.0000      512.0000  1779282    0.58%
  27900 19843      513.0000    98      515.0000      512.0000  1789149    0.58%
  28000 19939      514.0000    85      515.0000      512.0000  1793802    0.58%
Elapsed time = 1166.48 sec. (tree size = 192.37 MB, solutions = 5)
Nodefile size = 65.25 MB (37.90 MB after compression)
  28100 20034      513.0000    87      515.0000      512.0000  1803076    0.58%
  28200 20133      514.0000   100      515.0000      512.0000  1808200    0.58%
  28300 20227      514.0000    70      515.0000      512.0000  1816089    0.58%
  28400 20322      513.0000   108      515.0000      512.0000  1823941    0.58%
  28500 20421      514.0000   111      515.0000      512.0000  1829109    0.58%
  28600 20513      512.0000   113      515.0000      512.0000  1840953    0.58%
  28700 20608      514.0000    75      515.0000      512.0000  1849086    0.58%
  28800 20702      512.0000   115      515.0000      512.0000  1861708    0.58%
  28900 20797      514.0000   102      515.0000      512.0000  1868329    0.58%
  29000 20890      513.0000   119      515.0000      512.0000  1879703    0.58%
Elapsed time = 1223.77 sec. (tree size = 203.85 MB, solutions = 5)
Nodefile size = 76.01 MB (43.77 MB after compression)
  29100 20985      512.0000   103      515.0000      512.0000  1883922    0.58%
  29200 21083      514.0000   120      515.0000      512.0000  1891603    0.58%
  29300 21175      513.0000    88      515.0000      512.0000  1902149    0.58%
  29400 21271      514.0000    99      515.0000      512.0000  1909025    0.58%
  29500 21362      513.0000   103      515.0000      512.0000  1919608    0.58%
  29600 21457      512.0000   116      515.0000      512.0000  1928086    0.58%
  29700 21555      514.0000    82      515.0000      512.0000  1934496    0.58%
  29800 21647      514.0000    95      515.0000      512.0000  1950638    0.58%
  29900 21738      514.0000    96      515.0000      512.0000  1962664    0.58%
  30000 21836      514.0000   111      515.0000      512.0000  1966617    0.58%
Elapsed time = 1279.56 sec. (tree size = 215.53 MB, solutions = 5)
Nodefile size = 87.71 MB (50.33 MB after compression)
  30100 21929      513.0000   109      515.0000      512.0000  1975343    0.58%
  30200 22027      514.0000   107      515.0000      512.0000  1978783    0.58%
  30300 22121      514.0000    76      515.0000      512.0000  1990169    0.58%
  30400 22216      513.0000   112      515.0000      512.0000  2000022    0.58%
  30500 22315      514.0000    88      515.0000      512.0000  2006167    0.58%
  30600 22408      513.0000   111      515.0000      512.0000  2019071    0.58%
  30700 22500      514.0000   103      515.0000      512.0000  2029309    0.58%
  30800 22592      514.0000    82      515.0000      512.0000  2039698    0.58%
  30900 22681      513.0000   118      515.0000      512.0000  2052984    0.58%
  31000 22774      513.0000   115      515.0000      512.0000  2064631    0.58%
Elapsed time = 1352.72 sec. (tree size = 227.21 MB, solutions = 5)
Nodefile size = 99.28 MB (56.79 MB after compression)
  31100 22870      514.0000    66      515.0000      512.0000  2072960    0.58%
  31200 22963      513.0000   112      515.0000      512.0000  2086235    0.58%
  31300 23057      513.0000   112      515.0000      512.0000  2095174    0.58%
  31400 23148      512.0000   111      515.0000      512.0000  2105462    0.58%
  31500 23243      513.0000   122      515.0000      512.0000  2114537    0.58%
  31600 23333      514.0000   117      515.0000      512.0000  2127325    0.58%
  31700 23428      513.0000   135      515.0000      512.0000  2140409    0.58%
  31800 23518      513.0000   112      515.0000      512.0000  2151490    0.58%
  31900 23616      514.0000   126      515.0000      512.0000  2158839    0.58%
  32000 23701      513.0000   107      515.0000      512.0000  2177142    0.58%
Elapsed time = 1436.02 sec. (tree size = 238.99 MB, solutions = 5)
Nodefile size = 111.78 MB (64.10 MB after compression)
  32100 23795      513.0000    86      515.0000      512.0000  2187791    0.58%
  32200 23890    infeasible            515.0000      512.0000  2195853    0.58%
  32300 23984      514.0000    98      515.0000      512.0000  2205827    0.58%
  32400 24078      512.0000   115      515.0000      512.0000  2214903    0.58%
  32500 24171      513.0000   127      515.0000      512.0000  2223497    0.58%
  32600 24261      514.0000    96      515.0000      512.0000  2236218    0.58%
  32700 24354      513.0000   136      515.0000      512.0000  2250739    0.58%
  32800 24449      512.0000   126      515.0000      512.0000  2258204    0.58%
  32900 24539      513.0000   100      515.0000      512.0000  2267660    0.58%
  33000 24637      514.0000   103      515.0000      512.0000  2275371    0.58%
Elapsed time = 1505.86 sec. (tree size = 251.07 MB, solutions = 5)
Nodefile size = 123.71 MB (71.24 MB after compression)
  33100 24725      512.0000   119      515.0000      512.0000  2294676    0.58%
  33200 24823      514.0000   107      515.0000      512.0000  2301170    0.58%
  33300 24910      513.0000    98      515.0000      512.0000  2311183    0.58%
  33400 25003    infeasible            515.0000      512.0000  2316713    0.58%
  33500 25097      514.0000    85      515.0000      512.0000  2331061    0.58%
  33600 25186      513.0000    86      515.0000      512.0000  2345321    0.58%
  33700 25285      514.0000    96      515.0000      512.0000  2351069    0.58%
  33800 25379      514.0000   102      515.0000      512.0000  2363826    0.58%
  33900 25470      513.0000   109      515.0000      512.0000  2383508    0.58%
  34000 25564      512.0000   132      515.0000      512.0000  2394253    0.58%
Elapsed time = 1585.67 sec. (tree size = 263.16 MB, solutions = 5)
Nodefile size = 135.68 MB (78.05 MB after compression)
  34100 25656      513.0000   130      515.0000      512.0000  2408044    0.58%
  34200 25746      512.0000    95      515.0000      512.0000  2420475    0.58%
  34300 25844      514.0000    32      515.0000      512.0000  2428115    0.58%
  34400 25937      514.0000    98      515.0000      512.0000  2437831    0.58%
  34500 26032      513.0000   128      515.0000      512.0000  2446493    0.58%
  34600 26117      512.0000   119      515.0000      512.0000  2463241    0.58%
  34700 26210      512.0000   123      515.0000      512.0000  2480318    0.58%
  34800 26300      514.0000    51      515.0000      512.0000  2493333    0.58%
  34900 26390      512.0000   114      515.0000      512.0000  2504342    0.58%
  35000 26487      514.0000   100      515.0000      512.0000  2513596    0.58%
Elapsed time = 1670.11 sec. (tree size = 275.26 MB, solutions = 5)
Nodefile size = 147.58 MB (84.93 MB after compression)
  35100 26577      513.0000    99      515.0000      512.0000  2528856    0.58%
  35200 26675      514.0000    31      515.0000      512.0000  2535874    0.58%
  35300 26766      512.0000   125      515.0000      512.0000  2544973    0.58%
  35400 26861    infeasible            515.0000      512.0000  2550843    0.58%
  35500 26952      514.0000    82      515.0000      512.0000  2562853    0.58%
  35600 27047      513.0000   105      515.0000      512.0000  2572221    0.58%
  35700 27146      514.0000    88      515.0000      512.0000  2576117    0.58%
  35800 27239      513.0000   100      515.0000      512.0000  2586740    0.58%
  35900 27326      512.0000   125      515.0000      512.0000  2601247    0.58%
  36000 27424      514.0000    57      515.0000      512.0000  2610446    0.58%
Elapsed time = 1745.06 sec. (tree size = 287.74 MB, solutions = 5)
Nodefile size = 160.51 MB (92.08 MB after compression)
  36100 27518      512.0000   101      515.0000      512.0000  2620612    0.58%
  36200 27616      514.0000    68      515.0000      512.0000  2630532    0.58%
  36300 27711      513.0000   112      515.0000      512.0000  2641745    0.58%
  36400 27804      512.0000   112      515.0000      512.0000  2653524    0.58%
  36500 27887      512.0000   130      515.0000      512.0000  2673517    0.58%
  36600 27985      514.0000   105      515.0000      512.0000  2680793    0.58%
  36700 28079      513.0063   125      515.0000      512.0000  2689654    0.58%
  36800 28167      513.0000   129      515.0000      512.0000  2698956    0.58%
  36900 28254      512.0000   127      515.0000      512.0000  2711019    0.58%
  37000 28352      514.0000   105      515.0000      512.0000  2716820    0.58%
Elapsed time = 1825.34 sec. (tree size = 300.18 MB, solutions = 5)
Nodefile size = 172.45 MB (98.92 MB after compression)
  37100 28440      514.0000   123      515.0000      512.0000  2735538    0.58%
  37200 28528      513.0000    79      515.0000      512.0000  2751316    0.58%
  37300 28624      514.0000    72      515.0000      512.0000  2759677    0.58%
  37400 28712      512.0000   121      515.0000      512.0000  2770713    0.58%
  37500 28811      513.0000   118      515.0000      512.0000  2778769    0.58%
  37600 28904      514.0000    86      515.0000      512.0000  2792375    0.58%
  37700 29004      514.0000    99      515.0000      512.0000  2796566    0.58%
  37800 29098      514.0000   115      515.0000      512.0000  2807572    0.58%
  37900 29186      514.0000   103      515.0000      512.0000  2817807    0.58%
  38000 29277      514.0000   149      515.0000      512.0000  2837556    0.58%
Elapsed time = 1912.27 sec. (tree size = 312.88 MB, solutions = 5)
Nodefile size = 185.37 MB (106.14 MB after compression)
  38100 29371      514.0000    98      515.0000      512.0000  2857319    0.58%
  38200 29466      513.0000   127      515.0000      512.0000  2867973    0.58%
  38300 29563      514.0000   115      515.0000      512.0000  2873144    0.58%
  38400 29654      514.0000    91      515.0000      512.0000  2890306    0.58%
  38500 29748      512.0000   110      515.0000      512.0000  2901749    0.58%
  38600 29846      514.0000    82      515.0000      512.0000  2911119    0.58%
  38700 29939      513.0000    66      515.0000      512.0000  2925246    0.58%
  38800 30034      512.0000   139      515.0000      512.0000  2936720    0.58%
  38900 30132      514.0000   123      515.0000      512.0000  2944603    0.58%
  39000 30223      513.0000   103      515.0000      512.0000  2960105    0.58%
Elapsed time = 2001.95 sec. (tree size = 325.99 MB, solutions = 5)
Nodefile size = 198.29 MB (113.48 MB after compression)
  39100 30318      514.0000    72      515.0000      512.0000  2973410    0.58%
  39200 30412      514.0000    59      515.0000      512.0000  2988851    0.58%
  39300 30505      513.0000   110      515.0000      512.0000  2999354    0.58%
  39400 30598      513.0000   123      515.0000      512.0000  3015791    0.58%
  39500 30693      514.0000    76      515.0000      512.0000  3029333    0.58%
  39600 30788      513.0000   136      515.0000      512.0000  3042424    0.58%
  39700 30882      513.0000    91      515.0000      512.0000  3057750    0.58%
  39800 30979      514.0000   131      515.0000      512.0000  3063796    0.58%
  39900 31070      513.0000    95      515.0000      512.0000  3077051    0.58%
  40000 31170      513.0000    97      515.0000      512.0000  3082139    0.58%
Elapsed time = 2092.48 sec. (tree size = 339.21 MB, solutions = 5)
Nodefile size = 212.19 MB (121.81 MB after compression)
  40100 31259      513.0000   141      515.0000      512.0000  3097305    0.58%
  40200 31342      513.0000    95      515.0000      512.0000  3114976    0.58%
  40300 31441      514.0000    82      515.0000      512.0000  3120075    0.58%
  40400 31534      514.0000    87      515.0000      512.0000  3131282    0.58%
  40500 31629      513.0000   132      515.0000      512.0000  3141842    0.58%
  40600 31720      512.0000   133      515.0000      512.0000  3148754    0.58%
  40700 31813      513.0000   123      515.0000      512.0000  3159630    0.58%
  40800 31908      514.0000   106      515.0000      512.0000  3165651    0.58%
  40900 31994      514.0000    82      515.0000      512.0000  3182743    0.58%
  41000 32090      512.0000   116      515.0000      512.0000  3189116    0.58%
Elapsed time = 2179.09 sec. (tree size = 352.21 MB, solutions = 5)
Nodefile size = 225.12 MB (128.73 MB after compression)
  41100 32188      514.0000    84      515.0000      512.0000  3199527    0.58%
  41200 32281      513.0000    99      515.0000      512.0000  3212921    0.58%
  41300 32380      514.0000   104      515.0000      512.0000  3218828    0.58%
  41400 32468      513.0000    92      515.0000      512.0000  3237581    0.58%
  41500 32563      514.0000   105      515.0000      512.0000  3246332    0.58%
  41600 32657      514.0000    75      515.0000      512.0000  3261519    0.58%
  41700 32742      513.0000    94      515.0000      512.0000  3276397    0.58%
  41800 32831    infeasible            515.0000      512.0000  3285025    0.58%
  41900 32912      514.0000    78      515.0000      512.0000  3307730    0.58%
  42000 33003      514.0000    97      515.0000      512.0000  3320621    0.58%
Elapsed time = 2282.88 sec. (tree size = 365.28 MB, solutions = 5)
Nodefile size = 238.03 MB (135.93 MB after compression)
  42100 33097      514.0000    79      515.0000      512.0000  3333644    0.58%
  42200 33191      514.0000    78      515.0000      512.0000  3347427    0.58%
  42300 33278      513.0000   113      515.0000      512.0000  3367886    0.58%
  42400 33371    infeasible            515.0000      512.0000  3374300    0.58%
  42500 33467      514.0000   106      515.0000      512.0000  3385446    0.58%
  42600 33555      512.0000   115      515.0000      512.0000  3402677    0.58%
  42700 33644      514.0000   101      515.0000      512.0000  3420029    0.58%
  42800 33737      513.0000   120      515.0000      512.0000  3432488    0.58%
  42900 33836      514.0000   104      515.0000      512.0000  3437409    0.58%
  43000 33922      514.0000    81      515.0000      512.0000  3456085    0.58%
Elapsed time = 2388.16 sec. (tree size = 378.56 MB, solutions = 5)
Nodefile size = 250.96 MB (143.21 MB after compression)
  43100 34021      514.0000    97      515.0000      512.0000  3462364    0.58%
  43200 34113      513.0000   121      515.0000      512.0000  3474695    0.58%
  43300 34206      514.0000   115      515.0000      512.0000  3492836    0.58%
  43400 34298      514.0000    77      515.0000      512.0000  3506262    0.58%
  43500 34394      512.0000   116      515.0000      512.0000  3516058    0.58%
  43600 34484    infeasible            515.0000      512.0000  3537323    0.58%
  43700 34578      514.0000    89      515.0000      512.0000  3548175    0.58%
  43800 34673      513.0000   114      515.0000      512.0000  3562462    0.58%
  43900 34764      513.0000    70      515.0000      512.0000  3577554    0.58%
  44000 34862      514.0000    92      515.0000      512.0000  3584820    0.58%
Elapsed time = 2484.42 sec. (tree size = 392.34 MB, solutions = 5)
Nodefile size = 264.87 MB (150.95 MB after compression)
  44100 34956      514.0000   103      515.0000      512.0000  3601671    0.58%
  44200 35051      513.0000   122      515.0000      512.0000  3610862    0.58%
  44300 35150      514.0000    87      515.0000      512.0000  3616269    0.58%
  44400 35241      514.0000   100      515.0000      512.0000  3627312    0.58%
  44500 35335      513.0000   101      515.0000      512.0000  3645627    0.58%
  44600 35430      514.0000    98      515.0000      512.0000  3652793    0.58%
  44700 35521      513.0000   131      515.0000      512.0000  3668552    0.58%
  44800 35620      514.0000   104      515.0000      512.0000  3673526    0.58%
  44900 35710      514.0000   122      515.0000      512.0000  3686111    0.58%
  45000 35797      514.0000    98      515.0000      512.0000  3703508    0.58%
Elapsed time = 2576.83 sec. (tree size = 406.27 MB, solutions = 5)
Nodefile size = 278.78 MB (158.46 MB after compression)
  45100 35886      514.0000   101      515.0000      512.0000  3723831    0.58%
  45200 35978      514.0000   104      515.0000      512.0000  3742374    0.58%
  45300 36070      514.0000    87      515.0000      512.0000  3758168    0.58%
  45400 36154      514.0000    89      515.0000      512.0000  3774912    0.58%
  45500 36250    infeasible            515.0000      512.0000  3785022    0.58%
  45600 36335      512.0000   121      515.0000      512.0000  3805356    0.58%
  45700 36433      514.0000    55      515.0000      512.0000  3813263    0.58%
  45800 36525      514.0000   136      515.0000      512.0000  3827917    0.58%
  45900 36606      514.0000    99      515.0000      512.0000  3845065    0.58%
  46000 36683      514.0000    82      515.0000      512.0000  3862077    0.58%
Elapsed time = 2702.80 sec. (tree size = 419.54 MB, solutions = 5)
Nodefile size = 291.72 MB (165.73 MB after compression)
  46100 36759      514.0000   105      515.0000      512.0000  3890274    0.58%
  46200 36853      514.0000   116      515.0000      512.0000  3901921    0.58%
  46300 36940      512.0000   133      515.0000      512.0000  3920017    0.58%
  46400 37030      514.0000   125      515.0000      512.0000  3935230    0.58%
  46500 37113      513.0000    84      515.0000      512.0000  3957427    0.58%
  46600 37198      513.0000    72      515.0000      512.0000  3974077    0.58%
  46700 37297      514.0000   118      515.0000      512.0000  3983530    0.58%
  46800 37378        cutoff            515.0000      512.0000  4009455    0.58%
  46900 37458      514.0000   116      515.0000      512.0000  4029189    0.58%
  47000 37549      513.0000   142      515.0000      512.0000  4048051    0.58%
Elapsed time = 2850.67 sec. (tree size = 432.79 MB, solutions = 5)
Nodefile size = 305.64 MB (173.74 MB after compression)
  47100 37636      514.0000   132      515.0000      512.0000  4072242    0.58%
  47200 37718      512.0000   141      515.0000      512.0000  4092678    0.58%
  47300 37809      514.0000    71      515.0000      512.0000  4107790    0.58%
  47400 37903      514.0000    52      515.0000      512.0000  4118676    0.58%
  47500 37998      513.0000   102      515.0000      512.0000  4132020    0.58%
  47600 38088      513.0000   124      515.0000      512.0000  4149050    0.58%
  47700 38181      512.0000   127      515.0000      512.0000  4162466    0.58%
  47800 38273      514.0000    75      515.0000      512.0000  4178384    0.58%
  47900 38364      513.0000    83      515.0000      512.0000  4198869    0.58%
  48000 38463      514.0000    90      515.0000      512.0000  4206180    0.58%
Elapsed time = 2974.67 sec. (tree size = 446.98 MB, solutions = 5)
Nodefile size = 319.53 MB (182.93 MB after compression)
  48100 38555      514.0000   114      515.0000      512.0000  4218156    0.58%
  48200 38650      513.0000   113      515.0000      512.0000  4230153    0.58%
  48300 38745      512.0000   122      515.0000      512.0000  4242205    0.58%
  48400 38843      513.0000    71      515.0000      512.0000  4247858    0.58%
  48500 38935      514.0000    64      515.0000      512.0000  4258674    0.58%
  48600 39027      514.0000   128      515.0000      512.0000  4273115    0.58%
  48700 39120      513.0000   112      515.0000      512.0000  4287295    0.58%
  48800 39213      512.0000   129      515.0000      512.0000  4294551    0.58%
  48900 39309      514.0000    64      515.0000      512.0000  4306593    0.58%
  49000 39399      513.0000   129      515.0000      512.0000  4322079    0.58%
Elapsed time = 3062.69 sec. (tree size = 461.59 MB, solutions = 5)
Nodefile size = 334.42 MB (194.88 MB after compression)
  49100 39492      514.0000   110      515.0000      512.0000  4333962    0.58%
  49200 39584      514.0000    87      515.0000      512.0000  4343939    0.58%
  49300 39679      513.0000    95      515.0000      512.0000  4353948    0.58%
  49400 39772      514.0000    64      515.0000      512.0000  4365352    0.58%
  49500 39863      512.0028   149      515.0000      512.0000  4382224    0.58%
  49600 39958      513.0000    95      515.0000      512.0000  4398308    0.58%
  49700 40057      514.0000    97      515.0000      512.0000  4404636    0.58%
  49800 40150      513.0000   124      515.0000      512.0000  4422955    0.58%
  49900 40249      514.0000    92      515.0000      512.0000  4427482    0.58%
  50000 40339      514.0000    93      515.0000      512.0000  4447657    0.58%
Elapsed time = 3165.13 sec. (tree size = 476.39 MB, solutions = 5)
Nodefile size = 349.35 MB (207.42 MB after compression)
  50100 40429      512.0000   106      515.0000      512.0000  4459178    0.58%
  50200 40519      513.0000   109      515.0000      512.0000  4475121    0.58%
  50300 40610      513.0000    82      515.0000      512.0000  4486585    0.58%
  50400 40707      514.0000    82      515.0000      512.0000  4495986    0.58%
  50500 40802      513.0000    92      515.0000      512.0000  4505771    0.58%
  50600 40896      512.0000   124      515.0000      512.0000  4513232    0.58%
  50700 40994      514.0000   117      515.0000      512.0000  4526023    0.58%
  50800 41086      513.0000   105      515.0000      512.0000  4541738    0.58%
  50900 41181      514.0000    66      515.0000      512.0000  4551914    0.58%
  51000 41269      512.0000   136      515.0000      512.0000  4575157    0.58%
Elapsed time = 3266.86 sec. (tree size = 491.05 MB, solutions = 5)
Nodefile size = 363.26 MB (218.87 MB after compression)
  51100 41365      514.0000   114      515.0000      512.0000  4585095    0.58%
  51200 41457      513.0996   139      515.0000      512.0000  4598952    0.58%
  51300 41552      512.0000   153      515.0000      512.0000  4610016    0.58%
  51400 41642      513.0000    86      515.0000      512.0000  4624588    0.58%
  51500 41738      514.0000    88      515.0000      512.0000  4635899    0.58%
  51600 41824      514.0000    80      515.0000      512.0000  4647945    0.58%
  51700 41916      512.0000   131      515.0000      512.0000  4656609    0.58%
  51800 42014      514.0000    81      515.0000      512.0000  4664430    0.58%
  51900 42104      513.0000   123      515.0000      512.0000  4674509    0.58%
  52000 42198      512.0000   112      515.0000      512.0000  4685927    0.58%
Elapsed time = 3360.25 sec. (tree size = 505.84 MB, solutions = 5)
Nodefile size = 378.14 MB (231.40 MB after compression)
  52100 42296      514.0000    50      515.0000      512.0000  4692811    0.58%
  52200 42390      514.0000    93      515.0000      512.0000  4708115    0.58%
  52300 42490      514.0000   103      515.0000      512.0000  4711527    0.58%
  52400 42580      514.0000    83      515.0000      512.0000  4726432    0.58%
  52500 42673      512.0293   133      515.0000      512.0000  4736561    0.58%
  52600 42767      514.0000    94      515.0000      512.0000  4746549    0.58%
  52700 42848      512.0000    98      515.0000      512.0000  4770450    0.58%
  52800 42946      514.0000   104      515.0000      512.0000  4779042    0.58%
  52900 43039      513.0000   139      515.0000      512.0000  4792769    0.58%
  53000 43126      513.0000   108      515.0000      512.0000  4813022    0.58%
Elapsed time = 3466.70 sec. (tree size = 520.74 MB, solutions = 5)
Nodefile size = 393.06 MB (243.93 MB after compression)
  53100 43217      514.0000    89      515.0000      512.0000  4829462    0.58%
  53200 43307      512.0000   121      515.0000      512.0000  4860118    0.58%
  53300 43398      514.0000    72      515.0000      512.0000  4884021    0.58%
  53400 43490      514.0000   107      515.0000      512.0000  4902453    0.58%
  53500 43579      514.0000   149      515.0000      512.0000  4923843    0.58%
  53600 43665      514.0000   102      515.0000      512.0000  4949222    0.58%
  53700 43751      514.0000    90      515.0000      512.0000  4969654    0.58%
  53800 43841      514.0000    71      515.0000      512.0000  4982258    0.58%
  53900 43933      513.0000   137      515.0000      512.0000  4997334    0.58%
  54000 44023      514.0000    97      515.0000      512.0000  5019849    0.58%
Elapsed time = 3635.88 sec. (tree size = 535.53 MB, solutions = 5)
Nodefile size = 407.99 MB (256.52 MB after compression)
  54100 44114      513.0000   105      515.0000      512.0000  5036731    0.58%
  54200 44198      512.0000   138      515.0000      512.0000  5063099    0.58%
  54300 44296      514.0000   110      515.0000      512.0000  5075222    0.58%
  54400 44386      513.0000   133      515.0000      512.0000  5093600    0.58%
  54500 44480      514.0000    97      515.0000      512.0000  5104966    0.58%
  54600 44571      513.0000   142      515.0000      512.0000  5123704    0.58%
  54700 44666      512.0000   103      515.0000      512.0000  5133800    0.58%
  54800 44758      514.0000    90      515.0000      512.0000  5147617    0.58%
  54900 44858      514.0000    95      515.0000      512.0000  5151513    0.58%
  55000 44948      514.0000    65      515.0000      512.0000  5163949    0.58%
Elapsed time = 3753.50 sec. (tree size = 550.93 MB, solutions = 5)
Nodefile size = 423.85 MB (270.09 MB after compression)
  55100 45043      512.0000   138      515.0000      512.0000  5176583    0.58%
  55200 45141      514.0000   105      515.0000      512.0000  5189518    0.58%
  55300 45233      514.0000   134      515.0000      512.0000  5209398    0.58%
  55400 45325      514.0000    95      515.0000      512.0000  5227412    0.58%
  55500 45411      514.0000   115      515.0000      512.0000  5243532    0.58%
  55600 45504      513.0000   112      515.0000      512.0000  5254143    0.58%
  55700 45601      514.0000   128      515.0000      512.0000  5262790    0.58%
  55800 45694      513.0000   126      515.0000      512.0000  5275258    0.58%
  55900 45786      514.0000   119      515.0000      512.0000  5292563    0.58%
  56000 45876      514.0000   101      515.0000      512.0000  5318516    0.58%
Elapsed time = 3884.63 sec. (tree size = 566.52 MB, solutions = 5)
Nodefile size = 438.75 MB (282.78 MB after compression)
  56100 45970      514.0000   117      515.0000      512.0000  5331433    0.58%
  56200 46062      514.0000    83      515.0000      512.0000  5346348    0.58%
  56300 46152      513.0000   133      515.0000      512.0000  5361917    0.58%
  56400 46240      513.0000   126      515.0000      512.0000  5384616    0.58%
  56500 46334      513.0000    89      515.0000      512.0000  5399838    0.58%
  56600 46431      514.0000    39      515.0000      512.0000  5406180    0.58%
  56700 46521      513.0000    96      515.0000      512.0000  5421486    0.58%
  56800 46616      514.0000    99      515.0000      512.0000  5431400    0.58%
  56900 46706      514.0000    81      515.0000      512.0000  5445368    0.58%
  57000 46799      513.0000   114      515.0000      512.0000  5458000    0.58%
Elapsed time = 4011.44 sec. (tree size = 582.16 MB, solutions = 5)
Nodefile size = 454.65 MB (296.44 MB after compression)
  57100 46897      514.0000   100      515.0000      512.0000  5464296    0.58%
  57200 46992      513.0000   101      515.0000      512.0000  5477768    0.58%
  57300 47081      513.0000   110      515.0000      512.0000  5489336    0.58%
  57400 47178      514.0000    56      515.0000      512.0000  5503014    0.58%
  57500 47268      513.0000   122      515.0000      512.0000  5521872    0.58%
  57600 47359      514.0000    89      515.0000      512.0000  5543798    0.58%
  57700 47450      513.0000   111      515.0000      512.0000  5555602    0.58%
  57800 47545      512.0000   124      515.0000      512.0000  5566814    0.58%
  57900 47640      513.0012   128      515.0000      512.0000  5582755    0.58%
  58000 47733      513.0000   122      515.0000      512.0000  5599546    0.58%
Elapsed time = 4138.20 sec. (tree size = 598.03 MB, solutions = 5)
Nodefile size = 470.53 MB (309.96 MB after compression)
  58100 47826    infeasible            515.0000      512.0000  5612857    0.58%
  58200 47922      514.0000   101      515.0000      512.0000  5625371    0.58%
  58300 48017      513.0000   115      515.0000      512.0000  5639240    0.58%
  58400 48116      514.0000    87      515.0000      512.0000  5644616    0.58%
  58500 48206      513.0000   108      515.0000      512.0000  5660153    0.58%
  58600 48298      514.0000   100      515.0000      512.0000  5676464    0.58%
  58700 48388      514.0000    85      515.0000      512.0000  5689621    0.58%
  58800 48483      513.0000   105      515.0000      512.0000  5701817    0.58%
  58900 48577      513.0000    83      515.0000      512.0000  5715270    0.58%
  59000 48676      514.0000    57      515.0000      512.0000  5720213    0.58%
Elapsed time = 4242.17 sec. (tree size = 614.06 MB, solutions = 5)
Nodefile size = 486.45 MB (323.37 MB after compression)
  59100 48766      513.0000    75      515.0000      512.0000  5736076    0.58%
  59200 48862      514.0000    54      515.0000      512.0000  5745781    0.58%
  59300 48946      512.0000   113      515.0000      512.0000  5771122    0.58%
  59400 49044      514.0000   108      515.0000      512.0000  5781714    0.58%
  59500 49136      513.0000   105      515.0000      512.0000  5791620    0.58%
  59600 49235      514.0000    87      515.0000      512.0000  5798611    0.58%
  59700 49331      512.0000   119      515.0000      512.0000  5806671    0.58%
  59800 49427      514.0000   117      515.0000      512.0000  5814862    0.58%
  59900 49520      513.0000    92      515.0000      512.0000  5828114    0.58%
  60000 49612      512.0000   113      515.0000      512.0000  5851461    0.58%
Elapsed time = 4347.97 sec. (tree size = 630.00 MB, solutions = 5)
Nodefile size = 502.34 MB (336.61 MB after compression)
  60100 49710      514.0000    65      515.0000      512.0000  5859536    0.58%
  60200 49800      513.0000   101      515.0000      512.0000  5874658    0.58%
  60300 49895      512.0000   102      515.0000      512.0000  5885300    0.58%
  60400 49992      514.0000    89      515.0000      512.0000  5894519    0.58%
  60500 50080      513.0000   110      515.0000      512.0000  5910682    0.58%
  60600 50179      513.0000    92      515.0000      512.0000  5921445    0.58%
  60700 50272      514.0000    82      515.0000      512.0000  5931395    0.58%
  60800 50364      514.0000    66      515.0000      512.0000  5945964    0.58%
  60900 50458      512.0000   133      515.0000      512.0000  5953423    0.58%
  61000 50556      514.0000    91      515.0000      512.0000  5964470    0.58%
Elapsed time = 4438.30 sec. (tree size = 646.20 MB, solutions = 5)
Nodefile size = 519.19 MB (350.74 MB after compression)
  61100 50648      514.0000    98      515.0000      512.0000  5981887    0.58%
  61200 50736      513.0000    70      515.0000      512.0000  5995010    0.58%
  61300 50833      514.0000    37      515.0000      512.0000  6002373    0.58%
  61400 50923      512.0000   102      515.0000      512.0000  6016449    0.58%
  61500 51016      513.0000    75      515.0000      512.0000  6032741    0.58%
  61600 51109      512.0000    96      515.0000      512.0000  6044742    0.58%
  61700 51207      514.0000    26      515.0000      512.0000  6053392    0.58%
  61800 51290      512.0000   108      515.0000      512.0000  6081657    0.58%
  61900 51386      514.0000    86      515.0000      512.0000  6089144    0.58%
  62000 51480      514.0000    52      515.0000      512.0000  6098883    0.58%
Elapsed time = 4542.23 sec. (tree size = 662.14 MB, solutions = 5)
Nodefile size = 535.06 MB (364.21 MB after compression)
  62100 51573      513.0000    87      515.0000      512.0000  6112520    0.58%
  62200 51668      512.0000    97      515.0000      512.0000  6123962    0.58%
  62300 51760      514.0000    65      515.0000      512.0000  6133455    0.58%
  62400 51854      513.0000    77      515.0000      512.0000  6143442    0.58%
  62500 51953      514.0000    33      515.0000      512.0000  6148592    0.58%
* 62578+38572                          514.0000      512.0000  6157551    0.39%
  62600 38590      513.0000    72      514.0000      512.0000  6167013    0.39%
  62700 38674      512.0016   137      514.0000      512.0000  6192158    0.39%
  62800 38763      513.0000   109      514.0000      512.0000  6208426    0.39%
  62900 38845      513.0000    79      514.0000      512.0000  6229443    0.39%
  63000 38934      513.0000   101      514.0000      512.0000  6245423    0.39%
Elapsed time = 4658.33 sec. (tree size = 530.32 MB, solutions = 6)
Nodefile size = 402.41 MB (285.92 MB after compression)
  63100 39014      513.0000    82      514.0000      512.0000  6277934    0.39%
  63200 39107      513.0000   115      514.0000      512.0000  6294156    0.39%
  63300 39190    infeasible            514.0000      512.0000  6316618    0.39%
  63400 39280      512.0000   101      514.0000      512.0000  6332485    0.39%
  63500 39357      512.0000   108      514.0000      512.0000  6356173    0.39%
  63600 39451      513.0000   109      514.0000      512.0000  6365487    0.39%
  63700 39544      513.0000   134      514.0000      512.0000  6376415    0.39%
  63800 39637      512.0598   126      514.0000      512.0000  6388950    0.39%
  63900 39730      513.0000    83      514.0000      512.0000  6402902    0.39%
  64000 39820    infeasible            514.0000      512.0000  6416244    0.39%
Elapsed time = 4799.89 sec. (tree size = 545.82 MB, solutions = 6)
Nodefile size = 418.28 MB (299.21 MB after compression)
  64100 39905      513.0000    72      514.0000      512.0000  6438652    0.39%
  64200 39998      513.0000    82      514.0000      512.0000  6448018    0.39%
  64300 40090      513.0000    56      514.0000      512.0000  6466355    0.39%
  64400 40183      513.0000   113      514.0000      512.0000  6481118    0.39%
  64500 40276      513.0000    99      514.0000      512.0000  6489549    0.39%
  64600 40359      512.0000    91      514.0000      512.0000  6508251    0.39%
  64700 40453      513.0000   102      514.0000      512.0000  6519716    0.39%
  64800 40539      513.0000    88      514.0000      512.0000  6543292    0.39%
  64900 40629      513.0000   106      514.0000      512.0000  6563853    0.39%
  65000 40724      513.0000    40      514.0000      512.0000  6572945    0.39%
Elapsed time = 4935.52 sec. (tree size = 561.85 MB, solutions = 6)
Nodefile size = 434.16 MB (312.65 MB after compression)
  65100 40816      513.0000    97      514.0000      512.0000  6593236    0.39%
  65200 40899      513.0000   131      514.0000      512.0000  6625501    0.39%
  65300 40986      513.0000    90      514.0000      512.0000  6650354    0.39%
  65400 41075      512.0000   100      514.0000      512.0000  6673906    0.39%
  65500 41155      513.0000    72      514.0000      512.0000  6704167    0.39%
  65600 41248      513.0000   120      514.0000      512.0000  6719515    0.39%
  65700 41335      512.0000    79      514.0000      512.0000  6737169    0.39%
  65800 41423      513.0000    97      514.0000      512.0000  6763932    0.39%
  65900 41507      513.0000    57      514.0000      512.0000  6798591    0.39%
  66000 41597      513.0000    40      514.0000      512.0000  6821108    0.39%
Elapsed time = 5132.63 sec. (tree size = 577.56 MB, solutions = 6)
Nodefile size = 450.07 MB (326.09 MB after compression)
  66100 41677      512.0000    94      514.0000      512.0000  6850501    0.39%
  66200 41772      512.0000   125      514.0000      512.0000  6862439    0.39%
  66300 41858      513.0000    91      514.0000      512.0000  6878826    0.39%
  66400 41947      513.0000    38      514.0000      512.0000  6892840    0.39%
  66500 42032      513.0000   110      514.0000      512.0000  6920060    0.39%
  66600 42125      513.0000   118      514.0000      512.0000  6932365    0.39%
  66700 42216      513.0000   105      514.0000      512.0000  6945032    0.39%
  66800 42304      513.0000    49      514.0000      512.0000  6964413    0.39%
  66900 42395      512.0000    95      514.0000      512.0000  6984847    0.39%
  67000 42486      513.0000    92      514.0000      512.0000  6994548    0.39%
Elapsed time = 5268.06 sec. (tree size = 593.70 MB, solutions = 6)
Nodefile size = 465.94 MB (339.45 MB after compression)
  67100 42575      513.0000    78      514.0000      512.0000  7017249    0.39%
  67200 42670      513.0000   126      514.0000      512.0000  7032987    0.39%
  67300 42754      512.0000    88      514.0000      512.0000  7055080    0.39%
  67400 42833      513.0000    86      514.0000      512.0000  7082072    0.39%
  67500 42924      513.0000    50      514.0000      512.0000  7096704    0.39%
  67600 43024      513.0000    98      514.0000      512.0000  7100883    0.39%
  67700 43113    infeasible            514.0000      512.0000  7116071    0.39%
  67800 43202    infeasible            514.0000      512.0000  7133525    0.39%
  67900 43294    infeasible            514.0000      512.0000  7149016    0.39%
  68000 43391      513.0000   120      514.0000      512.0000  7166066    0.39%
Elapsed time = 5408.63 sec. (tree size = 610.15 MB, solutions = 6)
Nodefile size = 482.81 MB (354.04 MB after compression)
  68100 43470      513.0000   110      514.0000      512.0000  7200690    0.39%
  68200 43554      513.0000   104      514.0000      512.0000  7231392    0.39%
  68300 43643      513.0000   111      514.0000      512.0000  7245567    0.39%
  68400 43718      513.0000    92      514.0000      512.0000  7290988    0.39%
  68500 43807      513.0000   100      514.0000      512.0000  7314170    0.39%
  68600 43901      513.0000   118      514.0000      512.0000  7327670    0.39%
  68700 43985      513.0000    62      514.0000      512.0000  7365378    0.39%
  68800 44071      513.0000   106      514.0000      512.0000  7387539    0.39%
  68900 44157      513.0000    49      514.0000      512.0000  7414156    0.39%
  69000 44250      513.0000    78      514.0000      512.0000  7434432    0.39%
Elapsed time = 5660.31 sec. (tree size = 626.08 MB, solutions = 6)
Nodefile size = 498.66 MB (367.91 MB after compression)
  69100 44338      513.0000    59      514.0000      512.0000  7454628    0.39%
  69200 44422      513.0000    91      514.0000      512.0000  7491537    0.39%
  69300 44510      513.0000   108      514.0000      512.0000  7517224    0.39%
  69400 44596      513.0000   102      514.0000      512.0000  7552831    0.39%
  69500 44687      513.0000   124      514.0000      512.0000  7574271    0.39%
  69600 44777      513.0000   106      514.0000      512.0000  7592491    0.39%
  69700 44861      513.0000    76      514.0000      512.0000  7629863    0.39%
  69800 44950      512.0000   127      514.0000      512.0000  7654807    0.39%
  69900 45033      513.0000    66      514.0000      512.0000  7692621    0.39%
  70000 45123      512.0000   120      514.0000      512.0000  7719692    0.39%
Elapsed time = 5909.75 sec. (tree size = 642.35 MB, solutions = 6)
Nodefile size = 514.56 MB (381.65 MB after compression)
  70100 45213      513.0000   114      514.0000      512.0000  7745069    0.39%
  70200 45290      513.0000    76      514.0000      512.0000  7791709    0.39%
  70300 45371      513.0000    86      514.0000      512.0000  7823268    0.39%
  70400 45460      513.0000   103      514.0000      512.0000  7845896    0.39%
  70500 45546      513.0000   104      514.0000      512.0000  7875217    0.39%
  70600 45632      513.0000    83      514.0000      512.0000  7897121    0.39%
  70700 45721      513.0000    81      514.0000      512.0000  7921039    0.39%
  70800 45808    infeasible            514.0000      512.0000  7943345    0.39%
  70900 45895      513.0000    62      514.0000      512.0000  7957635    0.39%
  71000 45982      513.0000   132      514.0000      512.0000  7985049    0.39%
Elapsed time = 6133.23 sec. (tree size = 658.63 MB, solutions = 6)
Nodefile size = 531.33 MB (396.43 MB after compression)
  71100 46071      513.0000   132      514.0000      512.0000  8008112    0.39%
  71200 46162      513.0000    56      514.0000      512.0000  8024155    0.39%
  71300 46246      513.0000    61      514.0000      512.0000  8051003    0.39%
  71400 46332      513.0000    90      514.0000      512.0000  8078814    0.39%
  71500 46413      512.1633   140      514.0000      512.0000  8130227    0.39%
  71600 46501      513.0000   108      514.0000      512.0000  8152996    0.39%
  71700 46594      513.0000   118      514.0000      512.0000  8169553    0.39%
  71800 46676      513.0000   122      514.0000      512.0000  8202496    0.39%
  71900 46759      513.0000    87      514.0000      512.0000  8237048    0.39%
  72000 46846      513.0000    93      514.0000      512.0000  8267692    0.39%
Elapsed time = 6393.14 sec. (tree size = 675.07 MB, solutions = 6)
Nodefile size = 547.21 MB (410.39 MB after compression)
  72100 46933      513.0000   138      514.0000      512.0000  8296088    0.39%
  72200 47012      513.0000   119      514.0000      512.0000  8333740    0.39%
  72300 47099      513.0000   117      514.0000      512.0000  8356350    0.39%
  72400 47181      512.0000   155      514.0000      512.0000  8398397    0.39%
  72500 47257      513.0000   101      514.0000      512.0000  8468495    0.39%
  72600 47339      512.0000   134      514.0000      512.0000  8507987    0.39%
  72700 47421      512.0000   132      514.0000      512.0000  8543750    0.39%
  72800 47496      513.0000   126      514.0000      512.0000  8591684    0.39%
  72900 47578      512.0000    98      514.0000      512.0000  8634643    0.39%
  73000 47669      513.0000   107      514.0000      512.0000  8661569    0.39%
Elapsed time = 6769.83 sec. (tree size = 690.97 MB, solutions = 6)
Nodefile size = 563.10 MB (424.18 MB after compression)
  73100 47741      513.0000   130      514.0000      512.0000  8721219    0.39%
  73200 47820      513.0000    94      514.0000      512.0000  8775385    0.39%
  73300 47890      513.0000    97      514.0000      512.0000  8836442    0.39%
  73400 47978      513.0000   107      514.0000      512.0000  8874087    0.39%
  73500 48056      513.0000   115      514.0000      512.0000  8910171    0.39%
  73600 48141      513.0000   108      514.0000      512.0000  8942294    0.39%
  73700 48231      513.0000   110      514.0000      512.0000  8969419    0.39%
  73800 48317      513.0000   138      514.0000      512.0000  9009858    0.39%
  73900 48396      512.0000   138      514.0000      512.0000  9046670    0.39%
  74000 48480      512.0000   132      514.0000      512.0000  9082852    0.39%
Elapsed time = 7153.08 sec. (tree size = 706.95 MB, solutions = 6)
Nodefile size = 578.98 MB (438.00 MB after compression)
  74100 48568      513.0000   118      514.0000      512.0000  9112083    0.39%

Cover cuts applied:  1152
Mixed integer rounding cuts applied:  33
Zero-half cuts applied:  1
Gomory fractional cuts applied:  14

Solution pool: 6 solutions saved.

MIP - Time limit exceeded, integer feasible:  Objective = 5.1400000000e+002
Current MIP best bound = 5.1200000000e+002 (gap = 2, 0.39%)
Solution time = 7200.02 sec.  Iterations = 9130224  Nodes = 74147 (48604)


Incumbent solution
Variable Name           Solution Value
Cmax                        514.000000
X_1_15                        1.000000
X_2_19                        1.000000
X_3_25                        1.000000
X_4_3                         1.000000
X_5_13                        1.000000
X_6_30                        1.000000
X_7_20                        1.000000
X_8_23                        1.000000
X_9_32                        1.000000
X_10_40                       1.000000
X_11_27                       1.000000
X_12_20                       1.000000
X_13_14                       1.000000
X_14_38                       1.000000
X_15_6                        1.000000
X_16_37                       1.000000
X_17_26                       1.000000
X_18_8                        1.000000
X_19_38                       1.000000
X_20_38                       1.000000
X_21_4                        1.000000
X_22_26                       1.000000
X_23_34                       1.000000
X_24_33                       1.000000
X_25_39                       1.000000
X_26_27                       1.000000
X_27_15                       1.000000
X_28_5                        1.000000
X_29_1                        1.000000
X_30_16                       1.000000
X_31_7                        1.000000
X_32_29                       1.000000
X_33_7                        1.000000
X_34_3                        1.000000
X_35_10                       1.000000
X_36_35                       1.000000
X_37_13                       1.000000
X_38_25                       1.000000
X_39_23                       1.000000
X_40_6                        1.000000
X_41_11                       1.000000
X_42_12                       1.000000
X_43_10                       1.000000
X_44_29                       1.000000
X_45_40                       1.000000
X_46_26                       1.000000
X_47_15                       1.000000
X_48_33                       1.000000
X_49_5                        1.000000
X_50_31                       1.000000
X_51_36                       1.000000
X_52_10                       1.000000
X_53_33                       1.000000
X_54_17                       1.000000
X_55_18                       1.000000
X_56_25                       1.000000
X_57_9                        1.000000
X_58_2                        1.000000
X_59_8                        1.000000
X_60_5                        1.000000
X_61_34                       1.000000
X_62_24                       1.000000
X_63_1                        1.000000
X_64_18                       1.000000
X_65_31                       1.000000
X_66_26                       1.000000
X_67_22                       1.000000
X_68_27                       1.000000
X_69_37                       1.000000
X_70_32                       1.000000
X_71_21                       1.000000
X_72_25                       1.000000
X_73_18                       1.000000
X_74_9                        1.000000
X_75_19                       1.000000
X_76_29                       1.000000
X_77_36                       1.000000
X_78_29                       1.000000
X_79_39                       1.000000
X_80_2                        1.000000
X_81_39                       1.000000
X_82_35                       1.000000
X_83_24                       1.000000
X_84_19                       1.000000
X_85_22                       1.000000
X_86_28                       1.000000
X_87_16                       1.000000
X_88_27                       1.000000
X_89_3                        1.000000
X_90_3                        1.000000
X_91_8                        1.000000
X_92_28                       1.000000
X_93_21                       1.000000
X_94_12                       1.000000
X_95_34                       1.000000
X_96_23                       1.000000
X_97_8                        1.000000
X_98_22                       1.000000
X_99_26                       1.000000
X_100_32                      1.000000
X_101_16                      1.000000
X_102_32                      1.000000
X_103_22                      1.000000
X_104_21                      1.000000
X_105_13                      1.000000
X_106_10                      1.000000
X_107_37                      1.000000
X_108_30                      1.000000
X_109_21                      1.000000
X_110_31                      1.000000
X_111_1                       1.000000
X_112_16                      1.000000
X_113_28                      1.000000
X_114_7                       1.000000
X_115_24                      1.000000
X_116_16                      1.000000
X_117_28                      1.000000
X_118_36                      1.000000
X_119_12                      1.000000
X_120_38                      1.000000
X_121_40                      1.000000
X_122_20                      1.000000
X_123_34                      1.000000
X_124_30                      1.000000
X_125_1                       1.000000
X_126_4                       1.000000
X_127_13                      1.000000
X_128_36                      1.000000
X_129_9                       1.000000
X_130_14                      1.000000
X_131_37                      1.000000
X_132_6                       1.000000
X_133_39                      1.000000
X_134_17                      1.000000
X_135_4                       1.000000
X_136_33                      1.000000
X_137_14                      1.000000
X_138_34                      1.000000
X_139_35                      1.000000
X_140_24                      1.000000
X_141_35                      1.000000
X_142_39                      1.000000
X_143_1                       1.000000
X_144_15                      1.000000
X_145_4                       1.000000
X_146_11                      1.000000
X_147_11                      1.000000
X_148_19                      1.000000
X_149_31                      1.000000
X_150_30                      1.000000
X_151_11                      1.000000
X_152_23                      1.000000
X_153_13                      1.000000
X_154_28                      1.000000
X_155_2                       1.000000
X_156_36                      1.000000
X_157_22                      1.000000
X_158_19                      1.000000
X_159_12                      1.000000
X_160_9                       1.000000
X_161_15                      1.000000
X_162_14                      1.000000
X_163_40                      1.000000
X_164_5                       1.000000
X_165_18                      1.000000
X_166_30                      1.000000
X_167_2                       1.000000
X_168_21                      1.000000
X_169_17                      1.000000
X_170_29                      1.000000
X_171_12                      1.000000
X_172_20                      1.000000
X_173_38                      1.000000
X_174_14                      1.000000
X_175_31                      1.000000
X_176_27                      1.000000
X_177_6                       1.000000
X_178_17                      1.000000
X_179_35                      1.000000
X_180_33                      1.000000
X_181_32                      1.000000
X_182_4                       1.000000
X_183_18                      1.000000
X_184_8                       1.000000
X_185_3                       1.000000
X_186_2                       1.000000
X_187_24                      1.000000
X_188_25                      1.000000
X_189_7                       1.000000
X_190_40                      1.000000
X_191_11                      1.000000
X_192_7                       1.000000
X_193_5                       1.000000
X_194_37                      1.000000
X_195_10                      1.000000
X_196_17                      1.000000
X_197_20                      1.000000
X_198_6                       1.000000
X_199_23                      1.000000
X_200_9                       1.000000
All other variables in the range 1-8001 are 0.
