
Log started (V11.0.0) Sun Apr 20 07:43:54 2008

Tried aggregator 1 time.
Reduced MIP has 240 rows, 8001 columns, and 16040 nonzeros.
Presolve time =    0.06 sec.
Clique table members: 200.
MIP emphasis: balance optimality and feasibility.
MIP search method: dynamic search.
Parallel mode: none, using 1 thread.
Root relaxation solution time =    0.33 sec.

        Nodes                                         Cuts/
   Node  Left     Objective  IInf  Best Integer     Best Node    ItCnt     Gap

*     0+    0                        29613.0000      510.8160      591   98.28%
*     0+    0                          521.0000      510.8160      591    1.95%
      0     0      511.0000    77      521.0000      Fract: 6      604    1.92%
      0     0      511.0000    78      521.0000     Covers: 1      639    1.92%
      0     0      511.0000    79      521.0000     Covers: 1      677    1.92%
      0     2      511.0000    79      521.0000      511.0000      677    1.92%
    100    90      514.0472    76      521.0000      511.0000     4174    1.92%
*   200+  175                          519.0000      511.0000     8744    1.54%
    200   177      513.0000    74      519.0000      511.0000     8744    1.54%
    300   254      515.0000    67      519.0000      511.0000    15086    1.54%
*   400+  320                          518.0000      511.0000    19124    1.35%
*   400+  301                          517.0000      511.0000    19124    1.16%
    400   303      512.0000    64      517.0000      511.0000    19124    1.16%
    500   390      512.0000    72      517.0000      511.0000    23181    1.16%
*   511+  264                          516.0000      512.0000    26424    0.78%
    600   292      515.0000    57      516.0000      512.0000    28602    0.78%
    700   321      513.0000    74      516.0000      512.0000    31747    0.78%
    800   329      514.0000    62      516.0000      512.0000    37627    0.78%
    900   342      515.0000    73      516.0000      512.0000    42302    0.78%
   1000   403        cutoff            516.0000      512.0000    49625    0.78%
Elapsed time =  51.20 sec. (tree size =  2.47 MB, solutions = 6)
   1100   474      514.0000   103      516.0000      512.0000    57261    0.78%
   1200   570      515.0000    69      516.0000      512.0000    60964    0.78%
   1300   658      515.0000    65      516.0000      512.0000    66637    0.78%
   1400   754      515.0000    81      516.0000      512.0000    72423    0.78%
   1500   832      515.0000    76      516.0000      512.0000    79164    0.78%
   1600   915      513.6026   134      516.0000      512.0000    86353    0.78%
   1700  1007      515.0000    53      516.0000      512.0000    91362    0.78%
   1800  1098      512.0000    82      516.0000      512.0000    96405    0.78%
   1900  1186      513.0000    74      516.0000      512.0000   102911    0.78%
   2000  1233    infeasible            516.0000      512.0000   115014    0.78%
Elapsed time =  87.70 sec. (tree size =  8.33 MB, solutions = 6)
   2100  1250      514.0000    98      516.0000      512.0000   141793    0.78%
   2200  1338      514.0000    92      516.0000      512.0000   147962    0.78%
   2300  1426      512.0000   133      516.0000      512.0000   154740    0.78%
   2400  1518      514.0000    74      516.0000      512.0000   158695    0.78%
   2500  1561      515.0000    64      516.0000      512.0000   170085    0.78%
   2600  1603      512.0000    99      516.0000      512.0000   190787    0.78%
   2700  1696      513.9324   112      516.0000      512.0000   196220    0.78%
   2800  1779      515.0000    72      516.0000      512.0000   204067    0.78%
   2900  1874      514.0000    98      516.0000      512.0000   209535    0.78%
   3000  1965      515.0000    88      516.0000      512.0000   216315    0.78%
Elapsed time = 141.14 sec. (tree size = 13.71 MB, solutions = 6)
   3100  2059      512.0000   104      516.0000      512.0000   221165    0.78%
   3200  2150      515.0000    74      516.0000      512.0000   227872    0.78%
   3300  2243      515.0000    95      516.0000      512.0000   236185    0.78%
   3400  2327      515.0000    70      516.0000      512.0000   245433    0.78%
   3500  2418      515.0000    75      516.0000      512.0000   253007    0.78%
   3600  2509      513.0000   108      516.0000      512.0000   259438    0.78%
   3700  2601      515.0000    59      516.0000      512.0000   264886    0.78%
   3800  2693      514.0000    78      516.0000      512.0000   273863    0.78%
   3900  2763      512.2019   146      516.0000      512.0000   284492    0.78%
*  3911+ 1428                          515.0000      512.0000   285003    0.58%
   4000  1500      514.0000    99      515.0000      512.0000   300752    0.58%
Elapsed time = 191.49 sec. (tree size = 11.10 MB, solutions = 7)
   4100  1581      513.0000    96      515.0000      512.0000   311025    0.58%
   4200  1667      513.0000    85      515.0000      512.0000   317650    0.58%
   4300  1760      513.0000   115      515.0000      512.0000   325293    0.58%
   4400  1835      512.0000   115      515.0000      512.0000   346165    0.58%
   4500  1929      514.0000    69      515.0000      512.0000   351695    0.58%
   4600  1988      513.0000   119      515.0000      512.0000   376960    0.58%
   4700  2073      514.0000   116      515.0000      512.0000   387307    0.58%
   4800  2168      513.0000   112      515.0000      512.0000   393685    0.58%
   4900  2253      514.0000    84      515.0000      512.0000   407354    0.58%
   5000  2341      514.0000    98      515.0000      512.0000   418971    0.58%
Elapsed time = 252.39 sec. (tree size = 19.18 MB, solutions = 7)
   5100  2429      513.0000   110      515.0000      512.0000   426534    0.58%
   5200  2510      513.0000    98      515.0000      512.0000   443141    0.58%
   5300  2600      513.0000    91      515.0000      512.0000   451803    0.58%
   5400  2685    infeasible            515.0000      512.0000   464266    0.58%
   5500  2773      514.0000   110      515.0000      512.0000   473672    0.58%
   5600  2856      513.0000    91      515.0000      512.0000   483671    0.58%
   5700  2951      514.0000    55      515.0000      512.0000   487258    0.58%
   5800  3039      513.0000   106      515.0000      512.0000   497673    0.58%
   5900  3116      514.0000    92      515.0000      512.0000   501158    0.58%
   6000  3201      513.0000    56      515.0000      512.0000   512590    0.58%
Elapsed time = 305.47 sec. (tree size = 27.69 MB, solutions = 7)
   6100  3294      514.0000    57      515.0000      512.0000   519288    0.58%
   6200  3385      514.0000    57      515.0000      512.0000   527625    0.58%
   6300  3471      513.0000    96      515.0000      512.0000   539237    0.58%
   6400  3553      514.0000    75      515.0000      512.0000   550134    0.58%
   6500  3645      514.0000    54      515.0000      512.0000   558905    0.58%
   6600  3734      514.0000    91      515.0000      512.0000   566308    0.58%
   6700  3821      513.0000   142      515.0000      512.0000   574292    0.58%
   6800  3915      513.0000    89      515.0000      512.0000   582462    0.58%
   6900  4005      514.0000   106      515.0000      512.0000   590794    0.58%
   7000  4082      513.0000   100      515.0000      512.0000   610535    0.58%
Elapsed time = 363.89 sec. (tree size = 36.72 MB, solutions = 7)
   7100  4175      514.0000    79      515.0000      512.0000   614168    0.58%
   7200  4262      514.0000   108      515.0000      512.0000   622885    0.58%
   7300  4341      514.0000    89      515.0000      512.0000   637903    0.58%
   7400  4431      514.0000    72      515.0000      512.0000   646103    0.58%
   7500  4516      513.0066   130      515.0000      512.0000   655980    0.58%
   7600  4599      513.0000   107      515.0000      512.0000   668188    0.58%
   7700  4692      514.0000   101      515.0000      512.0000   678739    0.58%
   7800  4780      514.0000    65      515.0000      512.0000   690857    0.58%
   7900  4864      513.0000    72      515.0000      512.0000   704258    0.58%
   8000  4958      513.0000    79      515.0000      512.0000   710201    0.58%
Elapsed time = 428.39 sec. (tree size = 46.18 MB, solutions = 7)
   8100  5041      513.0000    89      515.0000      512.0000   725163    0.58%
   8200  5132      514.0000   109      515.0000      512.0000   729879    0.58%
   8300  5226      514.0000    83      515.0000      512.0000   735670    0.58%
   8400  5320      514.0000    61      515.0000      512.0000   742526    0.58%
   8500  5410      514.0000    82      515.0000      512.0000   751112    0.58%
   8600  5498      514.0000    94      515.0000      512.0000   769569    0.58%
   8700  5585      513.0000   114      515.0000      512.0000   779630    0.58%
   8800  5673      513.0000   120      515.0000      512.0000   789468    0.58%
   8900  5772      514.0000    99      515.0000      512.0000   792283    0.58%
   9000  5864      513.0028   144      515.0000      512.0000   803756    0.58%
Elapsed time = 489.20 sec. (tree size = 55.95 MB, solutions = 7)
   9100  5958      513.0000    79      515.0000      512.0000   810433    0.58%
   9200  6052      513.0000    85      515.0000      512.0000   818835    0.58%
   9300  6149      514.0000    75      515.0000      512.0000   823713    0.58%
   9400  6242      513.0000   106      515.0000      512.0000   832387    0.58%
   9500  6339      514.0000    89      515.0000      512.0000   837852    0.58%
   9600  6429      514.0000    61      515.0000      512.0000   849890    0.58%
   9700  6524      513.0000   105      515.0000      512.0000   859238    0.58%
   9800  6607      513.0000    90      515.0000      512.0000   869760    0.58%
   9900  6706      514.0000   118      515.0000      512.0000   874867    0.58%
  10000  6785      512.0000   172      515.0000      512.0000   890823    0.58%
Elapsed time = 551.95 sec. (tree size = 66.19 MB, solutions = 7)
  10100  6883      513.0000    83      515.0000      512.0000   896663    0.58%
  10200  6970      513.0000   134      515.0000      512.0000   913852    0.58%
  10300  7065      514.0000   111      515.0000      512.0000   922440    0.58%
  10400  7157      514.0000    69      515.0000      512.0000   929461    0.58%
  10500  7247      514.0000    73      515.0000      512.0000   937089    0.58%
  10600  7342      513.0000   117      515.0000      512.0000   946868    0.58%
  10700  7436    infeasible            515.0000      512.0000   954299    0.58%
  10800  7512      514.0000    59      515.0000      512.0000   975471    0.58%
  10900  7590      514.0000    81      515.0000      512.0000   993081    0.58%
  11000  7681      513.0000   119      515.0000      512.0000  1002661    0.58%
Elapsed time = 632.28 sec. (tree size = 76.50 MB, solutions = 7)
  11100  7780      514.0000    95      515.0000      512.0000  1006208    0.58%
  11200  7875      513.0000   110      515.0000      512.0000  1013040    0.58%
  11300  7964      513.0000   112      515.0000      512.0000  1025371    0.58%
  11400  8063      514.0000   113      515.0000      512.0000  1029779    0.58%
  11500  8147      514.0000   115      515.0000      512.0000  1041266    0.58%
  11600  8231      514.0000    85      515.0000      512.0000  1053163    0.58%
  11700  8305      514.0000   102      515.0000      512.0000  1070564    0.58%
  11800  8387      514.0000    98      515.0000      512.0000  1088541    0.58%
  11900  8476      514.0000    70      515.0000      512.0000  1099596    0.58%
  12000  8564      514.0000   104      515.0000      512.0000  1111324    0.58%
Elapsed time = 704.75 sec. (tree size = 86.89 MB, solutions = 7)
  12100  8655      513.0000   135      515.0000      512.0000  1122500    0.58%
  12200  8753      514.0000   107      515.0000      512.0000  1125721    0.58%
  12300  8845      514.0000    79      515.0000      512.0000  1138215    0.58%
  12400  8940      513.0000   109      515.0000      512.0000  1147805    0.58%
  12500  9035      514.0000   103      515.0000      512.0000  1154145    0.58%
  12600  9129      514.0000   116      515.0000      512.0000  1162681    0.58%
  12700  9223      514.0000    62      515.0000      512.0000  1169753    0.58%
  12800  9318      513.0000    77      515.0000      512.0000  1179449    0.58%
  12900  9412      514.0000    87      515.0000      512.0000  1189092    0.58%
  13000  9498      514.0000   112      515.0000      512.0000  1202796    0.58%
Elapsed time = 771.47 sec. (tree size = 97.99 MB, solutions = 7)
  13100  9583      513.0000    95      515.0000      512.0000  1212721    0.58%
  13200  9681      513.0000   107      515.0000      512.0000  1219020    0.58%
  13300  9771      514.0000    78      515.0000      512.0000  1229876    0.58%
  13400  9865      513.0000   129      515.0000      512.0000  1238876    0.58%
  13500  9956      513.0000   105      515.0000      512.0000  1245349    0.58%
  13600 10047    infeasible            515.0000      512.0000  1258567    0.58%
  13700 10125      514.0000    98      515.0000      512.0000  1275798    0.58%
  13800 10217      514.0000   118      515.0000      512.0000  1286424    0.58%
  13900 10308      514.0000    92      515.0000      512.0000  1293856    0.58%
  14000 10402      514.0000   104      515.0000      512.0000  1305977    0.58%
Elapsed time = 848.45 sec. (tree size = 108.81 MB, solutions = 7)
  14100 10481      514.0000    93      515.0000      512.0000  1328118    0.58%
  14200 10577      514.0000    86      515.0000      512.0000  1332001    0.58%
  14300 10664      514.0000    43      515.0000      512.0000  1343799    0.58%
  14400 10755      513.0000   122      515.0000      512.0000  1361532    0.58%
  14500 10847      513.0000    98      515.0000      512.0000  1372169    0.58%
  14600 10944      514.0000    91      515.0000      512.0000  1379315    0.58%
  14700 11038      514.0000    89      515.0000      512.0000  1388238    0.58%
  14800 11122      514.0000   108      515.0000      512.0000  1396955    0.58%
  14900 11216      514.0000    89      515.0000      512.0000  1403356    0.58%
  15000 11298      513.0000   120      515.0000      512.0000  1413664    0.58%
Elapsed time = 930.08 sec. (tree size = 119.72 MB, solutions = 7)
  15100 11387      513.0000   119      515.0000      512.0000  1422798    0.58%
  15200 11477      513.0000   138      515.0000      512.0000  1430611    0.58%
  15300 11573      514.0000   117      515.0000      512.0000  1435746    0.58%
  15400 11657      514.0000    50      515.0000      512.0000  1452412    0.58%
  15500 11743      514.0000    75      515.0000      512.0000  1472499    0.58%
  15600 11834      513.0000   122      515.0000      512.0000  1488449    0.58%
  15700 11933      514.0000   106      515.0000      512.0000  1493031    0.58%
  15800 12026      513.0000   104      515.0000      512.0000  1500732    0.58%
  15900 12113      514.0000    79      515.0000      512.0000  1516583    0.58%
  16000 12203      514.0000    82      515.0000      512.0000  1527259    0.58%
Elapsed time = 1011.78 sec. (tree size = 130.95 MB, solutions = 7)
Nodefile size =  2.99 MB (2.05 MB after compression)
  16100 12298      513.0000   114      515.0000      512.0000  1532325    0.58%
  16200 12397      514.0000    86      515.0000      512.0000  1537891    0.58%
  16300 12483      514.0000    97      515.0000      512.0000  1553841    0.58%
  16400 12583      514.0000   113      515.0000      512.0000  1556757    0.58%
  16500 12675      514.0000    78      515.0000      512.0000  1569149    0.58%
  16600 12760      514.0000    84      515.0000      512.0000  1582470    0.58%
  16700 12860      514.0000   130      515.0000      512.0000  1587016    0.58%
  16800 12950      514.0000    88      515.0000      512.0000  1594425    0.58%
  16900 13044      514.0000   113      515.0000      512.0000  1606723    0.58%
  17000 13137      514.0000    77      515.0000      512.0000  1616571    0.58%
Elapsed time = 1082.86 sec. (tree size = 142.72 MB, solutions = 7)
Nodefile size = 14.92 MB (10.08 MB after compression)
  17100 13227      513.0000    89      515.0000      512.0000  1626169    0.58%
  17200 13321      513.0000   144      515.0000      512.0000  1635386    0.58%
  17300 13412      514.0000    97      515.0000      512.0000  1650947    0.58%
  17400 13505      513.0000   122      515.0000      512.0000  1660629    0.58%
  17500 13598      514.0000   117      515.0000      512.0000  1674605    0.58%
  17600 13688      514.0000    67      515.0000      512.0000  1695869    0.58%
  17700 13780      514.0000   147      515.0000      512.0000  1703791    0.58%
  17800 13869      514.0000   130      515.0000      512.0000  1717225    0.58%
  17900 13950      514.0000   122      515.0000      512.0000  1736433    0.58%
  18000 14039      514.0000   129      515.0000      512.0000  1753501    0.58%
Elapsed time = 1188.25 sec. (tree size = 154.48 MB, solutions = 7)
Nodefile size = 26.84 MB (17.68 MB after compression)
  18100 14126      514.0000   117      515.0000      512.0000  1771074    0.58%
  18200 14210      514.0000    79      515.0000      512.0000  1785367    0.58%
  18300 14296      513.0041   182      515.0000      512.0000  1798733    0.58%
  18400 14383      513.0000   164      515.0000      512.0000  1814914    0.58%
  18500 14470      514.0000   143      515.0000      512.0000  1840755    0.58%
  18600 14562      514.0000   109      515.0000      512.0000  1854653    0.58%
  18700 14648      513.0062   200      515.0000      512.0000  1867439    0.58%
  18800 14738      514.0000   128      515.0000      512.0000  1879911    0.58%
  18900 14830      514.0000    78      515.0000      512.0000  1888004    0.58%
  19000 14918    infeasible            515.0000      512.0000  1906354    0.58%
Elapsed time = 1313.61 sec. (tree size = 166.44 MB, solutions = 7)
Nodefile size = 38.77 MB (24.94 MB after compression)
  19100 15010      514.0000    92      515.0000      512.0000  1920571    0.58%
  19200 15099      514.0000   122      515.0000      512.0000  1933388    0.58%
  19300 15185      514.0000    81      515.0000      512.0000  1954559    0.58%
  19400 15280      513.0000   165      515.0000      512.0000  1966891    0.58%
  19500 15365      514.0000   116      515.0000      512.0000  1996663    0.58%
  19600 15451      513.0261   180      515.0000      512.0000  2021373    0.58%
  19700 15551      514.0000   101      515.0000      512.0000  2028559    0.58%
  19800 15628      513.0000   148      515.0000      512.0000  2051794    0.58%
  19900 15719      514.0000    82      515.0000      512.0000  2062847    0.58%
  20000 15809      514.0000   130      515.0000      512.0000  2077138    0.58%
Elapsed time = 1445.08 sec. (tree size = 178.65 MB, solutions = 7)
Nodefile size = 50.71 MB (32.12 MB after compression)
  20100 15897      514.0000    73      515.0000      512.0000  2099500    0.58%
  20200 15990      513.0000   128      515.0000      512.0000  2107251    0.58%
  20300 16082      513.0000   146      515.0000      512.0000  2126053    0.58%
  20400 16170      514.0000    85      515.0000      512.0000  2144598    0.58%
  20500 16264      514.0000   109      515.0000      512.0000  2157955    0.58%
  20600 16354      514.0000    79      515.0000      512.0000  2177335    0.58%
  20700 16443      514.0000   117      515.0000      512.0000  2201538    0.58%
  20800 16532      513.0000   142      515.0000      512.0000  2219592    0.58%
  20900 16625      514.0000   125      515.0000      512.0000  2231158    0.58%
  21000 16718      514.0000   124      515.0000      512.0000  2244299    0.58%
Elapsed time = 1578.53 sec. (tree size = 191.24 MB, solutions = 7)
Nodefile size = 63.63 MB (39.93 MB after compression)
  21100 16809      513.0000   107      515.0000      512.0000  2259382    0.58%
  21200 16903      514.0000    38      515.0000      512.0000  2265958    0.58%
  21300 16982      512.1240   184      515.0000      512.0000  2290329    0.58%
  21400 17081      514.0000   102      515.0000      512.0000  2298624    0.58%
  21500 17172      514.0000   166      515.0000      512.0000  2309254    0.58%
  21600 17264      514.0000    84      515.0000      512.0000  2324709    0.58%
  21700 17356      514.0000    64      515.0000      512.0000  2334317    0.58%
  21800 17448      514.0000   127      515.0000      512.0000  2349095    0.58%
  21900 17538      514.0000    62      515.0000      512.0000  2365954    0.58%
  22000 17632      513.0000   134      515.0000      512.0000  2380638    0.58%
Elapsed time = 1697.70 sec. (tree size = 203.92 MB, solutions = 7)
Nodefile size = 76.56 MB (48.09 MB after compression)
  22100 17724      513.0000   139      515.0000      512.0000  2391271    0.58%
  22200 17823      514.0000    53      515.0000      512.0000  2397448    0.58%
  22300 17918      513.0151   159      515.0000      512.0000  2407881    0.58%
  22400 18010      513.0000   124      515.0000      512.0000  2419563    0.58%
  22500 18108      514.0000    55      515.0000      512.0000  2427368    0.58%
  22600 18202      514.0000   100      515.0000      512.0000  2440026    0.58%
  22700 18292      514.0000    98      515.0000      512.0000  2458769    0.58%
  22800 18385      513.0000    68      515.0000      512.0000  2469593    0.58%
  22900 18483      514.0000   120      515.0000      512.0000  2475351    0.58%
  23000 18572      514.0000    97      515.0000      512.0000  2489588    0.58%
Elapsed time = 1792.59 sec. (tree size = 216.96 MB, solutions = 7)
Nodefile size = 89.46 MB (56.33 MB after compression)
  23100 18663      513.0000   133      515.0000      512.0000  2505406    0.58%
  23200 18762      514.0000    97      515.0000      512.0000  2510301    0.58%
  23300 18856      514.0000    81      515.0000      512.0000  2521657    0.58%
  23400 18945    infeasible            515.0000      512.0000  2535096    0.58%
  23500 19040      513.0000   118      515.0000      512.0000  2546510    0.58%
  23600 19131      514.0000    79      515.0000      512.0000  2561354    0.58%
  23700 19220      513.0000    91      515.0000      512.0000  2568961    0.58%
  23800 19318      514.0000    47      515.0000      512.0000  2573173    0.58%
  23900 19401      513.0000   140      515.0000      512.0000  2594303    0.58%
  24000 19487      513.0000   118      515.0000      512.0000  2614431    0.58%
Elapsed time = 1893.92 sec. (tree size = 229.71 MB, solutions = 7)
Nodefile size = 102.33 MB (64.21 MB after compression)
  24100 19582      514.0000    83      515.0000      512.0000  2624929    0.58%
  24200 19672      514.0000    61      515.0000      512.0000  2635986    0.58%
  24300 19766      514.0000    75      515.0000      512.0000  2646354    0.58%
  24400 19859      513.0000   129      515.0000      512.0000  2652797    0.58%
  24500 19948      514.0000    56      515.0000      512.0000  2666980    0.58%
  24600 20043      513.0000   110      515.0000      512.0000  2673917    0.58%
  24700 20142      514.0000    90      515.0000      512.0000  2679765    0.58%
  24800 20235      514.0000   114      515.0000      512.0000  2689063    0.58%
  24900 20322      514.0000    99      515.0000      512.0000  2716459    0.58%
  25000 20410      513.0000   158      515.0000      512.0000  2742272    0.58%
Elapsed time = 1995.75 sec. (tree size = 242.57 MB, solutions = 7)
Nodefile size = 115.14 MB (71.97 MB after compression)
  25100 20509      514.0000    95      515.0000      512.0000  2749698    0.58%
  25200 20601      514.0000   119      515.0000      512.0000  2760334    0.58%
  25300 20693      514.0000   118      515.0000      512.0000  2772177    0.58%
  25400 20779      514.0000   102      515.0000      512.0000  2791080    0.58%
  25500 20873      514.0000    49      515.0000      512.0000  2800132    0.58%
  25600 20965      514.0000    46      515.0000      512.0000  2810999    0.58%
  25700 21054      514.0000   133      515.0000      512.0000  2830968    0.58%
  25800 21144      514.0000    30      515.0000      512.0000  2853397    0.58%
  25900 21238      514.0000    79      515.0000      512.0000  2871568    0.58%
  26000 21328      514.0000    55      515.0000      512.0000  2885614    0.58%
Elapsed time = 2101.67 sec. (tree size = 255.39 MB, solutions = 7)
Nodefile size = 128.01 MB (79.54 MB after compression)
  26100 21414      514.0000   102      515.0000      512.0000  2896497    0.58%
  26200 21514      514.0000    96      515.0000      512.0000  2900752    0.58%
  26300 21602      514.0000    40      515.0000      512.0000  2914697    0.58%
  26400 21694      514.0000   141      515.0000      512.0000  2925993    0.58%
  26500 21784      513.3633   206      515.0000      512.0000  2939451    0.58%
  26600 21884      514.0000    92      515.0000      512.0000  2945203    0.58%
  26700 21978      514.0000    60      515.0000      512.0000  2955548    0.58%
  26800 22068      514.0000    80      515.0000      512.0000  2965960    0.58%
  26900 22166      514.0000   110      515.0000      512.0000  2970832    0.58%
  27000 22260      514.0000    60      515.0000      512.0000  2984925    0.58%
Elapsed time = 2185.56 sec. (tree size = 268.48 MB, solutions = 7)
Nodefile size = 140.91 MB (87.13 MB after compression)
  27100 22352      514.0000    81      515.0000      512.0000  2994241    0.58%
  27200 22448    infeasible            515.0000      512.0000  2998320    0.58%
  27300 22540      514.0000    97      515.0000      512.0000  3012275    0.58%
  27400 22632      514.0000   108      515.0000      512.0000  3027180    0.58%
  27500 22727      514.0000    90      515.0000      512.0000  3038859    0.58%
  27600 22819      514.0000    52      515.0000      512.0000  3051647    0.58%
  27700 22917      514.0000   108      515.0000      512.0000  3059221    0.58%
  27800 23001      513.0000   132      515.0000      512.0000  3080821    0.58%
  27900 23093      513.0000   119      515.0000      512.0000  3096905    0.58%
  28000 23186      514.0000    30      515.0000      512.0000  3116338    0.58%
Elapsed time = 2291.08 sec. (tree size = 281.50 MB, solutions = 7)
Nodefile size = 153.84 MB (94.67 MB after compression)
  28100 23278      514.0000    90      515.0000      512.0000  3124052    0.58%
  28200 23369      514.0000   124      515.0000      512.0000  3140139    0.58%
  28300 23453      514.0000   170      515.0000      512.0000  3164139    0.58%
  28400 23545      514.0000    42      515.0000      512.0000  3171371    0.58%
  28500 23633      514.0000   116      515.0000      512.0000  3187041    0.58%
  28600 23724      513.0000   140      515.0000      512.0000  3202605    0.58%
  28700 23814      514.0000    47      515.0000      512.0000  3214771    0.58%
  28800 23906      514.0000    56      515.0000      512.0000  3228037    0.58%
  28900 24001      513.0000   119      515.0000      512.0000  3242267    0.58%
  29000 24086      514.0000    81      515.0000      512.0000  3262068    0.58%
Elapsed time = 2414.03 sec. (tree size = 294.21 MB, solutions = 7)
Nodefile size = 166.75 MB (102.68 MB after compression)
  29100 24173      513.0000   125      515.0000      512.0000  3279720    0.58%
  29200 24265      513.0000   113      515.0000      512.0000  3289740    0.58%
  29300 24364      514.0000   103      515.0000      512.0000  3299503    0.58%
  29400 24447      514.0000   115      515.0000      512.0000  3329432    0.58%
  29500 24532      513.0000   185      515.0000      512.0000  3351251    0.58%
  29600 24619      514.0000    82      515.0000      512.0061  3365930    0.58%
  29700 24712      514.0000    61      515.0000      512.0207  3380637    0.58%
  29800 24803      514.0000   141      515.0000      512.0303  3394021    0.58%
  29900 24896      514.0000    87      515.0000      512.0340  3404669    0.58%
  30000 24984      513.0000   106      515.0000      512.0471  3413391    0.57%
Elapsed time = 2542.02 sec. (tree size = 306.94 MB, solutions = 7)
Nodefile size = 179.67 MB (109.90 MB after compression)
  30100 25072      514.0000   107      515.0000      512.0488  3426366    0.57%
  30200 25164      514.0000    78      515.0000      512.0560  3437839    0.57%
  30300 25247      514.0000   109      515.0000      512.0878  3452733    0.57%
  30400 25335      514.0000    50      515.0000      512.2332  3472124    0.54%
  30500 25419      514.0000    61      515.0000      513.0000  3489526    0.39%
  30600 25512      514.0000   116      515.0000      513.0000  3500805    0.39%
  30700 25608      514.0000   117      515.0000      513.0000  3516737    0.39%
  30800 25699      514.0000   128      515.0000      513.0000  3531246    0.39%
  30900 25792      514.0000    54      515.0000      513.0000  3540976    0.39%
  31000 25880      514.0000   145      515.0000      513.0000  3558584    0.39%
Elapsed time = 2659.55 sec. (tree size = 319.92 MB, solutions = 7)
Nodefile size = 192.58 MB (117.31 MB after compression)
  31100 25975      514.0000    75      515.0000      513.0000  3570695    0.39%
  31200 26061      514.0000    53      515.0000      513.0000  3592970    0.39%
  31300 26152      513.0000   133      515.0000      513.0000  3619785    0.39%
  31400 26251      514.0000    98      515.0000      513.0000  3627569    0.39%
  31500 26336      514.0000   123      515.0000      513.0000  3649386    0.39%
  31600 26427      514.0000    96      515.0000      513.0000  3671101    0.39%
  31700 26510      514.0000   110      515.0000      513.0000  3693064    0.39%
  31800 26604      514.0000   112      515.0000      513.0000  3707178    0.39%
  31900 26700      513.0000   139      515.0000      513.0000  3715673    0.39%
  32000 26794      514.0000    96      515.0000      513.0000  3731911    0.39%
Elapsed time = 2796.52 sec. (tree size = 333.56 MB, solutions = 7)
Nodefile size = 206.49 MB (124.90 MB after compression)
  32100 26887      514.0000    94      515.0000      513.0000  3749999    0.39%
* 32111+ 9639                          514.0000      513.0000  3750332    0.19%
  32200  9723      513.0000   117      514.0000      513.0000  3762164    0.19%
  32300  9805      513.0000   133      514.0000      513.0000  3785119    0.19%
  32400  9867      513.0000   149      514.0000      513.0000  3846224    0.19%
  32500  9945      513.0000   122      514.0000      513.0000  3888410    0.19%
  32600 10027      513.0000   128      514.0000      513.0000  3919707    0.19%
  32700 10113      513.0000   125      514.0000      513.0000  3945134    0.19%
  32800 10189      513.0000   122      514.0000      513.0000  4001151    0.19%
  32900 10275      513.0000   145      514.0000      513.0000  4025923    0.19%
  33000 10351      513.0000   159      514.0000      513.0000  4066765    0.19%
Elapsed time = 3093.03 sec. (tree size = 128.74 MB, solutions = 8)
Nodefile size =  0.99 MB (0.73 MB after compression)
  33100 10421      513.0000   176      514.0000      513.0000  4123653    0.19%
  33200 10499      513.0000   113      514.0000      513.0000  4158241    0.19%
  33300 10575      513.0000   115      514.0000      513.0000  4204485    0.19%
  33400 10661      513.0000   126      514.0000      513.0000  4227350    0.19%
  33500 10735      513.0000   125      514.0000      513.0000  4265260    0.19%
  33600 10807      513.0000   144      514.0000      513.0000  4325037    0.19%
  33700 10891      513.0000   136      514.0000      513.0000  4358072    0.19%
  33800 10969      513.0000   100      514.0000      513.0000  4391864    0.19%
  33900 11057    infeasible            514.0000      513.0000  4411821    0.19%
  34000 11143      513.0000   138      514.0000      513.0000  4447006    0.19%
Elapsed time = 3432.34 sec. (tree size = 142.14 MB, solutions = 8)
Nodefile size = 14.90 MB (11.42 MB after compression)
  34100 11235      513.0000   136      514.0000      513.0000  4465847    0.19%
  34200 11317      513.0000   132      514.0000      513.0000  4498259    0.19%
  34300 11377      513.0000   126      514.0000      513.0000  4559659    0.19%
  34400 11461      513.0000   151      514.0000      513.0000  4598000    0.19%
  34500 11481      513.0000   145      514.0000      513.0000  4744467    0.19%
  34600 11553      513.0000   147      514.0000      513.0000  4799173    0.19%
  34700 11592      513.0000   133      514.0000      513.0000  4901809    0.19%
  34800 11692      513.0000   123      514.0000      513.0000  4914763    0.19%
  34900 11744      513.0000   139      514.0000      513.0000  4994943    0.19%
  35000 11818      513.0000   128      514.0000      513.0000  5042214    0.19%
Elapsed time = 3974.72 sec. (tree size = 154.72 MB, solutions = 8)
Nodefile size = 26.82 MB (20.92 MB after compression)
  35100 11903      513.0000   134      514.0000      513.0000  5066989    0.19%
  35200 11963      513.0000   136      514.0000      513.0000  5143660    0.19%
  35300 12027      513.0000   122      514.0000      513.0000  5214005    0.19%
  35400 12109      513.0000   128      514.0000      513.0000  5245457    0.19%
  35500 12165      513.0000    99      514.0000      513.0000  5324293    0.19%
  35600 12255      513.0000   136      514.0000      513.0000  5345137    0.19%
  35700 12349      513.0000   106      514.0000      513.0000  5365819    0.19%
  35800 12403      513.0000   133      514.0000      513.0000  5446558    0.19%
  35900 12493      513.0000   114      514.0000      513.0000  5471192    0.19%
  36000 12563      513.0000   104      514.0000      513.0000  5541527    0.19%
Elapsed time = 4448.41 sec. (tree size = 169.01 MB, solutions = 8)
Nodefile size = 41.71 MB (33.11 MB after compression)
  36100 12643      513.0000   147      514.0000      513.0000  5591014    0.19%
  36200 12723      513.0000   124      514.0000      513.0000  5620904    0.19%
  36300 12807      513.0000   167      514.0000      513.0000  5673786    0.19%
  36400 12833      513.0000   138      514.0000      513.0000  5795991    0.19%
  36500 12901      513.0000   135      514.0000      513.0000  5864815    0.19%
  36600 12989      513.0000   157      514.0000      513.0000  5894499    0.19%
  36700 13035      513.0000   153      514.0000      513.0000  5996073    0.19%
  36800 13083      513.0000   133      514.0000      513.0000  6096422    0.19%
  36900 13172      513.0000   108      514.0000      513.0000  6115860    0.19%
  37000 13262      513.0000   104      514.0000      513.0000  6143422    0.19%
Elapsed time = 5046.81 sec. (tree size = 183.09 MB, solutions = 8)
Nodefile size = 55.62 MB (44.86 MB after compression)
  37100 13358      513.0000   137      514.0000      513.0000  6158714    0.19%
  37200 13450      513.0000   111      514.0000      513.0000  6191327    0.19%
  37300 13520      513.0000   142      514.0000      513.0000  6256467    0.19%
  37400 13592      513.0000   111      514.0000      513.0000  6306897    0.19%
  37500 13658      513.0000   125      514.0000      513.0000  6382685    0.19%
  37600 13716      513.0000   119      514.0000      513.0000  6497989    0.19%
  37700 13718      513.0000   129      514.0000      513.0000  6707444    0.19%
  37800 13760      513.0000   156      514.0000      513.0000  6818441    0.19%
  37900 13850      513.0000   115      514.0000      513.0000  6853147    0.19%
  38000 13934      513.0000   139      514.0000      513.0000  6883498    0.19%
Elapsed time = 5775.75 sec. (tree size = 197.21 MB, solutions = 8)
Nodefile size = 69.50 MB (56.68 MB after compression)
  38100 14028      513.0000   135      514.0000      513.0000  6904450    0.19%
  38200 14092      513.0000   101      514.0000      513.0000  6961677    0.19%
  38300 14182      513.0000   120      514.0000      513.0000  6980879    0.19%
  38400 14246      513.0000   149      514.0000      513.0000  7061449    0.19%
  38500 14326    infeasible            514.0000      513.0000  7103966    0.19%
  38600 14338      513.0000   134      514.0000      513.0000  7267475    0.19%
  38700 14425      513.0000   188      514.0000      513.0000  7291696    0.19%
  38800 14469      513.0000   165      514.0000      513.0000  7387511    0.19%
  38900 14551      513.0000   154      514.0000      513.0000  7429214    0.19%
  39000 14629      513.0000   152      514.0000      513.0000  7476565    0.19%
Elapsed time = 6384.70 sec. (tree size = 211.86 MB, solutions = 8)
Nodefile size = 84.37 MB (69.45 MB after compression)
  39100 14714      513.0000   110      514.0000      513.0000  7501712    0.19%
  39200 14804      513.0000   120      514.0000      513.0000  7518910    0.19%
  39300 14884      513.0000   133      514.0000      513.0000  7562117    0.19%
  39400 14980      513.0000   142      514.0000      513.0000  7573124    0.19%
  39500 15074      513.0000   162      514.0000      513.0000  7596337    0.19%
  39600 15154      513.0000   120      514.0000      513.0000  7652085    0.19%
  39700 15244      513.0000   157      514.0000      513.0000  7685738    0.19%
  39800 15324      513.0000   117      514.0000      513.0000  7727333    0.19%
  39900 15422      513.0000   113      514.0000      513.0000  7748642    0.19%
  40000 15452      513.0000   121      514.0000      513.0000  7887578    0.19%
Elapsed time = 6796.88 sec. (tree size = 228.38 MB, solutions = 8)
Nodefile size = 101.25 MB (83.81 MB after compression)
  40100 15534      513.0000   152      514.0000      513.0000  7925886    0.19%
  40200 15612      513.0000   130      514.0000      513.0000  7973493    0.19%
  40300 15706      513.0000   123      514.0000      513.0000  7998473    0.19%
  40400 15749      513.0000   179      514.0000      513.0000  8094639    0.19%
  40500 15801      513.0000   123      514.0000      513.0000  8185159    0.19%
  40600 15879      513.0000   125      514.0000      513.0000  8228941    0.19%
  40700 15957      513.0000   123      514.0000      513.0000  8281223    0.19%

Cover cuts applied:  1146
Mixed integer rounding cuts applied:  37
Gomory fractional cuts applied:  17

Solution pool: 8 solutions saved.

MIP - Time limit exceeded, integer feasible:  Objective = 5.1400000000e+002
Current MIP best bound = 5.1300000000e+002 (gap = 1, 0.19%)
Solution time = 7200.05 sec.  Iterations = 8283287  Nodes = 40708 (15964)


Incumbent solution
Variable Name           Solution Value
Cmax                        514.000000
X_1_17                        1.000000
X_2_36                        1.000000
X_3_28                        1.000000
X_4_40                        1.000000
X_5_27                        1.000000
X_6_9                         1.000000
X_7_16                        1.000000
X_8_4                         1.000000
X_9_26                        1.000000
X_10_16                       1.000000
X_11_30                       1.000000
X_12_31                       1.000000
X_13_2                        1.000000
X_14_25                       1.000000
X_15_36                       1.000000
X_16_16                       1.000000
X_17_39                       1.000000
X_18_38                       1.000000
X_19_21                       1.000000
X_20_28                       1.000000
X_21_11                       1.000000
X_22_22                       1.000000
X_23_3                        1.000000
X_24_5                        1.000000
X_25_39                       1.000000
X_26_23                       1.000000
X_27_6                        1.000000
X_28_2                        1.000000
X_29_14                       1.000000
X_30_25                       1.000000
X_31_24                       1.000000
X_32_19                       1.000000
X_33_14                       1.000000
X_34_37                       1.000000
X_35_7                        1.000000
X_36_14                       1.000000
X_37_35                       1.000000
X_38_21                       1.000000
X_39_6                        1.000000
X_40_40                       1.000000
X_41_38                       1.000000
X_42_38                       1.000000
X_43_7                        1.000000
X_44_29                       1.000000
X_45_18                       1.000000
X_46_33                       1.000000
X_47_16                       1.000000
X_48_10                       1.000000
X_49_28                       1.000000
X_50_4                        1.000000
X_51_7                        1.000000
X_52_30                       1.000000
X_53_24                       1.000000
X_54_7                        1.000000
X_55_1                        1.000000
X_56_10                       1.000000
X_57_13                       1.000000
X_58_25                       1.000000
X_59_12                       1.000000
X_60_10                       1.000000
X_61_33                       1.000000
X_62_19                       1.000000
X_63_23                       1.000000
X_64_36                       1.000000
X_65_24                       1.000000
X_66_18                       1.000000
X_67_9                        1.000000
X_68_23                       1.000000
X_69_39                       1.000000
X_70_31                       1.000000
X_71_4                        1.000000
X_72_40                       1.000000
X_73_17                       1.000000
X_74_3                        1.000000
X_75_25                       1.000000
X_76_34                       1.000000
X_77_1                        1.000000
X_78_17                       1.000000
X_79_5                        1.000000
X_80_40                       1.000000
X_81_23                       1.000000
X_82_11                       1.000000
X_83_18                       1.000000
X_84_32                       1.000000
X_85_37                       1.000000
X_86_2                        1.000000
X_87_6                        1.000000
X_88_15                       1.000000
X_89_4                        1.000000
X_90_34                       1.000000
X_91_7                        1.000000
X_92_23                       1.000000
X_93_8                        1.000000
X_94_31                       1.000000
X_95_26                       1.000000
X_96_13                       1.000000
X_97_11                       1.000000
X_98_32                       1.000000
X_99_27                       1.000000
X_100_10                      1.000000
X_101_13                      1.000000
X_102_40                      1.000000
X_103_27                      1.000000
X_104_1                       1.000000
X_105_32                      1.000000
X_106_9                       1.000000
X_107_5                       1.000000
X_108_34                      1.000000
X_109_2                       1.000000
X_110_28                      1.000000
X_111_2                       1.000000
X_112_21                      1.000000
X_113_3                       1.000000
X_114_13                      1.000000
X_115_39                      1.000000
X_116_37                      1.000000
X_117_12                      1.000000
X_118_20                      1.000000
X_119_9                       1.000000
X_120_37                      1.000000
X_121_20                      1.000000
X_122_8                       1.000000
X_123_19                      1.000000
X_124_24                      1.000000
X_125_13                      1.000000
X_126_11                      1.000000
X_127_30                      1.000000
X_128_21                      1.000000
X_129_3                       1.000000
X_130_1                       1.000000
X_131_9                       1.000000
X_132_17                      1.000000
X_133_35                      1.000000
X_134_29                      1.000000
X_135_16                      1.000000
X_136_34                      1.000000
X_137_14                      1.000000
X_138_8                       1.000000
X_139_6                       1.000000
X_140_33                      1.000000
X_141_30                      1.000000
X_142_17                      1.000000
X_143_10                      1.000000
X_144_15                      1.000000
X_145_26                      1.000000
X_146_8                       1.000000
X_147_33                      1.000000
X_148_27                      1.000000
X_149_15                      1.000000
X_150_24                      1.000000
X_151_36                      1.000000
X_152_19                      1.000000
X_153_12                      1.000000
X_154_38                      1.000000
X_155_11                      1.000000
X_156_22                      1.000000
X_157_12                      1.000000
X_158_6                       1.000000
X_159_22                      1.000000
X_160_15                      1.000000
X_161_20                      1.000000
X_162_22                      1.000000
X_163_14                      1.000000
X_164_37                      1.000000
X_165_19                      1.000000
X_166_32                      1.000000
X_167_29                      1.000000
X_168_26                      1.000000
X_169_20                      1.000000
X_170_29                      1.000000
X_171_30                      1.000000
X_172_25                      1.000000
X_173_4                       1.000000
X_174_5                       1.000000
X_175_36                      1.000000
X_176_27                      1.000000
X_177_31                      1.000000
X_178_34                      1.000000
X_179_32                      1.000000
X_180_18                      1.000000
X_181_22                      1.000000
X_182_15                      1.000000
X_183_35                      1.000000
X_184_8                       1.000000
X_185_21                      1.000000
X_186_26                      1.000000
X_187_35                      1.000000
X_188_39                      1.000000
X_189_31                      1.000000
X_190_38                      1.000000
X_191_35                      1.000000
X_192_5                       1.000000
X_193_33                      1.000000
X_194_20                      1.000000
X_195_18                      1.000000
X_196_3                       1.000000
X_197_1                       1.000000
X_198_28                      1.000000
X_199_12                      1.000000
X_200_29                      1.000000
All other variables in the range 1-8001 are 0.
