
Log started (V11.0.0) Mon Apr 21 06:24:32 2008

Tried aggregator 1 time.
Reduced MIP has 250 rows, 10001 columns, and 20050 nonzeros.
Presolve time =    0.08 sec.
Clique table members: 200.
MIP emphasis: balance optimality and feasibility.
MIP search method: dynamic search.
Parallel mode: none, using 1 thread.
Root relaxation solution time =    0.50 sec.

        Nodes                                         Cuts/
   Node  Left     Objective  IInf  Best Integer     Best Node    ItCnt     Gap

*     0+    0                        31057.0000      407.7626      709   98.69%
*     0+    0                          417.0000      407.7626      709    2.22%
      0     0      408.0000    90      417.0000      Fract: 6      740    2.16%
      0     0      408.0000    94      417.0000     Covers: 1      771    2.16%
      0     0      408.0000    93      417.0000     Covers: 2      808    2.16%
*     0+    0                          415.0000      408.0000      808    1.69%
      0     2      408.0000    93      415.0000      408.0000      808    1.69%
    100    89      410.6320    94      415.0000      408.0000     5365    1.69%
    200   171      410.4893    92      415.0000      408.0000    12109    1.69%
    300   246      411.9765    90      415.0000      408.0000    20884    1.69%
    400   317      411.0000    82      415.0000      408.0000    31753    1.69%
    500   390      413.1670    91      415.0000      408.0000    41897    1.69%
    600   415      414.0000    75      415.0000      409.0000    47606    1.45%
    700   435      411.0000    90      415.0000      409.0000    52813    1.45%
    800   444    infeasible            415.0000      409.0000    59629    1.45%
    900   464      414.0000    95      415.0000      409.0000    62813    1.45%
   1000   483      411.0000    97      415.0000      409.0000    66449    1.45%
Elapsed time =  66.59 sec. (tree size =  3.37 MB, solutions = 3)
   1100   539      413.0000   101      415.0000      409.0000    74666    1.45%
   1200   637      413.0000    93      415.0000      409.0000    77838    1.45%
   1300   723      411.0000   103      415.0000      409.0000    85187    1.45%
   1400   819      412.0000    79      415.0000      409.0000    88611    1.45%
   1500   903      413.0000    81      415.0000      409.0000    93665    1.45%
   1600   998      413.0000    82      415.0000      409.0000    96680    1.45%
   1700  1085      411.0000    97      415.0000      409.0000   101002    1.45%
   1800  1175      414.0000   106      415.0000      409.0000   104568    1.45%
   1900  1267      411.0000   102      415.0000      409.0000   108180    1.45%
   2000  1353      411.0000   105      415.0000      409.0000   113515    1.45%
Elapsed time =  99.39 sec. (tree size =  9.81 MB, solutions = 3)
   2100  1452      412.0000    96      415.0000      409.0000   116102    1.45%
*  2188+ 1214                          414.0000      409.0000   127107    1.21%
   2200  1228      410.0000    95      414.0000      409.0000   127286    1.21%
   2300  1322      410.0000   106      414.0000      409.0000   133588    1.21%
   2400  1394      413.0000    76      414.0000      409.0000   145116    1.21%
   2500  1483      410.0000   107      414.0000      409.0000   151268    1.21%
   2600  1574      413.0000    67      414.0000      409.0000   156071    1.21%
   2700  1665      410.0000   121      414.0000      409.0000   162067    1.21%
   2800  1748      411.0753   123      414.0000      409.0000   170469    1.21%
   2900  1838      410.0000   119      414.0000      409.0000   176460    1.21%
   3000  1933      413.0000    97      414.0000      409.0000   180099    1.21%
Elapsed time = 150.53 sec. (tree size = 14.12 MB, solutions = 4)
   3100  2026      410.0000   117      414.0000      409.0000   185485    1.21%
   3200  2115      410.0000    94      414.0000      409.0000   192644    1.21%
   3300  2213      410.0000   111      414.0000      409.0000   197190    1.21%
   3400  2296      413.0000    92      414.0000      409.0000   206572    1.21%
   3500  2383      410.0000    95      414.0000      409.0000   213178    1.21%
   3600  2481      410.0000   106      414.0000      409.0000   218076    1.21%
   3700  2544      413.0000   109      414.0000      409.0000   223289    1.21%
   3800  2637      410.0000   128      414.0000      409.0000   228250    1.21%
   3900  2730      410.0000   140      414.0000      409.0000   233696    1.21%
   4000  2828      412.0000    89      414.0000      409.0000   237013    1.21%
Elapsed time = 200.11 sec. (tree size = 21.21 MB, solutions = 4)
   4100  2926      413.0000    70      414.0000      409.0000   240550    1.21%
   4200  3024      411.0000   116      414.0000      409.0000   246074    1.21%
   4300  3116    infeasible            414.0000      409.0000   251444    1.21%
   4400  3210      410.0000   119      414.0000      409.0000   258041    1.21%
   4500  3304      411.0000    71      414.0000      409.0000   262421    1.21%
   4600  3402      410.0000   111      414.0000      409.0000   267784    1.21%
   4700  3496      411.0000    96      414.0000      409.0000   270686    1.21%
   4800  3594      411.0000    82      414.0000      409.0000   275994    1.21%
   4900  3690      413.0000   107      414.0000      409.0000   279234    1.21%
   5000  3787      410.0000   130      414.0000      409.0000   283826    1.21%
Elapsed time = 249.42 sec. (tree size = 29.22 MB, solutions = 4)
   5100  3874    infeasible            414.0000      409.0000   288568    1.21%
   5200  3972      410.1254   148      414.0000      409.0318   294866    1.20%
*  5208+ 3199                          413.0000      409.0318   295364    0.96%
   5300  3279      410.0000   128      413.0000      410.0000   298825    0.73%
   5400  3377      411.0000    83      413.0000      410.0000   303242    0.73%
   5500  3471      412.0000   115      413.0000      410.0000   309476    0.73%
   5600  3571      410.0000   133      413.0000      410.0000   314801    0.73%
   5700  3666      410.0000   117      413.0000      410.0000   318902    0.73%
   5800  3765      411.0000   123      413.0000      410.0000   323177    0.73%
   5900  3850    infeasible            413.0000      410.0000   333905    0.73%
   6000  3941      411.0000   134      413.0000      410.0000   343519    0.73%
Elapsed time = 305.30 sec. (tree size = 30.81 MB, solutions = 5)
   6100  4031      412.0000    98      413.0000      410.0000   354325    0.73%
   6200  4130      411.0000   123      413.0000      410.0000   360325    0.73%
   6300  4213      410.0000   116      413.0000      410.0000   372763    0.73%
   6400  4305      411.0000   106      413.0000      410.0000   378058    0.73%
   6500  4399      412.0000    57      413.0000      410.0000   381449    0.73%
   6600  4492      411.0000    91      413.0000      410.0000   391508    0.73%
   6700  4585      412.0000    89      413.0000      410.0000   394788    0.73%
   6800  4679      411.0000    83      413.0000      410.0000   401336    0.73%
   6900  4772      410.0000   146      413.0000      410.0000   409857    0.73%
   7000  4870      412.0000   125      413.0000      410.0000   413775    0.73%
Elapsed time = 364.95 sec. (tree size = 39.19 MB, solutions = 5)
   7100  4962      411.0000    79      413.0000      410.0000   423247    0.73%
   7200  5061      412.0000    83      413.0000      410.0000   426516    0.73%
   7300  5142      411.0000    93      413.0000      410.0000   444790    0.73%
   7400  5233      412.0000    56      413.0000      410.0000   451470    0.73%
   7500  5319      410.0000   134      413.0000      410.0000   468009    0.73%
   7600  5411      411.0000    82      413.0000      410.0000   474698    0.73%
   7700  5495      410.0000   136      413.0000      410.0000   486219    0.73%
   7800  5591      411.0000    95      413.0000      410.0000   494396    0.73%
   7900  5687      412.0000    82      413.0000      410.0000   499505    0.73%
   8000  5786      411.0000   111      413.0000      410.0000   504577    0.73%
Elapsed time = 432.13 sec. (tree size = 47.89 MB, solutions = 5)
   8100  5878      412.0000   105      413.0000      410.0000   512701    0.73%
   8200  5977      411.0000    96      413.0000      410.0000   519060    0.73%
   8300  6076      412.0000    94      413.0000      410.0000   522721    0.73%
   8400  6169      411.0000   137      413.0000      410.0000   533859    0.73%
   8500  6262      412.0000   116      413.0000      410.0000   539337    0.73%
   8600  6359      411.0000   103      413.0000      410.0000   547221    0.73%
   8700  6452      412.0000   109      413.0000      410.0000   554916    0.73%
   8800  6549      411.0000   108      413.0000      410.0000   561130    0.73%
   8900  6646      412.0000    82      413.0000      410.0000   565576    0.73%
   9000  6743      411.0000   141      413.0000      410.0000   577611    0.73%
Elapsed time = 487.09 sec. (tree size = 57.22 MB, solutions = 5)
   9100  6842      412.0000    88      413.0000      410.0000   581191    0.73%
   9200  6939      411.0000   111      413.0000      410.0000   589991    0.73%
   9300  7033      412.0000    72      413.0000      410.0000   596506    0.73%
   9400  7121      411.0000   128      413.0000      410.0000   610194    0.73%
   9500  7216      412.0000    94      413.0000      410.0000   617907    0.73%
   9600  7310      412.0000    91      413.0000      410.0000   627067    0.73%
   9700  7403      411.0000   142      413.0000      410.0000   638342    0.73%
   9800  7500      412.0000   126      413.0000      410.0000   642505    0.73%
   9900  7591      411.0000    86      413.0000      410.0000   653266    0.73%
  10000  7691      411.0000   125      413.0000      410.0000   657745    0.73%
Elapsed time = 550.08 sec. (tree size = 66.85 MB, solutions = 5)
  10100  7777      412.0000   127      413.0000      410.0000   669938    0.73%
  10200  7873      412.0000   109      413.0000      410.0000   682576    0.73%
  10300  7964      411.0000   128      413.0000      410.0000   698714    0.73%
  10400  8061      412.0000   101      413.0000      410.0000   704948    0.73%
  10500  8147      410.0000   133      413.0000      410.0000   728193    0.73%
  10600  8246      411.0000   148      413.0000      410.0000   733316    0.73%
  10700  8334      411.0000   128      413.0000      410.0000   744214    0.73%
  10800  8431      412.0000   105      413.0000      410.0000   748836    0.73%
  10900  8512      411.0000   140      413.0000      410.0000   764854    0.73%
  11000  8609      412.0000   124      413.0000      410.0000   772637    0.73%
Elapsed time = 629.45 sec. (tree size = 76.72 MB, solutions = 5)
  11100  8703      412.0000   115      413.0000      410.0000   783295    0.73%
  11200  8795      411.0000   110      413.0000      410.0000   795939    0.73%
  11300  8892      411.0000   105      413.0000      410.0000   802975    0.73%
  11400  8985      412.0000   100      413.0000      410.0000   815383    0.73%
  11500  9068      411.0000    89      413.0000      410.0000   829928    0.73%
  11600  9163      411.0000    97      413.0000      410.0000   837573    0.73%
  11700  9241      412.0000    80      413.0000      410.0000   860597    0.73%
  11800  9338      411.0000   122      413.0000      410.0000   871168    0.73%
  11900  9437      412.0000   123      413.0000      410.0000   874986    0.73%
  12000  9533      412.0000   144      413.0000      410.0000   884381    0.73%
Elapsed time = 713.50 sec. (tree size = 86.81 MB, solutions = 5)
  12100  9626      411.0000   144      413.0000      410.0000   896897    0.73%
  12200  9724      412.0000   147      413.0000      410.0000   902355    0.73%
  12300  9806      411.0000   122      413.0000      410.0000   922212    0.73%
  12400  9897      411.0000   136      413.0000      410.0000   935411    0.73%
  12500  9990      410.0000   144      413.0000      410.0000   944842    0.73%
  12600 10089      411.0000   153      413.0000      410.0000   957440    0.73%
  12700 10188      412.0000   124      413.0000      410.0000   962852    0.73%
  12800 10276      411.0000   113      413.0000      410.0000   977816    0.73%
  12900 10374      412.0000    51      413.0000      410.0000   983679    0.73%
  13000 10468      412.0000    97      413.0000      410.0000   996699    0.73%
Elapsed time = 807.14 sec. (tree size = 97.66 MB, solutions = 5)
  13100 10553      410.0004   179      413.0000      410.0000  1013524    0.73%
  13200 10648      412.0000   129      413.0000      410.0000  1021417    0.73%
  13300 10730      411.0000   115      413.0000      410.0000  1039440    0.73%
  13400 10827      412.0000    77      413.0000      410.0000  1046411    0.73%
  13500 10916      411.0000   119      413.0000      410.0000  1062359    0.73%
  13600 11015      412.0000    83      413.0000      410.0000  1068984    0.73%
  13700 11101      412.0000   125      413.0000      410.0000  1091458    0.73%
  13800 11196      411.0000    97      413.0000      410.0000  1102761    0.73%
  13900 11293      412.0000   119      413.0000      410.0000  1111990    0.73%
  14000 11385      412.0000    87      413.0000      410.0000  1131393    0.73%
Elapsed time = 913.25 sec. (tree size = 108.89 MB, solutions = 5)
  14100 11475      410.0000   157      413.0000      410.0000  1150019    0.73%
  14200 11572      412.0000   101      413.0000      410.0000  1160870    0.73%
  14300 11664      410.0000   134      413.0000      410.0000  1170876    0.73%
  14400 11757      411.0000   115      413.0000      410.0000  1181459    0.73%
  14500 11848      412.0000    64      413.0000      410.0000  1195438    0.73%
  14600 11936      410.0000   168      413.0000      410.0000  1219077    0.73%
  14700 12035      411.0000   152      413.0000      410.0000  1226555    0.73%
  14800 12126      410.0000   164      413.0000      410.0000  1241010    0.73%
  14900 12222      412.0000   137      413.0000      410.0000  1254858    0.73%
  15000 12313      411.0000   111      413.0000      410.0000  1273915    0.73%
Elapsed time = 1039.44 sec. (tree size = 120.44 MB, solutions = 5)
  15100 12410      412.0000    99      413.0000      410.0000  1283354    0.73%
  15200 12485      411.0000   166      413.0000      410.0000  1299429    0.73%
  15300 12580      412.0000   119      413.0000      410.0000  1314348    0.73%
  15400 12652      411.0000   131      413.0000      410.0000  1338101    0.73%
  15500 12719      411.0000   141      413.0000      410.0000  1395312    0.73%
  15600 12814      412.0000   125      413.0000      410.0000  1408012    0.73%
  15700 12884      410.0000   182      413.0000      410.0000  1437571    0.73%
  15800 12980      412.0000   118      413.0000      410.0000  1448142    0.73%
  15900 13066      412.0000   123      413.0000      410.0000  1480177    0.73%
  16000 13148      412.0000   119      413.0000      410.0000  1497130    0.73%
Elapsed time = 1217.70 sec. (tree size = 131.46 MB, solutions = 5)
Nodefile size =  3.97 MB (2.51 MB after compression)
  16100 13228      411.0000   137      413.0000      410.0000  1518085    0.73%
  16200 13328      411.0000   107      413.0000      410.0000  1522478    0.73%
  16300 13412      412.0000   104      413.0000      410.0000  1537873    0.73%
  16400 13495        cutoff            413.0000      410.0000  1553211    0.73%
  16500 13594      412.0000   108      413.0000      410.0000  1557771    0.73%
  16600 13689      412.0000   131      413.0000      410.0000  1573372    0.73%
  16700 13784      411.0000   151      413.0000      410.0000  1589328    0.73%
  16800 13875      411.0000   110      413.0000      410.0000  1610513    0.73%
  16900 13973      412.0000    98      413.0000      410.0000  1620738    0.73%
  17000 14065      411.0000   143      413.0000      410.0000  1638195    0.73%
Elapsed time = 1351.19 sec. (tree size = 143.87 MB, solutions = 5)
Nodefile size = 15.90 MB (9.88 MB after compression)
  17100 14162      412.0000   110      413.0000      410.0000  1648590    0.73%
  17200 14252      412.0000    97      413.0000      410.0000  1664369    0.73%
  17300 14348      412.0000   127      413.0000      410.0000  1675123    0.73%
  17400 14425      411.0000   105      413.0000      410.0000  1701767    0.73%
  17500 14524      412.0000   140      413.0000      410.0000  1710730    0.73%
  17600 14616      412.0000   134      413.0000      410.0000  1728861    0.73%
  17700 14705      411.0000   119      413.0000      410.0000  1745816    0.73%
  17800 14799      412.0000   123      413.0000      410.0000  1765817    0.73%
  17900 14887      412.0000   126      413.0000      410.0000  1789283    0.73%
  18000 14961      410.1706   193      413.0000      410.0000  1821878    0.73%
Elapsed time = 1512.70 sec. (tree size = 156.25 MB, solutions = 5)
Nodefile size = 28.82 MB (17.55 MB after compression)
  18100 15054      412.0000   125      413.0000      410.0000  1841404    0.73%
  18200 15148    infeasible            413.0000      410.0000  1852806    0.73%
  18300 15242      412.0000   165      413.0000      410.0000  1876987    0.73%
  18400 15307      411.0000   187      413.0000      410.0000  1911984    0.73%
  18500 15404      412.0000   162      413.0000      410.0000  1919741    0.73%
  18600 15477      412.0000   147      413.0000      410.0000  1959954    0.73%
  18700 15563      412.0000   118      413.0000      410.0000  1978852    0.73%
  18800 15648      411.0000   160      413.0000      410.0000  2003243    0.73%
  18900 15747      412.0000   132      413.0000      410.0000  2011534    0.73%
  19000 15835      412.0000   130      413.0000      410.0000  2034479    0.73%
Elapsed time = 1708.53 sec. (tree size = 168.92 MB, solutions = 5)
Nodefile size = 41.75 MB (24.45 MB after compression)
  19100 15923      410.0000   147      413.0000      410.0000  2056250    0.73%
  19200 16021      412.0000   151      413.0000      410.0000  2073044    0.73%
  19300 16115      412.0000   130      413.0000      410.0000  2088975    0.73%
  19400 16203      411.0000   144      413.0000      410.0000  2101745    0.73%
  19500 16291      412.0000   103      413.0000      410.0000  2119208    0.73%
  19600 16375      411.0000   171      413.0000      410.0000  2137703    0.73%
  19700 16473      412.0000   133      413.0000      410.0000  2149916    0.73%
  19800 16551        cutoff            413.0000      410.0000  2173279    0.73%
  19900 16627      412.0000    79      413.0000      410.0000  2210915    0.73%
  20000 16725      412.0000   115      413.0000      410.0000  2218412    0.73%
Elapsed time = 1878.13 sec. (tree size = 182.16 MB, solutions = 5)
Nodefile size = 54.66 MB (31.51 MB after compression)
  20100 16804      412.0000   126      413.0000      410.0000  2242961    0.73%
  20200 16900      412.0000   144      413.0000      410.0000  2252295    0.73%
  20300 16994      412.0000   142      413.0000      410.0000  2275858    0.73%
  20400 17094      412.0000   127      413.0000      410.0000  2280457    0.73%
  20500 17181      411.0000   154      413.0000      410.0000  2312646    0.73%
  20600 17266      411.0000   107      413.0000      410.0000  2358604    0.73%
  20700 17365      412.0000    76      413.0000      410.0000  2389762    0.73%
  20800 17465      412.0000   101      413.0000      410.0000  2392732    0.73%
  20900 17541      411.0000   136      413.0000      410.0000  2432087    0.73%
  21000 17624      412.0000   128      413.0000      410.0000  2460205    0.73%
Elapsed time = 2107.08 sec. (tree size = 195.74 MB, solutions = 5)
Nodefile size = 68.57 MB (39.28 MB after compression)
  21100 17717      412.0000   158      413.0000      410.0000  2480503    0.73%
  21200 17796      412.0000   133      413.0000      410.0000  2513553    0.73%
  21300 17877      412.0000   136      413.0000      410.0000  2549571    0.73%
  21400 17970      411.0000   174      413.0000      410.0000  2567026    0.73%
  21500 18069      412.0000   134      413.0000      410.0000  2579721    0.73%
  21600 18133      412.0000   181      413.0000      410.0000  2621210    0.73%
  21700 18205      412.0000   165      413.0000      410.0000  2668774    0.73%
  21800 18291      410.8241   196      413.0000      410.0000  2711746    0.73%
  21900 18351      412.0000   157      413.0000      410.0000  2771233    0.73%
  22000 18436      412.0000   139      413.0000      410.0000  2807693    0.73%
Elapsed time = 2474.22 sec. (tree size = 208.92 MB, solutions = 5)
Nodefile size = 81.49 MB (47.75 MB after compression)
  22100 18534      412.0000   147      413.0000      410.0000  2820676    0.73%
  22200 18615      412.0000   123      413.0000      410.0000  2852202    0.73%
  22300 18709      412.0000   162      413.0000      410.0000  2886131    0.73%
  22400 18794      412.0000   108      413.0000      410.0000  2918540    0.73%
  22500 18886      412.0000   144      413.0000      410.0000  2958029    0.73%
  22600 18972      412.0000    97      413.0000      410.0000  3004721    0.73%
  22700 19070      412.0000   124      413.0000      410.0000  3013616    0.73%
  22800 19153      411.0000   124      413.0000      410.0000  3063089    0.73%
  22900 19246      411.0000   131      413.0000      410.0000  3085943    0.73%
  23000 19326      412.0000   100      413.0000      410.0000  3142554    0.73%
Elapsed time = 2859.09 sec. (tree size = 224.35 MB, solutions = 5)
Nodefile size = 96.43 MB (59.85 MB after compression)
  23100 19399      412.0000   152      413.0000      410.0000  3196007    0.73%
  23200 19479      411.0000   168      413.0000      410.0000  3239307    0.73%
  23300 19569    infeasible            413.0000      410.0000  3270284    0.73%
  23400 19650      412.0000   166      413.0000      410.0000  3318661    0.73%
  23500 19733      412.0000   157      413.0000      410.0000  3361491    0.73%
  23600 19822      412.0000   118      413.0000      410.0000  3393326    0.73%
  23700 19915      411.0000   153      413.0000      410.0000  3420911    0.73%
  23800 20012      412.0000   131      413.0000      410.0000  3446395    0.73%
  23900 20098      412.0000   108      413.0000      410.0000  3495271    0.73%
  24000 20181      411.0000   145      413.0000      410.0000  3532777    0.73%
Elapsed time = 3288.27 sec. (tree size = 239.77 MB, solutions = 5)
Nodefile size = 112.31 MB (72.99 MB after compression)
  24100 20270      411.0000   154      413.0000      410.0000  3580511    0.73%
  24200 20347      412.0000   152      413.0000      410.0000  3644401    0.73%
  24300 20408        cutoff            413.0000      410.0000  3707883    0.73%
  24400 20483      412.0000   211      413.0000      410.0000  3768728    0.73%
  24500 20565      411.0000   161      413.0000      410.0000  3837605    0.73%
  24600 20651      412.0000   147      413.0000      410.0000  3894289    0.73%
  24700 20721      411.0000   159      413.0000      410.0000  3960655    0.73%
  24800 20813      411.0000   158      413.0000      410.0000  4004857    0.73%
  24900 20888      412.0000   131      413.0000      410.0000  4067411    0.73%
  25000 20980      412.0000   181      413.0000      410.0000  4110852    0.73%
Elapsed time = 4003.33 sec. (tree size = 255.26 MB, solutions = 5)
Nodefile size = 128.21 MB (85.65 MB after compression)
  25100 21070      412.0000   139      413.0000      410.0000  4163363    0.73%
  25200 21140      412.0000   138      413.0000      410.0000  4240622    0.73%
  25300 21231      411.0000   147      413.0000      410.0000  4292732    0.73%
  25400 21323      411.0000   172      413.0000      410.0000  4334957    0.73%
  25500 21407      412.0000   156      413.0000      410.0000  4414691    0.73%
  25600 21496      412.0000   174      413.0000      410.0000  4470607    0.73%
  25700 21578      411.0000   137      413.0000      410.0000  4552929    0.73%
  25800 21668      411.0000   190      413.0000      410.0000  4606833    0.73%
  25900 21744      411.0000   113      413.0000      410.0000  4668473    0.73%
  26000 21833      412.0000   173      413.0000      410.0000  4715652    0.73%
Elapsed time = 4772.17 sec. (tree size = 272.14 MB, solutions = 5)
Nodefile size = 145.07 MB (100.04 MB after compression)
  26100 21884      412.0000   175      413.0000      410.0000  4825691    0.73%
  26200 21928      411.0000   158      413.0000      410.0000  4913153    0.73%
  26300 22017    infeasible            413.0000      410.0000  4939902    0.73%
  26400 22106      411.0000   149      413.0000      410.0000  4996690    0.73%
  26500 22202      412.0000   191      413.0000      410.0000  5026135    0.73%
  26600 22291      411.0000   173      413.0000      410.0000  5074084    0.73%
  26700 22388      412.0000   139      413.0000      410.0000  5093398    0.73%
  26800 22478      412.0000   165      413.0000      410.0000  5137353    0.73%
  26900 22550      411.5517   226      413.0000      410.0000  5206517    0.73%
  27000 22641      411.0000   170      413.0000      410.0000  5252333    0.73%
Elapsed time = 5447.27 sec. (tree size = 288.87 MB, solutions = 5)
Nodefile size = 160.96 MB (113.78 MB after compression)
  27100 22735      412.0000   191      413.0000      410.0000  5317592    0.73%
  27200 22803      412.0000   180      413.0000      410.0000  5412714    0.73%
  27300 22891    infeasible            413.0000      410.0000  5493866    0.73%
  27400 22978      412.0000    69      413.0000      410.0000  5546069    0.73%
  27500 23056      412.0000   153      413.0000      410.0000  5598539    0.73%
  27600 23148      411.0000   156      413.0000      410.0000  5644515    0.73%
  27700 23244      412.0000   141      413.0000      410.0000  5675335    0.73%
  27800 23326      411.0000   138      413.0000      410.0000  5720098    0.73%
  27900 23416      412.0000   152      413.0000      410.0000  5770625    0.73%
  28000 23483      411.0000   180      413.0000      410.0000  5874768    0.73%
Elapsed time = 6272.98 sec. (tree size = 306.47 MB, solutions = 5)
Nodefile size = 178.73 MB (129.35 MB after compression)
  28100 23572      411.0000   150      413.0000      410.0000  5931300    0.73%
  28200 23660      412.0000   109      413.0000      410.0000  5954514    0.73%
  28300 23704      412.0000   143      413.0000      410.0000  6025700    0.73%
  28400 23798      412.0000   153      413.0000      410.0000  6060179    0.73%
  28500 23888      412.0000   121      413.0000      410.0000  6105560    0.73%
  28600 23977      412.0000    94      413.0000      410.0000  6153411    0.73%
  28700 24065      412.0000   160      413.0000      410.0000  6219711    0.73%
  28800 24156      411.0000   137      413.0000      410.0000  6255414    0.73%
  28900 24247      412.0000   119      413.0000      410.0000  6300969    0.73%
  29000 24324      411.0000   114      413.0000      410.0000  6360490    0.73%
Elapsed time = 6909.58 sec. (tree size = 324.46 MB, solutions = 5)
Nodefile size = 196.59 MB (144.93 MB after compression)
  29100 24411      412.0000   151      413.0000      410.0000  6411436    0.73%
  29200 24475      411.0000   161      413.0000      410.0000  6502033    0.73%
  29300 24566      412.0000   115      413.0000      410.0000  6561571    0.73%

Cover cuts applied:  1205
Mixed integer rounding cuts applied:  28
Gomory fractional cuts applied:  17

Solution pool: 5 solutions saved.

MIP - Time limit exceeded, integer feasible:  Objective = 4.1300000000e+002
Current MIP best bound = 4.1000000000e+002 (gap = 3, 0.73%)
Solution time = 7200.11 sec.  Iterations = 6591611  Nodes = 29362 (24621)


Incumbent solution
Variable Name           Solution Value
Cmax                        413.000000
X_1_22                        1.000000
X_2_29                        1.000000
X_3_23                        1.000000
X_4_49                        1.000000
X_5_31                        1.000000
X_6_18                        1.000000
X_7_7                         1.000000
X_8_23                        1.000000
X_9_6                         1.000000
X_10_48                       1.000000
X_11_47                       1.000000
X_12_39                       1.000000
X_13_16                       1.000000
X_14_44                       1.000000
X_15_42                       1.000000
X_16_26                       1.000000
X_17_28                       1.000000
X_18_17                       1.000000
X_19_15                       1.000000
X_20_16                       1.000000
X_21_35                       1.000000
X_22_25                       1.000000
X_23_31                       1.000000
X_24_20                       1.000000
X_25_9                        1.000000
X_26_16                       1.000000
X_27_37                       1.000000
X_28_38                       1.000000
X_29_35                       1.000000
X_30_31                       1.000000
X_31_14                       1.000000
X_32_2                        1.000000
X_33_27                       1.000000
X_34_7                        1.000000
X_35_43                       1.000000
X_36_18                       1.000000
X_37_28                       1.000000
X_38_34                       1.000000
X_39_29                       1.000000
X_40_19                       1.000000
X_41_34                       1.000000
X_42_36                       1.000000
X_43_12                       1.000000
X_44_3                        1.000000
X_45_24                       1.000000
X_46_3                        1.000000
X_47_15                       1.000000
X_48_18                       1.000000
X_49_28                       1.000000
X_50_20                       1.000000
X_51_16                       1.000000
X_52_36                       1.000000
X_53_4                        1.000000
X_54_45                       1.000000
X_55_25                       1.000000
X_56_42                       1.000000
X_57_26                       1.000000
X_58_25                       1.000000
X_59_12                       1.000000
X_60_30                       1.000000
X_61_50                       1.000000
X_62_3                        1.000000
X_63_24                       1.000000
X_64_14                       1.000000
X_65_45                       1.000000
X_66_26                       1.000000
X_67_29                       1.000000
X_68_23                       1.000000
X_69_7                        1.000000
X_70_13                       1.000000
X_71_35                       1.000000
X_72_10                       1.000000
X_73_1                        1.000000
X_74_9                        1.000000
X_75_38                       1.000000
X_76_5                        1.000000
X_77_44                       1.000000
X_78_35                       1.000000
X_79_44                       1.000000
X_80_21                       1.000000
X_81_10                       1.000000
X_82_1                        1.000000
X_83_13                       1.000000
X_84_43                       1.000000
X_85_5                        1.000000
X_86_46                       1.000000
X_87_9                        1.000000
X_88_17                       1.000000
X_89_25                       1.000000
X_90_22                       1.000000
X_91_13                       1.000000
X_92_33                       1.000000
X_93_50                       1.000000
X_94_30                       1.000000
X_95_33                       1.000000
X_96_32                       1.000000
X_97_32                       1.000000
X_98_27                       1.000000
X_99_38                       1.000000
X_100_38                      1.000000
X_101_15                      1.000000
X_102_40                      1.000000
X_103_45                      1.000000
X_104_49                      1.000000
X_105_1                       1.000000
X_106_27                      1.000000
X_107_19                      1.000000
X_108_1                       1.000000
X_109_2                       1.000000
X_110_24                      1.000000
X_111_39                      1.000000
X_112_8                       1.000000
X_113_18                      1.000000
X_114_36                      1.000000
X_115_10                      1.000000
X_116_50                      1.000000
X_117_33                      1.000000
X_118_29                      1.000000
X_119_5                       1.000000
X_120_21                      1.000000
X_121_6                       1.000000
X_122_23                      1.000000
X_123_11                      1.000000
X_124_41                      1.000000
X_125_36                      1.000000
X_126_8                       1.000000
X_127_11                      1.000000
X_128_6                       1.000000
X_129_4                       1.000000
X_130_48                      1.000000
X_131_37                      1.000000
X_132_34                      1.000000
X_133_15                      1.000000
X_134_42                      1.000000
X_135_12                      1.000000
X_136_21                      1.000000
X_137_10                      1.000000
X_138_46                      1.000000
X_139_47                      1.000000
X_140_47                      1.000000
X_141_42                      1.000000
X_142_22                      1.000000
X_143_49                      1.000000
X_144_14                      1.000000
X_145_6                       1.000000
X_146_37                      1.000000
X_147_50                      1.000000
X_148_17                      1.000000
X_149_2                       1.000000
X_150_46                      1.000000
X_151_27                      1.000000
X_152_8                       1.000000
X_153_31                      1.000000
X_154_46                      1.000000
X_155_9                       1.000000
X_156_20                      1.000000
X_157_8                       1.000000
X_158_19                      1.000000
X_159_41                      1.000000
X_160_4                       1.000000
X_161_19                      1.000000
X_162_14                      1.000000
X_163_5                       1.000000
X_164_21                      1.000000
X_165_41                      1.000000
X_166_34                      1.000000
X_167_39                      1.000000
X_168_3                       1.000000
X_169_22                      1.000000
X_170_20                      1.000000
X_171_12                      1.000000
X_172_30                      1.000000
X_173_24                      1.000000
X_174_4                       1.000000
X_175_48                      1.000000
X_176_49                      1.000000
X_177_13                      1.000000
X_178_32                      1.000000
X_179_43                      1.000000
X_180_39                      1.000000
X_181_40                      1.000000
X_182_26                      1.000000
X_183_47                      1.000000
X_184_30                      1.000000
X_185_7                       1.000000
X_186_32                      1.000000
X_187_33                      1.000000
X_188_40                      1.000000
X_189_2                       1.000000
X_190_43                      1.000000
X_191_40                      1.000000
X_192_11                      1.000000
X_193_28                      1.000000
X_194_45                      1.000000
X_195_37                      1.000000
X_196_11                      1.000000
X_197_17                      1.000000
X_198_41                      1.000000
X_199_44                      1.000000
X_200_48                      1.000000
All other variables in the range 1-10001 are 0.
