
Log started (V11.0.0) Tue Apr 22 00:24:37 2008

Tried aggregator 1 time.
Reduced MIP has 510 rows, 5001 columns, and 10010 nonzeros.
Presolve time =    0.05 sec.
Clique table members: 500.
MIP emphasis: balance optimality and feasibility.
MIP search method: dynamic search.
Parallel mode: none, using 1 thread.
Root relaxation solution time =    0.19 sec.

        Nodes                                         Cuts/
   Node  Left     Objective  IInf  Best Integer     Best Node    ItCnt     Gap

*     0+    0                        73974.0000     5415.6518      539   92.68%
*     0+    0                         5487.0000     5415.6518      539    1.30%
      0     0     5416.0000    17     5487.0000      Fract: 7      558    1.29%
*     0+    0                         5482.0000     5416.0000      558    1.20%
      0     0     5416.0000    24     5482.0000     5416.0000      594    1.20%
      0     0     5416.0859    24     5482.0000     Covers: 1      691    1.20%
*     0+    0                         5464.0000     5416.0859      691    0.88%
      0     2     5417.0000    21     5464.0000     5416.0859      691    0.88%
*    70+   64                         5455.0000     5417.0000     2199    0.70%
    100    92     5418.0000    20     5455.0000     5417.0000     2896    0.70%
*   200+  167                         5454.0000     5417.0000     5896    0.68%
    200   169     5421.0000    18     5454.0000     5417.0000     5896    0.68%
    300   237     5423.0000    20     5454.0000     5417.0000    10250    0.68%
    400   302     5426.8322    19     5454.0000     5417.0000    14371    0.68%
    500   362     5429.0000    20     5454.0000     5417.0000    19531    0.68%
*   531+  253                         5448.0000     5417.0000    24063    0.57%
*   531+  168                         5432.0000     5417.0000    24063    0.28%
    600   187     5420.0000    23     5432.0000     5417.0000    25940    0.28%
    700   207     5422.0000    20     5432.0000     5417.0000    30209    0.28%
    800   230     5426.0000    20     5432.0000     5417.0000    34964    0.28%
    900   300     5429.0000    20     5432.0000     5417.0000    39109    0.28%
*   931+  225                         5427.0000     5417.0000    40690    0.18%
   1000   293     5418.0393    23     5427.0000     5417.0000    42367    0.18%
Elapsed time =  32.16 sec. (tree size =  0.50 MB, solutions = 9)
   1100   380     5420.0687    23     5427.0000     5417.0000    44862    0.18%
*  1131+  388                         5426.0000     5417.0000    45956    0.17%
   1200   439     5422.2697    19     5426.0000     5417.0000    48952    0.17%
   1300   508     5418.0000    22     5426.0000     5417.0000    54704    0.17%
   1400   607     5418.0000    20     5426.0000     5417.0000    57271    0.17%
   1500   692     5421.0000    15     5426.0000     5417.0000    61356    0.17%
   1600   786     5419.0000    24     5426.0000     5417.0000    64513    0.17%
   1700   877     5418.0000    25     5426.0000     5417.0000    66828    0.17%
   1800   966     5417.0380    72     5426.0000     5417.0000    70460    0.17%
   1900  1064     5419.0000    24     5426.0000     5417.0000    72191    0.17%
   2000  1147     5421.0000    22     5426.0000     5417.0000    74701    0.17%
Elapsed time =  49.45 sec. (tree size =  2.20 MB, solutions = 10)
   2100  1227     5424.0000    20     5426.0000     5417.0000    77587    0.17%
   2200  1315     5419.0000    22     5426.0000     5417.0000    80593    0.17%
   2300  1401     5425.0000    18     5426.0000     5417.0000    82225    0.17%
   2400  1486     5418.0000    26     5426.0000     5417.0000    84757    0.17%
   2500  1577     5420.0000    20     5426.0000     5417.0000    87554    0.17%
*  2531+ 1540                         5425.0000     5417.0000    88333    0.15%
   2600  1610     5418.0000    30     5425.0000     5417.0000    91292    0.15%
   2700  1704     5424.0000    20     5425.0000     5417.0000    93279    0.15%
*  2731+ 1621                         5424.0000     5418.0000    94224    0.11%
   2800  1692     5418.0000    22     5424.0000     5418.0000    95392    0.11%
   2900  1785     5420.0000    20     5424.0000     5418.0000    98284    0.11%
   3000  1883     5418.0000    37     5424.0000     5418.0000   104249    0.11%
Elapsed time =  62.69 sec. (tree size =  3.65 MB, solutions = 12)
   3100  1977     5423.0000    18     5424.0000     5418.0000   106578    0.11%
   3200  2065     5422.0000    20     5424.0000     5418.0000   108780    0.11%
   3300  2144     5420.0000    24     5424.0000     5418.0000   111196    0.11%
   3400  2241     5421.0000    19     5424.0000     5418.0000   113605    0.11%
   3500  2325     5420.0000    22     5424.0000     5418.0000   116545    0.11%
   3600  2416     5422.0000    20     5424.0000     5418.0000   119055    0.11%
   3700  2496     5418.0000    45     5424.0000     5418.0000   124622    0.11%
   3800  2593     5421.0000    20     5424.0000     5418.0000   127467    0.11%
   3900  2681     5420.0000    27     5424.0000     5418.0000   129559    0.11%
   4000  2778     5423.0000    22     5424.0000     5418.0000   132190    0.11%
Elapsed time =  76.56 sec. (tree size =  5.48 MB, solutions = 12)
   4100  2868     5423.0000    22     5424.0000     5418.0000   134270    0.11%
   4200  2958     5420.0000    20     5424.0000     5418.0000   136563    0.11%
   4300  3051     5422.0000    18     5424.0000     5418.0000   138537    0.11%
   4400  3130    infeasible           5424.0000     5418.0000   140624    0.11%
   4500  3226     5422.0000    22     5424.0000     5418.0000   144931    0.11%
   4600  3316     5419.0000    24     5424.0000     5418.0000   149905    0.11%
   4700  3413     5422.0000    22     5424.0000     5418.0000   151134    0.11%
   4800  3501     5418.0000    32     5424.0000     5418.0000   155547    0.11%
   4900  3598     5421.0000    22     5424.0000     5418.0000   161462    0.11%
   5000  3690     5418.0000    26     5424.0000     5418.0000   164805    0.11%
Elapsed time =  91.28 sec. (tree size =  7.29 MB, solutions = 12)
   5100  3787     5419.0000    22     5424.0000     5418.0000   168868    0.11%
   5200  3869     5422.0000    18     5424.0000     5418.0000   172158    0.11%
   5300  3952     5418.0000    22     5424.0000     5418.0000   177750    0.11%
   5400  4043     5420.0000    20     5424.0000     5418.0000   182150    0.11%
   5500  4135     5421.0526    21     5424.0000     5418.0000   185325    0.11%
   5600  4231     5419.0000    20     5424.0000     5418.0000   189074    0.11%
   5700  4328     5422.0000    16     5424.0000     5418.0000   190477    0.11%
   5800  4424     5419.0000    30     5424.0000     5418.0000   194620    0.11%
   5900  4521     5421.0255    25     5424.0000     5418.0000   196578    0.11%
   6000  4614     5419.0000    19     5424.0000     5418.0000   202928    0.11%
Elapsed time = 107.56 sec. (tree size =  9.19 MB, solutions = 12)
   6100  4704     5422.0000    20     5424.0000     5418.0000   206517    0.11%
   6200  4797     5419.0000    22     5424.0000     5418.0000   211705    0.11%
   6300  4894     5422.0000    23     5424.0000     5418.0000   213910    0.11%
   6400  4987     5419.0000    28     5424.0000     5418.0000   220451    0.11%
   6500  5085     5420.0000    21     5424.0000     5418.0000   223694    0.11%
   6600  5178     5419.0000    25     5424.0000     5418.0000   230612    0.11%
   6700  5277     5420.0000    29     5424.0000     5418.0000   233014    0.11%
   6800  5369     5419.0000    22     5424.0000     5418.0000   241633    0.11%
   6900  5464     5420.0000    20     5424.0000     5418.0000   243533    0.11%
   7000  5561     5419.0000    18     5424.0000     5418.0000   249915    0.11%
Elapsed time = 127.52 sec. (tree size = 11.08 MB, solutions = 12)
   7100  5660     5420.0000    24     5424.0000     5418.0000   253526    0.11%
   7200  5759     5418.0000    34     5424.0000     5418.0000   259873    0.11%
   7300  5854     5423.0000    24     5424.0000     5418.0000   262493    0.11%
   7400  5942     5419.0000    26     5424.0000     5418.0000   270188    0.11%
   7500  6034     5420.0000    20     5424.0000     5418.0000   275597    0.11%
   7600  6130     5419.0000    17     5424.0000     5418.0000   282584    0.11%
   7700  6226     5420.0000    24     5424.0000     5418.0000   284538    0.11%
   7800  6323     5420.0000    30     5424.0000     5418.0000   287812    0.11%
   7900  6421     5422.0000    28     5424.0000     5418.0000   291473    0.11%
   8000  6518     5420.0000    18     5424.0000     5418.0000   293809    0.11%
Elapsed time = 147.73 sec. (tree size = 12.99 MB, solutions = 12)
   8100  6610     5418.0043    46     5424.0000     5418.0000   297841    0.11%
   8200  6709     5420.0000    25     5424.0000     5418.0000   302713    0.11%
   8300  6805        cutoff           5424.0000     5418.0000   305500    0.11%
   8400  6900     5419.0000    27     5424.0000     5418.0000   315270    0.11%
   8500  6996     5420.0000    25     5424.0000     5418.0000   320863    0.11%
   8600  7090     5420.0000    26     5424.0000     5418.0000   324720    0.11%
   8700  7189     5421.0000    26     5424.0000     5418.0000   327285    0.11%
   8800  7285     5420.0000    28     5424.0000     5418.0000   331696    0.11%
   8900  7377     5419.0000    27     5424.0000     5418.0000   335978    0.11%
   9000  7475     5421.0000    28     5424.0000     5418.0000   340716    0.11%
Elapsed time = 171.47 sec. (tree size = 14.91 MB, solutions = 12)
   9100  7565     5418.0000    32     5424.0000     5418.0000   345646    0.11%
   9200  7653     5420.0000    20     5424.0000     5418.0000   352609    0.11%
   9300  7741     5422.0000    20     5424.0000     5418.0000   355190    0.11%
   9400  7834     5419.0000    26     5424.0000     5418.0000   362971    0.11%
   9500  7927     5422.0000    17     5424.0000     5418.0000   366759    0.11%
*  9531+ 7338                         5423.0000     5418.0000   367475    0.09%
   9600  7404     5420.0000    32     5423.0000     5418.0000   371318    0.09%
   9700  7498     5422.0000    21     5423.0000     5418.0000   372672    0.09%
   9800  7583     5419.0000    31     5423.0000     5418.0000   379731    0.09%
   9900  7667     5422.0000    20     5423.0000     5418.0000   383320    0.09%
  10000  7759     5420.0000    24     5423.0000     5418.0000   385925    0.09%
Elapsed time = 194.61 sec. (tree size = 15.41 MB, solutions = 13)
  10100  7853     5418.0000    34     5423.0000     5418.0000   389100    0.09%
  10200  7948     5419.0000    32     5423.0000     5418.0000   395689    0.09%
  10300  8039     5421.0000    18     5423.0000     5418.0000   398099    0.09%
  10400  8132     5418.0000    30     5423.0000     5418.0000   403661    0.09%
  10500  8230     5420.0000    21     5423.0000     5418.0000   407258    0.09%
  10600  8322     5419.0000    24     5423.0000     5418.0000   416197    0.09%
  10700  8417     5421.0000    16     5423.0000     5418.0000   418722    0.09%
  10800  8502     5422.0000    22     5423.0000     5418.0000   421476    0.09%
  10900  8593     5419.0000    28     5423.0000     5418.0000   427516    0.09%
  11000  8691     5421.0000    23     5423.0000     5418.0000   430966    0.09%
Elapsed time = 218.61 sec. (tree size = 17.42 MB, solutions = 13)
  11100  8785     5419.0000    26     5423.0000     5418.0000   434873    0.09%
  11200  8884     5420.0000    26     5423.0000     5418.0000   437358    0.09%
  11300  8982     5422.0000    24     5423.0000     5418.0000   439410    0.09%
  11400  9057     5421.0000    26     5423.0000     5418.0000   447786    0.09%
  11500  9148     5422.0000    36     5423.0000     5418.0000   452807    0.09%
  11600  9240     5420.0000    26     5423.0000     5418.0000   458995    0.09%
  11700  9339     5421.0000    22     5423.0000     5418.0000   460322    0.09%
  11800  9433     5419.0000    28     5423.0000     5418.0000   465498    0.09%
  11900  9531     5421.0000    24     5423.0000     5418.0000   468481    0.09%
  12000  9620     5419.0000    44     5423.0000     5418.0000   474639    0.09%
Elapsed time = 242.84 sec. (tree size = 19.33 MB, solutions = 13)
  12100  9711     5421.1577    33     5423.0000     5418.0000   479892    0.09%
  12200  9799     5420.0000    31     5423.0000     5418.0000   486098    0.09%
  12300  9895    infeasible           5423.0000     5418.0000   493679    0.09%
  12400  9990     5421.0000    34     5423.0000     5418.0000   502736    0.09%
  12500 10089     5422.0000    32     5423.0000     5418.0000   506040    0.09%
  12600 10182     5421.0000    20     5423.0000     5418.0000   513373    0.09%
  12700 10276     5419.0000    26     5423.0000     5418.0000   517967    0.09%
  12800 10370     5420.0000    21     5423.0000     5418.0000   521766    0.09%
  12900 10462     5422.0000    18     5423.0000     5418.0000   523893    0.09%
  13000 10557     5419.0000    22     5423.0000     5418.0000   535409    0.09%
Elapsed time = 270.84 sec. (tree size = 21.26 MB, solutions = 13)
  13100 10652     5420.0000    22     5423.0000     5418.0000   540866    0.09%
  13200 10738     5419.0000    22     5423.0000     5418.0000   550740    0.09%
  13300 10837     5420.0000    23     5423.0000     5418.0000   554443    0.09%
  13400 10932     5422.0000    36     5423.0000     5418.0000   557623    0.09%
  13500 11028     5420.0000    22     5423.0000     5418.0000   567031    0.09%
  13600 11126     5422.0000    20     5423.0000     5418.0000   569801    0.09%
  13700 11218     5418.0000    53     5423.0000     5418.0000   578386    0.09%
  13800 11312     5420.0000    26     5423.0000     5418.0000   582708    0.09%
  13900 11402     5422.0000    16     5423.0000     5418.0000   585789    0.09%
  14000 11493     5419.0000    26     5423.0000     5418.0000   591347    0.09%
Elapsed time = 306.36 sec. (tree size = 23.16 MB, solutions = 13)
  14100 11591     5421.0000    28     5423.0000     5418.0000   595404    0.09%
  14200 11688     5422.0000    21     5423.0000     5418.0000   596475    0.09%
  14300 11771     5418.0000    41     5423.0000     5418.0000   605002    0.09%
  14400 11862     5419.0000    24     5423.0000     5418.0000   612926    0.09%
  14500 11948     5421.0000    16     5423.0000     5418.0000   617394    0.09%
  14600 12043     5418.0000    45     5423.0000     5418.0000   632373    0.09%
  14700 12141     5420.0000    32     5423.0000     5418.0000   638310    0.09%
  14800 12238     5419.0000    21     5423.0000     5418.0000   643818    0.09%
  14900 12334     5420.0000    22     5423.0000     5418.0000   646614    0.09%
  15000 12431     5419.0000    29     5423.0000     5418.0000   655377    0.09%
Elapsed time = 343.53 sec. (tree size = 25.07 MB, solutions = 13)
  15100 12530     5420.0000    32     5423.0000     5418.0000   662532    0.09%
  15200 12628     5419.0000    42     5423.0000     5418.0000   675889    0.09%
  15300 12725     5422.0000    24     5423.0000     5418.0000   682672    0.09%
  15400 12821     5419.0000    26     5423.0000     5418.0000   688124    0.09%
  15500 12914     5420.0000    21     5423.0000     5418.0000   693769    0.09%
  15600 13005     5420.0000    22     5423.0000     5418.0000   702241    0.09%
  15700 13099     5422.0000    24     5423.0000     5418.0000   705489    0.09%
  15800 13198     5419.0000    23     5423.0000     5418.0000   713945    0.09%
  15900 13296     5421.0000    25     5423.0000     5418.0000   716911    0.09%
  16000 13394     5419.0000    29     5423.0000     5418.0000   721554    0.09%
Elapsed time = 385.42 sec. (tree size = 27.02 MB, solutions = 13)
  16100 13491     5422.0000    21     5423.0000     5418.0000   724150    0.09%
  16200 13584     5419.0000    46     5423.0000     5418.0000   739610    0.09%
  16300 13681     5422.0000    32     5423.0000     5418.0000   746619    0.09%
  16400 13775     5419.0000    22     5423.0000     5418.0000   756568    0.09%
  16500 13868     5420.0000    26     5423.0000     5418.0000   761863    0.09%
  16600 13964     5419.0000    22     5423.0000     5418.0000   774108    0.09%
  16700 14062     5421.0000    24     5423.0000     5418.0000   780722    0.09%
  16800 14159     5420.0000    32     5423.0000     5418.0000   794867    0.09%
  16900 14257     5421.0389    35     5423.0000     5418.0000   802515    0.09%
  17000 14355     5420.0000    32     5423.0000     5418.0000   808416    0.09%
Elapsed time = 437.48 sec. (tree size = 28.98 MB, solutions = 13)
  17100 14454     5421.0000    19     5423.0000     5418.0000   810427    0.09%
  17200 14552     5419.0000    20     5423.0000     5418.0000   819522    0.09%
  17300 14648     5420.0000    20     5423.0000     5418.0000   822256    0.09%
  17400 14741     5419.0000    18     5423.0000     5418.0000   831933    0.09%
  17500 14834     5421.0000    18     5423.0000     5418.0000   834525    0.09%
  17600 14928     5420.0000    29     5423.0000     5418.0000   840768    0.09%
  17700 15026     5422.0000    28     5423.0000     5418.0000   845299    0.09%
  17800 15123     5419.0000    24     5423.0000     5418.0000   850137    0.09%
  17900 15220     5422.0000    22     5423.0000     5418.0000   853588    0.09%
  18000 15312     5419.0000    30     5423.0000     5418.0000   864234    0.09%
Elapsed time = 474.80 sec. (tree size = 30.92 MB, solutions = 13)
  18100 15404     5421.0000    21     5423.0000     5418.0000   868249    0.09%
  18200 15499     5419.0000    30     5423.0000     5418.0000   873831    0.09%
  18300 15597     5421.0000    30     5423.0000     5418.0000   876939    0.09%
  18400 15690     5420.0000    23     5423.0000     5418.0000   883034    0.09%
  18500 15774     5419.0000    34     5423.0000     5418.0000   887027    0.09%
* 18531+13825                         5422.0000     5418.0000   888742    0.07%
  18600 13895     5421.0000    30     5422.0000     5418.0000   891651    0.07%
  18700 13985     5419.0000    28     5422.0000     5418.0000   903178    0.07%
  18800 14074     5419.0000    27     5422.0000     5418.0000   906420    0.07%
  18900 14172     5421.0000    32     5422.0000     5418.0000   913696    0.07%
  19000 14267     5419.0000    26     5422.0000     5418.0000   923728    0.07%
Elapsed time = 511.63 sec. (tree size = 28.71 MB, solutions = 14)
  19100 14360     5419.0000    20     5422.0000     5418.0000   932160    0.07%
  19200 14453     5421.0000    22     5422.0000     5418.0000   937969    0.07%
  19300 14542     5419.0000    35     5422.0000     5418.0000   941931    0.07%
  19400 14637     5420.1699    29     5422.0000     5418.0000   951877    0.07%
  19500 14730     5419.0000    37     5422.0000     5418.0000   961758    0.07%
  19600 14828     5421.0000    27     5422.0000     5418.0000   966930    0.07%
  19700 14922     5420.0000    36     5422.0000     5418.0000   979480    0.07%
  19800 15010     5418.0000    38     5422.0000     5418.0000   989242    0.07%
  19900 15107     5419.0000    17     5422.0000     5418.0000   990932    0.07%
  20000 15190     5418.4929    65     5422.0000     5418.0000   993967    0.07%
Elapsed time = 553.66 sec. (tree size = 30.63 MB, solutions = 14)
  20100 15288     5421.0000    28     5422.0000     5418.0000  1001312    0.07%
  20200 15380     5420.0000    32     5422.0000     5418.0000  1011146    0.07%
  20300 15474     5419.0000    57     5422.0000     5418.0000  1019040    0.07%
  20400 15572     5421.0000    28     5422.0000     5418.0000  1032592    0.07%
  20500 15662     5420.0000    22     5422.0000     5418.0000  1039603    0.07%
  20600 15756     5418.0000    53     5422.0000     5418.0000  1050251    0.07%
  20700 15853     5421.0000    28     5422.0000     5418.0000  1062291    0.07%
  20800 15945     5420.0000    32     5422.0000     5418.0000  1073087    0.07%
  20900 16039     5419.0000    28     5422.0000     5418.0000  1084295    0.07%
* 20931+12684                         5421.0000     5418.0000  1085757    0.06%
  21000 12754     5420.0000    30     5421.0000     5418.0000  1090486    0.06%
Elapsed time = 613.53 sec. (tree size = 25.70 MB, solutions = 15)
  21100 12846     5420.0000    34     5421.0000     5418.0000  1102030    0.06%
  21200 12936     5420.0000    25     5421.0000     5418.0000  1112958    0.06%
  21300 13024     5420.0000    20     5421.0000     5418.0000  1125619    0.06%
  21400 13113     5419.0000    30     5421.0000     5418.0000  1137689    0.06%
  21500 13207     5419.0000    24     5421.0000     5418.0000  1148518    0.06%
  21600 13298     5419.0000    43     5421.0000     5418.0000  1158989    0.06%
  21700 13392     5419.0000    28     5421.0000     5418.0000  1170213    0.06%
  21800 13483     5419.0000    46     5421.0000     5418.0000  1177218    0.06%
  21900 13577     5419.0000    37     5421.0000     5418.0000  1189232    0.06%
  22000 13670     5420.0000    34     5421.0000     5418.0000  1201129    0.06%
Elapsed time = 683.67 sec. (tree size = 27.59 MB, solutions = 15)
  22100 13761     5420.0000    22     5421.0000     5418.0000  1206769    0.06%
  22200 13853     5420.0000    36     5421.0000     5418.0000  1216534    0.06%
  22300 13948     5419.0000    40     5421.0000     5418.0000  1225986    0.06%
  22400 14042     5419.0000    30     5421.0000     5418.0000  1239000    0.06%
  22500 14129     5419.0000    55     5421.0000     5418.0000  1252196    0.06%
  22600 14216     5418.0000    42     5421.0000     5418.0000  1263636    0.06%
  22700 14314     5420.0000    26     5421.0000     5418.0000  1275589    0.06%
  22800 14408     5420.0000    22     5421.0000     5418.0000  1287780    0.06%
  22900 14500     5420.0000    24     5421.0000     5418.0000  1294406    0.06%
  23000 14584     5420.0000    22     5421.0000     5418.0000  1306650    0.06%
Elapsed time = 755.86 sec. (tree size = 29.48 MB, solutions = 15)
  23100 14673     5419.0000    30     5421.0000     5418.0000  1326530    0.06%
  23200 14765     5419.0000    47     5421.0000     5418.0000  1344513    0.06%
  23300 14859     5419.0000    47     5421.0000     5418.0000  1355814    0.06%
  23400 14949     5419.0000    38     5421.0000     5418.0000  1372690    0.06%
  23500 15042     5420.0000    22     5421.0000     5418.0000  1376624    0.06%
  23600 15126     5418.0000    50     5421.0000     5418.0000  1392370    0.06%
  23700 15220     5418.0000    66     5421.0000     5418.0000  1404816    0.06%
  23800 15312     5420.0000    19     5421.0000     5418.0000  1417173    0.06%
  23900 15397     5419.0000    56     5421.0000     5418.0000  1436691    0.06%
  24000 15491     5419.0000    36     5421.0000     5418.0000  1453367    0.06%
Elapsed time = 871.64 sec. (tree size = 31.39 MB, solutions = 15)
  24100 15585     5420.0000    40     5421.0000     5418.0000  1463954    0.06%
  24200 15673     5420.0000    28     5421.0000     5418.0000  1481068    0.06%
  24300 15768     5419.0000    32     5421.0000     5418.0000  1498175    0.06%
  24400 15861     5418.0000    41     5421.0000     5418.0000  1509808    0.06%
  24500 15959     5420.0000    24     5421.0000     5418.0000  1524056    0.06%
  24600 16050     5420.0000    27     5421.0000     5418.0000  1530244    0.06%
  24700 16144     5420.0000    25     5421.0000     5418.0000  1536351    0.06%
  24800 16230     5420.0000    26     5421.0000     5418.0000  1551630    0.06%
  24900 16317     5420.0000    22     5421.0000     5418.0000  1563261    0.06%
  25000 16404     5420.0000    48     5421.0000     5418.0000  1572597    0.06%
Elapsed time = 959.06 sec. (tree size = 33.56 MB, solutions = 15)
  25100 16488     5420.0000    30     5421.0000     5418.0000  1594771    0.06%
  25200 16579     5420.0000    30     5421.0000     5418.0000  1606786    0.06%
  25300 16667     5420.0000    28     5421.0000     5418.0000  1624679    0.06%
  25400 16757    infeasible           5421.0000     5418.0000  1633799    0.06%
  25500 16839     5419.0000    48     5421.0000     5418.0000  1645225    0.06%
  25600 16933     5419.0000    58     5421.0000     5418.0000  1660794    0.06%
  25700 17023     5419.0000    40     5421.0000     5418.0000  1679607    0.06%
  25800 17112     5419.0000    31     5421.0000     5418.0000  1694717    0.06%
  25900 17202     5418.0000    55     5421.0000     5418.0000  1703354    0.06%
  26000 17300     5420.0000    24     5421.0000     5418.0000  1711091    0.06%
Elapsed time = 1067.88 sec. (tree size = 35.47 MB, solutions = 15)
  26100 17389     5419.0000    64     5421.0000     5418.0000  1725726    0.06%
  26200 17480     5420.0000    44     5421.0000     5418.0000  1734413    0.06%
  26300 17574     5420.0000    27     5421.0000     5418.0000  1757364    0.06%
  26400 17662     5418.0000    77     5421.0000     5418.0000  1772911    0.06%
  26500 17754     5419.0000    56     5421.0000     5418.0000  1792062    0.06%
  26600 17838     5419.0000    25     5421.0000     5418.0000  1813884    0.06%
  26700 17932     5419.0000    43     5421.0000     5418.0000  1818397    0.06%
  26800 18024     5419.0000    73     5421.0000     5418.0000  1836940    0.06%
  26900 18116     5419.0000    22     5421.0000     5418.0000  1854462    0.06%
  27000 18202     5420.0000    42     5421.0000     5418.0000  1859526    0.06%
Elapsed time = 1194.02 sec. (tree size = 37.39 MB, solutions = 15)
  27100 18292     5418.0000    64     5421.0000     5418.0000  1880466    0.06%
  27200 18386     5418.0000    52     5421.0000     5418.0000  1895030    0.06%
  27300 18478     5420.0000    26     5421.0000     5418.0000  1901647    0.06%
  27400 18567     5420.0000    36     5421.0000     5418.0000  1915760    0.06%
  27500 18656     5419.0000    48     5421.0000     5418.0000  1935304    0.06%
  27600 18745     5420.0000    24     5421.0000     5418.0000  1953786    0.06%
  27700 18825     5419.0221    56     5421.0000     5418.0000  1972223    0.06%
  27800 18917     5420.0000    37     5421.0000     5418.0000  1989595    0.06%
  27900 19003     5419.0000    56     5421.0000     5418.0000  2007821    0.06%
  28000 19097     5419.0000    46     5421.0000     5418.0000  2031149    0.06%
Elapsed time = 1341.14 sec. (tree size = 39.31 MB, solutions = 15)
  28100 19191     5419.0000    56     5421.0000     5418.0000  2052199    0.06%
  28200 19282     5420.0000    32     5421.0000     5418.0000  2066088    0.06%
  28300 19370     5418.0000    69     5421.0000     5418.0000  2089070    0.06%
  28400 19468     5420.0000    30     5421.0000     5418.0000  2109954    0.06%
  28500 19545     5418.0000    95     5421.0000     5418.0000  2136328    0.06%
  28600 19638     5419.0000    39     5421.0000     5418.0000  2158295    0.06%
  28700 19731     5420.0000    28     5421.0000     5418.0000  2171596    0.06%
  28800 19820     5419.0000    32     5421.0000     5418.0000  2195410    0.06%
  28900 19906     5419.0000    35     5421.0000     5418.0000  2205423    0.06%
  29000 19999     5420.0000    30     5421.0000     5418.0000  2217838    0.06%
Elapsed time = 1517.66 sec. (tree size = 41.26 MB, solutions = 15)
  29100 20093     5420.0000    27     5421.0000     5418.0000  2237162    0.06%
  29200 20186     5420.0000    32     5421.0000     5418.0000  2248885    0.06%
  29300 20272     5420.0000    45     5421.0000     5418.0000  2267909    0.06%
  29400 20364     5420.0000    72     5421.0000     5418.0000  2294248    0.06%
  29500 20458     5420.0000    22     5421.0000     5418.0000  2303193    0.06%
  29600 20540     5420.0000    28     5421.0000     5418.0000  2320846    0.06%
  29700 20626     5418.0000    75     5421.0000     5418.0000  2337972    0.06%
  29800 20719     5419.0000    61     5421.0000     5418.0000  2360021    0.06%
  29900 20814     5418.0000    85     5421.0000     5418.0000  2385937    0.06%
  30000 20906    infeasible           5421.0000     5418.0000  2398351    0.06%
Elapsed time = 1691.38 sec. (tree size = 43.22 MB, solutions = 15)
  30100 20998    infeasible           5421.0000     5418.0000  2413636    0.06%
  30200 21087     5419.0000    60     5421.0000     5418.0000  2434144    0.06%
  30300 21181     5419.0000    56     5421.0000     5418.0000  2451655    0.06%
  30400 21260     5418.0000    74     5421.0000     5418.0000  2469844    0.06%
  30500 21358     5420.0000    42     5421.0000     5418.0000  2485036    0.06%
  30600 21447     5419.0000    64     5421.0000     5418.0000  2505964    0.06%
  30700 21534     5420.0000    30     5421.0000     5418.0000  2523066    0.06%
  30800 21620     5418.0000    55     5421.0000     5418.0000  2539852    0.06%
  30900 21718     5420.0000    32     5421.0000     5418.0000  2556048    0.06%
  31000 21811     5419.0000    35     5421.0000     5418.0000  2575426    0.06%
Elapsed time = 1873.08 sec. (tree size = 45.14 MB, solutions = 15)
  31100 21899     5419.0000    38     5421.0000     5418.0000  2604456    0.06%
  31200 21986     5419.0000    62     5421.0000     5418.0000  2621067    0.06%
  31300 22079     5420.0000    47     5421.0000     5418.0000  2641070    0.06%
  31400 22165     5420.0000    36     5421.0000     5418.0000  2657241    0.06%
  31500 22253     5420.0000    30     5421.0000     5418.0000  2676370    0.06%
  31600 22345     5420.0000    32     5421.0000     5418.0000  2704096    0.06%
  31700 22426     5418.0000    85     5421.0000     5418.0000  2728184    0.06%
  31800 22524     5420.0000    38     5421.0000     5418.0000  2751410    0.06%
  31900 22596     5419.0000    55     5421.0000     5418.0000  2778273    0.06%
  32000 22689     5420.0000    38     5421.0000     5418.0000  2804339    0.06%
Elapsed time = 2108.09 sec. (tree size = 47.05 MB, solutions = 15)
  32100 22783     5420.0000    43     5421.0000     5418.0000  2826934    0.06%
  32200 22871     5420.0000    38     5421.0000     5418.0000  2846584    0.06%
  32300 22965     5420.0000    34     5421.0000     5418.0000  2867424    0.06%
  32400 23054     5419.0000    72     5421.0000     5418.0000  2894359    0.06%
  32500 23146     5419.0000    54     5421.0000     5418.0000  2911054    0.06%
  32600 23234     5420.0000    33     5421.0000     5418.0000  2925452    0.06%
  32700 23325     5419.0000    76     5421.0000     5418.0000  2938004    0.06%
  32800 23413     5419.0000    48     5421.0000     5418.0000  2962553    0.06%
  32900 23499     5418.0000    88     5421.0000     5418.0000  2973373    0.06%
  33000 23597     5420.0000    48     5421.0000     5418.0000  2997710    0.06%
Elapsed time = 2324.36 sec. (tree size = 49.03 MB, solutions = 15)
  33100 23679     5419.0000    55     5421.0000     5418.0000  3029875    0.06%
  33200 23773     5418.0000    66     5421.0000     5418.0000  3048855    0.06%
  33300 23857     5420.0000    48     5421.0000     5418.0000  3070802    0.06%
  33400 23952     5419.0000    65     5421.0000     5418.0000  3102289    0.06%
  33500 24046     5419.0000    90     5421.0000     5418.0000  3132505    0.06%
  33600 24140     5420.0000    55     5421.0000     5418.0000  3157282    0.06%
  33700 24229     5420.0000    26     5421.0000     5418.0000  3188216    0.06%
  33800 24316     5419.0000    20     5421.0000     5418.0000  3212514    0.06%
  33900 24404     5418.0000    76     5421.0000     5418.0000  3222350    0.06%
  34000 24497     5419.0000    47     5421.0000     5418.0000  3250028    0.06%
Elapsed time = 2624.83 sec. (tree size = 51.00 MB, solutions = 15)
  34100 24590     5420.0000    68     5421.0000     5418.0000  3258101    0.06%
  34200 24680     5419.4343    37     5421.0000     5418.0000  3275265    0.06%
  34300 24769     5419.0000    37     5421.0000     5418.0000  3286503    0.06%
  34400 24863     5419.0000    40     5421.0000     5418.0000  3297883    0.06%
  34500 24956     5420.0000    40     5421.0000     5418.0000  3313382    0.06%
  34600 25047     5419.0000    30     5421.0000     5418.0000  3335662    0.06%
  34700 25138     5420.0000    46     5421.0000     5418.0000  3346959    0.06%
  34800 25229     5419.0000    38     5421.0000     5418.0000  3367990    0.06%
  34900 25313     5419.0000    69     5421.0000     5418.0000  3379766    0.06%
  35000 25401     5420.0000    28     5421.0000     5418.0000  3392627    0.06%
Elapsed time = 2778.39 sec. (tree size = 52.99 MB, solutions = 15)
  35100 25493     5420.0000    32     5421.0000     5418.0000  3412367    0.06%
  35200 25587     5420.0000    30     5421.0000     5418.0000  3430249    0.06%
  35300 25680     5419.0000    24     5421.0000     5418.0000  3451897    0.06%
  35400 25770     5418.0000    81     5421.0000     5418.0000  3470241    0.06%
  35500 25857     5419.0000    32     5421.0000     5418.0000  3486822    0.06%
  35600 25951     5419.0000    73     5421.0000     5418.0000  3511685    0.06%
  35700 26045     5419.0000    65     5421.0000     5418.0000  3539831    0.06%
  35800 26137     5419.0000    43     5421.0000     5418.0000  3566842    0.06%
  35900 26228     5419.0000    81     5421.0000     5418.0000  3592124    0.06%
  36000 26321     5420.0000    50     5421.0000     5418.0000  3621084    0.06%
Elapsed time = 3068.05 sec. (tree size = 55.01 MB, solutions = 15)
  36100 26405     5420.0000    48     5421.0000     5418.0000  3650046    0.06%
  36200 26486     5419.0000    64     5421.0000     5418.0000  3668532    0.06%
  36300 26580     5419.0000    62     5421.0000     5418.0000  3684359    0.06%
  36400 26661     5419.1065    37     5421.0000     5418.0000  3707012    0.06%
  36500 26750     5420.0000    34     5421.0000     5418.0000  3727392    0.06%
  36600 26838     5419.0000    52     5421.0000     5418.0000  3750423    0.06%
  36700 26920     5418.0000    86     5421.0000     5418.0000  3786171    0.06%
  36800 27011     5419.0000    72     5421.0000     5418.0000  3811664    0.06%
  36900 27105     5419.0000    56     5421.0000     5418.0000  3838474    0.06%
  37000 27194     5420.0000    20     5421.0000     5418.0000  3864180    0.06%
Elapsed time = 3368.89 sec. (tree size = 56.94 MB, solutions = 15)
  37100 27281     5419.0000    90     5421.0000     5418.0000  3892397    0.06%
  37200 27374     5420.0000    48     5421.0000     5418.0000  3917804    0.06%
  37300 27460     5419.0000    92     5421.0000     5418.0000  3945555    0.06%
  37400 27551     5420.0000    28     5421.0000     5418.0000  3974241    0.06%
  37500 27638     5419.0000    36     5421.0000     5418.0000  3993817    0.06%
  37600 27732     5420.0000    30     5421.0000     5418.0000  4005929    0.06%
  37700 27820     5420.0000    67     5421.0000     5418.0000  4033549    0.06%
  37800 27905     5420.0000    62     5421.0000     5418.0000  4057818    0.06%
  37900 27993     5418.0000   112     5421.0000     5418.0000  4094304    0.06%
  38000 28087     5418.0000    96     5421.0000     5418.0000  4123477    0.06%
Elapsed time = 3705.22 sec. (tree size = 58.90 MB, solutions = 15)
  38100 28178     5419.0000    32     5421.0000     5418.0000  4155852    0.06%
  38200 28265     5418.0000    90     5421.0000     5418.0000  4179069    0.06%
  38300 28355     5420.0000    22     5421.0000     5418.0000  4210842    0.06%
  38400 28439     5420.0000    54     5421.0000     5418.0000  4239341    0.06%
  38500 28525     5420.0000    45     5421.0000     5418.0000  4259520    0.06%
  38600 28617     5420.0000    32     5421.0000     5418.0000  4289990    0.06%
  38700 28708     5419.0000    45     5421.0000     5418.0000  4318638    0.06%
  38800 28798     5419.0000    46     5421.0000     5418.0000  4339739    0.06%
  38900 28885     5418.0000    58     5421.0000     5418.0000  4366795    0.06%
  39000 28983     5420.0000    28     5421.0000     5418.0000  4382741    0.06%
Elapsed time = 4067.58 sec. (tree size = 60.88 MB, solutions = 15)
  39100 29067     5420.0000    54     5421.0000     5418.0000  4409688    0.06%
  39200 29157     5420.0000    19     5421.0000     5418.0000  4429517    0.06%
  39300 29235     5420.0000    38     5421.0000     5418.0000  4446472    0.06%
  39400 29327     5420.0000    46     5421.0000     5418.0000  4462551    0.06%
  39500 29416     5420.0000    62     5421.0000     5418.0000  4481153    0.06%
  39600 29503     5419.0000    51     5421.0000     5418.0000  4506653    0.06%
  39700 29592     5419.0000    31     5421.0000     5418.0000  4526674    0.06%
  39800 29678     5420.0000    46     5421.0000     5418.0000  4545730    0.06%
  39900 29765     5419.0000    51     5421.0000     5418.0000  4571827    0.06%
  40000 29856     5420.0000    39     5421.0000     5418.0000  4594779    0.06%
Elapsed time = 4343.08 sec. (tree size = 62.85 MB, solutions = 15)
  40100 29940     5420.0000    54     5421.0000     5418.0000  4619750    0.06%
  40200 30027     5419.0000    71     5421.0000     5418.0000  4652057    0.06%
  40300 30101     5419.0000    41     5421.0000     5418.0000  4664630    0.06%
  40400 30194     5420.0000    50     5421.0000     5418.0000  4694362    0.06%
  40500 30284     5418.0000    98     5421.0000     5418.0000  4730119    0.06%
  40600 30371     5419.0000    50     5421.0000     5418.0000  4762956    0.06%
  40700 30462     5420.0000    49     5421.0000     5418.0000  4786305    0.06%
  40800 30551     5419.1756   113     5421.0000     5418.0000  4831327    0.06%
  40900 30630     5419.0000    58     5421.0000     5418.0000  4863652    0.06%
  41000 30715     5419.0000    55     5421.0000     5418.0000  4892962    0.06%
Elapsed time = 4786.92 sec. (tree size = 64.78 MB, solutions = 15)
  41100 30797     5420.0000    65     5421.0000     5418.0000  4915962    0.06%
  41200 30885     5419.0000    38     5421.0000     5418.0000  4948381    0.06%
  41300 30975     5420.0000    56     5421.0000     5418.0000  4966720    0.06%
  41400 31069     5420.0000    54     5421.0000     5418.0000  4985806    0.06%
  41500 31149    infeasible           5421.0000     5418.0000  5003994    0.06%
  41600 31243     5420.0000    53     5421.0000     5418.0000  5035557    0.06%
  41700 31337     5420.0000    55     5421.0000     5418.0000  5069510    0.06%
  41800 31427     5420.0000    27     5421.0000     5418.0000  5093586    0.06%
  41900 31518     5419.0000    61     5421.0000     5418.0000  5119600    0.06%
  42000 31605     5418.0000   101     5421.0000     5418.0000  5155689    0.06%
Elapsed time = 5183.09 sec. (tree size = 66.80 MB, solutions = 15)
  42100 31703     5420.0000    39     5421.0000     5418.0000  5186586    0.06%
  42200 31792     5420.0000    51     5421.0000     5418.0000  5212901    0.06%
  42300 31877     5419.0000    62     5421.0000     5418.0000  5238660    0.06%
  42400 31968     5419.0000    22     5421.0000     5418.0000  5258361    0.06%
  42500 32060     5420.0000    26     5421.0000     5418.0000  5261771    0.06%
  42600 32143     5419.0000    61     5421.0000     5418.0000  5278107    0.06%
  42700 32237     5419.0000    44     5421.0000     5418.0000  5299333    0.06%
  42800 32321     5420.0000    46     5421.0000     5418.0000  5324692    0.06%
  42900 32412     5419.0000    67     5421.0000     5418.0000  5362196    0.06%
  43000 32500     5419.0000    80     5421.0000     5418.0000  5392466    0.06%
Elapsed time = 5557.25 sec. (tree size = 68.83 MB, solutions = 15)
  43100 32578     5419.0000   110     5421.0000     5418.0000  5425802    0.06%
  43200 32665     5420.0000    53     5421.0000     5418.0000  5457963    0.06%
  43300 32751     5420.0000    28     5421.0000     5418.0000  5483176    0.06%
  43400 32835     5420.0000    59     5421.0000     5418.0000  5521547    0.06%
  43500 32923     5419.0000    26     5421.0000     5418.0000  5540859    0.06%
  43600 33005     5420.0000    54     5421.0000     5418.0000  5555334    0.06%
  43700 33086     5418.0289    86     5421.0000     5418.0000  5588950    0.06%
  43800 33181     5418.0000    88     5421.0000     5418.0000  5618515    0.06%
  43900 33266     5420.0000    40     5421.0000     5418.0000  5650325    0.06%
  44000 33346     5418.0000   117     5421.0000     5418.0000  5676625    0.06%
Elapsed time = 5995.06 sec. (tree size = 71.32 MB, solutions = 15)
  44100 33428     5418.0000   107     5421.0000     5418.0000  5728202    0.06%
  44200 33526     5420.0000    48     5421.0000     5418.0000  5757205    0.06%
  44300 33613     5419.0000    69     5421.0000     5418.0000  5785464    0.06%
  44400 33706     5419.0000    34     5421.0000     5418.0000  5824588    0.06%
  44500 33787     5420.0000    38     5421.0000     5418.0000  5833555    0.06%
  44600 33881     5420.0000    54     5421.0000     5418.0000  5875127    0.06%
  44700 33969     5420.0000    48     5421.0000     5418.0000  5903676    0.06%
  44800 34047     5420.0000    50     5421.0000     5418.0000  5935194    0.06%
  44900 34137     5419.0000   110     5421.0000     5418.0000  5993771    0.06%
  45000 34226     5420.0000    32     5421.0000     5418.0000  6033662    0.06%
Elapsed time = 6634.45 sec. (tree size = 73.31 MB, solutions = 15)
  45100 34320     5420.0000    31     5421.0000     5418.0000  6060222    0.06%
  45200 34414     5420.0000    50     5421.0000     5418.0000  6100647    0.06%
  45300 34502     5418.0000    97     5421.0000     5418.0000  6152346    0.06%
  45400 34579     5419.0000    61     5421.0000     5418.0000  6181427    0.06%
  45500 34672     5418.0000   121     5421.0000     5418.0000  6217428    0.06%
  45600 34762     5418.0000   120     5421.0000     5418.0000  6261859    0.06%
  45700 34853     5420.0000    78     5421.0000     5418.0000  6302904    0.06%
  45800 34940     5419.0000    62     5421.0000     5418.0000  6331002    0.06%

Cover cuts applied:  2417
Mixed integer rounding cuts applied:  10
Gomory fractional cuts applied:  20

Solution pool: 15 solutions saved.

MIP - Time limit exceeded, integer feasible:  Objective = 5.4210000000e+003
Current MIP best bound = 5.4180000000e+003 (gap = 3, 0.06%)
Solution time = 7200.03 sec.  Iterations = 6346867  Nodes = 45870 (35001)


Incumbent solution
Variable Name           Solution Value
Cmax                       5421.000000
X_1_4                         1.000000
X_2_6                         1.000000
X_3_6                         1.000000
X_4_8                         1.000000
X_5_2                         1.000000
X_6_6                         1.000000
X_7_1                         1.000000
X_8_7                         1.000000
X_9_6                         1.000000
X_10_6                        1.000000
X_11_7                        1.000000
X_12_1                        1.000000
X_13_8                        1.000000
X_14_5                        1.000000
X_15_2                        1.000000
X_16_4                        1.000000
X_17_4                        1.000000
X_18_8                        1.000000
X_19_9                        1.000000
X_20_1                        1.000000
X_21_3                        1.000000
X_22_1                        1.000000
X_23_9                        1.000000
X_24_7                        1.000000
X_25_9                        1.000000
X_26_2                        1.000000
X_27_9                        1.000000
X_28_7                        1.000000
X_29_4                        1.000000
X_30_4                        1.000000
X_31_6                        1.000000
X_32_1                        1.000000
X_33_10                       1.000000
X_34_9                        1.000000
X_35_1                        1.000000
X_36_9                        1.000000
X_37_5                        1.000000
X_38_6                        1.000000
X_39_8                        1.000000
X_40_9                        1.000000
X_41_5                        1.000000
X_42_3                        1.000000
X_43_6                        1.000000
X_44_6                        1.000000
X_45_5                        1.000000
X_46_3                        1.000000
X_47_6                        1.000000
X_48_10                       1.000000
X_49_8                        1.000000
X_50_9                        1.000000
X_51_6                        1.000000
X_52_5                        1.000000
X_53_10                       1.000000
X_54_9                        1.000000
X_55_10                       1.000000
X_56_6                        1.000000
X_57_6                        1.000000
X_58_5                        1.000000
X_59_1                        1.000000
X_60_9                        1.000000
X_61_9                        1.000000
X_62_7                        1.000000
X_63_6                        1.000000
X_64_8                        1.000000
X_65_10                       1.000000
X_66_9                        1.000000
X_67_3                        1.000000
X_68_4                        1.000000
X_69_5                        1.000000
X_70_5                        1.000000
X_71_8                        1.000000
X_72_10                       1.000000
X_73_5                        1.000000
X_74_9                        1.000000
X_75_2                        1.000000
X_76_8                        1.000000
X_77_10                       1.000000
X_78_7                        1.000000
X_79_5                        1.000000
X_80_3                        1.000000
X_81_8                        1.000000
X_82_8                        1.000000
X_83_10                       1.000000
X_84_5                        1.000000
X_85_3                        1.000000
X_86_6                        1.000000
X_87_1                        1.000000
X_88_10                       1.000000
X_89_9                        1.000000
X_90_9                        1.000000
X_91_2                        1.000000
X_92_10                       1.000000
X_93_1                        1.000000
X_94_8                        1.000000
X_95_10                       1.000000
X_96_9                        1.000000
X_97_8                        1.000000
X_98_10                       1.000000
X_99_2                        1.000000
X_100_8                       1.000000
X_101_2                       1.000000
X_102_6                       1.000000
X_103_4                       1.000000
X_104_9                       1.000000
X_105_1                       1.000000
X_106_6                       1.000000
X_107_2                       1.000000
X_108_3                       1.000000
X_109_5                       1.000000
X_110_1                       1.000000
X_111_8                       1.000000
X_112_5                       1.000000
X_113_9                       1.000000
X_114_10                      1.000000
X_115_1                       1.000000
X_116_10                      1.000000
X_117_8                       1.000000
X_118_9                       1.000000
X_119_7                       1.000000
X_120_8                       1.000000
X_121_1                       1.000000
X_122_3                       1.000000
X_123_1                       1.000000
X_124_7                       1.000000
X_125_7                       1.000000
X_126_9                       1.000000
X_127_7                       1.000000
X_128_7                       1.000000
X_129_3                       1.000000
X_130_4                       1.000000
X_131_3                       1.000000
X_132_2                       1.000000
X_133_8                       1.000000
X_134_5                       1.000000
X_135_9                       1.000000
X_136_3                       1.000000
X_137_7                       1.000000
X_138_3                       1.000000
X_139_5                       1.000000
X_140_6                       1.000000
X_141_9                       1.000000
X_142_4                       1.000000
X_143_10                      1.000000
X_144_1                       1.000000
X_145_5                       1.000000
X_146_10                      1.000000
X_147_4                       1.000000
X_148_2                       1.000000
X_149_5                       1.000000
X_150_1                       1.000000
X_151_4                       1.000000
X_152_6                       1.000000
X_153_8                       1.000000
X_154_2                       1.000000
X_155_3                       1.000000
X_156_1                       1.000000
X_157_4                       1.000000
X_158_6                       1.000000
X_159_3                       1.000000
X_160_7                       1.000000
X_161_5                       1.000000
X_162_5                       1.000000
X_163_2                       1.000000
X_164_8                       1.000000
X_165_6                       1.000000
X_166_8                       1.000000
X_167_5                       1.000000
X_168_8                       1.000000
X_169_7                       1.000000
X_170_8                       1.000000
X_171_8                       1.000000
X_172_6                       1.000000
X_173_1                       1.000000
X_174_5                       1.000000
X_175_2                       1.000000
X_176_2                       1.000000
X_177_10                      1.000000
X_178_6                       1.000000
X_179_4                       1.000000
X_180_3                       1.000000
X_181_2                       1.000000
X_182_1                       1.000000
X_183_9                       1.000000
X_184_2                       1.000000
X_185_9                       1.000000
X_186_7                       1.000000
X_187_10                      1.000000
X_188_3                       1.000000
X_189_2                       1.000000
X_190_7                       1.000000
X_191_6                       1.000000
X_192_9                       1.000000
X_193_3                       1.000000
X_194_8                       1.000000
X_195_2                       1.000000
X_196_5                       1.000000
X_197_10                      1.000000
X_198_8                       1.000000
X_199_5                       1.000000
X_200_4                       1.000000
X_201_3                       1.000000
X_202_1                       1.000000
X_203_1                       1.000000
X_204_3                       1.000000
X_205_9                       1.000000
X_206_10                      1.000000
X_207_1                       1.000000
X_208_2                       1.000000
X_209_10                      1.000000
X_210_1                       1.000000
X_211_3                       1.000000
X_212_2                       1.000000
X_213_10                      1.000000
X_214_10                      1.000000
X_215_8                       1.000000
X_216_10                      1.000000
X_217_1                       1.000000
X_218_8                       1.000000
X_219_3                       1.000000
X_220_10                      1.000000
X_221_9                       1.000000
X_222_9                       1.000000
X_223_2                       1.000000
X_224_3                       1.000000
X_225_9                       1.000000
X_226_7                       1.000000
X_227_3                       1.000000
X_228_4                       1.000000
X_229_6                       1.000000
X_230_10                      1.000000
X_231_8                       1.000000
X_232_6                       1.000000
X_233_1                       1.000000
X_234_2                       1.000000
X_235_1                       1.000000
X_236_6                       1.000000
X_237_1                       1.000000
X_238_6                       1.000000
X_239_4                       1.000000
X_240_1                       1.000000
X_241_5                       1.000000
X_242_3                       1.000000
X_243_3                       1.000000
X_244_1                       1.000000
X_245_10                      1.000000
X_246_3                       1.000000
X_247_2                       1.000000
X_248_10                      1.000000
X_249_5                       1.000000
X_250_6                       1.000000
X_251_3                       1.000000
X_252_3                       1.000000
X_253_2                       1.000000
X_254_7                       1.000000
X_255_4                       1.000000
X_256_7                       1.000000
X_257_5                       1.000000
X_258_7                       1.000000
X_259_2                       1.000000
X_260_6                       1.000000
X_261_4                       1.000000
X_262_9                       1.000000
X_263_7                       1.000000
X_264_10                      1.000000
X_265_5                       1.000000
X_266_9                       1.000000
X_267_8                       1.000000
X_268_4                       1.000000
X_269_5                       1.000000
X_270_5                       1.000000
X_271_5                       1.000000
X_272_1                       1.000000
X_273_7                       1.000000
X_274_3                       1.000000
X_275_5                       1.000000
X_276_7                       1.000000
X_277_5                       1.000000
X_278_8                       1.000000
X_279_10                      1.000000
X_280_3                       1.000000
X_281_5                       1.000000
X_282_10                      1.000000
X_283_1                       1.000000
X_284_5                       1.000000
X_285_7                       1.000000
X_286_5                       1.000000
X_287_4                       1.000000
X_288_8                       1.000000
X_289_3                       1.000000
X_290_3                       1.000000
X_291_1                       1.000000
X_292_4                       1.000000
X_293_7                       1.000000
X_294_1                       1.000000
X_295_2                       1.000000
X_296_3                       1.000000
X_297_10                      1.000000
X_298_2                       1.000000
X_299_9                       1.000000
X_300_10                      1.000000
X_301_4                       1.000000
X_302_2                       1.000000
X_303_3                       1.000000
X_304_7                       1.000000
X_305_1                       1.000000
X_306_4                       1.000000
X_307_3                       1.000000
X_308_4                       1.000000
X_309_6                       1.000000
X_310_1                       1.000000
X_311_9                       1.000000
X_312_10                      1.000000
X_313_9                       1.000000
X_314_6                       1.000000
X_315_7                       1.000000
X_316_7                       1.000000
X_317_8                       1.000000
X_318_7                       1.000000
X_319_4                       1.000000
X_320_7                       1.000000
X_321_10                      1.000000
X_322_7                       1.000000
X_323_2                       1.000000
X_324_1                       1.000000
X_325_4                       1.000000
X_326_2                       1.000000
X_327_9                       1.000000
X_328_3                       1.000000
X_329_9                       1.000000
X_330_2                       1.000000
X_331_8                       1.000000
X_332_10                      1.000000
X_333_6                       1.000000
X_334_4                       1.000000
X_335_4                       1.000000
X_336_6                       1.000000
X_337_10                      1.000000
X_338_3                       1.000000
X_339_2                       1.000000
X_340_8                       1.000000
X_341_2                       1.000000
X_342_7                       1.000000
X_343_4                       1.000000
X_344_2                       1.000000
X_345_4                       1.000000
X_346_6                       1.000000
X_347_2                       1.000000
X_348_10                      1.000000
X_349_10                      1.000000
X_350_4                       1.000000
X_351_7                       1.000000
X_352_3                       1.000000
X_353_5                       1.000000
X_354_5                       1.000000
X_355_4                       1.000000
X_356_5                       1.000000
X_357_8                       1.000000
X_358_7                       1.000000
X_359_4                       1.000000
X_360_5                       1.000000
X_361_7                       1.000000
X_362_6                       1.000000
X_363_6                       1.000000
X_364_9                       1.000000
X_365_1                       1.000000
X_366_6                       1.000000
X_367_1                       1.000000
X_368_7                       1.000000
X_369_3                       1.000000
X_370_1                       1.000000
X_371_4                       1.000000
X_372_4                       1.000000
X_373_1                       1.000000
X_374_6                       1.000000
X_375_7                       1.000000
X_376_4                       1.000000
X_377_9                       1.000000
X_378_9                       1.000000
X_379_3                       1.000000
X_380_8                       1.000000
X_381_9                       1.000000
X_382_7                       1.000000
X_383_3                       1.000000
X_384_3                       1.000000
X_385_2                       1.000000
X_386_3                       1.000000
X_387_3                       1.000000
X_388_1                       1.000000
X_389_6                       1.000000
X_390_8                       1.000000
X_391_7                       1.000000
X_392_8                       1.000000
X_393_7                       1.000000
X_394_8                       1.000000
X_395_10                      1.000000
X_396_2                       1.000000
X_397_10                      1.000000
X_398_10                      1.000000
X_399_5                       1.000000
X_400_2                       1.000000
X_401_2                       1.000000
X_402_1                       1.000000
X_403_6                       1.000000
X_404_2                       1.000000
X_405_9                       1.000000
X_406_8                       1.000000
X_407_9                       1.000000
X_408_7                       1.000000
X_409_2                       1.000000
X_410_2                       1.000000
X_411_5                       1.000000
X_412_7                       1.000000
X_413_1                       1.000000
X_414_7                       1.000000
X_415_7                       1.000000
X_416_2                       1.000000
X_417_10                      1.000000
X_418_1                       1.000000
X_419_6                       1.000000
X_420_10                      1.000000
X_421_8                       1.000000
X_422_9                       1.000000
X_423_6                       1.000000
X_424_4                       1.000000
X_425_7                       1.000000
X_426_8                       1.000000
X_427_6                       1.000000
X_428_2                       1.000000
X_429_5                       1.000000
X_430_7                       1.000000
X_431_9                       1.000000
X_432_4                       1.000000
X_433_7                       1.000000
X_434_4                       1.000000
X_435_10                      1.000000
X_436_1                       1.000000
X_437_3                       1.000000
X_438_1                       1.000000
X_439_10                      1.000000
X_440_5                       1.000000
X_441_4                       1.000000
X_442_4                       1.000000
X_443_10                      1.000000
X_444_3                       1.000000
X_445_4                       1.000000
X_446_2                       1.000000
X_447_5                       1.000000
X_448_5                       1.000000
X_449_5                       1.000000
X_450_8                       1.000000
X_451_2                       1.000000
X_452_4                       1.000000
X_453_1                       1.000000
X_454_8                       1.000000
X_455_4                       1.000000
X_456_2                       1.000000
X_457_2                       1.000000
X_458_7                       1.000000
X_459_9                       1.000000
X_460_8                       1.000000
X_461_3                       1.000000
X_462_6                       1.000000
X_463_7                       1.000000
X_464_4                       1.000000
X_465_5                       1.000000
X_466_8                       1.000000
X_467_10                      1.000000
X_468_2                       1.000000
X_469_3                       1.000000
X_470_6                       1.000000
X_471_10                      1.000000
X_472_9                       1.000000
X_473_8                       1.000000
X_474_1                       1.000000
X_475_9                       1.000000
X_476_3                       1.000000
X_477_6                       1.000000
X_478_2                       1.000000
X_479_9                       1.000000
X_480_9                       1.000000
X_481_4                       1.000000
X_482_6                       1.000000
X_483_9                       1.000000
X_484_6                       1.000000
X_485_5                       1.000000
X_486_1                       1.000000
X_487_3                       1.000000
X_488_6                       1.000000
X_489_4                       1.000000
X_490_8                       1.000000
X_491_4                       1.000000
X_492_10                      1.000000
X_493_8                       1.000000
X_494_1                       1.000000
X_495_4                       1.000000
X_496_4                       1.000000
X_497_5                       1.000000
X_498_5                       1.000000
X_499_5                       1.000000
X_500_8                       1.000000
All other variables in the range 1-5001 are 0.
