
Log started (V11.0.0) Sat May 31 19:49:21 2008

Tried aggregator 1 time.
Reduced MIP has 550 rows, 25001 columns, and 50050 nonzeros.
Presolve time =    0.20 sec.
Clique table members: 500.
MIP emphasis: balance optimality and feasibility.
MIP search method: dynamic search.
Parallel mode: none, using 1 thread.
Root relaxation solution time =    1.67 sec.

        Nodes                                         Cuts/
   Node  Left     Objective  IInf  Best Integer     Best Node    ItCnt     Gap

*     0+    0                        74405.0000     1014.6809      984   98.64%
*     0+    0                         1030.0000     1014.6809      984    1.49%
      0     0     1015.0000    95     1030.0000      Fract: 6     1001    1.46%
      0     0     1015.0000    98     1030.0000     Covers: 1     1017    1.46%
      0     0     1015.0000   103     1030.0000     Covers: 4     1067    1.46%
*     0+    0                         1026.0000     1015.0000     1067    1.07%
*     0+    0                         1025.0000     1015.0000     1067    0.98%
      0     2     1015.0000   103     1025.0000     1015.0000     1067    0.98%
    100    94     1016.6968    95     1025.0000     1015.0000     7827    0.98%
    200   169     1017.0000    78     1025.0000     1015.0000    18361    0.98%
    300   224     1017.4373    94     1025.0000     1015.0000    37950    0.98%
    400   294     1018.1105    95     1025.0000     1015.0000    54700    0.98%
    500   389     1019.0000    91     1025.0000     1015.0000    58992    0.98%
    600   424     1017.0000    92     1025.0000     1015.1955    65985    0.96%
    700   448     1018.0000    92     1025.0000     1015.1955    69968    0.96%
    800   471     1019.0000    80     1025.0000     1015.1955    75093    0.96%
    900   502     1019.0000    84     1025.0000     1015.1955    76961    0.96%
   1000   528     1019.0000    95     1025.0000     1015.1955    81943    0.96%
Elapsed time = 198.30 sec. (tree size =  7.26 MB, solutions = 4)
   1100   560     1020.0000    86     1025.0000     1015.1955    89710    0.96%
   1200   660     1020.0000    86     1025.0000     1015.1955    90508    0.96%
   1300   760     1020.0000    84     1025.0000     1015.1955    92225    0.96%
   1400   858     1020.0040   102     1025.0000     1015.1955   100735    0.96%
   1500   954     1021.0000    79     1025.0000     1015.1955   107053    0.96%
   1600  1054     1021.0000    88     1025.0000     1015.1955   108383    0.96%
   1700  1154     1021.0000    93     1025.0000     1015.1955   110464    0.96%
   1800  1252     1024.0000    75     1025.0000     1015.1955   112798    0.96%
   1900  1352     1024.0000    87     1025.0000     1015.1955   113509    0.96%
   2000  1445     1016.0000    80     1025.0000     1015.1961   115392    0.96%
Elapsed time = 258.41 sec. (tree size = 21.56 MB, solutions = 4)
   2100  1543     1016.0000    78     1025.0000     1015.1961   118099    0.96%
   2200  1642     1016.0000    72     1025.0000     1015.1961   120210    0.96%
   2300  1742     1016.0000    76     1025.0000     1015.1961   122034    0.96%
   2400  1842     1016.0000    89     1025.0000     1015.1961   124814    0.96%
   2500  1938     1016.0000    99     1025.0000     1015.1961   131613    0.96%
   2600  1996     1017.0000    79     1025.0000     1015.1961   134801    0.96%
   2700  2094     1019.0000    91     1025.0000     1015.1961   137775    0.96%
   2800  2190     1020.0000    78     1025.0000     1015.1961   140526    0.96%
   2900  2286     1021.0000    76     1025.0000     1015.1961   144288    0.96%
   3000  2384     1021.0000    95     1025.0000     1015.1961   147370    0.96%
Elapsed time = 318.56 sec. (tree size = 35.42 MB, solutions = 4)
   3100  2480     1022.0000    93     1025.0000     1015.1961   150885    0.96%
   3200  2572     1024.0000    75     1025.0000     1015.1961   156228    0.96%
   3300  2657     1016.0000    97     1025.0000     1016.0000   161812    0.88%
   3400  2754     1016.0000    88     1025.0000     1016.0000   166373    0.88%
   3500  2852     1016.0000    89     1025.0000     1016.0000   170162    0.88%
   3600  2948     1016.0000   100     1025.0000     1016.0000   174249    0.88%
   3700  3025     1017.0000    93     1025.0000     1016.0000   178403    0.88%
   3800  3120     1018.0000   102     1025.0000     1016.0000   183368    0.88%
   3900  3209     1024.0000    79     1025.0000     1016.0000   186559    0.88%
   4000  3302     1017.0000   104     1025.0000     1016.0000   193505    0.88%
Elapsed time = 388.13 sec. (tree size = 48.61 MB, solutions = 4)
   4100  3394     1024.0000    93     1025.0000     1016.0000   196657    0.88%
   4200  3493     1017.0000    96     1025.0000     1016.0000   199468    0.88%
   4300  3586     1021.0000    78     1025.0000     1016.0000   203092    0.88%
   4400  3685     1016.0000    96     1025.0000     1016.0000   207595    0.88%
   4500  3782     1016.0000    95     1025.0000     1016.0000   212814    0.88%
   4600  3879     1019.0000    93     1025.0000     1016.0000   216153    0.88%
   4700  3974     1024.0000    97     1025.0000     1016.0000   220578    0.88%
*  4753+ 3614                         1024.0000     1016.0000   225275    0.78%
   4800  3661     1018.0000    90     1024.0000     1016.0000   226578    0.78%
   4900  3744     1016.0000   111     1024.0000     1016.0000   234623    0.78%
*  4913+ 3611                         1023.0000     1016.0000   235053    0.68%
   5000  3698     1017.0000    99     1023.0000     1016.0000   237550    0.68%
Elapsed time = 454.88 sec. (tree size = 53.03 MB, solutions = 6)
   5100  3794     1021.0000    92     1023.0000     1016.0000   241221    0.68%
   5200  3894     1016.0000   100     1023.0000     1016.0000   244489    0.68%
*  5213+ 3752                         1022.0000     1016.0000   244878    0.59%
*  5213+ 3260                         1021.0000     1016.0000   244878    0.49%
   5300  3344     1017.0000    72     1021.0000     1016.0000   248175    0.49%
   5400  3444     1016.0000    84     1021.0000     1016.0000   252152    0.49%
   5500  3538     1018.0000    93     1021.0000     1016.0000   257363    0.49%
   5600  3637     1017.0000   116     1021.0000     1016.0000   260057    0.49%
   5700  3731     1020.0000    99     1021.0000     1016.0000   263860    0.49%
   5800  3825     1016.0000   103     1021.0000     1016.0000   270596    0.49%
   5900  3922     1020.0000    97     1021.0000     1016.0000   274328    0.49%
   6000  4013     1017.0000    93     1021.0000     1016.0000   279216    0.49%
Elapsed time = 533.84 sec. (tree size = 56.26 MB, solutions = 8)
   6100  4112     1017.0000   110     1021.0000     1016.0000   282788    0.49%
   6200  4208     1018.0000   107     1021.0000     1016.0000   286873    0.49%
   6300  4296     1020.0000   113     1021.0000     1016.0000   294986    0.49%
   6400  4387     1018.1774   122     1021.0000     1016.0000   301176    0.49%
   6500  4484     1019.0000    72     1021.0000     1016.0000   305016    0.49%
   6600  4582     1019.0000    95     1021.0000     1016.0000   308319    0.49%
   6700  4681     1020.0000    90     1021.0000     1016.0000   310363    0.49%
   6800  4776     1018.1900   122     1021.0000     1016.0000   316726    0.49%
   6900  4865     1017.0000    98     1021.0000     1016.0000   327122    0.49%
   7000  4962     1019.0000    76     1021.0000     1016.0000   331701    0.49%
Elapsed time = 627.84 sec. (tree size = 70.41 MB, solutions = 8)
   7100  5061     1020.0000   109     1021.0000     1016.0000   334719    0.49%
   7200  5160     1018.0000    90     1021.0000     1016.0000   337079    0.49%
   7300  5259     1019.0000    93     1021.0000     1016.0000   339824    0.49%
   7400  5354     1018.0000    66     1021.0000     1016.0000   343988    0.49%
   7500  5454     1018.0000    82     1021.0000     1016.0000   346153    0.49%
   7600  5554     1016.0000    98     1021.0000     1016.0000   348725    0.49%
   7700  5654     1016.0000    98     1021.0000     1016.0000   351478    0.49%
   7800  5751     1018.0000    85     1021.0000     1016.0000   356060    0.49%
   7900  5851     1018.0000    88     1021.0000     1016.0000   357879    0.49%
*  7913+ 5072                         1020.0000     1016.0000   358192    0.39%
   8000  5160     1017.0000   102     1020.0000     1016.0000   360982    0.39%
Elapsed time = 694.91 sec. (tree size = 72.35 MB, solutions = 9)
   8100  5259     1018.0000    92     1020.0000     1016.0000   363810    0.39%
   8200  5358     1018.0000    97     1020.0000     1016.0000   366136    0.39%
   8300  5455     1019.0000    96     1020.0000     1016.0000   369926    0.39%
   8400  5554     1017.0000    69     1020.0000     1016.0000   373023    0.39%
*  8413+ 4597                         1019.0000     1016.0000   373457    0.29%
   8500  4686     1017.0000    90     1019.0000     1016.0000   376972    0.29%
   8600  4785     1017.0000   106     1019.0000     1016.0000   380995    0.29%
   8700  4885     1017.0000   108     1019.0000     1016.0000   383435    0.29%
   8800  4984     1018.0000    99     1019.0000     1016.0000   386588    0.29%
   8900  5080     1016.0000   110     1019.0000     1016.0000   390365    0.29%
   9000  5179     1017.0000    94     1019.0000     1016.0000   393669    0.29%
Elapsed time = 767.33 sec. (tree size = 72.82 MB, solutions = 10)
   9100  5278     1018.0000    94     1019.0000     1016.0000   396456    0.29%
   9200  5378     1016.0000   102     1019.0000     1016.0000   400504    0.29%
   9300  5472     1017.0000    83     1019.0000     1016.0000   407577    0.29%
   9400  5559     1017.0000    94     1019.0000     1016.0000   415852    0.29%
   9500  5649     1017.0000    96     1019.0000     1016.0000   423943    0.29%
   9600  5748     1017.0000   102     1019.0000     1016.0000   428822    0.29%
   9700  5843     1016.0000   100     1019.0000     1016.0000   433768    0.29%
   9800  5942     1017.0000    77     1019.0000     1016.0000   437097    0.29%
   9900  6042     1017.0000   112     1019.0000     1016.0000   440160    0.29%
  10000  6139     1018.0000   107     1019.0000     1016.0000   444829    0.29%
Elapsed time = 861.08 sec. (tree size = 87.85 MB, solutions = 10)
  10100  6230     1017.0000   120     1019.0000     1016.0000   450939    0.29%
  10200  6325     1018.0000   100     1019.0000     1016.0000   453639    0.29%
  10300  6414     1017.0000    92     1019.0000     1016.0000   459541    0.29%
  10400  6514     1017.0000   102     1019.0000     1016.0000   463246    0.29%
  10500  6594     1018.0000    78     1019.0000     1016.0000   465798    0.29%
  10600  6691     1017.0000    85     1019.0000     1016.0000   469571    0.29%
  10700  6791     1017.0000    97     1019.0000     1016.0000   472331    0.29%
  10800  6890     1016.0000   108     1019.0000     1016.0000   476593    0.29%
  10900  6986     1017.0000    74     1019.0000     1016.0000   481522    0.29%
  11000  7084     1017.0000   105     1019.0000     1016.0000   484690    0.29%
Elapsed time = 938.27 sec. (tree size = 103.23 MB, solutions = 10)
  11100  7182     1017.0000   110     1019.0000     1016.0000   488069    0.29%
  11200  7280     1017.0000   106     1019.0000     1016.0000   491792    0.29%
  11300  7375     1018.0000    93     1019.0000     1016.0000   497336    0.29%
  11400  7467     1016.0000    98     1019.0000     1016.0000   509336    0.29%
  11500  7567     1016.0000   102     1019.0000     1016.0000   513191    0.29%
  11600  7665     1016.0000   115     1019.0000     1016.0000   518009    0.29%
  11700  7762     1017.0000    52     1019.0000     1016.0000   521509    0.29%
  11800  7861     1016.0000   109     1019.0000     1016.0000   525622    0.29%
  11900  7958     1017.0000    88     1019.0000     1016.0000   527601    0.29%
  12000  8040     1016.0000   105     1019.0000     1016.0000   537278    0.29%
Elapsed time = 1016.38 sec. (tree size = 118.20 MB, solutions = 10)
  12100  8138    infeasible           1019.0000     1016.0000   540263    0.29%
  12200  8234     1018.0000   106     1019.0000     1016.0000   543585    0.29%
  12300  8328     1016.0000   112     1019.0000     1016.0000   548562    0.29%
  12400  8428     1016.0000    96     1019.0000     1016.0000   553017    0.29%
  12500  8516     1017.0000    77     1019.0000     1016.0000   561210    0.29%
  12600  8600     1017.0000    85     1019.0000     1016.0000   570065    0.29%
Began writing nodes to disk (directory ./cpxa03760 created)
  12700  8691     1017.0000   119     1019.0000     1016.0000   577686    0.29%
  12800  8791     1017.0000   115     1019.0000     1016.0000   581020    0.29%
  12900  8881     1018.0000    81     1019.0000     1016.0000   586341    0.29%
  13000  8965     1017.0000    90     1019.0000     1016.0000   594340    0.29%
Elapsed time = 1108.53 sec. (tree size = 133.31 MB, solutions = 10)
Nodefile size =  5.94 MB (3.49 MB after compression)
  13100  9065     1017.0000   104     1019.0000     1016.0000   597998    0.29%
  13200  9147     1016.0000   137     1019.0000     1016.0000   610082    0.29%
  13300  9246     1017.0000   124     1019.0000     1016.0000   612583    0.29%
  13400  9343     1018.0000   116     1019.0000     1016.0000   617130    0.29%
  13500  9438     1018.0000    98     1019.0000     1016.0000   621937    0.29%
  13600  9533     1017.0000   110     1019.0000     1016.0000   630650    0.29%
  13700  9631     1018.0000   105     1019.0000     1016.0000   633581    0.29%
  13800  9724     1018.0000    98     1019.0000     1016.0000   642126    0.29%
  13900  9824     1018.0000   116     1019.0000     1016.0000   646282    0.29%
  14000  9914     1017.0000   109     1019.0000     1016.0000   653682    0.29%
Elapsed time = 1187.70 sec. (tree size = 149.55 MB, solutions = 10)
Nodefile size = 21.80 MB (12.89 MB after compression)
  14100 10013     1018.0000    93     1019.0000     1016.0000   657042    0.29%
  14200 10106     1017.0000   113     1019.0000     1016.0000   663426    0.29%
  14300 10204     1017.0000   119     1019.0000     1016.0000   669152    0.29%
  14400 10299     1018.0000    90     1019.0000     1016.0000   673191    0.29%
  14500 10396     1018.0000   100     1019.0000     1016.0000   680173    0.29%
  14600 10483     1018.0000   117     1019.0000     1016.0000   689490    0.29%
  14700 10570     1018.0000    95     1019.0000     1016.0000   696315    0.29%
  14800 10668     1018.0000   108     1019.0000     1016.0000   701130    0.29%
  14900 10764     1018.0000   105     1019.0000     1016.0000   709147    0.29%
  15000 10854     1018.0000   114     1019.0000     1016.0000   720328    0.29%
Elapsed time = 1272.98 sec. (tree size = 165.79 MB, solutions = 10)
Nodefile size = 38.62 MB (23.50 MB after compression)
  15100 10944     1017.0000    66     1019.0000     1016.0000   731127    0.29%
  15200 11030     1017.7032   129     1019.0000     1016.0000   746141    0.29%
  15300 11121     1016.0000   121     1019.0000     1016.0000   751666    0.29%
  15400 11219     1018.0000   102     1019.0000     1016.0000   754739    0.29%
  15500 11315     1016.0000   112     1019.0000     1016.0000   761364    0.29%
  15600 11411     1017.0000   111     1019.0000     1016.0000   764764    0.29%
  15700 11506     1018.0000   108     1019.0000     1016.0000   767979    0.29%
  15800 11599     1017.0000    83     1019.0000     1016.0000   772081    0.29%
  15900 11698     1018.0000    88     1019.0000     1016.0000   775537    0.29%
  16000 11788     1017.0000    83     1019.0000     1016.0000   782545    0.29%
Elapsed time = 1368.59 sec. (tree size = 181.10 MB, solutions = 10)
Nodefile size = 53.48 MB (32.28 MB after compression)
  16100 11882     1017.0000   100     1019.0000     1016.0000   786303    0.29%
  16200 11978     1016.0000   123     1019.0000     1016.0000   791694    0.29%
  16300 12076     1017.0000   108     1019.0000     1016.0000   794973    0.29%
  16400 12166     1016.0000   131     1019.0000     1016.0000   803785    0.29%
  16500 12264     1018.0000    73     1019.0000     1016.0000   806598    0.29%
  16600 12354     1016.0000   110     1019.0000     1016.0000   815765    0.29%
  16700 12451     1018.0000   101     1019.0000     1016.0000   819180    0.29%
  16800 12544     1017.0000    86     1019.0000     1016.0000   824903    0.29%
  16900 12643     1017.0000   106     1019.0000     1016.0000   830620    0.29%
  17000 12743     1017.0000   122     1019.0000     1016.0000   836528    0.29%
Elapsed time = 1453.77 sec. (tree size = 197.16 MB, solutions = 10)
Nodefile size = 69.34 MB (41.83 MB after compression)
  17100 12833    infeasible           1019.0000     1016.0000   842303    0.29%
  17200 12926     1018.0000    85     1019.0000     1016.0000   851835    0.29%
  17300 13026     1018.0000    95     1019.0000     1016.0000   854718    0.29%
  17400 13118    infeasible           1019.0000     1016.0000   863609    0.29%
  17500 13207     1018.0000   108     1019.0000     1016.0000   868980    0.29%
  17600 13297     1016.0000   103     1019.0000     1016.0000   874170    0.29%
  17700 13395     1017.0000    85     1019.0000     1016.0000   876598    0.29%
  17800 13491     1016.0000    99     1019.0000     1016.0000   882029    0.29%
  17900 13591     1016.0000   111     1019.0000     1016.0000   885475    0.29%
  18000 13690     1016.0000   122     1019.0000     1016.0000   889021    0.29%
Elapsed time = 1533.06 sec. (tree size = 212.90 MB, solutions = 10)
Nodefile size = 85.27 MB (52.28 MB after compression)
  18100 13787     1017.0000    87     1019.0000     1016.0000   894682    0.29%
  18200 13887     1016.0000   106     1019.0000     1016.0000   900774    0.29%
  18300 13984     1018.0000   113     1019.0000     1016.0000   904784    0.29%
  18400 14077     1016.0000   114     1019.0000     1016.0000   909991    0.29%
  18500 14171        cutoff           1019.0000     1016.0000   913773    0.29%
  18600 14267     1016.0000   124     1019.0000     1016.0000   917794    0.29%
  18700 14365     1017.0000   107     1019.0000     1016.0000   921488    0.29%
  18800 14465     1016.0000    99     1019.0000     1016.0000   925742    0.29%
  18900 14561     1017.0000    79     1019.0000     1016.0000   929513    0.29%
  19000 14635     1017.0000    91     1019.0000     1016.0000   943805    0.29%
Elapsed time = 1617.67 sec. (tree size = 228.15 MB, solutions = 10)
Nodefile size = 101.13 MB (62.12 MB after compression)
  19100 14735     1017.0000    94     1019.0000     1016.0000   946522    0.29%
  19200 14825    infeasible           1019.0000     1016.0000   954935    0.29%
  19300 14920     1017.0000    88     1019.0000     1016.0000   961288    0.29%
  19400 15018     1017.0000   107     1019.0000     1016.0000   968470    0.29%
  19500 15111     1017.0000   100     1019.0000     1016.0000   973111    0.29%
  19600 15209     1018.0000    95     1019.0000     1016.0000   977618    0.29%
  19700 15302     1017.0000    92     1019.0000     1016.0000   997746    0.29%
  19800 15395     1017.0000   117     1019.0000     1016.0000  1006371    0.29%
  19900 15495     1017.0000   109     1019.0000     1016.0000  1008583    0.29%
  20000 15595     1018.0000    90     1019.0000     1016.0000  1012900    0.29%
Elapsed time = 1711.91 sec. (tree size = 245.19 MB, solutions = 10)
Nodefile size = 117.98 MB (72.59 MB after compression)
  20100 15678     1017.0000    79     1019.0000     1016.0000  1020286    0.29%
  20200 15778     1017.0000    93     1019.0000     1016.0000  1023407    0.29%
  20300 15878     1017.0000   113     1019.0000     1016.0000  1028821    0.29%
  20400 15967    infeasible           1019.0000     1016.0000  1032921    0.29%
  20500 16060     1018.0000   124     1019.0000     1016.0000  1042642    0.29%
  20600 16155     1017.0000   109     1019.0000     1016.0000  1046780    0.29%
  20700 16253     1018.0000    96     1019.0000     1016.0000  1049803    0.29%
  20800 16338     1018.0000   117     1019.0000     1016.0000  1058279    0.29%
  20900 16430     1016.0000   112     1019.0000     1016.0000  1069239    0.29%
  21000 16529     1016.0000   109     1019.0000     1016.0000  1075223    0.29%
Elapsed time = 1798.73 sec. (tree size = 261.45 MB, solutions = 10)
Nodefile size = 133.86 MB (82.95 MB after compression)
  21100 16619     1017.0000    85     1019.0000     1016.0000  1083669    0.29%
  21200 16713     1017.0000   107     1019.0000     1016.0000  1090563    0.29%
  21300 16783    infeasible           1019.0000     1016.0000  1118822    0.29%
  21400 16879     1017.0000    80     1019.0000     1016.0000  1123540    0.29%
  21500 16976     1018.0000   107     1019.0000     1016.0000  1127175    0.29%
  21600 17071     1018.0000   109     1019.0000     1016.0000  1131363    0.29%
  21700 17153     1016.0000   110     1019.0000     1016.0000  1151186    0.29%
  21800 17251     1017.0000    88     1019.0000     1016.0000  1154177    0.29%
  21900 17349     1018.0000   105     1019.0000     1016.0000  1157127    0.29%
  22000 17443     1016.0000    99     1019.0000     1016.0000  1174529    0.29%
Elapsed time = 1906.27 sec. (tree size = 277.07 MB, solutions = 10)
Nodefile size = 149.71 MB (93.07 MB after compression)
  22100 17543     1016.0000   111     1019.0000     1016.0000  1178857    0.29%
  22200 17635     1017.0000    80     1019.0000     1016.0000  1186486    0.29%
  22300 17735     1017.0000   103     1019.0000     1016.0000  1192882    0.29%
  22400 17825     1018.0000   101     1019.0000     1016.0000  1199149    0.29%
  22500 17921     1016.0000   103     1019.0000     1016.0000  1205996    0.29%
  22600 18021     1016.0000   129     1019.0000     1016.0000  1209543    0.29%
  22700 18121     1018.0000    69     1019.0000     1016.0000  1210359    0.29%
  22800 18221     1018.0000    70     1019.0000     1016.0000  1210882    0.29%
  22900 18321     1018.0000    69     1019.0000     1016.0000  1211474    0.29%
  23000 18421     1018.0000    73     1019.0000     1016.0000  1211773    0.29%
Elapsed time = 1982.22 sec. (tree size = 293.80 MB, solutions = 10)
Nodefile size = 166.52 MB (103.69 MB after compression)
  23100 18521     1018.0000    73     1019.0000     1016.0000  1212575    0.29%
  23200 18621     1016.0000   123     1019.0000     1016.0000  1215771    0.29%
  23300 18720     1018.0000   113     1019.0000     1016.0000  1219106    0.29%
  23400 18820     1016.0000   118     1019.0000     1016.0000  1224916    0.29%
  23500 18914     1016.0000   122     1019.0000     1016.0000  1230796    0.29%
  23600 19003     1016.0000   119     1019.0000     1016.0000  1235223    0.29%
  23700 19101     1017.0000    90     1019.0000     1016.0000  1238683    0.29%
  23800 19199     1018.0000    81     1019.0000     1016.0000  1242733    0.29%
  23900 19291     1016.0000   117     1019.0000     1016.0000  1250394    0.29%
  24000 19390     1017.0000    89     1019.0000     1016.0000  1253439    0.29%
Elapsed time = 2054.97 sec. (tree size = 309.96 MB, solutions = 10)
Nodefile size = 182.40 MB (113.54 MB after compression)
  24100 19478     1016.0000   114     1019.0000     1016.0000  1265216    0.29%
  24200 19577     1017.0000    76     1019.0000     1016.0000  1269710    0.29%
  24300 19674     1018.0000    97     1019.0000     1016.0000  1276403    0.29%
  24400 19760     1016.0000   124     1019.0000     1016.0000  1288233    0.29%
  24500 19858     1017.0000   111     1019.0000     1016.0000  1291592    0.29%
  24600 19946    infeasible           1019.0000     1016.0000  1312767    0.29%
  24700 20033     1016.0000   120     1019.0000     1016.0000  1321174    0.29%
  24800 20133     1016.0000   127     1019.0000     1016.0000  1324986    0.29%
  24900 20231     1017.0000   100     1019.0000     1016.0000  1328134    0.29%
  25000 20312     1016.0000   123     1019.0000     1016.0000  1359674    0.29%
Elapsed time = 2164.92 sec. (tree size = 325.66 MB, solutions = 10)
Nodefile size = 198.28 MB (123.65 MB after compression)
  25100 20410     1018.0000   101     1019.0000     1016.0000  1363340    0.29%
  25200 20503     1017.0000    97     1019.0000     1016.0000  1369748    0.29%
  25300 20601     1018.0000   105     1019.0000     1016.0000  1373851    0.29%
  25400 20694     1017.0000   117     1019.0000     1016.0000  1379247    0.29%
  25500 20788     1018.0000   104     1019.0000     1016.0000  1385854    0.29%
  25600 20876     1017.0000   101     1019.0000     1016.0000  1395348    0.29%
  25700 20971     1018.0000   113     1019.0000     1016.0000  1399688    0.29%
  25800 21060     1017.0000   106     1019.0000     1016.0000  1407225    0.29%
  25900 21160     1017.0000   110     1019.0000     1016.0000  1409468    0.29%
  26000 21251     1016.0000   127     1019.0000     1016.0000  1421619    0.29%
Elapsed time = 2244.83 sec. (tree size = 342.72 MB, solutions = 10)
Nodefile size = 215.10 MB (134.88 MB after compression)
  26100 21348     1017.0000    76     1019.0000     1016.0000  1425306    0.29%
  26200 21446     1017.0000    91     1019.0000     1016.0000  1433765    0.29%
  26300 21538     1018.0000    89     1019.0000     1016.0000  1441858    0.29%
  26400 21612    infeasible           1019.0000     1016.0000  1474724    0.29%
  26500 21682     1018.0000    91     1019.0000     1016.0000  1514687    0.29%
  26600 21773     1017.0000   104     1019.0000     1016.0000  1526735    0.29%
  26700 21873     1018.0000    80     1019.0000     1016.0000  1530557    0.29%
  26800 21964     1018.0000   132     1019.0000     1016.0000  1536283    0.29%
  26900 22057     1018.0000   133     1019.0000     1016.0000  1543700    0.29%
  27000 22152     1016.0000   129     1019.0000     1016.0000  1551124    0.29%
Elapsed time = 2388.84 sec. (tree size = 358.89 MB, solutions = 10)
Nodefile size = 230.93 MB (145.43 MB after compression)
  27100 22244     1017.0000    68     1019.0000     1016.0000  1557354    0.29%
  27200 22330     1018.0000   120     1019.0000     1016.0000  1566817    0.29%
  27300 22422     1017.0000    99     1019.0000     1016.0000  1574302    0.29%
  27400 22522     1017.0000   100     1019.0000     1016.0000  1576565    0.29%
  27500 22613     1018.0000   117     1019.0000     1016.0000  1593845    0.29%
  27600 22706     1017.0000   104     1019.0000     1016.0000  1600392    0.29%
  27700 22804     1018.0000    91     1019.0000     1016.0000  1604889    0.29%
  27800 22891     1017.0000    94     1019.0000     1016.0000  1614019    0.29%
  27900 22991     1017.0000   106     1019.0000     1016.0000  1616408    0.29%
  28000 23090     1017.0000   109     1019.0000     1016.0000  1622121    0.29%
Elapsed time = 2483.31 sec. (tree size = 375.79 MB, solutions = 10)
Nodefile size = 247.84 MB (156.40 MB after compression)
  28100 23184     1018.0000    80     1019.0000     1016.0000  1639180    0.29%
  28200 23272     1018.0000   121     1019.0000     1016.0000  1665465    0.29%
  28300 23372     1018.0000   126     1019.0000     1016.0000  1668588    0.29%
  28400 23458     1017.0000    90     1019.0000     1016.0000  1679677    0.29%
  28500 23558     1017.0000   115     1019.0000     1016.0000  1683687    0.29%
  28600 23656     1018.0000   116     1019.0000     1016.0000  1688545    0.29%
  28700 23751     1018.0000   123     1019.0000     1016.0000  1694629    0.29%
  28800 23838     1016.0000   123     1019.0000     1016.0000  1704930    0.29%
  28900 23937     1017.0000   121     1019.0000     1016.0000  1708909    0.29%
  29000 24035     1018.0000   110     1019.0000     1016.0000  1712781    0.29%
Elapsed time = 2596.11 sec. (tree size = 393.08 MB, solutions = 10)
Nodefile size = 265.71 MB (168.47 MB after compression)
  29100 24130     1018.0000   133     1019.0000     1016.0000  1718821    0.29%
  29200 24222     1017.0000    88     1019.0000     1016.0000  1726583    0.29%
  29300 24320     1017.0000    80     1019.0000     1016.0000  1738928    0.29%
  29400 24416     1017.0000    84     1019.0000     1016.0000  1759370    0.29%
  29500 24505     1017.0000    80     1019.0000     1016.0000  1774871    0.29%
  29600 24605     1017.0000   116     1019.0000     1016.0000  1777690    0.29%
  29700 24695     1017.0000    90     1019.0000     1016.0000  1796386    0.29%
  29800 24795     1017.0000   109     1019.0000     1016.0000  1799517    0.29%
  29900 24894     1018.0000   108     1019.0000     1016.0000  1805076    0.29%
  30000 24985     1017.0000    85     1019.0000     1016.0000  1812678    0.29%
Elapsed time = 2738.28 sec. (tree size = 410.43 MB, solutions = 10)
Nodefile size = 282.49 MB (179.56 MB after compression)
  30100 25084     1018.0000   102     1019.0000     1016.0000  1816007    0.29%
  30200 25178     1016.0000   121     1019.0000     1016.0000  1822224    0.29%
  30300 25275     1017.0000    91     1019.0000     1016.0000  1826524    0.29%
  30400 25372     1017.0000   107     1019.0000     1016.0000  1832605    0.29%
  30500 25464     1016.0000   110     1019.0000     1016.0000  1838562    0.29%
  30600 25562     1017.0000    94     1019.0000     1016.0000  1842221    0.29%
  30700 25659     1018.0000    83     1019.0000     1016.0000  1846294    0.29%
  30800 25750     1018.0000   129     1019.0000     1016.0000  1853586    0.29%
  30900 25843     1018.0000    95     1019.0000     1016.0000  1862589    0.29%
  31000 25939     1016.0000   126     1019.0000     1016.0000  1870235    0.29%
Elapsed time = 2834.38 sec. (tree size = 427.73 MB, solutions = 10)
Nodefile size = 300.33 MB (191.37 MB after compression)
  31100 26031     1017.0000    82     1019.0000     1016.0000  1876456    0.29%
  31200 26118     1016.0000   124     1019.0000     1016.0000  1885044    0.29%
  31300 26217     1017.0000   107     1019.0000     1016.0000  1889044    0.29%
  31400 26316     1018.0000    83     1019.0000     1016.0000  1892717    0.29%
  31500 26412     1016.0000   118     1019.0000     1016.0000  1898163    0.29%
  31600 26511     1017.0000    98     1019.0000     1016.0000  1900952    0.29%
  31700 26602     1016.0000   118     1019.0000     1016.0000  1908608    0.29%
  31800 26701     1017.0000    91     1019.0000     1016.0000  1912293    0.29%
  31900 26800     1018.0000    79     1019.0000     1016.0000  1916818    0.29%
  32000 26894     1016.0000   110     1019.0000     1016.0000  1926501    0.29%
Elapsed time = 2936.64 sec. (tree size = 444.75 MB, solutions = 10)
Nodefile size = 317.21 MB (202.46 MB after compression)
  32100 26994     1016.0000   115     1019.0000     1016.0000  1931211    0.29%
  32200 27091     1017.0000    63     1019.0000     1016.0000  1936648    0.29%
  32300 27180     1017.0000   103     1019.0000     1016.0000  1948526    0.29%
  32400 27267     1018.0000    91     1019.0000     1016.0000  1963182    0.29%
  32500 27351     1016.0000   133     1019.0000     1016.0000  1982901    0.29%
  32600 27451     1017.0000   101     1019.0000     1016.0000  1985780    0.29%
  32700 27546     1018.0000   112     1019.0000     1016.0000  1994048    0.29%
  32800 27633     1017.0000    73     1019.0000     1016.0000  2003482    0.29%
  32900 27732     1018.0000   106     1019.0000     1016.0000  2007857    0.29%
  33000 27822     1016.0000   138     1019.0000     1016.0000  2018905    0.29%
Elapsed time = 3061.80 sec. (tree size = 461.31 MB, solutions = 10)
Nodefile size = 334.08 MB (213.63 MB after compression)
  33100 27914     1016.0000   115     1019.0000     1016.0000  2025443    0.29%
  33200 28011     1017.0000    81     1019.0000     1016.0000  2030407    0.29%
  33300 28104     1016.0000   117     1019.0000     1016.0000  2036757    0.29%
  33400 28202     1017.0000    78     1019.0000     1016.0000  2040384    0.29%
  33500 28297     1016.0000   110     1019.0000     1016.0000  2045648    0.29%
  33600 28397     1016.0000   118     1019.0000     1016.0000  2049265    0.29%
  33700 28497     1017.0000    74     1019.0000     1016.0000  2051061    0.29%
  33800 28597     1017.0000    82     1019.0000     1016.0000  2052861    0.29%
  33900 28697     1017.0000    76     1019.0000     1016.0000  2054952    0.29%
  34000 28797     1017.0000   100     1019.0000     1016.0000  2059495    0.29%
Elapsed time = 3151.13 sec. (tree size = 478.79 MB, solutions = 10)
Nodefile size = 350.93 MB (224.38 MB after compression)
  34100 28897     1017.0000   101     1019.0000     1016.0000  2065237    0.29%
  34200 28996     1018.0000    75     1019.0000     1016.0000  2069488    0.29%
  34300 29086     1016.0000   122     1019.0000     1016.0000  2081655    0.29%
  34400 29185     1017.0000    81     1019.0000     1016.0000  2085036    0.29%
  34500 29284     1018.0000   107     1019.0000     1016.0000  2088815    0.29%
  34600 29376     1016.0000   128     1019.0000     1016.0000  2095971    0.29%
  34700 29474     1017.0000   118     1019.0000     1016.0000  2099224    0.29%
  34800 29573     1018.0000   116     1019.0000     1016.0000  2103482    0.29%
  34900 29660     1016.0000   133     1019.0000     1016.0000  2113548    0.29%
  35000 29758     1017.0000   106     1019.0000     1016.0000  2117494    0.29%
Elapsed time = 3247.39 sec. (tree size = 496.21 MB, solutions = 10)
Nodefile size = 368.72 MB (236.45 MB after compression)
  35100 29855     1018.0000    85     1019.0000     1016.0000  2125848    0.29%
  35200 29921     1016.0000   132     1019.0000     1016.0000  2149807    0.29%
  35300 30019     1017.0000   121     1019.0000     1016.0000  2154119    0.29%
  35400 30118     1018.0000   120     1019.0000     1016.0000  2158987    0.29%
  35500 30198     1017.0000    82     1019.0000     1016.0000  2172376    0.29%
  35600 30298     1017.0000    83     1019.0000     1016.0000  2177114    0.29%
  35700 30380     1018.0000   134     1019.0000     1016.0000  2193142    0.29%
  35800 30468     1017.0000    96     1019.0000     1016.0000  2205080    0.29%
  35900 30568     1017.0000   104     1019.0000     1016.0000  2208886    0.29%
  36000 30667     1017.0000   111     1019.0000     1016.0000  2215383    0.29%
Elapsed time = 3366.02 sec. (tree size = 513.41 MB, solutions = 10)
Nodefile size = 385.62 MB (248.02 MB after compression)
  36100 30750     1018.0000    60     1019.0000     1016.0000  2233746    0.29%
  36200 30838     1017.0000   106     1019.0000     1016.0000  2243166    0.29%
  36300 30938     1017.0585   126     1019.0000     1016.0000  2247567    0.29%
  36400 31030     1018.0000   111     1019.0000     1016.0000  2257796    0.29%
  36500 31123     1017.0000   134     1019.0000     1016.0000  2264644    0.29%
  36600 31215     1017.0000    93     1019.0000     1016.0000  2275490    0.29%
  36700 31314     1018.0000   103     1019.0000     1016.0000  2279053    0.29%
  36800 31408     1016.0000   111     1019.0000     1016.0000  2285739    0.29%
  36900 31506     1017.0000    75     1019.0000     1016.0000  2291348    0.29%
  37000 31604     1017.0000   107     1019.0000     1016.0000  2302600    0.29%
Elapsed time = 3493.73 sec. (tree size = 531.15 MB, solutions = 10)
Nodefile size = 403.51 MB (260.23 MB after compression)
  37100 31698     1017.0000    73     1019.0000     1016.0000  2313979    0.29%
  37200 31798     1017.0000   123     1019.0000     1016.0000  2318310    0.29%
  37300 31876     1016.0000   117     1019.0000     1016.0000  2330410    0.29%
  37400 31974     1017.0000    84     1019.0000     1016.0000  2333966    0.29%
  37500 32074     1017.0000   115     1019.0000     1016.0000  2338339    0.29%
  37600 32159     1018.0000   141     1019.0000     1016.0000  2350815    0.29%
  37700 32249     1017.0000    71     1019.0000     1016.0000  2358723    0.29%
  37800 32347     1017.0000   120     1019.0000     1016.0000  2366682    0.29%
  37900 32441     1017.0000    90     1019.0000     1016.0000  2372325    0.29%
  38000 32536     1017.0000   102     1019.0000     1016.0000  2377710    0.29%
Elapsed time = 3597.88 sec. (tree size = 548.68 MB, solutions = 10)
Nodefile size = 421.26 MB (272.21 MB after compression)
  38100 32636     1017.0000    99     1019.0000     1016.0000  2380147    0.29%
  38200 32734     1018.0000    79     1019.0000     1016.0000  2383998    0.29%
  38300 32824     1017.0000    85     1019.0000     1016.0000  2395011    0.29%
  38400 32923     1018.0000    81     1019.0000     1016.0000  2398479    0.29%
  38500 33017     1016.0000   140     1019.0000     1016.0000  2407582    0.29%
  38600 33112     1017.0000    79     1019.0000     1016.0000  2411956    0.29%
  38700 33212     1017.0000    97     1019.0000     1016.0000  2416757    0.29%
  38800 33308     1018.0000    69     1019.0000     1016.0000  2423733    0.29%
  38900 33396     1017.0000    65     1019.0000     1016.0000  2436577    0.29%
  39000 33495     1018.0000   120     1019.0000     1016.0000  2439814    0.29%
Elapsed time = 3689.50 sec. (tree size = 566.79 MB, solutions = 10)
Nodefile size = 439.01 MB (283.81 MB after compression)
  39100 33589     1016.0000   129     1019.0000     1016.0000  2449220    0.29%
  39200 33688     1017.0000   112     1019.0000     1016.0000  2451838    0.29%
  39300 33780     1016.0000   115     1019.0000     1016.0000  2467137    0.29%
  39400 33879     1017.0000    89     1019.0000     1016.0000  2471637    0.29%
  39500 33978     1018.0000   119     1019.0000     1016.0000  2475390    0.29%
  39600 34072     1016.0000   115     1019.0000     1016.0000  2483286    0.29%
  39700 34170     1017.0000    96     1019.0000     1016.0000  2486492    0.29%
  39800 34270     1017.0000    99     1019.0000     1016.0000  2490973    0.29%
  39900 34369     1017.0000   123     1019.0000     1016.0000  2501489    0.29%
  40000 34463     1018.0000    95     1019.0000     1016.0000  2511355    0.29%
Elapsed time = 3798.80 sec. (tree size = 584.73 MB, solutions = 10)
Nodefile size = 456.82 MB (295.81 MB after compression)
  40100 34555     1016.0000   126     1019.0000     1016.0000  2523411    0.29%
  40200 34654     1017.0000    86     1019.0000     1016.0000  2527152    0.29%
  40300 34753     1018.0000    66     1019.0000     1016.0000  2531182    0.29%
  40400 34841     1016.0000   106     1019.0000     1016.0000  2546068    0.29%
  40500 34939     1017.0000    79     1019.0000     1016.0000  2550894    0.29%
  40600 35039     1017.0000   106     1019.0000     1016.0000  2554498    0.29%
  40700 35128     1017.0000   102     1019.0000     1016.0000  2564320    0.29%
  40800 35228     1017.0000   127     1019.0000     1016.0000  2567668    0.29%
  40900 35327     1018.0000    94     1019.0000     1016.0000  2571083    0.29%
  41000 35423     1016.0000   110     1019.0000     1016.0000  2580527    0.29%
Elapsed time = 3909.95 sec. (tree size = 602.65 MB, solutions = 10)
Nodefile size = 474.67 MB (308.10 MB after compression)
  41100 35519     1016.0010   129     1019.0000     1016.0000  2588237    0.29%
  41200 35619     1017.0000    83     1019.0000     1016.0000  2591390    0.29%
  41300 35717     1017.0000   116     1019.0000     1016.0000  2600654    0.29%
  41400 35813     1018.0000    70     1019.0000     1016.0000  2610758    0.29%
  41500 35906     1018.0000    85     1019.0000     1016.0000  2624323    0.29%
  41600 36006     1018.0000   125     1019.0000     1016.0000  2629224    0.29%
  41700 36101     1018.0000   108     1019.0000     1016.0000  2634043    0.29%
  41800 36197     1016.0000   146     1019.0000     1016.0000  2642386    0.29%
  41900 36297     1017.0000    99     1019.0000     1016.0000  2645095    0.29%
  42000 36395     1018.0000   121     1019.0000     1016.0000  2650847    0.29%
Elapsed time = 4025.91 sec. (tree size = 621.27 MB, solutions = 10)
Nodefile size = 493.53 MB (321.15 MB after compression)
  42100 36491     1016.0000   124     1019.0000     1016.0000  2656631    0.29%
  42200 36583     1017.0000   111     1019.0000     1016.0000  2663125    0.29%
  42300 36678     1017.0000    88     1019.0000     1016.0000  2670864    0.29%
  42400 36778     1017.0000   111     1019.0000     1016.0000  2673422    0.29%
  42500 36873     1018.0000   111     1019.0000     1016.0000  2678530    0.29%
  42600 36957     1017.0000    96     1019.0000     1016.0000  2689727    0.29%
  42700 37057     1017.0000   122     1019.0000     1016.0000  2692948    0.29%
  42800 37147     1018.0000    97     1019.0000     1016.0000  2701622    0.29%
  42900 37242     1017.0000    85     1019.0000     1016.0000  2714138    0.29%
  43000 37342     1017.0000   103     1019.0000     1016.0000  2716431    0.29%
Elapsed time = 4130.30 sec. (tree size = 638.67 MB, solutions = 10)
Nodefile size = 511.42 MB (333.26 MB after compression)
  43100 37440     1018.0000   121     1019.0000     1016.0000  2721922    0.29%
  43200 37517     1017.0000    89     1019.0000     1016.0000  2737253    0.29%
  43300 37615     1017.0000   108     1019.0000     1016.0000  2740811    0.29%
  43400 37715     1017.0000   132     1019.0000     1016.0000  2744322    0.29%
  43500 37814     1018.0000    83     1019.0000     1016.0000  2748529    0.29%
  43600 37914     1018.0000    87     1019.0000     1016.0000  2750059    0.29%
  43700 38012    infeasible           1019.0000     1016.0000  2755600    0.29%
  43800 38106     1017.0000    65     1019.0000     1016.0000  2768369    0.29%
  43900 38197        cutoff           1019.0000     1016.0000  2782197    0.29%
  44000 38278     1017.0000    69     1019.0000     1016.0000  2810350    0.29%
Elapsed time = 4273.83 sec. (tree size = 656.77 MB, solutions = 10)
Nodefile size = 529.16 MB (345.68 MB after compression)
  44100 38371     1017.0000   117     1019.0000     1016.0000  2831791    0.29%
  44200 38470     1017.0000   107     1019.0000     1016.0000  2845279    0.29%
  44300 38558     1018.0000    97     1019.0000     1016.0000  2859688    0.29%
  44400 38651     1017.0000    84     1019.0000     1016.0000  2875675    0.29%
  44500 38751     1017.0000   114     1019.0000     1016.0000  2878473    0.29%
  44600 38841     1016.0000   120     1019.0000     1016.0000  2899810    0.29%
  44700 38941     1017.0000   115     1019.0000     1016.0000  2904098    0.29%
  44800 39041     1018.0000    70     1019.0000     1016.0000  2907786    0.29%
  44900 39134     1017.0000    88     1019.0000     1016.0000  2917712    0.29%
  45000 39234     1017.0000   129     1019.0000     1016.0000  2920852    0.29%
Elapsed time = 4422.89 sec. (tree size = 675.35 MB, solutions = 10)
Nodefile size = 547.94 MB (358.63 MB after compression)
  45100 39333     1018.0000   105     1019.0000     1016.0000  2925655    0.29%
  45200 39424     1018.0000   106     1019.0000     1016.0000  2948443    0.29%
  45300 39520     1018.0000   134     1019.0000     1016.0000  2963582    0.29%
  45400 39613     1017.0000    76     1019.0000     1016.0000  2969782    0.29%
  45500 39705        cutoff           1019.0000     1016.0000  2972681    0.29%
  45600 39803     1017.0000    79     1019.0000     1016.0000  2978680    0.29%
  45700 39902     1018.0000    81     1019.0000     1016.0000  2981737    0.29%
  45800 39995     1017.0000   108     1019.0000     1016.0000  2989907    0.29%
  45900 40095     1018.0000    83     1019.0000     1016.0000  2993468    0.29%
  46000 40190     1018.0000    89     1019.0000     1016.0000  3001022    0.29%
Elapsed time = 4533.83 sec. (tree size = 693.73 MB, solutions = 10)
Nodefile size = 565.77 MB (371.09 MB after compression)
  46100 40290     1018.0000   114     1019.0000     1016.0000  3004662    0.29%
  46200 40390     1018.0000   101     1019.0000     1016.0000  3009551    0.29%
  46300 40470    infeasible           1019.0000     1016.0000  3031425    0.29%
  46400 40565     1016.0000   127     1019.0000     1016.0000  3040809    0.29%
  46500 40664     1017.0000   127     1019.0000     1016.0000  3045965    0.29%
  46600 40764     1018.0000    93     1019.0000     1016.0000  3049920    0.29%
  46700 40860     1016.0000   152     1019.0000     1016.0000  3058801    0.29%
  46800 40960     1018.0000    93     1019.0000     1016.0000  3062742    0.29%
  46900 41060     1018.0000   127     1019.0000     1016.0000  3065908    0.29%
  47000 41152     1016.0000   142     1019.0000     1016.0000  3123652    0.29%
Elapsed time = 4672.83 sec. (tree size = 712.46 MB, solutions = 10)
Nodefile size = 584.60 MB (384.50 MB after compression)
  47100 41250     1017.0000    78     1019.0000     1016.0000  3127196    0.29%
  47200 41350     1017.0000   102     1019.0000     1016.0000  3132101    0.29%
  47300 41450     1017.0000   114     1019.0000     1016.0000  3139716    0.29%
  47400 41537     1016.0000   132     1019.0000     1016.0000  3160398    0.29%
  47500 41637     1017.0000    93     1019.0000     1016.0000  3164951    0.29%
  47600 41737     1017.0000   122     1019.0000     1016.0000  3169023    0.29%
  47700 41829     1016.0000   139     1019.0000     1016.0000  3178432    0.29%
  47800 41928     1017.0000   109     1019.0000     1016.0000  3182412    0.29%
  47900 42028     1018.0000    67     1019.0000     1016.0000  3187603    0.29%
  48000 42122     1016.0000   142     1019.0000     1016.0000  3195931    0.29%
Elapsed time = 4790.06 sec. (tree size = 731.48 MB, solutions = 10)
Nodefile size = 604.37 MB (398.51 MB after compression)
  48100 42222     1017.0000    92     1019.0000     1016.0000  3200300    0.29%
  48200 42321     1018.0000   111     1019.0000     1016.0000  3203942    0.29%
  48300 42388     1017.0000   111     1019.0000     1016.0000  3224505    0.29%
  48400 42488     1017.0000   109     1019.0000     1016.0000  3226881    0.29%
  48500 42587     1018.0000   124     1019.0000     1016.0000  3232360    0.29%
  48600 42680     1017.0000   113     1019.0000     1016.0000  3238136    0.29%
  48700 42779     1018.0000    96     1019.0000     1016.0000  3242674    0.29%
  48800 42874     1017.0000    81     1019.0000     1016.0000  3250742    0.29%
  48900 42974     1017.0000   134     1019.0000     1016.0000  3253722    0.29%
  49000 43070     1018.0000   120     1019.0000     1016.0000  3263864    0.29%
Elapsed time = 4893.81 sec. (tree size = 750.39 MB, solutions = 10)
Nodefile size = 623.10 MB (411.86 MB after compression)
  49100 43161     1017.0000   108     1019.0000     1016.0000  3271520    0.29%
  49200 43260     1017.0000   118     1019.0000     1016.0000  3277377    0.29%
  49300 43355     1018.0000   108     1019.0000     1016.0000  3284640    0.29%
  49400 43441     1016.0000   146     1019.0000     1016.0000  3313266    0.29%
  49500 43541     1017.0000   127     1019.0000     1016.0000  3316152    0.29%
  49600 43639     1018.0000    84     1019.0000     1016.0000  3320296    0.29%
  49700 43730     1017.0000   116     1019.0000     1016.0000  3332042    0.29%
  49800 43830     1017.0000   134     1019.0000     1016.0000  3334645    0.29%
  49900 43930     1018.0000   110     1019.0000     1016.0000  3339281    0.29%
  50000 44020     1016.0000   124     1019.0000     1016.0000  3354089    0.29%
Elapsed time = 5015.13 sec. (tree size = 769.31 MB, solutions = 10)
Nodefile size = 641.84 MB (425.24 MB after compression)
  50100 44119     1017.0000    99     1019.0000     1016.0000  3358829    0.29%
  50200 44219     1017.0000   123     1019.0000     1016.0000  3363296    0.29%
  50300 44317     1018.0000   112     1019.0000     1016.0000  3370414    0.29%
  50400 44405     1016.0000   136     1019.0000     1016.0000  3388104    0.29%
  50500 44497     1017.0000    71     1019.0000     1016.0000  3394204    0.29%
  50600 44581     1017.0000    69     1019.0000     1016.0000  3418056    0.29%
  50700 44671     1016.0000   126     1019.0000     1016.0000  3437924    0.29%
  50800 44769     1017.0000   108     1019.0000     1016.0000  3442111    0.29%
  50900 44869     1017.0000   127     1019.0000     1016.0000  3446568    0.29%
  51000 44968     1018.0000   107     1019.0000     1016.0000  3452289    0.29%
Elapsed time = 5173.47 sec. (tree size = 787.50 MB, solutions = 10)
Nodefile size = 659.64 MB (437.66 MB after compression)
  51100 45061     1017.0000   109     1019.0000     1016.0000  3458566    0.29%
  51200 45161     1017.0000   144     1019.0000     1016.0000  3462165    0.29%
  51300 45254     1016.0000   125     1019.0000     1016.0000  3481017    0.29%
  51400 45353     1017.0000   112     1019.0000     1016.0000  3486866    0.29%
  51500 45453     1017.0000   135     1019.0000     1016.0000  3491112    0.29%
  51600 45552     1018.0000   120     1019.0000     1016.0000  3496080    0.29%
  51700 45646     1016.0000   126     1019.0000     1016.0000  3515705    0.29%
  51800 45741     1017.0000    68     1019.0000     1016.0000  3521966    0.29%
  51900 45841     1017.0000   136     1019.0000     1016.0000  3527265    0.29%
  52000 45939     1017.0000   115     1019.0000     1016.0000  3546213    0.29%
Elapsed time = 5318.41 sec. (tree size = 806.64 MB, solutions = 10)
Nodefile size = 679.40 MB (451.80 MB after compression)
  52100 46033    infeasible           1019.0000     1016.0000  3563674    0.29%
  52200 46119     1017.0000    83     1019.0000     1016.0000  3583589    0.29%
  52300 46215     1016.0000   142     1019.0000     1016.0000  3589292    0.29%
  52400 46313     1017.0000   113     1019.0000     1016.0000  3594222    0.29%
  52500 46412     1018.0000    87     1019.0000     1016.0000  3597785    0.29%
  52600 46501     1017.0000    95     1019.0000     1016.0000  3619875    0.29%
  52700 46601     1017.0000   101     1019.0000     1016.0000  3623414    0.29%
  52800 46700     1018.0000   102     1019.0000     1016.0000  3628472    0.29%
  52900 46792     1017.0000    87     1019.0000     1016.0000  3638995    0.29%
  53000 46892     1017.0000   101     1019.0000     1016.0000  3643348    0.29%
Elapsed time = 5468.19 sec. (tree size = 825.48 MB, solutions = 10)
Nodefile size = 698.22 MB (465.05 MB after compression)
  53100 46992     1017.0000   111     1019.0000     1016.0000  3650482    0.29%
  53200 47086     1018.0000    91     1019.0000     1016.0000  3658777    0.29%
  53300 47170     1018.0000    78     1019.0000     1016.0000  3698719    0.29%
  53400 47255     1017.0000   137     1019.0000     1016.0000  3721389    0.29%
  53500 47355     1017.0000   115     1019.0000     1016.0000  3724059    0.29%
  53600 47455     1018.0000   117     1019.0000     1016.0000  3728286    0.29%
  53700 47549     1017.0000    80     1019.0000     1016.0000  3736539    0.29%
  53800 47649     1017.0000   133     1019.0000     1016.0000  3741110    0.29%
  53900 47747     1018.0000   114     1019.0000     1016.0000  3748438    0.29%
  54000 47840     1017.0000   110     1019.0000     1016.0000  3755097    0.29%
Elapsed time = 5625.70 sec. (tree size = 844.47 MB, solutions = 10)
Nodefile size = 717.03 MB (478.56 MB after compression)
  54100 47940     1018.0000    58     1019.0000     1016.0000  3760289    0.29%
  54200 48025     1017.0000    80     1019.0000     1016.0000  3790308    0.29%
  54300 48122     1018.0000    66     1019.0000     1016.0000  3795573    0.29%
  54400 48222     1018.0000   112     1019.0000     1016.0000  3799183    0.29%
  54500 48320     1018.0000   116     1019.0000     1016.0000  3811225    0.29%
  54600 48408     1017.0000    87     1019.0000     1016.0000  3820214    0.29%
  54700 48508     1017.0000   129     1019.0000     1016.0000  3822543    0.29%
  54800 48608     1017.0000   123     1019.0000     1016.0000  3827150    0.29%
  54900 48699     1016.0000   134     1019.0000     1016.0000  3838005    0.29%
  55000 48798     1017.0000   107     1019.0000     1016.0000  3840364    0.29%
Elapsed time = 5749.08 sec. (tree size = 863.57 MB, solutions = 10)
Nodefile size = 735.90 MB (492.00 MB after compression)
  55100 48897     1018.0000    83     1019.0000     1016.0000  3844765    0.29%
  55200 48993     1016.0000   141     1019.0000     1016.0000  3852648    0.29%
  55300 49093     1017.0000   112     1019.0000     1016.0000  3855973    0.29%
  55400 49187     1016.0000   155     1019.0000     1016.0000  3864188    0.29%
  55500 49285     1017.0000   120     1019.0000     1016.0000  3868498    0.29%
  55600 49385     1017.0000   117     1019.0000     1016.0000  3873928    0.29%
  55700 49481     1018.0000    84     1019.0000     1016.0000  3882108    0.29%
  55800 49581     1017.0000   101     1019.0000     1016.0000  3886927    0.29%
  55900 49681     1017.0000   116     1019.0000     1016.0000  3890139    0.29%
  56000 49780     1017.0000   102     1019.0000     1016.0000  3895499    0.29%
Elapsed time = 5844.22 sec. (tree size = 883.18 MB, solutions = 10)
Nodefile size = 755.77 MB (505.98 MB after compression)
  56100 49880     1017.0000   132     1019.0000     1016.0000  3900213    0.29%
  56200 49980     1017.0000   123     1019.0000     1016.0000  3906583    0.29%
  56300 50080     1017.2310   140     1019.0000     1016.0000  3910315    0.29%
  56400 50179     1018.0000   128     1019.0000     1016.0000  3916819    0.29%
  56500 50269    infeasible           1019.0000     1016.0000  3930330    0.29%
  56600 50368     1017.0000    81     1019.0000     1016.0000  3936322    0.29%
  56700 50468     1017.0000   121     1019.0000     1016.0000  3938932    0.29%
  56800 50567     1018.0000   141     1019.0000     1016.0000  3947149    0.29%
  56900 50660     1017.0000    94     1019.0000     1016.0000  3955667    0.29%
  57000 50759     1018.0000    89     1019.0000     1016.0000  3960007    0.29%
Elapsed time = 5946.48 sec. (tree size = 902.47 MB, solutions = 10)
Nodefile size = 774.61 MB (519.34 MB after compression)
  57100 50851     1016.0000   128     1019.0000     1016.0000  3976230    0.29%
  57200 50951     1016.0000   124     1019.0000     1016.0000  3983310    0.29%
  57300 51046     1017.0000    65     1019.0000     1016.0000  3992204    0.29%
  57400 51144     1017.0000    88     1019.0000     1016.0000  3999137    0.29%
  57500 51244     1017.0000   104     1019.0000     1016.0000  4001875    0.29%
  57600 51333     1016.0000   151     1019.0000     1016.0000  4028671    0.29%
  57700 51429     1016.0000   129     1019.0000     1016.0000  4038206    0.29%
  57800 51528     1017.0000   112     1019.0000     1016.0000  4042554    0.29%
  57900 51627     1018.0000   127     1019.0000     1016.0000  4050403    0.29%
  58000 51721     1016.0000   145     1019.0000     1016.0000  4065767    0.29%
Elapsed time = 6095.22 sec. (tree size = 921.12 MB, solutions = 10)
Nodefile size = 793.44 MB (532.54 MB after compression)
  58100 51820     1017.0000   107     1019.0000     1016.0000  4068860    0.29%
  58200 51918     1018.0000    90     1019.0000     1016.0000  4072486    0.29%
  58300 52010     1016.0000   124     1019.0000     1016.0000  4084291    0.29%
  58400 52109     1017.0000   110     1019.0000     1016.0000  4090662    0.29%
  58500 52207     1018.0000    75     1019.0000     1016.0000  4096971    0.29%
  58600 52296     1017.0000    87     1019.0000     1016.0000  4108410    0.29%
  58700 52396     1017.0000   112     1019.0000     1016.0000  4112293    0.29%
  58800 52493     1018.0000   110     1019.0000     1016.0000  4119794    0.29%
  58900 52589     1016.0000   134     1019.0000     1016.0000  4133448    0.29%
  59000 52689     1017.0000   131     1019.0000     1016.0000  4138149    0.29%
Elapsed time = 6223.72 sec. (tree size = 940.94 MB, solutions = 10)
Nodefile size = 813.34 MB (547.00 MB after compression)
  59100 52788     1018.0000   118     1019.0000     1016.0000  4143481    0.29%
  59200 52883     1017.0000    92     1019.0000     1016.0000  4155605    0.29%
  59300 52983     1017.0000   121     1019.0000     1016.0000  4158977    0.29%
  59400 53083     1017.0000    77     1019.0000     1016.0000  4171459    0.29%
  59500 53181     1017.0000   100     1019.0000     1016.0000  4184450    0.29%
  59600 53277     1018.0000    82     1019.0000     1016.0000  4196319    0.29%
  59700 53369     1017.0000    92     1019.0000     1016.0000  4212822    0.29%
  59800 53468     1018.0000   119     1019.0000     1016.0000  4216628    0.29%
  59900 53568     1018.0000   130     1019.0000     1016.0000  4223562    0.29%
  60000 53668     1017.0000   104     1019.0000     1016.0000  4230978    0.29%
Elapsed time = 6384.38 sec. (tree size = 961.11 MB, solutions = 10)
Nodefile size = 834.03 MB (562.28 MB after compression)
  60100 53768     1017.0000   128     1019.0000     1016.0000  4235447    0.29%
  60200 53868     1017.0000   120     1019.0000     1016.0000  4241890    0.29%
  60300 53967     1018.0000    83     1019.0000     1016.0000  4248241    0.29%
  60400 54065     1017.0000   123     1019.0000     1016.0000  4255712    0.29%
  60500 54156     1017.0000   113     1019.0000     1016.0000  4272078    0.29%
  60600 54256     1017.0000    99     1019.0000     1016.0000  4279163    0.29%
  60700 54354     1018.0000    88     1019.0000     1016.0000  4284622    0.29%
  60800 54453     1017.0000   144     1019.0000     1016.0000  4291675    0.29%
  60900 54552     1018.0000    95     1019.0000     1016.0000  4296547    0.29%
  61000 54651     1017.0000   109     1019.0000     1016.0000  4300345    0.29%
Elapsed time = 6514.38 sec. (tree size = 981.34 MB, solutions = 10)
Nodefile size = 853.77 MB (576.64 MB after compression)
  61100 54751     1017.0000   136     1019.0000     1016.0000  4304781    0.29%
  61200 54849     1017.0000   129     1019.0000     1016.0000  4312176    0.29%
  61300 54949     1017.0000   125     1019.0000     1016.0000  4320284    0.29%
  61400 55049     1017.0000   125     1019.0000     1016.0000  4328470    0.29%
  61500 55149     1017.0000   133     1019.0000     1016.0000  4332827    0.29%
  61600 55249     1017.0000   119     1019.0000     1016.0000  4338942    0.29%
  61700 55349     1017.0000   125     1019.0000     1016.0000  4343481    0.29%
  61800 55448     1017.0000   127     1019.0000     1016.0000  4349181    0.29%
  61900 55548     1017.0000   131     1019.0000     1016.0000  4354561    0.29%
  62000 55638     1017.0000   121     1019.0000     1016.0000  4365448    0.29%
Elapsed time = 6628.11 sec. (tree size = 1001.81 MB, solutions = 10)
Nodefile size = 874.47 MB (591.79 MB after compression)
  62100 55738     1017.0000   140     1019.0000     1016.0000  4371577    0.29%
  62200 55836     1018.0000   141     1019.0000     1016.0000  4376387    0.29%
  62300 55925     1017.0000   122     1019.0000     1016.0000  4387099    0.29%
  62400 56024     1017.0000   119     1019.0000     1016.0000  4394019    0.29%
  62500 56124     1017.0000   146     1019.0000     1016.0000  4404289    0.29%
  62600 56219     1018.0000    70     1019.0000     1016.0000  4418153    0.29%
  62700 56307     1018.0000    68     1019.0000     1016.0000  4456077    0.29%
  62800 56391     1018.0000    67     1019.0000     1016.0000  4512155    0.29%
  62900 56472     1017.0000   126     1019.0000     1016.0000  4567764    0.29%
  63000 56572     1017.0000   140     1019.0000     1016.0000  4572147    0.29%
Elapsed time = 6889.31 sec. (tree size = 1021.39 MB, solutions = 10)
Nodefile size = 894.18 MB (606.53 MB after compression)
  63100 56667    infeasible           1019.0000     1016.0000  4578501    0.29%
  63200 56758     1017.0000   136     1019.0000     1016.0000  4586329    0.29%
  63300 56857     1018.0000   100     1019.0000     1016.0000  4592538    0.29%
  63400 56957     1017.0000   122     1019.0000     1016.0000  4599300    0.29%
  63500 57055     1018.0000    97     1019.0000     1016.0000  4605891    0.29%
  63600 57151     1017.0000    66     1019.0000     1016.0000  4616273    0.29%
  63700 57251     1017.0000   118     1019.0000     1016.0000  4620703    0.29%
  63800 57351     1017.0000    99     1019.0000     1016.0000  4630093    0.29%
  63900 57450     1018.0000    75     1019.0000     1016.0000  4636272    0.29%
  64000 57549     1017.0000   148     1019.0000     1016.0000  4644161    0.29%
Elapsed time = 7018.16 sec. (tree size = 1041.51 MB, solutions = 10)
Nodefile size = 913.93 MB (621.00 MB after compression)
  64100 57649     1018.0000   109     1019.0000     1016.0000  4648175    0.29%
  64200 57748     1017.0000   142     1019.0000     1016.0000  4653710    0.29%
  64300 57847     1018.0000    79     1019.0000     1016.0000  4658616    0.29%
  64400 57944     1017.0000   131     1019.0000     1016.0000  4665269    0.29%
  64500 58044     1017.0000   125     1019.0000     1016.0000  4670551    0.29%
  64600 58137     1016.0000   126     1019.0000     1016.0000  4682548    0.29%
  64700 58237     1016.0000   144     1019.0000     1016.0000  4691315    0.29%
  64800 58336     1017.0000    93     1019.0000     1016.0000  4694686    0.29%
  64900 58436     1017.0000   117     1019.0000     1016.0000  4698857    0.29%
  65000 58528     1017.0000   106     1019.0000     1016.0000  4712433    0.29%
Elapsed time = 7152.16 sec. (tree size = 1061.73 MB, solutions = 10)
Nodefile size = 933.75 MB (635.57 MB after compression)
  65100 58628     1017.0000   136     1019.0000     1016.0000  4716469    0.29%
  65200 58728     1018.0000   123     1019.0000     1016.0000  4724173    0.29%
  65300 58822     1017.0000    89     1019.0000     1016.0000  4734459    0.29%
  65400 58922     1017.0000   130     1019.0000     1016.0000  4739238    0.29%

Cover cuts applied:  478
Mixed integer rounding cuts applied:  10
Gomory fractional cuts applied:  20

Solution pool: 10 solutions saved.

MIP - Time limit exceeded, integer feasible:  Objective = 1.0190000000e+003
Current MIP best bound = 1.0160000000e+003 (gap = 3, 0.29%)
Solution time = 7200.05 sec.  Iterations = 4739309  Nodes = 65403 (58924)


Incumbent solution
Variable Name           Solution Value
Cmax                       1019.000000
X_1_12                        1.000000
X_2_9                         1.000000
X_3_4                         1.000000
X_4_27                        1.000000
X_5_3                         1.000000
X_6_41                        1.000000
X_7_38                        1.000000
X_8_16                        1.000000
X_9_33                        1.000000
X_10_14                       1.000000
X_11_24                       1.000000
X_12_32                       1.000000
X_13_2                        1.000000
X_14_36                       1.000000
X_15_12                       1.000000
X_16_33                       1.000000
X_17_13                       1.000000
X_18_17                       1.000000
X_19_1                        1.000000
X_20_9                        1.000000
X_21_27                       1.000000
X_22_27                       1.000000
X_23_35                       1.000000
X_24_21                       1.000000
X_25_43                       1.000000
X_26_20                       1.000000
X_27_35                       1.000000
X_28_2                        1.000000
X_29_49                       1.000000
X_30_23                       1.000000
X_31_45                       1.000000
X_32_34                       1.000000
X_33_21                       1.000000
X_34_11                       1.000000
X_35_50                       1.000000
X_36_20                       1.000000
X_37_13                       1.000000
X_38_46                       1.000000
X_39_40                       1.000000
X_40_12                       1.000000
X_41_34                       1.000000
X_42_7                        1.000000
X_43_26                       1.000000
X_44_3                        1.000000
X_45_30                       1.000000
X_46_40                       1.000000
X_47_42                       1.000000
X_48_21                       1.000000
X_49_18                       1.000000
X_50_16                       1.000000
X_51_29                       1.000000
X_52_39                       1.000000
X_53_20                       1.000000
X_54_6                        1.000000
X_55_9                        1.000000
X_56_19                       1.000000
X_57_44                       1.000000
X_58_1                        1.000000
X_59_6                        1.000000
X_60_24                       1.000000
X_61_32                       1.000000
X_62_38                       1.000000
X_63_40                       1.000000
X_64_25                       1.000000
X_65_4                        1.000000
X_66_36                       1.000000
X_67_37                       1.000000
X_68_44                       1.000000
X_69_21                       1.000000
X_70_39                       1.000000
X_71_19                       1.000000
X_72_49                       1.000000
X_73_36                       1.000000
X_74_50                       1.000000
X_75_30                       1.000000
X_76_40                       1.000000
X_77_20                       1.000000
X_78_22                       1.000000
X_79_28                       1.000000
X_80_44                       1.000000
X_81_49                       1.000000
X_82_22                       1.000000
X_83_38                       1.000000
X_84_30                       1.000000
X_85_28                       1.000000
X_86_15                       1.000000
X_87_5                        1.000000
X_88_22                       1.000000
X_89_17                       1.000000
X_90_48                       1.000000
X_91_6                        1.000000
X_92_8                        1.000000
X_93_22                       1.000000
X_94_32                       1.000000
X_95_28                       1.000000
X_96_47                       1.000000
X_97_8                        1.000000
X_98_20                       1.000000
X_99_27                       1.000000
X_100_20                      1.000000
X_101_46                      1.000000
X_102_44                      1.000000
X_103_12                      1.000000
X_104_36                      1.000000
X_105_23                      1.000000
X_106_44                      1.000000
X_107_23                      1.000000
X_108_15                      1.000000
X_109_45                      1.000000
X_110_9                       1.000000
X_111_42                      1.000000
X_112_28                      1.000000
X_113_24                      1.000000
X_114_18                      1.000000
X_115_2                       1.000000
X_116_39                      1.000000
X_117_46                      1.000000
X_118_38                      1.000000
X_119_15                      1.000000
X_120_46                      1.000000
X_121_47                      1.000000
X_122_3                       1.000000
X_123_23                      1.000000
X_124_1                       1.000000
X_125_26                      1.000000
X_126_31                      1.000000
X_127_42                      1.000000
X_128_5                       1.000000
X_129_42                      1.000000
X_130_41                      1.000000
X_131_14                      1.000000
X_132_47                      1.000000
X_133_4                       1.000000
X_134_2                       1.000000
X_135_29                      1.000000
X_136_12                      1.000000
X_137_26                      1.000000
X_138_37                      1.000000
X_139_42                      1.000000
X_140_18                      1.000000
X_141_15                      1.000000
X_142_33                      1.000000
X_143_19                      1.000000
X_144_24                      1.000000
X_145_16                      1.000000
X_146_17                      1.000000
X_147_5                       1.000000
X_148_35                      1.000000
X_149_7                       1.000000
X_150_48                      1.000000
X_151_31                      1.000000
X_152_15                      1.000000
X_153_29                      1.000000
X_154_32                      1.000000
X_155_1                       1.000000
X_156_47                      1.000000
X_157_44                      1.000000
X_158_4                       1.000000
X_159_40                      1.000000
X_160_50                      1.000000
X_161_31                      1.000000
X_162_46                      1.000000
X_163_7                       1.000000
X_164_16                      1.000000
X_165_33                      1.000000
X_166_13                      1.000000
X_167_6                       1.000000
X_168_15                      1.000000
X_169_22                      1.000000
X_170_2                       1.000000
X_171_26                      1.000000
X_172_50                      1.000000
X_173_16                      1.000000
X_174_46                      1.000000
X_175_11                      1.000000
X_176_14                      1.000000
X_177_19                      1.000000
X_178_45                      1.000000
X_179_41                      1.000000
X_180_31                      1.000000
X_181_50                      1.000000
X_182_49                      1.000000
X_183_49                      1.000000
X_184_11                      1.000000
X_185_14                      1.000000
X_186_7                       1.000000
X_187_12                      1.000000
X_188_28                      1.000000
X_189_30                      1.000000
X_190_37                      1.000000
X_191_19                      1.000000
X_192_34                      1.000000
X_193_37                      1.000000
X_194_35                      1.000000
X_195_49                      1.000000
X_196_26                      1.000000
X_197_50                      1.000000
X_198_23                      1.000000
X_199_4                       1.000000
X_200_24                      1.000000
X_201_31                      1.000000
X_202_13                      1.000000
X_203_43                      1.000000
X_204_47                      1.000000
X_205_15                      1.000000
X_206_6                       1.000000
X_207_3                       1.000000
X_208_18                      1.000000
X_209_4                       1.000000
X_210_38                      1.000000
X_211_24                      1.000000
X_212_21                      1.000000
X_213_20                      1.000000
X_214_18                      1.000000
X_215_8                       1.000000
X_216_29                      1.000000
X_217_39                      1.000000
X_218_43                      1.000000
X_219_32                      1.000000
X_220_39                      1.000000
X_221_44                      1.000000
X_222_28                      1.000000
X_223_18                      1.000000
X_224_2                       1.000000
X_225_42                      1.000000
X_226_33                      1.000000
X_227_4                       1.000000
X_228_13                      1.000000
X_229_15                      1.000000
X_230_23                      1.000000
X_231_37                      1.000000
X_232_3                       1.000000
X_233_26                      1.000000
X_234_14                      1.000000
X_235_16                      1.000000
X_236_25                      1.000000
X_237_9                       1.000000
X_238_38                      1.000000
X_239_39                      1.000000
X_240_24                      1.000000
X_241_24                      1.000000
X_242_25                      1.000000
X_243_41                      1.000000
X_244_13                      1.000000
X_245_14                      1.000000
X_246_36                      1.000000
X_247_40                      1.000000
X_248_12                      1.000000
X_249_21                      1.000000
X_250_30                      1.000000
X_251_32                      1.000000
X_252_44                      1.000000
X_253_24                      1.000000
X_254_23                      1.000000
X_255_42                      1.000000
X_256_10                      1.000000
X_257_34                      1.000000
X_258_40                      1.000000
X_259_43                      1.000000
X_260_10                      1.000000
X_261_10                      1.000000
X_262_38                      1.000000
X_263_29                      1.000000
X_264_25                      1.000000
X_265_49                      1.000000
X_266_41                      1.000000
X_267_7                       1.000000
X_268_24                      1.000000
X_269_41                      1.000000
X_270_3                       1.000000
X_271_6                       1.000000
X_272_25                      1.000000
X_273_43                      1.000000
X_274_22                      1.000000
X_275_39                      1.000000
X_276_34                      1.000000
X_277_17                      1.000000
X_278_41                      1.000000
X_279_8                       1.000000
X_280_31                      1.000000
X_281_8                       1.000000
X_282_12                      1.000000
X_283_20                      1.000000
X_284_41                      1.000000
X_285_45                      1.000000
X_286_31                      1.000000
X_287_34                      1.000000
X_288_19                      1.000000
X_289_34                      1.000000
X_290_10                      1.000000
X_291_30                      1.000000
X_292_22                      1.000000
X_293_8                       1.000000
X_294_50                      1.000000
X_295_14                      1.000000
X_296_25                      1.000000
X_297_43                      1.000000
X_298_4                       1.000000
X_299_22                      1.000000
X_300_43                      1.000000
X_301_42                      1.000000
X_302_4                       1.000000
X_303_9                       1.000000
X_304_50                      1.000000
X_305_2                       1.000000
X_306_46                      1.000000
X_307_45                      1.000000
X_308_32                      1.000000
X_309_1                       1.000000
X_310_3                       1.000000
X_311_5                       1.000000
X_312_9                       1.000000
X_313_5                       1.000000
X_314_17                      1.000000
X_315_26                      1.000000
X_316_8                       1.000000
X_317_35                      1.000000
X_318_29                      1.000000
X_319_35                      1.000000
X_320_15                      1.000000
X_321_21                      1.000000
X_322_10                      1.000000
X_323_34                      1.000000
X_324_5                       1.000000
X_325_2                       1.000000
X_326_17                      1.000000
X_327_5                       1.000000
X_328_43                      1.000000
X_329_11                      1.000000
X_330_13                      1.000000
X_331_19                      1.000000
X_332_36                      1.000000
X_333_29                      1.000000
X_334_19                      1.000000
X_335_47                      1.000000
X_336_10                      1.000000
X_337_3                       1.000000
X_338_48                      1.000000
X_339_26                      1.000000
X_340_37                      1.000000
X_341_26                      1.000000
X_342_34                      1.000000
X_343_36                      1.000000
X_344_23                      1.000000
X_345_11                      1.000000
X_346_47                      1.000000
X_347_10                      1.000000
X_348_4                       1.000000
X_349_18                      1.000000
X_350_6                       1.000000
X_351_17                      1.000000
X_352_13                      1.000000
X_353_8                       1.000000
X_354_28                      1.000000
X_355_30                      1.000000
X_356_45                      1.000000
X_357_12                      1.000000
X_358_7                       1.000000
X_359_9                       1.000000
X_360_35                      1.000000
X_361_48                      1.000000
X_362_36                      1.000000
X_363_22                      1.000000
X_364_43                      1.000000
X_365_19                      1.000000
X_366_12                      1.000000
X_367_20                      1.000000
X_368_18                      1.000000
X_369_22                      1.000000
X_370_38                      1.000000
X_371_3                       1.000000
X_372_25                      1.000000
X_373_28                      1.000000
X_374_33                      1.000000
X_375_16                      1.000000
X_376_27                      1.000000
X_377_5                       1.000000
X_378_37                      1.000000
X_379_39                      1.000000
X_380_21                      1.000000
X_381_18                      1.000000
X_382_6                       1.000000
X_383_38                      1.000000
X_384_27                      1.000000
X_385_45                      1.000000
X_386_40                      1.000000
X_387_47                      1.000000
X_388_40                      1.000000
X_389_29                      1.000000
X_390_30                      1.000000
X_391_5                       1.000000
X_392_1                       1.000000
X_393_39                      1.000000
X_394_25                      1.000000
X_395_9                       1.000000
X_396_13                      1.000000
X_397_33                      1.000000
X_398_14                      1.000000
X_399_42                      1.000000
X_400_13                      1.000000
X_401_46                      1.000000
X_402_14                      1.000000
X_403_36                      1.000000
X_404_11                      1.000000
X_405_31                      1.000000
X_406_10                      1.000000
X_407_27                      1.000000
X_408_21                      1.000000
X_409_48                      1.000000
X_410_23                      1.000000
X_411_8                       1.000000
X_412_6                       1.000000
X_413_2                       1.000000
X_414_26                      1.000000
X_415_31                      1.000000
X_416_29                      1.000000
X_417_45                      1.000000
X_418_29                      1.000000
X_419_50                      1.000000
X_420_16                      1.000000
X_421_17                      1.000000
X_422_1                       1.000000
X_423_33                      1.000000
X_424_37                      1.000000
X_425_7                       1.000000
X_426_18                      1.000000
X_427_16                      1.000000
X_428_10                      1.000000
X_429_21                      1.000000
X_430_16                      1.000000
X_431_49                      1.000000
X_432_35                      1.000000
X_433_30                      1.000000
X_434_3                       1.000000
X_435_43                      1.000000
X_436_11                      1.000000
X_437_17                      1.000000
X_438_38                      1.000000
X_439_1                       1.000000
X_440_11                      1.000000
X_441_39                      1.000000
X_442_47                      1.000000
X_443_33                      1.000000
X_444_17                      1.000000
X_445_10                      1.000000
X_446_25                      1.000000
X_447_36                      1.000000
X_448_41                      1.000000
X_449_1                       1.000000
X_450_28                      1.000000
X_451_7                       1.000000
X_452_27                      1.000000
X_453_28                      1.000000
X_454_48                      1.000000
X_455_34                      1.000000
X_456_46                      1.000000
X_457_25                      1.000000
X_458_41                      1.000000
X_459_48                      1.000000
X_460_32                      1.000000
X_461_35                      1.000000
X_462_48                      1.000000
X_463_50                      1.000000
X_464_37                      1.000000
X_465_49                      1.000000
X_466_31                      1.000000
X_467_47                      1.000000
X_468_46                      1.000000
X_469_2                       1.000000
X_470_8                       1.000000
X_471_27                      1.000000
X_472_40                      1.000000
X_473_6                       1.000000
X_474_44                      1.000000
X_475_35                      1.000000
X_476_7                       1.000000
X_477_49                      1.000000
X_478_15                      1.000000
X_479_14                      1.000000
X_480_32                      1.000000
X_481_44                      1.000000
X_482_20                      1.000000
X_483_42                      1.000000
X_484_19                      1.000000
X_485_5                       1.000000
X_486_48                      1.000000
X_487_45                      1.000000
X_488_27                      1.000000
X_489_7                       1.000000
X_490_11                      1.000000
X_491_11                      1.000000
X_492_37                      1.000000
X_493_45                      1.000000
X_494_1                       1.000000
X_495_48                      1.000000
X_496_30                      1.000000
X_497_23                      1.000000
X_498_9                       1.000000
X_499_32                      1.000000
X_500_33                      1.000000
All other variables in the range 1-25001 are 0.
