
Log started (V11.0.0) Thu Apr 24 18:46:23 2008

Tried aggregator 1 time.
Reduced MIP has 550 rows, 25001 columns, and 50050 nonzeros.
Presolve time =    0.19 sec.
Clique table members: 500.
MIP emphasis: balance optimality and feasibility.
MIP search method: dynamic search.
Parallel mode: none, using 1 thread.
Root relaxation solution time =    1.58 sec.

        Nodes                                         Cuts/
   Node  Left     Objective  IInf  Best Integer     Best Node    ItCnt     Gap

*     0+    0                        74722.0000     1016.1754     1014   98.64%
*     0+    0                         1028.0000     1016.1754     1014    1.15%
      0     0     1017.0000    97     1028.0000      Fract: 6     1027    1.07%
      0     0     1017.0000    97     1028.0000     Covers: 1     1049    1.07%
      0     0     1017.0000   102     1028.0000     Covers: 1     1053    1.07%
      0     2     1017.0000   102     1028.0000     1017.0000     1053    1.07%
    100    89     1018.0000    78     1028.0000     1017.0000     7231    1.07%
*   200+  171                         1027.0000     1017.0000    13876    0.97%
    200   173     1018.0000    80     1027.0000     1017.0000    13876    0.97%
    300   243     1022.0000    82     1027.0000     1017.0000    23711    0.97%
*   400+  309                         1025.0000     1017.0000    32740    0.78%
    400   311     1020.0000    83     1025.0000     1017.0000    32740    0.78%
    500   364     1020.0000    87     1025.0000     1017.0000    43815    0.78%
*   513+  248                         1023.0000     1017.0000    49188    0.59%
*   513+  165                         1022.0000     1017.0000    49188    0.49%
*   513+  109                         1021.0000     1017.0000    49188    0.39%
    600   140     1017.0000    89     1021.0000     1017.0000    52684    0.39%
    700   181     1020.0000    87     1021.0000     1017.0000    59859    0.39%
    800   273     1017.0000   103     1021.0000     1017.0000    67641    0.39%
    900   346     1018.7579   105     1021.0000     1017.0000    73115    0.39%
   1000   441     1020.0000    76     1021.0000     1017.0000    74994    0.39%
Elapsed time = 190.38 sec. (tree size =  5.96 MB, solutions = 7)
   1100   541     1020.0000    76     1021.0000     1017.0000    75340    0.39%
   1200   641     1020.0000    79     1021.0000     1017.0000    75900    0.39%
   1300   741     1020.0000    78     1021.0000     1017.0000    76514    0.39%
   1400   841     1020.0000    78     1021.0000     1017.0000    77216    0.39%
   1500   941     1020.0000    88     1021.0000     1017.0000    78796    0.39%
   1600  1030     1018.0000   101     1021.0000     1017.0000    91698    0.39%
*  1613+  271                         1020.0000     1017.0000    92045    0.29%
   1700   350     1018.0000   126     1020.0000     1017.0000    98774    0.29%
   1800   435     1018.0000    96     1020.0000     1017.0000   112209    0.29%
   1900   533     1018.0000    93     1020.0000     1017.0000   122220    0.29%
   2000   633     1018.0000    96     1020.0000     1017.0000   132434    0.29%
Elapsed time = 297.52 sec. (tree size =  9.10 MB, solutions = 8)
   2100   730     1018.0000   104     1020.0000     1017.0000   143575    0.29%
   2200   813     1018.0000   184     1020.0000     1017.0000   155268    0.29%
   2300   905     1019.0000    94     1020.0000     1017.0000   162727    0.29%
   2400   945     1019.0000   105     1020.0000     1017.0000   220153    0.29%
   2500  1013     1019.0000    93     1020.0000     1017.0000   252761    0.29%
   2600  1104     1018.0000   102     1020.0000     1017.0000   266707    0.29%
   2700  1192     1018.0000    96     1020.0000     1017.0000   276049    0.29%
   2800  1245    infeasible           1020.0000     1017.0000   313380    0.29%
   2900  1307    infeasible           1020.0000     1017.0000   351757    0.29%
   3000  1395     1019.0000   100     1020.0000     1017.0000   360454    0.29%
Elapsed time = 625.19 sec. (tree size = 21.66 MB, solutions = 8)
   3100  1476     1018.0000   120     1020.0000     1017.0000   374502    0.29%
   3200  1566     1018.0000   158     1020.0000     1017.0000   382183    0.29%
   3300  1665     1018.0000   106     1020.0000     1017.0000   389566    0.29%
   3400  1752     1019.0000    64     1020.0000     1017.0000   404187    0.29%
   3500  1832     1018.0000   131     1020.0000     1017.0000   427220    0.29%
   3600  1924     1018.0000   108     1020.0000     1017.0000   436686    0.29%
   3700  2008     1018.0000   118     1020.0000     1017.0000   452286    0.29%
   3800  2098     1019.0000   124     1020.0000     1017.0000   465170    0.29%
   3900  2191     1018.0000   117     1020.0000     1017.0000   472272    0.29%
   4000  2279     1018.0000   107     1020.0000     1017.0000   479600    0.29%
Elapsed time = 824.31 sec. (tree size = 37.53 MB, solutions = 8)
   4100  2379     1018.0000   102     1020.0000     1017.0000   484731    0.29%
   4200  2479     1018.0000   102     1020.0000     1017.0000   492781    0.29%
   4300  2564     1019.0000    59     1020.0000     1017.0000   502918    0.29%
   4400  2642     1018.0000   125     1020.0000     1017.0000   510291    0.29%
   4500  2732     1018.0000   105     1020.0000     1017.0000   517271    0.29%
   4600  2822     1018.0000   114     1020.0000     1017.0000   526609    0.29%
   4700  2911     1018.0000   128     1020.0000     1017.0000   541068    0.29%
   4800  3011     1018.0000    94     1020.0000     1017.0000   546761    0.29%
   4900  3093     1019.0000   102     1020.0000     1017.0000   560445    0.29%
   5000  3140     1018.0000   106     1020.0000     1017.0000   579024    0.29%
Elapsed time = 991.41 sec. (tree size = 52.53 MB, solutions = 8)
   5100  3232     1018.0000   113     1020.0000     1017.0000   590215    0.29%
   5200  3313     1018.0000   110     1020.0000     1017.0000   604496    0.29%
   5300  3411     1019.0000   115     1020.0000     1017.0000   610657    0.29%
   5400  3504    infeasible           1020.0000     1017.0000   617469    0.29%
   5500  3592     1019.0000    86     1020.0000     1017.0000   627056    0.29%
   5600  3667     1019.0000   111     1020.0000     1017.0000   630926    0.29%
   5700  3715     1018.0000   104     1020.0000     1017.0000   637008    0.29%
   5800  3805     1018.0000   132     1020.0000     1017.0000   645967    0.29%
   5900  3896     1018.0000   103     1020.0000     1017.0000   656931    0.29%
   6000  3986     1018.0000   111     1020.0000     1017.0000   670405    0.29%
Elapsed time = 1158.56 sec. (tree size = 67.66 MB, solutions = 8)
   6100  4080     1018.0000   146     1020.0000     1017.0000   678467    0.29%
   6200  4178     1018.0000   119     1020.0000     1017.0000   684756    0.29%
   6300  4264     1019.0000    91     1020.0000     1017.0000   694668    0.29%
   6400  4356     1019.0000   115     1020.0000     1017.0000   704375    0.29%
   6500  4449     1018.0000   101     1020.0000     1017.0000   710414    0.29%
   6600  4544     1018.0000   121     1020.0000     1017.0000   717815    0.29%
   6700  4631     1018.0198   186     1020.0000     1017.0000   729015    0.29%
   6800  4726     1019.0000   114     1020.0000     1017.0000   737267    0.29%
   6900  4809    infeasible           1020.0000     1017.0000   751368    0.29%
   7000  4896     1018.0000    93     1020.0000     1017.0000   760340    0.29%
Elapsed time = 1303.69 sec. (tree size = 84.48 MB, solutions = 8)
   7100  4994     1018.0000   123     1020.0000     1017.0000   767860    0.29%
   7200  5050    infeasible           1020.0000     1017.0000   807661    0.29%
   7300  5094     1019.0000   119     1020.0000     1017.0000   861296    0.29%
   7400  5188     1019.0000   111     1020.0000     1017.0000   869188    0.29%
   7500  5281     1018.0000   189     1020.0000     1017.0000   876655    0.29%
   7600  5380     1019.0000   114     1020.0000     1017.0000   880002    0.29%
   7700  5467     1018.0000   108     1020.0000     1017.0000   907288    0.29%
   7800  5565     1019.0000   115     1020.0000     1017.0000   912593    0.29%
   7900  5656     1018.0000    87     1020.0000     1017.0000   920786    0.29%
   8000  5756     1018.0000   126     1020.0000     1017.0000   927736    0.29%
Elapsed time = 1506.50 sec. (tree size = 99.99 MB, solutions = 8)
   8100  5842     1019.0000   105     1020.0000     1017.0000   942964    0.29%
   8200  5919     1018.0000   123     1020.0000     1017.0000   964697    0.29%
   8300  6017     1019.0000   105     1020.0000     1017.0000   969023    0.29%
   8400  6108     1018.0000   106     1020.0000     1017.0000   977898    0.29%
   8500  6202     1018.0000   120     1020.0000     1017.0000   985402    0.29%
   8600  6290     1018.0000   147     1020.0000     1017.0000   998201    0.29%
   8700  6389     1018.0000   103     1020.0000     1017.0000  1002623    0.29%
   8800  6477     1018.0000    96     1020.0000     1017.0000  1016321    0.29%
   8900  6575     1018.0000    95     1020.0000     1017.0000  1025402    0.29%
   9000  6664     1018.0000   108     1020.0000     1017.0000  1044443    0.29%
Elapsed time = 1677.83 sec. (tree size = 117.40 MB, solutions = 8)
   9100  6742    infeasible           1020.0000     1017.0000  1069191    0.29%
   9200  6835     1019.0000   122     1020.0000     1017.0000  1075377    0.29%
   9300  6927     1018.0000   133     1020.0000     1017.0000  1091268    0.29%
   9400  7008    infeasible           1020.0000     1017.0000  1098944    0.29%
   9500  7090     1018.0000   144     1020.0000     1017.0000  1109422    0.29%
   9600  7183     1018.0000   156     1020.0000     1017.0000  1119132    0.29%
   9700  7277     1019.0000    95     1020.0000     1017.0000  1127625    0.29%
   9800  7364     1018.0000   164     1020.0000     1017.0000  1143297    0.29%
   9900  7457     1019.0000    95     1020.0000     1017.0000  1154027    0.29%
  10000  7555     1019.0000   124     1020.0000     1017.0000  1161212    0.29%
Elapsed time = 1852.55 sec. (tree size = 134.39 MB, solutions = 8)
Nodefile size =  6.96 MB (4.96 MB after compression)
  10100  7645     1019.0000   107     1020.0000     1017.0000  1169832    0.29%
  10200  7736     1018.0000   131     1020.0000     1017.0000  1178546    0.29%
  10300  7826     1018.0000   129     1020.0000     1017.0000  1188563    0.29%
  10400  7925     1018.0000   106     1020.0000     1017.0000  1192116    0.29%
  10500  8019     1018.0000   115     1020.0000     1017.0000  1201960    0.29%
  10600  8091     1019.0000   102     1020.0000     1017.0000  1242897    0.29%
  10700  8183     1019.0000    97     1020.0000     1017.0000  1257857    0.29%
  10800  8266     1019.0000   162     1020.0000     1017.0000  1276769    0.29%
  10900  8358     1018.1243   148     1020.0000     1017.0000  1284780    0.29%
  11000  8453     1018.0000   116     1020.0000     1017.0000  1294755    0.29%
Elapsed time = 2061.77 sec. (tree size = 152.17 MB, solutions = 8)
Nodefile size = 24.82 MB (17.67 MB after compression)
  11100  8550     1019.0000   134     1020.0000     1017.0000  1298779    0.29%
  11200  8644     1018.0000   104     1020.0000     1017.0000  1305950    0.29%
  11300  8739     1018.0000   115     1020.0000     1017.0000  1313754    0.29%
  11400  8835     1019.0000   119     1020.0000     1017.0000  1318654    0.29%
  11500  8920     1019.0000   103     1020.0000     1017.0000  1333148    0.29%
  11600  9013     1018.0000   102     1020.0000     1017.0000  1344660    0.29%
  11700  9112     1019.0000   105     1020.0000     1017.0000  1348409    0.29%
  11800  9205     1018.0000   111     1020.0000     1017.0000  1355606    0.29%
  11900  9303     1018.0036   159     1020.0000     1017.0000  1363657    0.29%
  12000  9386     1019.0000    96     1020.0000     1017.0000  1375169    0.29%
Elapsed time = 2210.08 sec. (tree size = 170.86 MB, solutions = 8)
Nodefile size = 43.65 MB (31.11 MB after compression)
  12100  9479     1018.0000   105     1020.0000     1017.0000  1389068    0.29%
  12200  9577     1019.0000   122     1020.0000     1017.0000  1394885    0.29%
  12300  9670     1018.0000   145     1020.0000     1017.0000  1408394    0.29%
  12400  9748     1019.0000   185     1020.0000     1017.0000  1437316    0.29%
  12500  9837     1019.0000   105     1020.0000     1017.0000  1447214    0.29%
  12600  9921     1019.0000   128     1020.0000     1017.0000  1473257    0.29%
  12700 10011     1018.0000   119     1020.0000     1017.0000  1491055    0.29%
  12800 10103     1019.0000   102     1020.0000     1017.0000  1497337    0.29%
  12900 10192     1018.0000    98     1020.0000     1017.0000  1504803    0.29%
  13000 10278    infeasible           1020.0000     1017.0000  1517955    0.29%
Elapsed time = 2398.22 sec. (tree size = 188.91 MB, solutions = 8)
Nodefile size = 61.44 MB (43.91 MB after compression)
  13100 10375     1018.0000   114     1020.0000     1017.0000  1526060    0.29%
  13200 10460     1019.0000   102     1020.0000     1017.0000  1535716    0.29%
  13300 10541     1019.0000    85     1020.0000     1017.0000  1546277    0.29%
  13400 10634     1018.0000   165     1020.0000     1017.0000  1556508    0.29%
  13500 10731     1019.0000   106     1020.0000     1017.0000  1561026    0.29%
  13600 10822     1018.0000   133     1020.0000     1017.0000  1583611    0.29%
  13700 10913     1019.0000   112     1020.0000     1017.0000  1597526    0.29%
  13800 11006     1018.0000   219     1020.0000     1017.0000  1608462    0.29%
  13900 11106     1018.0000   105     1020.0000     1017.0000  1612148    0.29%
  14000 11199     1019.0000    74     1020.0000     1017.0000  1622301    0.29%
Elapsed time = 2590.36 sec. (tree size = 207.65 MB, solutions = 8)
Nodefile size = 80.31 MB (57.45 MB after compression)
  14100 11289     1018.0000   117     1020.0000     1017.0000  1635354    0.29%
  14200 11388     1019.0000    95     1020.0000     1017.0000  1640680    0.29%
  14300 11482     1018.0000   149     1020.0000     1017.0000  1647763    0.29%
  14400 11574     1018.0000   112     1020.0000     1017.0000  1656017    0.29%
  14500 11673     1019.0000    98     1020.0000     1017.0000  1661009    0.29%
  14600 11762     1018.0000   106     1020.0000     1017.0000  1666804    0.29%
  14700 11862     1018.0000   114     1020.0000     1017.0000  1672184    0.29%
  14800 11948    infeasible           1020.0000     1017.0000  1684806    0.29%
  14900 12029     1019.0000   211     1020.0000     1017.0000  1701486    0.29%
  15000 12121     1019.0000   152     1020.0000     1017.0000  1713006    0.29%
Elapsed time = 2732.34 sec. (tree size = 226.14 MB, solutions = 8)
Nodefile size = 99.11 MB (70.90 MB after compression)
  15100 12209     1018.0000    85     1020.0000     1017.0000  1723439    0.29%
  15200 12299     1018.0000   118     1020.0000     1017.0000  1733518    0.29%
  15300 12393     1018.0000   117     1020.0000     1017.0000  1739728    0.29%
  15400 12488     1019.0000   115     1020.0000     1017.0000  1747260    0.29%
  15500 12581     1018.0000   115     1020.0000     1017.0000  1760739    0.29%
  15600 12675     1018.0000    98     1020.0000     1017.0000  1767053    0.29%
  15700 12774     1018.0000   108     1020.0000     1017.0000  1772205    0.29%
  15800 12866     1018.0000   104     1020.0000     1017.0000  1780399    0.29%
  15900 12957     1019.0000    99     1020.0000     1017.0000  1792110    0.29%
  16000 13052     1018.0000   100     1020.0000     1017.0000  1797955    0.29%
Elapsed time = 2895.08 sec. (tree size = 244.99 MB, solutions = 8)
Nodefile size = 117.95 MB (84.27 MB after compression)
  16100 13147     1018.0000   114     1020.0000     1017.0000  1804824    0.29%
  16200 13232     1018.0000   132     1020.0000     1017.0000  1822312    0.29%
  16300 13331     1019.0000    93     1020.0000     1017.0000  1825554    0.29%
  16400 13426     1018.0000   138     1020.0000     1017.0000  1845903    0.29%
  16500 13522     1019.0000    96     1020.0000     1017.0000  1854905    0.29%
  16600 13596     1019.0000    85     1020.0000     1017.0000  1859507    0.29%
  16700 13688     1019.0000    90     1020.0000     1017.0000  1872978    0.29%
  16800 13771     1019.0000   161     1020.0000     1017.0000  1898690    0.29%
  16900 13854     1019.0000   140     1020.0000     1017.0000  1939138    0.29%
  17000 13938     1018.0000   104     1020.0000     1017.0000  1961756    0.29%
Elapsed time = 3092.81 sec. (tree size = 263.27 MB, solutions = 8)
Nodefile size = 135.83 MB (97.25 MB after compression)
  17100 14032     1019.0000    70     1020.0000     1017.0000  1973317    0.29%
  17200 14129     1019.0000   114     1020.0000     1017.0000  1978478    0.29%
  17300 14220     1019.0000   100     1020.0000     1017.0000  1996346    0.29%
  17400 14313     1018.0000   119     1020.0000     1017.0000  2006339    0.29%
  17500 14411     1019.0000    92     1020.0000     1017.0000  2011814    0.29%
  17600 14502     1018.0000   128     1020.0000     1017.0000  2027142    0.29%
  17700 14602     1018.0000   140     1020.0000     1017.0000  2033155    0.29%
  17800 14698     1019.0000   106     1020.0000     1017.0000  2039347    0.29%
  17900 14733     1017.0000   166     1020.0000     1017.0000  2091868    0.29%
  18000 14832     1018.0000   112     1020.0000     1017.0000  2098110    0.29%
Elapsed time = 3299.53 sec. (tree size = 281.98 MB, solutions = 8)
Nodefile size = 154.66 MB (110.89 MB after compression)
  18100 14928     1019.0000    79     1020.0000     1017.0000  2106302    0.29%
  18200 14968     1017.0000   205     1020.0000     1017.0000  2121655    0.29%
  18300 15067     1018.0000   102     1020.0000     1017.0000  2127010    0.29%
  18400 15165     1019.0000   124     1020.0000     1017.0000  2131595    0.29%
  18500 15250     1018.0000   113     1020.0000     1017.0000  2141601    0.29%
  18600 15348     1019.0000    87     1020.0000     1017.0000  2144887    0.29%
  18700 15443     1018.0000   134     1020.0000     1017.0000  2151491    0.29%
  18800 15534     1017.0000   156     1020.0000     1017.0000  2162665    0.29%
  18900 15633     1018.0000   116     1020.0000     1017.0000  2167613    0.29%
  19000 15728     1019.0000   120     1020.0000     1017.0000  2178501    0.29%
Elapsed time = 3447.22 sec. (tree size = 300.02 MB, solutions = 8)
Nodefile size = 172.52 MB (123.75 MB after compression)
  19100 15761     1019.0000   104     1020.0000     1017.0000  2220293    0.29%
  19200 15842     1019.0000   102     1020.0000     1017.0000  2238685    0.29%
  19300 15935     1019.0000   188     1020.0000     1017.0000  2248617    0.29%
  19400 16033     1019.0000   118     1020.0000     1017.0000  2257334    0.29%
  19500 16118     1019.0000   143     1020.0000     1017.0000  2270865    0.29%
  19600 16213     1019.0000   107     1020.0000     1017.0000  2281857    0.29%
  19700 16313     1019.0000   139     1020.0000     1017.0000  2288264    0.29%
  19800 16404     1018.0000   131     1020.0000     1017.0000  2302679    0.29%
  19900 16502     1019.0000   110     1020.0000     1017.0000  2308941    0.29%
  20000 16593     1018.0000    85     1020.0000     1017.0000  2318647    0.29%
Elapsed time = 3682.83 sec. (tree size = 318.46 MB, solutions = 8)
Nodefile size = 191.27 MB (137.62 MB after compression)
  20100 16685     1019.0000   130     1020.0000     1017.0000  2329586    0.29%
  20200 16780     1018.0000   131     1020.0000     1017.0000  2339894    0.29%
  20300 16880     1018.0000    90     1020.0000     1017.0000  2342598    0.29%
  20400 16977     1019.0000    88     1020.0000     1017.0000  2349183    0.29%
  20500 17062     1018.0000    90     1020.0000     1017.0000  2370462    0.29%
  20600 17153     1017.0059   196     1020.0000     1017.0000  2388029    0.29%
  20700 17253     1018.0000   101     1020.0000     1017.0000  2392131    0.29%
  20800 17344     1019.0000    97     1020.0000     1017.0000  2406690    0.29%
  20900 17436     1019.0000   118     1020.0000     1017.0000  2422347    0.29%
  21000 17527     1018.0000   141     1020.0000     1017.0000  2437906    0.29%
Elapsed time = 3885.92 sec. (tree size = 337.63 MB, solutions = 8)
Nodefile size = 210.10 MB (151.22 MB after compression)
  21100 17626     1019.0000   106     1020.0000     1017.0000  2445010    0.29%
  21200 17720     1018.0000   118     1020.0000     1017.0000  2457415    0.29%
  21300 17818     1019.0000    79     1020.0000     1017.0000  2462010    0.29%
  21400 17912     1018.0000    99     1020.0000     1017.0000  2471504    0.29%
  21500 18012     1018.0000   124     1020.0000     1017.0000  2476070    0.29%
  21600 18105     1017.0000   160     1020.0000     1017.0000  2487456    0.29%
  21700 18202     1018.0000   133     1020.0000     1017.0000  2493429    0.29%
  21800 18302     1018.0000   114     1020.0000     1017.0000  2501773    0.29%
  21900 18386     1017.0000   169     1020.0000     1017.0000  2516927    0.29%
  22000 18486     1018.0000   143     1020.0000     1017.0000  2525562    0.29%
Elapsed time = 4061.94 sec. (tree size = 356.79 MB, solutions = 8)
Nodefile size = 228.92 MB (164.81 MB after compression)
  22100 18585     1019.0000    91     1020.0000     1017.0000  2531447    0.29%
  22200 18685     1019.0000    85     1020.0000     1017.0000  2533279    0.29%
  22300 18777     1018.0000   143     1020.0000     1017.0000  2548998    0.29%
  22400 18875     1018.0000   114     1020.0000     1017.0000  2552651    0.29%
  22500 18972     1019.0000   131     1020.0000     1017.0000  2558941    0.29%
  22600 19068     1018.0000   127     1020.0000     1017.0000  2568765    0.29%
  22700 19165     1019.0000   108     1020.0000     1017.0000  2575737    0.29%
  22800 19252     1018.0000    80     1020.0000     1017.0000  2595069    0.29%
  22900 19349     1018.0000    86     1020.0000     1017.0000  2604733    0.29%
  23000 19443     1017.0000   172     1020.0000     1017.0000  2617401    0.29%
Elapsed time = 4259.11 sec. (tree size = 376.37 MB, solutions = 8)
Nodefile size = 248.72 MB (179.32 MB after compression)
  23100 19543     1018.0000   104     1020.0000     1017.0000  2622563    0.29%
  23200 19634     1019.0000   156     1020.0000     1017.0000  2633430    0.29%
  23300 19734     1019.0000   117     1020.0000     1017.0000  2638079    0.29%
  23400 19829     1018.0000   102     1020.0000     1017.0000  2648465    0.29%
  23500 19929     1018.0000   115     1020.0000     1017.0000  2653812    0.29%
  23600 20021     1017.0000   168     1020.0000     1017.0000  2669584    0.29%
  23700 20118     1018.0000   111     1020.0000     1017.0000  2676678    0.29%
  23800 20208    infeasible           1020.0000     1017.0000  2688121    0.29%
  23900 20300     1018.0000   127     1020.0000     1017.0000  2698878    0.29%
  24000 20396     1019.0000   127     1020.0000     1017.0000  2707134    0.29%
Elapsed time = 4424.36 sec. (tree size = 396.39 MB, solutions = 8)
Nodefile size = 268.50 MB (193.62 MB after compression)
  24100 20491     1018.0000   120     1020.0000     1017.0000  2719128    0.29%
  24200 20588     1019.0000    84     1020.0000     1017.0000  2725565    0.29%
  24300 20682     1018.0000   111     1020.0000     1017.0000  2738403    0.29%
  24400 20782     1018.0000   112     1020.0000     1017.0000  2744143    0.29%
  24500 20872     1018.0000   117     1020.0000     1017.0000  2768011    0.29%
  24600 20972     1018.0000   118     1020.0000     1017.0000  2772958    0.29%
  24700 21065     1018.0000   108     1020.0000     1017.0000  2782029    0.29%
  24800 21165     1018.0000   143     1020.0000     1017.0000  2787757    0.29%
  24900 21257     1018.0000   107     1020.0000     1017.0000  2802044    0.29%
  25000 21357     1018.0000   126     1020.0000     1017.0000  2805795    0.29%
Elapsed time = 4612.59 sec. (tree size = 416.45 MB, solutions = 8)
Nodefile size = 289.32 MB (208.88 MB after compression)
  25100 21449     1017.0061   225     1020.0000     1017.0000  2817430    0.29%
  25200 21549     1018.0000   115     1020.0000     1017.0000  2819723    0.29%
  25300 21639    infeasible           1020.0000     1017.0000  2832925    0.29%
  25400 21736     1018.0000   106     1020.0000     1017.0000  2845169    0.29%
  25500 21835     1018.0000   122     1020.0000     1017.0000  2859194    0.29%
  25600 21917     1019.0000   111     1020.0000     1017.0000  2867459    0.29%
  25700 21987     1018.0000    86     1020.0000     1017.0000  2883504    0.29%
  25800 22086     1018.0000   137     1020.0000     1017.0000  2888279    0.29%
  25900 22177     1018.0000   136     1020.0000     1017.0000  2899560    0.29%
  26000 22277     1018.0000   121     1020.0000     1017.0000  2903945    0.29%
Elapsed time = 4792.83 sec. (tree size = 436.03 MB, solutions = 8)
Nodefile size = 308.14 MB (222.80 MB after compression)
  26100 22369     1018.0000   105     1020.0000     1017.0000  2918387    0.29%
  26200 22469     1018.0000   122     1020.0000     1017.0000  2922548    0.29%
  26300 22568     1019.0000   105     1020.0000     1017.0000  2928535    0.29%
  26400 22657     1018.0000   112     1020.0000     1017.0000  2952307    0.29%
  26500 22757     1018.0000   131     1020.0000     1017.0000  2959486    0.29%
  26600 22848     1018.0000   113     1020.0000     1017.0000  2973306    0.29%
  26700 22948     1018.0000   131     1020.0000     1017.0000  2978782    0.29%
  26800 23037     1018.0000   139     1020.0000     1017.0000  2995901    0.29%
  26900 23137     1018.0000   109     1020.0000     1017.0000  2999563    0.29%
  27000 23231     1018.0000   102     1020.0000     1017.0000  3010111    0.29%
Elapsed time = 4990.16 sec. (tree size = 456.45 MB, solutions = 8)
Nodefile size = 328.89 MB (238.15 MB after compression)
  27100 23322     1017.0000   175     1020.0000     1017.0000  3021673    0.29%
  27200 23416     1018.0000    82     1020.0000     1017.0000  3039559    0.29%
  27300 23516     1018.0000    99     1020.0000     1017.0000  3063874    0.29%
  27400 23603     1019.0000    94     1020.0000     1017.0000  3072752    0.29%
  27500 23686     1018.0000    98     1020.0000     1017.0000  3087239    0.29%
  27600 23785     1019.0000   101     1020.0000     1017.0000  3093432    0.29%
  27700 23881     1018.0000    94     1020.0000     1017.0000  3107183    0.29%
  27800 23975    infeasible           1020.0000     1017.0000  3117807    0.29%
  27900 24064     1018.0000   107     1020.0000     1017.0000  3133383    0.29%
  28000 24164     1018.0000   128     1020.0000     1017.0000  3141203    0.29%
Elapsed time = 5222.84 sec. (tree size = 477.16 MB, solutions = 8)
Nodefile size = 349.66 MB (253.59 MB after compression)
  28100 24254     1017.0000   155     1020.0000     1017.0000  3153549    0.29%
  28200 24351     1018.0000   132     1020.0000     1017.0000  3166365    0.29%
  28300 24451     1018.0000   110     1020.0000     1017.0000  3177149    0.29%
  28400 24550     1018.0000   110     1020.0000     1017.0000  3192969    0.29%
  28500 24640     1018.0000   106     1020.0000     1017.0000  3211052    0.29%
  28600 24740     1018.0000   115     1020.0000     1017.0000  3216456    0.29%
  28700 24834     1018.0000   156     1020.0000     1017.0000  3225020    0.29%
  28800 24934     1018.0000   125     1020.0000     1017.0000  3228643    0.29%
  28900 25029     1019.0000   109     1020.0000     1017.0000  3237826    0.29%
  29000 25123     1018.0000   107     1020.0000     1017.0000  3249081    0.29%
Elapsed time = 5427.84 sec. (tree size = 498.34 MB, solutions = 8)
Nodefile size = 370.40 MB (269.27 MB after compression)
  29100 25223     1018.0000   134     1020.0000     1017.0000  3255460    0.29%
  29200 25311     1017.0021   215     1020.0000     1017.0000  3270776    0.29%
  29300 25408     1018.0000   115     1020.0000     1017.0000  3277322    0.29%
  29400 25505     1018.0000   104     1020.0000     1017.0000  3296896    0.29%
  29500 25604     1018.0000   104     1020.0000     1017.0000  3314207    0.29%
  29600 25691     1019.0000   104     1020.0000     1017.0000  3343559    0.29%
  29700 25780     1018.0000   117     1020.0000     1017.0000  3370973    0.29%
  29800 25876     1018.0000   128     1020.0000     1017.0000  3376237    0.29%
  29900 25962     1018.0000   162     1020.0000     1017.0000  3397718    0.29%
  30000 26062     1018.0000   129     1020.0000     1017.0000  3401684    0.29%
Elapsed time = 5681.91 sec. (tree size = 519.47 MB, solutions = 8)
Nodefile size = 392.19 MB (285.72 MB after compression)
  30100 26160     1019.0000   133     1020.0000     1017.0000  3411006    0.29%
  30200 26253     1018.0000   104     1020.0000     1017.0000  3419787    0.29%
  30300 26346     1018.0000   115     1020.0000     1017.0000  3429189    0.29%
  30400 26444     1018.0000   121     1020.0000     1017.0000  3437272    0.29%
  30500 26543     1018.0000   131     1020.0000     1017.0000  3449652    0.29%
  30600 26634     1019.0000   121     1020.0000     1017.0000  3463327    0.29%
  30700 26716     1019.0000   125     1020.0000     1017.0000  3496598    0.29%
  30800 26803     1017.0000   168     1020.0000     1017.0000  3516216    0.29%
  30900 26902     1019.0000    99     1020.0000     1017.0000  3521972    0.29%
  31000 26997     1018.0000   102     1020.0000     1017.0000  3532670    0.29%
Elapsed time = 5916.25 sec. (tree size = 540.80 MB, solutions = 8)
Nodefile size = 413.01 MB (301.84 MB after compression)
  31100 27097     1018.0000   137     1020.0000     1017.0000  3538970    0.29%
  31200 27196     1019.0000    83     1020.0000     1017.0000  3547163    0.29%
  31300 27294     1019.0000    76     1020.0000     1017.0000  3550797    0.29%
  31400 27388     1018.0000    98     1020.0000     1017.0000  3561452    0.29%
  31500 27488     1018.0000   113     1020.0000     1017.0000  3573920    0.29%
  31600 27588     1018.0000   104     1020.0000     1017.0000  3593738    0.29%
  31700 27680     1019.0000    87     1020.0000     1017.0000  3611380    0.29%
  31800 27748    infeasible           1020.0000     1017.0000  3651719    0.29%
  31900 27826     1018.0000    91     1020.0000     1017.0000  3676751    0.29%
  32000 27926     1018.0000   129     1020.0000     1017.0000  3683367    0.29%
Elapsed time = 6176.42 sec. (tree size = 561.85 MB, solutions = 8)
Nodefile size = 434.79 MB (318.31 MB after compression)
  32100 27993     1019.0000    97     1020.0000     1017.0000  3721358    0.29%
  32200 28067     1018.0000   114     1020.0000     1017.0000  3749759    0.29%
  32300 28166     1018.0000   127     1020.0000     1017.0000  3756077    0.29%
  32400 28260     1018.0000   110     1020.0000     1017.0000  3766037    0.29%
  32500 28360     1018.0000   140     1020.0000     1017.0000  3770244    0.29%
  32600 28453     1017.0000   163     1020.0000     1017.0000  3780373    0.29%
  32700 28550     1018.0000   100     1020.0000     1017.0000  3793170    0.29%
  32800 28648     1018.0141   155     1020.0000     1017.0000  3804658    0.29%
  32900 28737     1019.0000   109     1020.0000     1017.0000  3813479    0.29%
  33000 28832     1018.0000   124     1020.0000     1017.0000  3832877    0.29%
Elapsed time = 6440.36 sec. (tree size = 582.54 MB, solutions = 8)
Nodefile size = 454.56 MB (333.60 MB after compression)
  33100 28930     1019.0000   109     1020.0000     1017.0000  3839429    0.29%
  33200 29023     1018.0000    99     1020.0000     1017.0000  3848653    0.29%
  33300 29123     1018.0000   124     1020.0000     1017.0000  3852645    0.29%
  33400 29210     1017.0000   162     1020.0000     1017.0000  3868884    0.29%
  33500 29309     1018.0000   109     1020.0000     1017.0000  3876577    0.29%
  33600 29402     1019.0000   103     1020.0000     1017.0000  3889820    0.29%
  33700 29488     1018.0000   144     1020.0000     1017.0000  3914906    0.29%
  33800 29584     1018.0000   114     1020.0000     1017.0000  3928975    0.29%
  33900 29675     1017.0000   169     1020.0000     1017.0000  3950253    0.29%
  34000 29774     1018.0000   118     1020.0000     1017.0000  3958159    0.29%
Elapsed time = 6658.78 sec. (tree size = 604.02 MB, solutions = 8)
Nodefile size = 476.35 MB (350.28 MB after compression)
  34100 29872     1019.0000    85     1020.0000     1017.0000  3964163    0.29%
  34200 29960     1018.0000   102     1020.0000     1017.0000  3975604    0.29%
  34300 30060     1018.0000   140     1020.0000     1017.0000  3980343    0.29%
  34400 30152     1017.0000   203     1020.0000     1017.0000  4001612    0.29%
  34500 30250     1018.0000   120     1020.0000     1017.0000  4010291    0.29%
  34600 30347     1018.0000   119     1020.0000     1017.0000  4020952    0.29%
  34700 30435     1019.0000    99     1020.0000     1017.0000  4034821    0.29%
  34800 30527     1018.0000   106     1020.0000     1017.0000  4049388    0.29%
  34900 30626     1019.0000   126     1020.0000     1017.0000  4057093    0.29%
  35000 30717     1018.0000   124     1020.0000     1017.0000  4068119    0.29%
Elapsed time = 6866.55 sec. (tree size = 625.61 MB, solutions = 8)
Nodefile size = 498.13 MB (367.05 MB after compression)
  35100 30816     1019.0000   124     1020.0000     1017.0000  4074002    0.29%
  35200 30909     1018.0000   138     1020.0000     1017.0000  4087650    0.29%
  35300 31009     1019.0000   102     1020.0000     1017.0000  4093313    0.29%
  35400 31102     1018.0000   103     1020.0000     1017.0000  4108219    0.29%
  35500 31202     1018.0000   122     1020.0000     1017.0000  4116292    0.29%
  35600 31302     1018.0000   128     1020.0000     1017.0000  4127777    0.29%
  35700 31398     1018.0000   114     1020.0000     1017.0000  4136097    0.29%
  35800 31496     1019.0000   103     1020.0000     1017.0000  4142181    0.29%
  35900 31590     1018.0000   116     1020.0000     1017.0000  4162338    0.29%
  36000 31690     1018.0000   134     1020.0000     1017.0000  4166841    0.29%
Elapsed time = 7053.61 sec. (tree size = 647.65 MB, solutions = 8)
Nodefile size = 519.97 MB (383.67 MB after compression)
  36100 31789     1019.0000   101     1020.0000     1017.0000  4172353    0.29%
  36200 31884     1018.0000   113     1020.0000     1017.0000  4185909    0.29%
  36300 31982     1019.0000   115     1020.0000     1017.0000  4192776    0.29%
  36400 32073     1018.0000   137     1020.0000     1017.0000  4206416    0.29%
  36500 32173     1018.0000   102     1020.0000     1017.0000  4214264    0.29%
  36600 32272     1018.0000   107     1020.0000     1017.0000  4231626    0.29%

Cover cuts applied:  789
Mixed integer rounding cuts applied:  16
Gomory fractional cuts applied:  22

Solution pool: 8 solutions saved.

MIP - Time limit exceeded, integer feasible:  Objective = 1.0200000000e+003
Current MIP best bound = 1.0170000000e+003 (gap = 3, 0.29%)
Solution time = 7200.09 sec.  Iterations = 4241475  Nodes = 36641 (32312)


Incumbent solution
Variable Name           Solution Value
Cmax                       1020.000000
X_1_49                        1.000000
X_2_5                         1.000000
X_3_33                        1.000000
X_4_24                        1.000000
X_5_16                        1.000000
X_6_37                        1.000000
X_7_22                        1.000000
X_8_35                        1.000000
X_9_32                        1.000000
X_10_6                        1.000000
X_11_30                       1.000000
X_12_26                       1.000000
X_13_38                       1.000000
X_14_33                       1.000000
X_15_29                       1.000000
X_16_14                       1.000000
X_17_9                        1.000000
X_18_45                       1.000000
X_19_11                       1.000000
X_20_3                        1.000000
X_21_36                       1.000000
X_22_44                       1.000000
X_23_10                       1.000000
X_24_34                       1.000000
X_25_43                       1.000000
X_26_1                        1.000000
X_27_14                       1.000000
X_28_28                       1.000000
X_29_10                       1.000000
X_30_26                       1.000000
X_31_38                       1.000000
X_32_35                       1.000000
X_33_40                       1.000000
X_34_47                       1.000000
X_35_28                       1.000000
X_36_50                       1.000000
X_37_8                        1.000000
X_38_28                       1.000000
X_39_26                       1.000000
X_40_44                       1.000000
X_41_10                       1.000000
X_42_7                        1.000000
X_43_17                       1.000000
X_44_43                       1.000000
X_45_45                       1.000000
X_46_32                       1.000000
X_47_23                       1.000000
X_48_37                       1.000000
X_49_30                       1.000000
X_50_42                       1.000000
X_51_2                        1.000000
X_52_22                       1.000000
X_53_22                       1.000000
X_54_20                       1.000000
X_55_50                       1.000000
X_56_16                       1.000000
X_57_32                       1.000000
X_58_41                       1.000000
X_59_16                       1.000000
X_60_23                       1.000000
X_61_16                       1.000000
X_62_19                       1.000000
X_63_12                       1.000000
X_64_14                       1.000000
X_65_3                        1.000000
X_66_15                       1.000000
X_67_33                       1.000000
X_68_24                       1.000000
X_69_29                       1.000000
X_70_41                       1.000000
X_71_47                       1.000000
X_72_31                       1.000000
X_73_9                        1.000000
X_74_32                       1.000000
X_75_34                       1.000000
X_76_25                       1.000000
X_77_12                       1.000000
X_78_7                        1.000000
X_79_47                       1.000000
X_80_2                        1.000000
X_81_39                       1.000000
X_82_39                       1.000000
X_83_23                       1.000000
X_84_35                       1.000000
X_85_2                        1.000000
X_86_28                       1.000000
X_87_29                       1.000000
X_88_49                       1.000000
X_89_47                       1.000000
X_90_26                       1.000000
X_91_28                       1.000000
X_92_40                       1.000000
X_93_1                        1.000000
X_94_9                        1.000000
X_95_43                       1.000000
X_96_19                       1.000000
X_97_36                       1.000000
X_98_11                       1.000000
X_99_30                       1.000000
X_100_20                      1.000000
X_101_12                      1.000000
X_102_44                      1.000000
X_103_42                      1.000000
X_104_18                      1.000000
X_105_13                      1.000000
X_106_5                       1.000000
X_107_29                      1.000000
X_108_40                      1.000000
X_109_42                      1.000000
X_110_24                      1.000000
X_111_16                     -0.000000
X_111_20                      0.000000
X_111_42                      1.000000
X_112_6                       1.000000
X_113_17                      1.000000
X_114_8                       1.000000
X_115_49                      1.000000
X_116_38                      1.000000
X_117_5                       1.000000
X_118_6                       1.000000
X_119_4                       1.000000
X_120_35                      1.000000
X_121_3                       1.000000
X_122_50                      1.000000
X_123_9                       1.000000
X_124_22                      1.000000
X_125_33                      1.000000
X_126_21                      1.000000
X_127_44                      1.000000
X_128_4                       1.000000
X_129_9                       1.000000
X_130_36                      1.000000
X_131_12                      1.000000
X_132_41                      1.000000
X_133_42                      1.000000
X_134_18                      1.000000
X_135_19                      1.000000
X_136_25                      1.000000
X_137_27                      1.000000
X_138_1                       1.000000
X_139_15                      1.000000
X_140_11                      1.000000
X_141_45                      1.000000
X_142_17                      1.000000
X_143_9                       1.000000
X_144_14                      1.000000
X_145_44                      1.000000
X_146_4                       1.000000
X_147_27                      1.000000
X_148_45                      1.000000
X_149_30                      1.000000
X_150_8                       1.000000
X_151_37                      1.000000
X_152_3                       1.000000
X_153_41                      1.000000
X_154_19                      1.000000
X_155_15                      1.000000
X_156_20                      1.000000
X_157_36                      1.000000
X_158_4                       1.000000
X_159_19                      1.000000
X_160_11                      1.000000
X_161_27                      1.000000
X_162_32                      1.000000
X_163_11                      1.000000
X_164_31                      1.000000
X_165_50                      1.000000
X_166_7                       1.000000
X_167_42                      1.000000
X_168_6                       1.000000
X_169_26                      1.000000
X_170_3                       1.000000
X_171_12                      1.000000
X_172_17                      1.000000
X_173_12                      1.000000
X_174_17                      1.000000
X_175_9                       1.000000
X_176_45                      1.000000
X_177_47                      1.000000
X_178_43                      1.000000
X_179_1                       1.000000
X_180_16                      1.000000
X_181_37                      1.000000
X_182_19                      1.000000
X_183_3                       1.000000
X_184_34                      1.000000
X_185_6                       1.000000
X_186_33                      1.000000
X_187_17                      1.000000
X_188_20                      1.000000
X_189_50                      1.000000
X_190_1                       1.000000
X_191_44                      1.000000
X_192_28                      1.000000
X_193_33                      1.000000
X_194_23                      1.000000
X_195_36                      1.000000
X_196_49                      1.000000
X_197_26                      1.000000
X_198_40                      1.000000
X_199_2                       1.000000
X_200_47                      1.000000
X_201_47                      1.000000
X_202_39                      1.000000
X_203_40                      1.000000
X_204_39                      1.000000
X_205_8                       1.000000
X_206_11                      1.000000
X_207_48                      1.000000
X_208_9                       1.000000
X_209_23                      1.000000
X_210_13                      1.000000
X_211_21                      1.000000
X_212_33                      1.000000
X_213_50                      1.000000
X_214_48                      1.000000
X_215_18                      1.000000
X_216_10                      1.000000
X_217_27                      1.000000
X_218_36                      1.000000
X_219_35                      1.000000
X_220_35                      1.000000
X_221_12                      1.000000
X_222_41                      1.000000
X_223_39                      1.000000
X_224_8                       1.000000
X_225_26                      1.000000
X_226_46                      1.000000
X_227_22                      1.000000
X_228_45                      1.000000
X_229_49                      1.000000
X_230_12                      1.000000
X_231_26                      1.000000
X_232_17                      1.000000
X_233_17                      1.000000
X_234_29                      1.000000
X_235_8                       1.000000
X_236_39                      1.000000
X_237_34                      1.000000
X_238_20                      1.000000
X_239_45                      1.000000
X_240_48                      1.000000
X_241_6                       1.000000
X_242_32                      1.000000
X_243_27                      1.000000
X_244_30                      1.000000
X_245_30                      1.000000
X_246_5                       1.000000
X_247_8                       1.000000
X_248_18                      1.000000
X_249_17                      1.000000
X_250_3                       1.000000
X_251_7                       1.000000
X_252_19                      1.000000
X_253_43                      1.000000
X_254_46                      1.000000
X_255_32                      1.000000
X_256_23                      1.000000
X_257_18                      1.000000
X_258_47                      1.000000
X_259_18                      1.000000
X_260_42                      1.000000
X_261_21                      1.000000
X_262_31                      1.000000
X_263_39                      1.000000
X_264_28                      1.000000
X_265_44                      1.000000
X_266_2                       1.000000
X_267_21                      1.000000
X_268_25                      1.000000
X_269_37                      1.000000
X_270_46                      1.000000
X_271_13                      1.000000
X_272_39                      1.000000
X_273_20                      1.000000
X_274_44                      1.000000
X_275_29                      1.000000
X_276_37                      1.000000
X_277_21                      1.000000
X_278_41                      1.000000
X_279_13                      1.000000
X_280_38                      1.000000
X_281_10                      1.000000
X_282_20                      1.000000
X_283_42                      1.000000
X_284_46                      1.000000
X_285_21                      1.000000
X_286_4                       1.000000
X_287_12                      1.000000
X_288_22                      1.000000
X_289_21                      1.000000
X_290_49                      1.000000
X_291_20                      1.000000
X_292_16                      1.000000
X_293_41                      1.000000
X_294_42                      1.000000
X_295_18                      1.000000
X_296_36                      1.000000
X_297_1                       1.000000
X_298_13                      1.000000
X_299_37                      1.000000
X_300_44                      1.000000
X_301_11                      1.000000
X_302_49                      1.000000
X_303_27                      1.000000
X_304_6                       1.000000
X_305_24                      1.000000
X_306_25                      1.000000
X_307_43                      1.000000
X_308_3                       1.000000
X_309_23                      1.000000
X_310_28                      1.000000
X_311_6                       1.000000
X_312_8                       1.000000
X_313_5                       1.000000
X_314_25                      1.000000
X_315_25                      1.000000
X_316_10                      1.000000
X_317_38                      1.000000
X_318_6                       1.000000
X_319_26                      1.000000
X_320_24                      1.000000
X_321_11                      1.000000
X_322_13                      1.000000
X_323_46                      1.000000
X_324_24                      1.000000
X_325_30                      1.000000
X_326_5                       1.000000
X_327_19                      1.000000
X_328_44                      1.000000
X_329_1                       1.000000
X_330_21                      1.000000
X_331_48                      1.000000
X_332_27                      1.000000
X_333_29                      1.000000
X_334_15                      1.000000
X_335_18                      1.000000
X_336_11                      1.000000
X_337_38                      1.000000
X_338_14                      1.000000
X_339_10                      1.000000
X_340_38                      1.000000
X_341_13                      1.000000
X_342_1                       1.000000
X_343_43                      1.000000
X_344_7                       1.000000
X_345_35                      1.000000
X_346_16                      1.000000
X_347_4                       1.000000
X_348_38                      1.000000
X_349_46                      1.000000
X_350_3                       1.000000
X_351_34                      1.000000
X_352_5                       1.000000
X_353_11                      1.000000
X_354_32                      1.000000
X_355_5                       1.000000
X_356_34                      1.000000
X_357_16                      1.000000
X_358_50                      1.000000
X_359_4                       1.000000
X_360_27                      1.000000
X_361_37                      1.000000
X_362_15                      1.000000
X_363_31                      1.000000
X_364_9                       1.000000
X_365_49                      1.000000
X_366_4                       1.000000
X_367_33                      1.000000
X_368_41                      1.000000
X_369_2                       1.000000
X_370_13                      1.000000
X_371_32                      1.000000
X_372_48                      1.000000
X_373_29                      1.000000
X_374_48                      1.000000
X_375_6                       1.000000
X_376_20                      1.000000
X_377_35                      1.000000
X_378_2                       1.000000
X_379_2                       1.000000
X_380_40                      1.000000
X_381_24                      1.000000
X_382_46                      1.000000
X_383_49                      1.000000
X_384_10                      1.000000
X_385_36                      1.000000
X_386_45                      1.000000
X_387_40                      1.000000
X_388_37                      1.000000
X_389_10                      1.000000
X_390_23                      1.000000
X_391_39                      1.000000
X_392_31                      1.000000
X_393_34                      1.000000
X_394_46                      1.000000
X_395_21                      1.000000
X_396_40                      1.000000
X_397_25                      1.000000
X_398_40                      1.000000
X_399_14                      1.000000
X_400_12                      1.000000
X_401_7                       1.000000
X_402_31                      1.000000
X_403_41                      1.000000
X_404_49                      1.000000
X_405_34                      1.000000
X_406_48                      1.000000
X_407_26                      1.000000
X_408_29                      1.000000
X_409_2                       1.000000
X_410_13                      1.000000
X_411_43                      1.000000
X_412_20                      1.000000
X_413_45                      1.000000
X_414_30                      1.000000
X_415_50                      1.000000
X_416_9                       1.000000
X_417_4                       1.000000
X_418_15                      1.000000
X_419_22                      1.000000
X_420_22                      1.000000
X_421_25                      1.000000
X_422_30                      1.000000
X_423_47                      1.000000
X_424_31                      1.000000
X_425_22                      1.000000
X_426_50                      1.000000
X_427_31                      1.000000
X_428_46                      1.000000
X_429_1                       1.000000
X_430_19                      1.000000
X_431_48                      1.000000
X_432_34                      1.000000
X_433_28                      1.000000
X_434_7                       1.000000
X_435_31                      1.000000
X_436_27                      1.000000
X_437_46                      1.000000
X_438_43                      1.000000
X_439_1                       1.000000
X_440_22                      1.000000
X_441_15                      1.000000
X_442_48                      1.000000
X_443_35                      1.000000
X_444_34                      1.000000
X_445_7                       1.000000
X_446_16                      1.000000
X_447_5                       1.000000
X_448_38                      1.000000
X_449_47                      1.000000
X_450_24                      1.000000
X_451_10                      1.000000
X_452_24                      1.000000
X_453_17                      1.000000
X_454_25                      1.000000
X_455_32                      1.000000
X_456_23                      1.000000
X_457_18                      1.000000
X_458_15                      1.000000
X_459_33                      1.000000
X_460_42                      1.000000
X_461_2                       1.000000
X_462_25                      1.000000
X_463_7                       1.000000
X_464_30                      1.000000
X_465_15                      1.000000
X_466_33                      1.000000
X_467_13                      1.000000
X_468_14                      1.000000
X_469_14                      1.000000
X_470_23                      1.000000
X_471_43                      1.000000
X_472_21                      1.000000
X_473_38                      1.000000
X_474_24                      1.000000
X_475_8                       1.000000
X_476_50                      1.000000
X_477_29                      1.000000
X_478_4                       1.000000
X_479_14                      1.000000
X_480_41                      1.000000
X_481_39                      1.000000
X_482_48                      1.000000
X_483_31                      1.000000
X_484_45                      1.000000
X_485_19                      1.000000
X_486_7                       1.000000
X_487_5                       1.000000
X_488_27                      1.000000
X_489_18                      1.000000
X_490_15                      1.000000
X_491_14                      1.000000
X_492_8                       1.000000
X_493_16                      1.000000
X_494_36                      1.000000
X_495_36                      1.000000
X_496_28                      1.000000
X_497_37                      1.000000
X_498_40                      1.000000
X_499_3                       1.000000
X_500_35                      1.000000
All other variables in the range 1-25001 are 0.
