
Log started (V11.0.0) Thu Apr 24 21:50:32 2008

Tried aggregator 1 time.
Reduced MIP has 550 rows, 25001 columns, and 50050 nonzeros.
Presolve time =    0.19 sec.
Clique table members: 500.
MIP emphasis: balance optimality and feasibility.
MIP search method: dynamic search.
Parallel mode: none, using 1 thread.
Root relaxation solution time =    1.78 sec.

        Nodes                                         Cuts/
   Node  Left     Objective  IInf  Best Integer     Best Node    ItCnt     Gap

*     0+    0                        74970.0000     1016.6941     1177   98.64%
*     0+    0                         1026.0000     1016.6941     1177    0.91%
      0     0     1017.0000    99     1026.0000      Fract: 6     1208    0.88%
      0     0     1017.0000    98     1026.0000     Covers: 4     1254    0.88%
*     0+    0                         1025.0000     1017.0000     1254    0.78%
      0     0     1017.0000    99     1025.0000     Covers: 1     1265    0.78%
      0     2     1017.0000    99     1025.0000     1017.0000     1265    0.78%
    100    93     1018.0000    97     1025.0000     1017.0000     6018    0.78%
    200   181     1019.7860    99     1025.0000     1017.0000    10451    0.78%
    300   273     1020.0000    76     1025.0000     1017.0000    16060    0.78%
    400   347     1022.0000    79     1025.0000     1017.0000    23763    0.78%
    500   441     1022.0000    81     1025.0000     1017.0000    28998    0.78%
    600   473     1020.0000    74     1025.0000     1018.0000    36282    0.68%
    700   493     1022.0000    78     1025.0000     1018.0000    39298    0.68%
    800   519     1023.0000    80     1025.0000     1018.0000    45029    0.68%
    900   541     1024.0000    79     1025.0000     1018.0000    53391    0.68%
   1000   557     1024.0000    92     1025.0000     1018.0000    65165    0.68%
Elapsed time = 185.98 sec. (tree size =  7.96 MB, solutions = 3)
   1100   585     1018.0000   100     1025.0000     1018.0000    71129    0.68%
   1200   643     1020.0000    96     1025.0000     1018.0000    76524    0.68%
   1300   725     1022.2695    92     1025.0000     1018.0000    81971    0.68%
   1400   799     1023.1030    96     1025.0000     1018.0000    92544    0.68%
   1500   859     1023.6701    93     1025.0000     1018.0000   103204    0.68%
   1600   913     1023.0000    89     1025.0000     1018.0000   115967    0.68%
   1700   941    infeasible           1025.0000     1018.0000   134615    0.68%
   1800   951    infeasible           1025.0000     1018.0000   159731    0.68%
   1900   972     1019.0000   106     1025.0000     1018.0000   188317    0.68%
   2000  1070     1019.0000    93     1025.0000     1018.0000   192398    0.68%
Elapsed time = 339.64 sec. (tree size = 15.42 MB, solutions = 3)
   2100  1168     1019.0000   116     1025.0000     1018.0000   197287    0.68%
   2200  1266     1020.0000    80     1025.0000     1018.0000   201148    0.68%
   2300  1360     1023.0000    79     1025.0000     1018.0000   204757    0.68%
   2400  1446     1020.0000    96     1025.0000     1018.0000   209859    0.68%
   2500  1546     1020.0000    99     1025.0000     1018.0000   213765    0.68%
   2600  1643     1020.0000   105     1025.0000     1018.0000   217729    0.68%
   2700  1730     1019.0000    84     1025.0000     1018.0000   227578    0.68%
   2800  1830     1019.0000    87     1025.0000     1018.0000   231172    0.68%
   2900  1930     1019.0000   100     1025.0000     1018.0000   235557    0.68%
   3000  2027     1019.0000   115     1025.0000     1018.0000   240277    0.68%
Elapsed time = 430.34 sec. (tree size = 28.54 MB, solutions = 3)
   3100  2124     1023.0000    92     1025.0000     1018.0000   244034    0.68%
   3200  2223     1019.0012   115     1025.0000     1018.0000   248293    0.68%
   3300  2318     1023.0000    85     1025.0000     1018.0000   251781    0.68%
   3400  2416     1019.0000    97     1025.0000     1018.0000   255205    0.68%
   3500  2512     1020.0000    86     1025.0000     1018.0000   259023    0.68%
   3600  2611     1019.0000    89     1025.0000     1018.0000   261905    0.68%
   3700  2711     1019.0000   105     1025.0000     1018.0000   266171    0.68%
   3800  2807     1019.0000    95     1025.0000     1018.0000   269736    0.68%
   3900  2904     1021.0000    81     1025.0000     1018.0000   272716    0.68%
   4000  3001     1020.0000    83     1025.0000     1018.0000   277997    0.68%
Elapsed time = 514.72 sec. (tree size = 42.10 MB, solutions = 3)
   4100  3098     1023.0000   119     1025.0000     1018.0000   281677    0.68%
   4200  3196     1020.0000   117     1025.0000     1018.0000   285398    0.68%
   4300  3291     1024.0000    97     1025.0000     1018.0000   290721    0.68%
   4400  3386     1020.0000    89     1025.0000     1018.0000   298903    0.68%
   4500  3485     1020.0000   104     1025.0000     1018.0000   303867    0.68%
   4600  3585     1018.0000   100     1025.0000     1018.0000   306626    0.68%
   4700  3683     1020.0000    82     1025.0000     1018.0000   310117    0.68%
   4800  3782     1019.0000   108     1025.0000     1018.0000   313134    0.68%
   4900  3880     1021.0000    83     1025.0000     1018.0000   315657    0.68%
   5000  3979     1019.0000   127     1025.0000     1018.0000   318930    0.68%
Elapsed time = 599.64 sec. (tree size = 55.90 MB, solutions = 3)
   5100  4078     1020.0000   100     1025.0000     1018.0000   321154    0.68%
   5200  4174     1020.0000    99     1025.0000     1018.0000   326876    0.68%
   5300  4274     1020.0000    91     1025.0000     1018.0000   329933    0.68%
   5400  4373     1019.0000   111     1025.0000     1018.0000   334029    0.68%
   5500  4471     1020.0000    92     1025.0000     1018.0000   337139    0.68%
   5600  4571     1018.0000   119     1025.0000     1018.0000   340034    0.68%
   5700  4669     1020.0000   103     1025.0000     1018.0000   343127    0.68%
*  5723+ 4198                         1023.0000     1018.0000   347869    0.49%
   5800  4277     1019.0000   125     1023.0000     1018.0000   350755    0.49%
   5900  4370     1021.0000   100     1023.0000     1018.0000   357349    0.49%
*  5913+ 4058                         1022.0000     1018.0000   357730    0.39%
   6000  4147     1021.0000   111     1022.0000     1018.0000   361723    0.39%
Elapsed time = 702.23 sec. (tree size = 58.19 MB, solutions = 5)
   6100  4245     1021.0000   130     1022.0000     1018.0000   379933    0.39%
   6200  4338     1021.0000   125     1022.0000     1018.0000   389062    0.39%
   6300  4424     1020.0000    92     1022.0000     1018.0000   400516    0.39%
   6400  4523     1021.0000   122     1022.0000     1018.0000   406531    0.39%
   6500  4609     1021.0000   112     1022.0000     1018.0000   420243    0.39%
   6600  4705     1018.0000   126     1022.0000     1018.0000   430088    0.39%
   6700  4804     1019.0000    86     1022.0000     1018.0000   437957    0.39%
   6800  4901     1019.0000   114     1022.0000     1018.0000   454858    0.39%
   6900  4990     1019.0000   108     1022.0000     1018.0000   480808    0.39%
   7000  5083     1020.0000   132     1022.0000     1018.0000   488714    0.39%
Elapsed time = 950.95 sec. (tree size = 74.27 MB, solutions = 5)
   7100  5182     1021.0000    81     1022.0000     1018.0000   495387    0.39%
   7200  5263     1020.0000   102     1022.0000     1018.0000   517142    0.39%
   7300  5363     1020.0190   161     1022.0000     1018.0000   524096    0.39%
   7400  5458     1019.0000    91     1022.0000     1018.0000   530805    0.39%
*  7413+ 4441                         1021.0000     1018.0000   531055    0.29%
   7500  4530     1019.0000   118     1021.0000     1018.0000   536106    0.29%
   7600  4625     1019.0000    62     1021.0000     1018.0000   542052    0.29%
   7700  4725     1019.0000   115     1021.0000     1018.0000   550823    0.29%
   7800  4822     1020.0000    93     1021.0000     1018.0000   558757    0.29%
   7900  4909     1019.0000    70     1021.0000     1018.0000   572332    0.29%
   8000  5005     1019.0000    87     1021.0000     1018.0000   582121    0.29%
Elapsed time = 1123.83 sec. (tree size = 74.06 MB, solutions = 6)
   8100  5103     1019.0000   117     1021.0000     1018.0000   593508    0.29%
   8200  5185    infeasible           1021.0000     1018.0000   621973    0.29%
   8300  5273     1019.0000    89     1021.0000     1018.0000   644037    0.29%
   8400  5373     1020.0000   107     1021.0000     1018.0000   648766    0.29%
   8500  5466     1019.0000   146     1021.0000     1018.0000   659591    0.29%
   8600  5560     1019.0000   115     1021.0000     1018.0000   666658    0.29%
   8700  5660     1019.0000   128     1021.0000     1018.0000   677419    0.29%
   8800  5747     1020.0000    92     1021.0000     1018.0000   697132    0.29%
   8900  5822     1020.0000   134     1021.0000     1018.0000   736146    0.29%
   9000  5915     1020.0000   146     1021.0000     1018.0000   749369    0.29%
Elapsed time = 1336.56 sec. (tree size = 91.00 MB, solutions = 6)
   9100  6010     1020.0000   114     1021.0000     1018.0000   758105    0.29%
   9200  6110     1020.0000   127     1021.0000     1018.0000   767332    0.29%
   9300  6196     1019.0000    85     1021.0000     1018.0000   778109    0.29%
   9400  6295     1019.0000   122     1021.0000     1018.0000   785922    0.29%
   9500  6375     1020.0000    83     1021.0000     1018.0000   824445    0.29%
   9600  6445    infeasible           1021.0000     1018.0000   877817    0.29%
   9700  6526     1019.0000   124     1021.0000     1018.0000   904192    0.29%
   9800  6619     1019.0000   107     1021.0000     1018.0000   911888    0.29%
   9900  6719     1019.0000   119     1021.0000     1018.0000   916444    0.29%
  10000  6816     1020.0000   125     1021.0000     1018.0000   925066    0.29%
Elapsed time = 1537.86 sec. (tree size = 107.86 MB, solutions = 6)
  10100  6907     1019.0000   113     1021.0000     1018.0000   934544    0.29%
  10200  6991     1019.0000    80     1021.0000     1018.0000   949632    0.29%
  10300  7084     1019.0000   105     1021.0000     1018.0000   960387    0.29%
  10400  7184     1019.0000   104     1021.0000     1018.0000   969266    0.29%
  10500  7278     1020.0000    60     1021.0000     1018.0000   980517    0.29%
  10600  7368     1019.0000    92     1021.0000     1018.0000  1002543    0.29%
  10700  7468     1019.0000   126     1021.0000     1018.0000  1011000    0.29%
  10800  7568     1019.0000   113     1021.0000     1018.0000  1024867    0.29%
  10900  7663     1020.0000    66     1021.0000     1018.0000  1037938    0.29%
  11000  7747     1019.0000   125     1021.0000     1018.0000  1068327    0.29%
Elapsed time = 1754.92 sec. (tree size = 125.31 MB, solutions = 6)
  11100  7844     1020.0000   137     1021.0000     1018.0000  1076160    0.29%
  11200  7936     1020.0000   112     1021.0000     1018.0000  1083879    0.29%
  11300  8021     1019.0000    66     1021.0000     1018.0000  1095690    0.29%
  11400  8105     1019.0000   121     1021.0000     1018.0000  1123084    0.29%
  11500  8204     1019.0000   118     1021.0000     1018.0000  1134196    0.29%
  11600  8288     1020.0000   120     1021.0000     1018.0000  1164389    0.29%
  11700  8381     1019.0000   102     1021.0000     1018.0000  1177587    0.29%
  11800  8481     1020.0000   111     1021.0000     1018.0000  1183321    0.29%
  11900  8574     1019.0000   114     1021.0000     1018.0000  1192143    0.29%
  12000  8669     1019.0000    92     1021.0000     1018.0000  1201110    0.29%
Elapsed time = 1941.13 sec. (tree size = 142.58 MB, solutions = 6)
Nodefile size = 14.83 MB (10.43 MB after compression)
  12100  8769     1019.0000   104     1021.0000     1018.0000  1206745    0.29%
  12200  8860     1020.0000    62     1021.0000     1018.0000  1220672    0.29%
  12300  8952     1019.0000   130     1021.0000     1018.0000  1235405    0.29%
  12400  9035     1019.0000    96     1021.0000     1018.0000  1247322    0.29%
  12500  9134     1020.0000   139     1021.0000     1018.0000  1255027    0.29%
  12600  9224     1019.0000   125     1021.0000     1018.0000  1264967    0.29%
  12700  9320     1020.0000    93     1021.0000     1018.0000  1275989    0.29%
  12800  9411     1019.0000    98     1021.0000     1018.0000  1287525    0.29%
  12900  9511     1019.0000   124     1021.0000     1018.0000  1295560    0.29%
  13000  9605     1020.0000    72     1021.0000     1018.0000  1309500    0.29%
Elapsed time = 2110.56 sec. (tree size = 160.11 MB, solutions = 6)
Nodefile size = 32.69 MB (22.51 MB after compression)
  13100  9692     1018.0000   165     1021.0000     1018.0000  1333985    0.29%
  13200  9792     1019.0000   104     1021.0000     1018.0000  1340459    0.29%
  13300  9892     1020.0000    97     1021.0000     1018.0000  1345362    0.29%
  13400  9981     1019.0000   113     1021.0000     1018.0000  1355676    0.29%
  13500 10081     1020.0000    92     1021.0000     1018.0000  1360033    0.29%
  13600 10158     1019.0000    94     1021.0000     1018.0000  1385313    0.29%
  13700 10258     1019.0000   131     1021.0000     1018.0000  1392301    0.29%
  13800 10353     1019.0000    99     1021.0000     1018.0000  1400007    0.29%
  13900 10453     1019.0000   121     1021.0000     1018.0000  1411913    0.29%
  14000 10544     1020.0000   137     1021.0000     1018.0000  1429091    0.29%
Elapsed time = 2281.75 sec. (tree size = 177.57 MB, solutions = 6)
Nodefile size = 49.94 MB (32.33 MB after compression)
  14100 10618    infeasible           1021.0000     1018.0000  1481279    0.29%
  14200 10680     1020.0000    64     1021.0000     1018.0000  1561483    0.29%
  14300 10745     1019.0000    82     1021.0000     1018.0000  1602915    0.29%
  14400 10838     1019.0000    69     1021.0000     1018.0000  1611600    0.29%
  14500 10937     1019.0000   100     1021.0000     1018.0000  1618147    0.29%
  14600 11037     1019.0000   112     1021.0000     1018.0000  1626673    0.29%
  14700 11123     1020.0000    78     1021.0000     1018.0000  1647297    0.29%
  14800 11205     1020.0000   110     1021.0000     1018.0000  1684434    0.29%
  14900 11296     1019.0000   119     1021.0000     1018.0000  1691536    0.29%
  15000 11395     1019.0000   119     1021.0000     1018.0000  1701905    0.29%
Elapsed time = 2578.61 sec. (tree size = 193.69 MB, solutions = 6)
Nodefile size = 66.47 MB (42.61 MB after compression)
  15100 11488     1020.0000    84     1021.0000     1018.0000  1734400    0.29%
  15200 11575     1019.0000   110     1021.0000     1018.0000  1746156    0.29%
  15300 11675     1019.0000   117     1021.0000     1018.0000  1754565    0.29%
  15400 11768     1018.0000   146     1021.0000     1018.0000  1767657    0.29%
  15500 11867     1019.0000   122     1021.0000     1018.0000  1774634    0.29%
  15600 11966     1020.0000   119     1021.0000     1018.0000  1782061    0.29%
  15700 12049     1019.0000    93     1021.0000     1018.0000  1805672    0.29%
  15800 12149     1019.0000   103     1021.0000     1018.0000  1807919    0.29%
  15900 12246     1019.0000   113     1021.0000     1018.0000  1817864    0.29%
  16000 12337     1019.0000   100     1021.0000     1018.0000  1831665    0.29%
Elapsed time = 2799.14 sec. (tree size = 210.68 MB, solutions = 6)
Nodefile size = 83.24 MB (53.99 MB after compression)
  16100 12436     1019.0000   122     1021.0000     1018.0000  1836920    0.29%
  16200 12527     1019.0000    70     1021.0000     1018.0000  1852226    0.29%
  16300 12625     1019.0000    78     1021.0000     1018.0000  1864275    0.29%
  16400 12720     1020.0000    77     1021.0000     1018.0000  1875129    0.29%
  16500 12813     1019.0000   130     1021.0000     1018.0000  1890303    0.29%
  16600 12907     1019.0000    93     1021.0000     1018.0000  1902411    0.29%
  16700 13006     1019.0000   106     1021.0000     1018.0000  1908480    0.29%
  16800 13103     1019.0000   119     1021.0000     1018.0000  1921855    0.29%
  16900 13175     1020.0000    69     1021.0000     1018.0000  1954222    0.29%
  17000 13266     1019.0000   125     1021.0000     1018.0000  1973480    0.29%
Elapsed time = 3012.27 sec. (tree size = 228.15 MB, solutions = 6)
Nodefile size = 101.04 MB (66.44 MB after compression)
  17100 13363     1020.0000   114     1021.0000     1018.0000  1980838    0.29%
  17200 13455     1019.0000    89     1021.0000     1018.0000  2010666    0.29%
  17300 13551     1019.0000    90     1021.0000     1018.0000  2022975    0.29%
  17400 13643     1019.0000    89     1021.0000     1018.0000  2035482    0.29%
  17500 13741     1019.0000   112     1021.0000     1018.0000  2044306    0.29%
  17600 13838     1019.0000   130     1021.0000     1018.0000  2057971    0.29%
  17700 13932     1020.0000   123     1021.0000     1018.0000  2070511    0.29%
  17800 14020     1019.0000    81     1021.0000     1018.0000  2099362    0.29%
  17900 14119     1020.0000   106     1021.0000     1018.0000  2102548    0.29%
  18000 14214     1019.0000   117     1021.0000     1018.0000  2147648    0.29%
Elapsed time = 3246.34 sec. (tree size = 246.32 MB, solutions = 6)
Nodefile size = 118.90 MB (79.00 MB after compression)
  18100 14314     1019.0000   142     1021.0000     1018.0000  2155236    0.29%
  18200 14404     1019.0000    63     1021.0000     1018.0000  2168094    0.29%
  18300 14504     1019.0000   132     1021.0000     1018.0000  2175076    0.29%
  18400 14601     1020.0000   126     1021.0000     1018.0000  2188154    0.29%
  18500 14695     1019.0000    96     1021.0000     1018.0000  2201887    0.29%
  18600 14790     1019.0000    67     1021.0000     1018.0000  2211434    0.29%
  18700 14881     1019.0000   130     1021.0000     1018.0000  2227016    0.29%
  18800 14967        cutoff           1021.0000     1018.0000  2254518    0.29%
  18900 15065     1019.0000   107     1021.0000     1018.0000  2269816    0.29%
  19000 15148     1020.0000    70     1021.0000     1018.0000  2300984    0.29%
Elapsed time = 3480.06 sec. (tree size = 263.99 MB, solutions = 6)
Nodefile size = 136.75 MB (91.46 MB after compression)
  19100 15236     1020.0000   115     1021.0000     1018.0000  2339244    0.29%
  19200 15314     1018.0000   149     1021.0000     1018.0000  2375225    0.29%
  19300 15413     1019.0000   121     1021.0000     1018.0000  2378657    0.29%
  19400 15512     1020.0000   124     1021.0000     1018.0000  2386678    0.29%
  19500 15599     1019.0000   123     1021.0000     1018.0000  2399355    0.29%
  19600 15699     1020.0000    98     1021.0000     1018.0000  2406064    0.29%
  19700 15788     1019.0000   114     1021.0000     1018.0000  2428448    0.29%
  19800 15884     1020.0000    84     1021.0000     1018.0000  2438657    0.29%
  19900 15979     1019.0000    89     1021.0000     1018.0000  2447703    0.29%
  20000 16079     1019.0000   105     1021.0000     1018.0000  2456499    0.29%
Elapsed time = 3688.48 sec. (tree size = 281.41 MB, solutions = 6)
Nodefile size = 153.59 MB (103.25 MB after compression)
  20100 16178     1019.0000   100     1021.0000     1018.0000  2471962    0.29%
  20200 16273     1020.0000    90     1021.0000     1018.0000  2484988    0.29%
  20300 16339    infeasible           1021.0000     1018.0000  2544388    0.29%
  20400 16422     1019.0000    99     1021.0000     1018.0000  2558238    0.29%
  20500 16516     1019.0000    84     1021.0000     1018.0000  2573488    0.29%
  20600 16615     1019.0000   115     1021.0000     1018.0000  2579980    0.29%
  20700 16711     1020.0000    82     1021.0000     1018.0000  2589100    0.29%
  20800 16803     1020.0000   116     1021.0000     1018.0000  2611827    0.29%
  20900 16896     1019.0000    98     1021.0000     1018.0000  2619074    0.29%
  21000 16996     1019.0000    98     1021.0000     1018.0000  2622951    0.29%
Elapsed time = 3937.63 sec. (tree size = 299.12 MB, solutions = 6)
Nodefile size = 171.40 MB (115.78 MB after compression)
  21100 17091     1019.0000   109     1021.0000     1018.0000  2629067    0.29%
  21200 17191     1020.0000    75     1021.0000     1018.0000  2637049    0.29%
  21300 17286     1019.0000    78     1021.0000     1018.0000  2647341    0.29%
  21400 17386     1019.0000   126     1021.0000     1018.0000  2651562    0.29%
  21500 17486     1019.0000   133     1021.0000     1018.0000  2659501    0.29%
  21600 17570     1019.0000   132     1021.0000     1018.0000  2671844    0.29%
  21700 17670     1019.0000   108     1021.0000     1018.0000  2676446    0.29%
  21800 17770     1019.0000   133     1021.0000     1018.0000  2687491    0.29%
  21900 17860     1020.0000    60     1021.0000     1018.0000  2708595    0.29%
  22000 17938     1020.0000    51     1021.0000     1018.0000  2773530    0.29%
Elapsed time = 4163.14 sec. (tree size = 317.26 MB, solutions = 6)
Nodefile size = 190.17 MB (129.12 MB after compression)
  22100 18012     1020.0000    65     1021.0000     1018.0000  2842457    0.29%
  22200 18098     1020.0000   119     1021.0000     1018.0000  2893636    0.29%
  22300 18191     1019.0000   113     1021.0000     1018.0000  2903038    0.29%
  22400 18291     1019.0000   132     1021.0000     1018.0000  2909318    0.29%
  22500 18384     1019.0000   121     1021.0000     1018.0000  2921346    0.29%
  22600 18484     1020.0000    90     1021.0000     1018.0000  2931517    0.29%
  22700 18576     1019.0000   124     1021.0000     1018.0000  2941186    0.29%
  22800 18676     1020.0000    94     1021.0000     1018.0000  2947825    0.29%
  22900 18764     1019.0000    65     1021.0000     1018.0000  2962733    0.29%
  23000 18859     1019.0000   140     1021.0000     1018.0000  2974812    0.29%
Elapsed time = 4421.81 sec. (tree size = 335.07 MB, solutions = 6)
Nodefile size = 207.96 MB (141.74 MB after compression)
  23100 18954     1020.0000   100     1021.0000     1018.0000  2980395    0.29%
  23200 19034     1019.0000    97     1021.0000     1018.0000  2997306    0.29%
  23300 19134     1020.0000   107     1021.0000     1018.0000  3003757    0.29%
  23400 19217     1019.0000    41     1021.0000     1018.0000  3021974    0.29%
  23500 19311     1019.0000    82     1021.0000     1018.0000  3034641    0.29%
  23600 19411     1019.0000   110     1021.0000     1018.0000  3045360    0.29%
  23700 19501     1020.0000    81     1021.0000     1018.0000  3069132    0.29%
  23800 19590     1019.0000    96     1021.0000     1018.0000  3082091    0.29%
  23900 19690     1020.0000    97     1021.0000     1018.0000  3090202    0.29%
  24000 19785     1019.0000   118     1021.0000     1018.0000  3100800    0.29%
Elapsed time = 4613.34 sec. (tree size = 353.04 MB, solutions = 6)
Nodefile size = 225.80 MB (154.17 MB after compression)
  24100 19885     1020.0000   106     1021.0000     1018.0000  3108620    0.29%
  24200 19968     1019.0000    96     1021.0000     1018.0000  3122677    0.29%
  24300 20068     1019.0000   132     1021.0000     1018.0000  3129433    0.29%
  24400 20158     1018.0000   140     1021.0000     1018.0000  3149168    0.29%
  24500 20251     1019.0000   124     1021.0000     1018.0000  3158332    0.29%
  24600 20351     1019.0000    99     1021.0000     1018.0000  3162972    0.29%
  24700 20451     1019.0000   131     1021.0000     1018.0000  3172012    0.29%
  24800 20546     1020.0000   105     1021.0000     1018.0000  3186415    0.29%
  24900 20638     1019.0000    92     1021.0000     1018.0000  3200963    0.29%
  25000 20738     1019.0000   132     1021.0000     1018.0000  3204010    0.29%
Elapsed time = 4786.86 sec. (tree size = 371.37 MB, solutions = 6)
Nodefile size = 243.64 MB (166.62 MB after compression)
  25100 20838     1020.0000   103     1021.0000     1018.0000  3213568    0.29%
  25200 20931     1019.0000    63     1021.0000     1018.0000  3225723    0.29%
  25300 21031     1020.0000    98     1021.0000     1018.0000  3232976    0.29%
  25400 21123     1020.0000   139     1021.0000     1018.0000  3244400    0.29%
  25500 21217     1019.0000   106     1021.0000     1018.0000  3257915    0.29%
  25600 21317     1019.0000   127     1021.0000     1018.0000  3262050    0.29%
  25700 21407     1018.0000   145     1021.0000     1018.0000  3295239    0.29%
  25800 21501     1019.0000   106     1021.0000     1018.0000  3300981    0.29%
  25900 21596     1019.0000   130     1021.0000     1018.0000  3307243    0.29%
  26000 21696     1019.0000   146     1021.0000     1018.0000  3314341    0.29%
Elapsed time = 4959.53 sec. (tree size = 389.56 MB, solutions = 6)
Nodefile size = 262.47 MB (179.90 MB after compression)
  26100 21789     1018.2799   192     1021.0000     1018.0000  3324755    0.29%
  26200 21889     1020.0000   124     1021.0000     1018.0000  3329150    0.29%
  26300 21984     1019.0000   120     1021.0000     1018.0000  3340779    0.29%
  26400 22084     1020.0000   132     1021.0000     1018.0000  3350295    0.29%
  26500 22179     1019.0000    94     1021.0000     1018.0000  3358179    0.29%
  26600 22279     1019.0000   115     1021.0000     1018.0000  3366870    0.29%
  26700 22372     1020.0000    96     1021.0000     1018.0000  3378565    0.29%
  26800 22470     1020.0000   121     1021.0000     1018.0000  3388579    0.29%
  26900 22561     1019.0000   109     1021.0000     1018.0000  3396875    0.29%
  27000 22661     1019.0000   129     1021.0000     1018.0000  3401734    0.29%
Elapsed time = 5109.59 sec. (tree size = 408.43 MB, solutions = 6)
Nodefile size = 281.34 MB (193.42 MB after compression)
  27100 22760     1020.0000    72     1021.0000     1018.0000  3409706    0.29%
  27200 22855     1019.0000    59     1021.0000     1018.0000  3415990    0.29%
  27300 22955     1019.0000   125     1021.0000     1018.0000  3420884    0.29%
  27400 23050     1020.0000   122     1021.0000     1018.0000  3434912    0.29%
  27500 23141     1019.0000   127     1021.0000     1018.0000  3466441    0.29%
  27600 23241     1019.0000   133     1021.0000     1018.0000  3472786    0.29%
  27700 23339     1020.0000   130     1021.0000     1018.0000  3481266    0.29%
  27800 23426     1019.0000    89     1021.0000     1018.0000  3493807    0.29%
  27900 23526     1019.0000   106     1021.0000     1018.0000  3499094    0.29%
  28000 23626     1019.0000   114     1021.0000     1018.0000  3507152    0.29%
Elapsed time = 5277.73 sec. (tree size = 426.84 MB, solutions = 6)
Nodefile size = 299.23 MB (205.99 MB after compression)
  28100 23720     1019.0058   152     1021.0000     1018.0000  3526334    0.29%
  28200 23813     1020.0000    73     1021.0000     1018.0000  3537957    0.29%
  28300 23894     1020.0000   126     1021.0000     1018.0000  3580106    0.29%
  28400 23979     1019.0000    96     1021.0000     1018.0000  3597570    0.29%
  28500 24079     1019.0000   132     1021.0000     1018.0000  3605613    0.29%
  28600 24161     1019.0000   106     1021.0000     1018.0000  3635983    0.29%
  28700 24261     1019.0000   124     1021.0000     1018.0000  3640318    0.29%
  28800 24361     1019.0000   117     1021.0000     1018.0000  3643676    0.29%
  28900 24461     1019.0000   107     1021.0000     1018.0000  3647556    0.29%
  29000 24561     1020.0000   130     1021.0000     1018.0000  3652773    0.29%
Elapsed time = 5494.00 sec. (tree size = 445.35 MB, solutions = 6)
Nodefile size = 318.03 MB (219.49 MB after compression)
  29100 24656     1019.0000   101     1021.0000     1018.0000  3663595    0.29%
  29200 24756     1019.0000   118     1021.0000     1018.0000  3667900    0.29%
  29300 24856     1019.0000   123     1021.0000     1018.0000  3676755    0.29%
  29400 24953     1019.0000   118     1021.0000     1018.0000  3688239    0.29%
  29500 25047     1020.0000   106     1021.0000     1018.0000  3701900    0.29%
  29600 25143     1019.0000   102     1021.0000     1018.0000  3713403    0.29%
  29700 25243     1019.0000   118     1021.0000     1018.0000  3718396    0.29%
  29800 25340     1020.0000   133     1021.0000     1018.0000  3725864    0.29%
  29900 25434     1019.0000   108     1021.0000     1018.0000  3736705    0.29%
  30000 25534     1019.0000   133     1021.0000     1018.0000  3742649    0.29%
Elapsed time = 5659.64 sec. (tree size = 464.36 MB, solutions = 6)
Nodefile size = 336.79 MB (232.84 MB after compression)
  30100 25634     1020.0000   116     1021.0000     1018.0000  3747490    0.29%
  30200 25721     1019.0000    60     1021.0000     1018.0000  3763863    0.29%
  30300 25821     1019.0000   111     1021.0000     1018.0000  3769570    0.29%
  30400 25910    infeasible           1021.0000     1018.0000  3782223    0.29%
  30500 26009     1019.0000   115     1021.0000     1018.0000  3788953    0.29%
  30600 26105     1020.0000    47     1021.0000     1018.0000  3798159    0.29%
  30700 26171     1020.0000    90     1021.0000     1018.0000  3867766    0.29%
  30800 26253     1018.3378   194     1021.0000     1018.0000  3906404    0.29%
  30900 26353     1019.0000   140     1021.0000     1018.0000  3912196    0.29%
  31000 26452     1020.0000   131     1021.0000     1018.0000  3917063    0.29%
Elapsed time = 5894.03 sec. (tree size = 482.46 MB, solutions = 6)
Nodefile size = 354.64 MB (245.80 MB after compression)
  31100 26545     1019.0000   112     1021.0000     1018.0000  3924631    0.29%
  31200 26645     1019.0000   146     1021.0000     1018.0000  3930867    0.29%
  31300 26737     1019.0000   129     1021.0000     1018.0000  3941084    0.29%
  31400 26837     1019.0000   140     1021.0000     1018.0000  3947364    0.29%
  31500 26931     1019.0000    95     1021.0000     1018.0000  3963302    0.29%
  31600 27029     1019.0000    83     1021.0000     1018.0000  3969396    0.29%
  31700 27128     1019.0000    97     1021.0000     1018.0000  3979441    0.29%
  31800 27220     1019.0000   127     1021.0000     1018.0000  3995522    0.29%
  31900 27317     1020.0000    89     1021.0000     1018.0000  4006596    0.29%
  32000 27405    infeasible           1021.0000     1018.0000  4031826    0.29%
Elapsed time = 6080.17 sec. (tree size = 501.43 MB, solutions = 6)
Nodefile size = 373.47 MB (259.50 MB after compression)
  32100 27498     1019.0000   104     1021.0000     1018.0000  4046288    0.29%
  32200 27598     1019.0000   114     1021.0000     1018.0000  4052021    0.29%
  32300 27698     1020.0000   123     1021.0000     1018.0000  4060035    0.29%
  32400 27791     1019.0000    61     1021.0000     1018.0000  4068585    0.29%
  32500 27891     1019.0000   134     1021.0000     1018.0000  4073169    0.29%
  32600 27989     1020.0000   124     1021.0000     1018.0000  4094357    0.29%
  32700 28082     1019.0000   109     1021.0000     1018.0000  4105488    0.29%
  32800 28182     1019.0000   128     1021.0000     1018.0000  4108396    0.29%
  32900 28282     1020.0000   124     1021.0000     1018.0000  4114529    0.29%
  33000 28372     1019.0000    47     1021.0000     1018.0000  4129677    0.29%
Elapsed time = 6238.58 sec. (tree size = 520.54 MB, solutions = 6)
Nodefile size = 393.33 MB (273.92 MB after compression)
  33100 28456     1019.0000   122     1021.0000     1018.0000  4162775    0.29%
  33200 28556     1019.0000    92     1021.0000     1018.0000  4168205    0.29%
  33300 28640     1019.0000   109     1021.0000     1018.0000  4202307    0.29%
  33400 28738     1019.0000   109     1021.0000     1018.0000  4212188    0.29%
  33500 28838     1019.0000   126     1021.0000     1018.0000  4218041    0.29%
  33600 28938     1019.0000   100     1021.0000     1018.0000  4223999    0.29%
  33700 29038     1019.0000   136     1021.0000     1018.0000  4229365    0.29%
  33800 29137     1019.0000   131     1021.0000     1018.0000  4238244    0.29%
  33900 29237     1019.0000   128     1021.0000     1018.0000  4242044    0.29%
  34000 29332     1019.0000    99     1021.0000     1018.0000  4248228    0.29%
Elapsed time = 6428.45 sec. (tree size = 539.53 MB, solutions = 6)
Nodefile size = 412.16 MB (287.21 MB after compression)
  34100 29425     1019.0000    85     1021.0000     1018.0000  4253253    0.29%
  34200 29525     1019.0000   127     1021.0000     1018.0000  4257078    0.29%
  34300 29618     1019.0000    95     1021.0000     1018.0000  4267711    0.29%
  34400 29718     1019.0000    99     1021.0000     1018.0000  4272319    0.29%
  34500 29818     1019.0000   106     1021.0000     1018.0000  4279984    0.29%
  34600 29917     1019.0000   110     1021.0000     1018.0000  4292233    0.29%
  34700 30008     1020.0000   122     1021.0000     1018.0000  4313535    0.29%
  34800 30086     1020.0000    52     1021.0000     1018.0000  4362567    0.29%
  34900 30168     1020.0000    47     1021.0000     1018.0000  4415382    0.29%
  35000 30267     1019.0000   104     1021.0000     1018.0000  4424213    0.29%
Elapsed time = 6670.78 sec. (tree size = 558.22 MB, solutions = 6)
Nodefile size = 431.07 MB (300.91 MB after compression)
  35100 30365     1020.0000    97     1021.0000     1018.0000  4433528    0.29%
  35200 30462     1019.0000   136     1021.0000     1018.0000  4438462    0.29%
  35300 30558     1020.0000   126     1021.0000     1018.0000  4451364    0.29%
  35400 30657     1019.0000   126     1021.0000     1018.0000  4456576    0.29%
  35500 30756     1020.0000    75     1021.0000     1018.0000  4464816    0.29%
  35600 30851     1019.0000    96     1021.0000     1018.0000  4472239    0.29%
  35700 30950     1019.0000   107     1021.0000     1018.0000  4478771    0.29%
  35800 31049     1019.0000    97     1021.0000     1018.0000  4488966    0.29%
  35900 31149     1019.0000   132     1021.0000     1018.0000  4493083    0.29%
  36000 31249     1019.0000   119     1021.0000     1018.0000  4500300    0.29%
Elapsed time = 6813.31 sec. (tree size = 577.67 MB, solutions = 6)
Nodefile size = 449.95 MB (314.33 MB after compression)
  36100 31349     1019.0000   126     1021.0000     1018.0000  4505155    0.29%
  36200 31448     1019.0000   104     1021.0000     1018.0000  4511274    0.29%
  36300 31548     1020.0000    85     1021.0000     1018.0000  4519780    0.29%
  36400 31647     1019.0000   109     1021.0000     1018.0000  4524441    0.29%
  36500 31743     1020.0000   115     1021.0000     1018.0000  4537057    0.29%
  36600 31843     1019.0000   124     1021.0000     1018.0000  4541566    0.29%
  36700 31943     1019.0000   135     1021.0000     1018.0000  4547035    0.29%
  36800 32042     1019.0000   122     1021.0000     1018.0000  4551740    0.29%
  36900 32142     1019.0000   139     1021.0000     1018.0000  4558370    0.29%
  37000 32242     1019.0000   126     1021.0000     1018.0000  4565199    0.29%
Elapsed time = 6935.05 sec. (tree size = 597.44 MB, solutions = 6)
Nodefile size = 469.69 MB (328.38 MB after compression)
  37100 32342     1019.0000   126     1021.0000     1018.0000  4568399    0.29%
  37200 32437     1019.0000    56     1021.0000     1018.0000  4578103    0.29%
  37300 32520     1019.0000    44     1021.0000     1018.0000  4600162    0.29%
  37400 32616     1019.0000    93     1021.0000     1018.0000  4611606    0.29%
  37500 32716     1019.0000   126     1021.0000     1018.0000  4615318    0.29%
  37600 32816     1019.0000   120     1021.0000     1018.0000  4623647    0.29%
  37700 32916     1019.0000   113     1021.0000     1018.0000  4629485    0.29%
  37800 33016     1019.0000   108     1021.0000     1018.0000  4637954    0.29%
  37900 33116     1019.0000    88     1021.0000     1018.0000  4641519    0.29%
  38000 33214     1019.0000    83     1021.0000     1018.0000  4648539    0.29%
Elapsed time = 7084.67 sec. (tree size = 616.66 MB, solutions = 6)
Nodefile size = 489.40 MB (342.22 MB after compression)
  38100 33312     1019.0000    94     1021.0000     1018.0000  4665344    0.29%
  38200 33409     1019.0000    84     1021.0000     1018.0000  4670891    0.29%
  38300 33509     1019.0000    91     1021.0000     1018.0000  4673296    0.29%
  38400 33608     1019.0000   124     1021.0000     1018.0000  4678222    0.29%
  38500 33703     1019.0000    82     1021.0000     1018.0000  4684612    0.29%
  38600 33803     1019.0000   119     1021.0000     1018.0000  4689266    0.29%
  38700 33901     1020.0000   116     1021.0000     1018.0000  4694529    0.29%

Cover cuts applied:  379
Mixed integer rounding cuts applied:  14
Zero-half cuts applied:  1
Gomory fractional cuts applied:  16

Solution pool: 6 solutions saved.

MIP - Time limit exceeded, integer feasible:  Objective = 1.0210000000e+003
Current MIP best bound = 1.0180000000e+003 (gap = 3, 0.29%)
Solution time = 7200.02 sec.  Iterations = 4710589  Nodes = 38780 (33977)


Incumbent solution
Variable Name           Solution Value
Cmax                       1021.000000
X_1_41                        1.000000
X_2_11                        1.000000
X_3_16                        1.000000
X_4_29                        1.000000
X_5_20                        1.000000
X_6_40                        1.000000
X_7_43                        1.000000
X_8_10                        1.000000
X_9_22                        1.000000
X_10_46                       1.000000
X_11_42                       1.000000
X_12_24                       1.000000
X_13_24                       1.000000
X_14_34                       1.000000
X_15_50                       1.000000
X_16_7                        1.000000
X_17_22                       1.000000
X_18_12                       1.000000
X_19_36                       1.000000
X_20_47                       1.000000
X_21_39                       1.000000
X_22_47                       1.000000
X_23_28                       1.000000
X_24_12                       1.000000
X_25_6                        1.000000
X_26_15                       1.000000
X_27_40                       1.000000
X_28_21                       0.000000
X_28_24                       1.000000
X_29_25                       1.000000
X_30_9                        1.000000
X_31_21                       1.000000
X_32_49                       1.000000
X_33_46                       1.000000
X_34_18                       1.000000
X_35_35                       1.000000
X_36_27                       1.000000
X_37_17                       1.000000
X_38_17                       1.000000
X_39_12                       1.000000
X_40_25                       1.000000
X_41_24                       1.000000
X_42_46                       1.000000
X_43_26                       1.000000
X_44_50                       1.000000
X_45_17                       1.000000
X_46_8                        1.000000
X_47_15                       1.000000
X_48_18                       1.000000
X_49_50                       1.000000
X_50_47                       1.000000
X_51_2                        1.000000
X_52_7                        1.000000
X_53_45                       1.000000
X_54_21                       1.000000
X_55_10                       1.000000
X_56_45                       1.000000
X_57_49                       1.000000
X_58_12                       1.000000
X_59_29                       1.000000
X_60_34                       1.000000
X_61_26                       1.000000
X_62_28                       1.000000
X_63_39                       1.000000
X_64_40                       1.000000
X_65_25                       1.000000
X_66_37                       1.000000
X_67_41                       1.000000
X_68_50                       1.000000
X_69_5                        1.000000
X_70_42                       1.000000
X_71_8                        1.000000
X_72_1                        1.000000
X_73_6                        1.000000
X_74_14                       1.000000
X_75_38                       1.000000
X_76_36                       1.000000
X_77_20                       1.000000
X_78_38                       1.000000
X_79_43                       1.000000
X_80_35                       1.000000
X_81_8                        1.000000
X_82_7                        1.000000
X_83_44                       1.000000
X_84_5                        1.000000
X_85_7                        1.000000
X_86_19                       1.000000
X_87_15                       1.000000
X_88_3                        1.000000
X_89_23                       1.000000
X_90_33                       1.000000
X_91_33                       1.000000
X_92_4                        1.000000
X_93_20                       1.000000
X_94_19                       1.000000
X_95_35                       1.000000
X_96_27                       1.000000
X_97_34                       1.000000
X_98_33                       1.000000
X_99_37                       1.000000
X_100_48                      1.000000
X_101_47                      1.000000
X_102_23                      1.000000
X_103_44                      1.000000
X_104_40                      1.000000
X_105_2                       1.000000
X_106_38                      1.000000
X_107_1                       1.000000
X_108_6                       1.000000
X_109_32                      1.000000
X_110_1                       1.000000
X_111_18                      1.000000
X_112_2                       1.000000
X_113_6                       1.000000
X_114_1                       1.000000
X_115_24                      1.000000
X_116_34                      1.000000
X_117_29                      1.000000
X_118_42                      1.000000
X_119_41                      1.000000
X_120_17                      1.000000
X_121_19                      1.000000
X_122_34                      1.000000
X_123_36                      1.000000
X_124_16                      1.000000
X_125_38                      1.000000
X_126_23                      1.000000
X_127_25                      1.000000
X_128_49                      1.000000
X_129_40                      1.000000
X_130_36                      1.000000
X_131_16                      1.000000
X_132_14                      1.000000
X_133_17                      1.000000
X_134_19                      1.000000
X_135_29                      1.000000
X_136_36                      1.000000
X_137_16                      1.000000
X_138_32                      1.000000
X_139_14                      1.000000
X_140_23                      1.000000
X_141_40                      1.000000
X_142_35                      1.000000
X_143_4                       1.000000
X_144_43                      1.000000
X_145_10                      1.000000
X_146_24                      1.000000
X_147_45                      1.000000
X_148_24                      1.000000
X_149_41                      1.000000
X_150_21                      1.000000
X_151_22                      1.000000
X_152_45                      1.000000
X_153_14                      1.000000
X_154_26                      1.000000
X_155_48                      1.000000
X_156_37                      1.000000
X_157_38                      1.000000
X_158_8                       1.000000
X_159_44                      1.000000
X_160_20                      1.000000
X_161_38                      1.000000
X_162_30                      1.000000
X_163_35                      1.000000
X_164_22                      1.000000
X_165_39                      1.000000
X_166_28                      1.000000
X_167_35                      1.000000
X_168_25                      1.000000
X_169_16                      1.000000
X_170_29                      1.000000
X_171_9                       1.000000
X_172_35                      1.000000
X_173_34                      1.000000
X_174_12                      1.000000
X_175_30                      1.000000
X_176_33                      1.000000
X_177_9                       1.000000
X_178_42                      1.000000
X_179_45                      1.000000
X_180_28                      1.000000
X_181_4                       1.000000
X_182_29                      1.000000
X_183_27                      1.000000
X_184_50                      1.000000
X_185_46                      1.000000
X_186_31                      1.000000
X_187_31                      1.000000
X_188_30                      1.000000
X_189_22                      1.000000
X_190_50                      1.000000
X_191_41                      1.000000
X_192_12                      1.000000
X_193_50                      1.000000
X_194_14                      1.000000
X_195_30                      1.000000
X_196_41                      1.000000
X_197_40                      1.000000
X_198_37                      1.000000
X_199_37                      1.000000
X_200_26                      1.000000
X_201_38                      1.000000
X_202_42                      1.000000
X_203_30                      1.000000
X_204_21                      1.000000
X_205_37                      1.000000
X_206_50                      1.000000
X_207_7                       1.000000
X_208_10                      1.000000
X_209_24                      1.000000
X_210_47                      1.000000
X_211_27                      1.000000
X_212_3                       1.000000
X_213_49                      1.000000
X_214_43                      1.000000
X_215_32                      1.000000
X_216_31                      1.000000
X_217_35                      1.000000
X_218_50                      1.000000
X_219_28                      1.000000
X_220_32                      1.000000
X_221_46                      1.000000
X_222_14                      1.000000
X_223_32                      1.000000
X_224_28                      1.000000
X_225_4                       1.000000
X_226_2                       1.000000
X_227_34                      1.000000
X_228_12                      1.000000
X_229_5                       1.000000
X_230_32                      1.000000
X_231_27                      1.000000
X_232_26                      1.000000
X_233_48                      1.000000
X_234_36                      1.000000
X_235_10                      1.000000
X_236_8                       1.000000
X_237_43                      1.000000
X_238_46                      1.000000
X_239_2                       1.000000
X_240_15                      1.000000
X_241_27                      1.000000
X_242_20                      1.000000
X_243_15                      1.000000
X_244_33                      1.000000
X_245_31                      1.000000
X_246_14                      1.000000
X_247_9                       1.000000
X_248_38                      1.000000
X_249_1                       1.000000
X_250_39                      1.000000
X_251_3                       1.000000
X_252_44                      1.000000
X_253_18                      1.000000
X_254_35                      1.000000
X_255_29                      1.000000
X_256_47                      1.000000
X_257_16                      1.000000
X_258_39                      1.000000
X_259_12                      1.000000
X_260_15                      1.000000
X_261_10                      1.000000
X_262_38                      1.000000
X_263_4                       1.000000
X_264_49                      1.000000
X_265_43                      1.000000
X_266_11                      1.000000
X_267_47                      1.000000
X_268_13                      1.000000
X_269_42                      1.000000
X_270_44                      1.000000
X_271_33                      1.000000
X_272_27                      1.000000
X_273_39                      1.000000
X_274_6                       1.000000
X_275_49                      1.000000
X_276_33                      1.000000
X_277_3                       1.000000
X_278_2                       1.000000
X_279_28                      1.000000
X_280_27                      1.000000
X_281_29                      1.000000
X_282_15                      1.000000
X_283_2                       1.000000
X_284_31                      1.000000
X_285_44                      1.000000
X_286_30                      1.000000
X_287_21                      1.000000
X_288_21                      1.000000
X_289_4                       1.000000
X_290_31                      1.000000
X_291_34                      1.000000
X_292_5                       1.000000
X_293_11                      1.000000
X_294_18                      1.000000
X_295_47                      1.000000
X_296_13                      1.000000
X_297_18                      1.000000
X_298_14                      1.000000
X_299_30                      1.000000
X_300_3                       1.000000
X_301_22                      1.000000
X_302_3                       1.000000
X_303_27                      1.000000
X_304_16                      1.000000
X_305_24                      1.000000
X_306_17                      1.000000
X_307_34                      1.000000
X_308_13                      1.000000
X_309_42                      1.000000
X_310_5                       1.000000
X_311_32                      1.000000
X_312_33                      1.000000
X_313_19                      1.000000
X_314_23                      1.000000
X_315_11                      1.000000
X_316_37                      1.000000
X_317_29                      1.000000
X_318_8                       1.000000
X_319_45                      1.000000
X_320_43                      1.000000
X_321_1                       1.000000
X_322_12                      1.000000
X_323_23                      1.000000
X_324_12                      1.000000
X_325_22                      1.000000
X_326_13                      1.000000
X_327_32                      1.000000
X_328_15                      1.000000
X_329_18                      1.000000
X_330_44                      1.000000
X_331_9                       1.000000
X_332_42                      1.000000
X_333_4                       1.000000
X_334_45                      1.000000
X_335_19                      1.000000
X_336_22                      1.000000
X_337_20                      1.000000
X_338_17                      1.000000
X_339_44                      1.000000
X_340_22                      1.000000
X_341_13                      1.000000
X_342_16                      1.000000
X_343_46                      1.000000
X_344_1                       1.000000
X_345_39                      1.000000
X_346_43                      1.000000
X_347_13                      1.000000
X_348_23                      1.000000
X_349_10                      1.000000
X_350_10                      1.000000
X_351_46                      1.000000
X_352_35                      1.000000
X_353_14                      1.000000
X_354_15                      1.000000
X_355_42                      1.000000
X_356_40                      1.000000
X_357_36                      1.000000
X_358_4                       1.000000
X_359_49                      1.000000
X_360_39                      1.000000
X_361_14                      1.000000
X_362_26                      1.000000
X_363_48                      1.000000
X_364_48                      1.000000
X_365_48                      1.000000
X_366_19                      1.000000
X_367_40                      1.000000
X_368_6                       1.000000
X_369_41                      1.000000
X_370_6                       1.000000
X_371_4                       1.000000
X_372_27                      1.000000
X_373_5                       1.000000
X_374_30                      1.000000
X_375_37                      1.000000
X_376_49                      1.000000
X_377_17                      1.000000
X_378_25                      1.000000
X_379_3                       1.000000
X_380_28                      1.000000
X_381_9                       1.000000
X_382_19                      1.000000
X_383_9                       1.000000
X_384_49                      1.000000
X_385_23                      1.000000
X_386_33                      1.000000
X_387_48                      1.000000
X_388_36                      1.000000
X_389_6                       1.000000
X_390_45                      1.000000
X_391_15                      1.000000
X_392_48                      1.000000
X_393_36                      1.000000
X_394_10                      1.000000
X_395_3                       1.000000
X_396_31                      1.000000
X_397_26                      1.000000
X_398_13                      1.000000
X_399_26                      1.000000
X_400_8                       1.000000
X_401_5                       1.000000
X_402_6                       1.000000
X_403_19                      1.000000
X_404_36                      1.000000
X_405_39                      1.000000
X_406_45                      1.000000
X_407_46                      1.000000
X_408_23                      1.000000
X_409_32                      1.000000
X_410_41                      1.000000
X_411_31                      1.000000
X_412_43                      1.000000
X_413_41                      1.000000
X_414_11                      1.000000
X_415_23                      1.000000
X_416_20                      1.000000
X_417_3                       1.000000
X_418_11                      1.000000
X_419_41                      1.000000
X_420_31                      1.000000
X_421_16                      1.000000
X_422_6                       1.000000
X_423_21                      1.000000
X_424_26                      1.000000
X_425_9                       1.000000
X_426_2                       1.000000
X_427_45                      1.000000
X_428_24                      1.000000
X_429_46                      1.000000
X_430_43                      1.000000
X_431_44                      1.000000
X_432_26                      1.000000
X_433_20                      1.000000
X_434_11                      1.000000
X_435_44                      1.000000
X_436_5                       1.000000
X_437_5                       1.000000
X_438_7                       1.000000
X_439_11                      1.000000
X_440_29                      1.000000
X_441_7                       1.000000
X_442_48                      1.000000
X_443_17                      1.000000
X_444_39                      1.000000
X_445_47                      1.000000
X_446_48                      1.000000
X_447_40                      1.000000
X_448_20                      1.000000
X_449_21                      1.000000
X_450_21                      1.000000
X_451_32                      1.000000
X_452_18                      1.000000
X_453_47                      1.000000
X_454_38                      1.000000
X_455_50                      1.000000
X_456_37                      1.000000
X_457_11                      1.000000
X_458_9                       1.000000
X_459_25                      1.000000
X_460_9                       1.000000
X_461_13                      1.000000
X_462_19                      1.000000
X_463_22                      1.000000
X_464_10                      1.000000
X_465_13                      1.000000
X_466_8                       1.000000
X_467_49                      1.000000
X_468_33                      1.000000
X_469_1                       1.000000
X_470_42                      1.000000
X_471_37                      1.000000
X_472_25                      1.000000
X_473_30                      1.000000
X_474_7                       1.000000
X_475_2                       1.000000
X_476_31                      1.000000
X_477_1                       1.000000
X_478_8                       1.000000
X_479_1                       1.000000
X_480_28                      1.000000
X_481_7                       1.000000
X_482_3                       1.000000
X_483_7                       1.000000
X_484_17                      1.000000
X_485_21                      1.000000
X_486_28                      1.000000
X_487_20                      1.000000
X_488_5                       1.000000
X_489_11                      1.000000
X_490_18                      1.000000
X_491_8                       1.000000
X_492_25                      1.000000
X_493_16                      1.000000
X_494_4                       1.000000
X_495_25                      1.000000
X_496_2                       1.000000
X_497_34                      1.000000
X_498_30                      1.000000
X_499_18                      1.000000
X_500_13                      1.000000
All other variables in the range 1-25001 are 0.
