
Log started (V11.0.0) Mon May 12 10:09:30 2008

Tried aggregator 1 time.
Reduced MIP has 1040 rows, 40001 columns, and 80040 nonzeros.
Presolve time =    0.31 sec.
Clique table members: 1000.
MIP emphasis: balance optimality and feasibility.
MIP search method: dynamic search.
Parallel mode: none, using 1 thread.
Root relaxation solution time =   10.48 sec.

        Nodes                                         Cuts/
   Node  Left     Objective  IInf  Best Integer     Best Node    ItCnt     Gap

*     0+    0                       110282.0000     2503.9500     1577   97.73%
*     0+    0                         2510.0000     2503.9500     1577    0.24%
      0     0     2504.0000    73     2510.0000      Fract: 6     1655    0.24%
      0     0     2504.0000    78     2510.0000     Covers: 1     1664    0.24%
      0     0     2504.0000    78     2510.0000     Covers: 1     1692    0.24%
*     0+    0                         2508.0000     2504.0000     1692    0.16%
      0     2     2504.0000    78     2508.0000     2504.0000     1692    0.16%
Elapsed time =  17.00 sec. (tree size =  0.00 MB, solutions = 3)
    100    96     2505.0000    67     2508.0000     2504.0000     5477    0.16%
    200   180     2505.0000    67     2508.0000     2504.0000    11641    0.16%
    300   272     2505.0000    67     2508.0000     2504.0000    17650    0.16%
    400   331     2506.8718    77     2508.0000     2504.0000    31401    0.16%
*   468+  244                         2507.0000     2504.0000    47531    0.12%
    500   252     2505.0000    43     2507.0000     2504.0000    47999    0.12%
    600   284     2505.0000    29     2507.0000     2504.0000    51015    0.12%
    700   304     2505.0000    44     2507.0000     2504.0000    54547    0.12%
    800   315     2505.0000    57     2507.0000     2504.0000    60096    0.12%
    900   338     2505.0000    69     2507.0000     2504.0000    67194    0.12%
*   968+  360                         2506.0000     2504.0000    70466    0.08%
   1000   384     2505.0000    62     2506.0000     2504.0000    75459    0.08%
Elapsed time = 319.14 sec. (tree size =  8.35 MB, solutions = 5)
   1100   430     2505.0000    66     2506.0000     2504.0000    98906    0.08%
   1200   494     2504.0000    56     2506.0000     2504.0000   112199    0.08%
   1300   593     2504.0000    56     2506.0000     2504.0000   115694    0.08%
   1400   690     2504.0000    62     2506.0000     2504.0000   120131    0.08%
   1500   789     2505.0000    65     2506.0000     2504.0000   124870    0.08%
   1600   885     2505.0000    67     2506.0000     2504.0000   128231    0.08%
   1700   950     2505.0000    53     2506.0000     2504.0000   133431    0.08%
   1800  1034     2505.0000    74     2506.0000     2504.0000   137501    0.08%
   1900  1126     2504.0000    58     2506.0000     2504.0000   141301    0.08%
   2000  1226     2504.0000    70     2506.0000     2504.0000   147909    0.08%
Elapsed time = 480.61 sec. (tree size = 26.93 MB, solutions = 5)
   2100  1326     2504.0000    70     2506.0000     2504.0000   153266    0.08%
   2200  1426     2504.0000    64     2506.0000     2504.0000   157228    0.08%
   2300  1525     2504.0000    58     2506.0000     2504.0000   159388    0.08%
   2400  1624     2504.0000    64     2506.0000     2504.0000   164293    0.08%
   2500  1724     2504.0000    66     2506.0000     2504.0000   168954    0.08%
   2600  1824     2504.0000    65     2506.0000     2504.0000   172719    0.08%
   2700  1924     2504.0000    72     2506.0000     2504.0000   177398    0.08%
   2800  2024     2504.0000    64     2506.0000     2504.0000   184328    0.08%
   2900  2124     2504.0000    56     2506.0000     2504.0000   190440    0.08%
   3000  2224     2504.0000    68     2506.0000     2504.0000   195869    0.08%
Elapsed time = 618.69 sec. (tree size = 49.13 MB, solutions = 5)
   3100  2324     2504.0000    64     2506.0000     2504.0000   200355    0.08%
   3200  2424     2504.0000    77     2506.0000     2504.0000   204791    0.08%
   3300  2524     2504.0000    56     2506.0000     2504.0000   210320    0.08%
   3400  2624     2504.0000    66     2506.0000     2504.0000   216436    0.08%
   3500  2724     2504.0000    61     2506.0000     2504.0000   224616    0.08%
   3600  2818     2505.0000    42     2506.0000     2504.0000   232831    0.08%
   3700  2918     2504.0000    66     2506.0000     2504.0000   236257    0.08%
   3800  2979     2505.0000    66     2506.0000     2504.0000   244296    0.08%
   3900  3027     2504.0000    61     2506.0000     2504.0000   249199    0.08%
   4000  3126     2505.0000    60     2506.0000     2504.0000   249920    0.08%
Elapsed time = 757.72 sec. (tree size = 69.43 MB, solutions = 5)
   4100  3226     2504.0000    62     2506.0000     2504.0000   251118    0.08%
   4200  3305     2504.0000    66     2506.0000     2504.0000   257439    0.08%
   4300  3405     2504.0000    64     2506.0000     2504.0000   267228    0.08%
   4400  3504     2505.0000    50     2506.0000     2504.0000   272564    0.08%
   4500  3557     2504.0000    68     2506.0000     2504.0000   276796    0.08%
   4600  3657     2504.0000    67     2506.0000     2504.0000   276940    0.08%
   4700  3731     2504.0000    68     2506.0000     2504.0000   280741    0.08%
   4800  3831     2504.0000    71     2506.0000     2504.0000   284048    0.08%
   4900  3931     2504.0000    65     2506.0000     2504.0000   286759    0.08%
   5000  4031     2504.0000    61     2506.0000     2504.0000   287886    0.08%
Elapsed time = 870.99 sec. (tree size = 89.81 MB, solutions = 5)
   5100  4128     2504.0000    60     2506.0000     2504.0000   295692    0.08%
   5200  4228     2504.0000    57     2506.0000     2504.0000   303713    0.08%
   5300  4328     2504.0000    66     2506.0000     2504.0000   312643    0.08%
   5400  4426     2505.0000    49     2506.0000     2504.0000   320467    0.08%
   5500  4497     2504.0000    64     2506.0000     2504.0000   325059    0.08%
   5600  4597     2504.0000    60     2506.0000     2504.0000   327336    0.08%
   5700  4697     2504.0000    61     2506.0000     2504.0000   332213    0.08%
   5800  4782        cutoff           2506.0000     2504.0000   335997    0.08%
   5900  4836     2504.0000    60     2506.0000     2504.0000   345914    0.08%
   6000  4930     2505.0000    46     2506.0000     2504.0000   354839    0.08%
Elapsed time = 1051.88 sec. (tree size = 110.11 MB, solutions = 5)
   6100  5029     2504.0000    63     2506.0000     2504.0000   357630    0.08%
   6200  5129     2504.0000    63     2506.0000     2504.0000   362224    0.08%
   6300  5226     2504.0015    76     2506.0000     2504.0000   368545    0.08%
   6400  5320     2505.0000    50     2506.0000     2504.0000   373012    0.08%
   6500  5381     2505.0000    68     2506.0000     2504.0000   376888    0.08%
   6600  5390     2505.0000    72     2506.0000     2504.0000   390706    0.08%
   6700  5441     2505.0000    52     2506.0000     2504.0000   393297    0.08%
   6800  5513     2505.0000    70     2506.0000     2504.0000   404609    0.08%
   6900  5543    infeasible           2506.0000     2504.0000   437176    0.08%
   7000  5626     2504.0000    59     2506.0000     2504.0000   447958    0.08%
Elapsed time = 1251.42 sec. (tree size = 125.88 MB, solutions = 5)
Began writing nodes to disk (directory ./cpxa03340 created)
   7100  5726     2504.0000    68     2506.0000     2504.0000   455167    0.08%
   7200  5823     2505.0000    57     2506.0000     2504.0000   460591    0.08%
   7300  5905     2504.0000    63     2506.0000     2504.0000   467873    0.08%
   7400  6005     2504.0000    64     2506.0000     2504.0000   476170    0.08%
   7500  6092     2505.0000    58     2506.0000     2504.0000   481013    0.08%
   7600  6130     2504.0000    66     2506.0000     2504.0000   487419    0.08%
   7700  6230     2505.0000    64     2506.0000     2504.0000   488376    0.08%
   7800  6330     2505.0000    65     2506.0000     2504.0000   488511    0.08%
   7900  6430     2505.0000    50     2506.0000     2504.0000   489968    0.08%
   8000  6514     2505.0000    73     2506.0000     2504.0000   497837    0.08%
Elapsed time = 1415.47 sec. (tree size = 145.98 MB, solutions = 5)
Nodefile size = 18.70 MB (10.30 MB after compression)
   8100  6589    infeasible           2506.0000     2504.0000   506021    0.08%
   8200  6677     2505.0000    55     2506.0000     2504.0000   516791    0.08%
   8300  6747     2504.0000    63     2506.0000     2504.0000   519604    0.08%
   8400  6847     2504.0000    73     2506.0000     2504.0000   522895    0.08%
   8500  6938     2505.0000    70     2506.0000     2504.0000   529833    0.08%
   8600  7027     2504.0000    66     2506.0000     2504.0000   538092    0.08%
   8700  7124     2505.0000    67     2506.0000     2504.0000   545773    0.08%
   8800  7216     2504.0000    67     2506.0000     2504.0000   555310    0.08%
   8900  7316     2504.0000    55     2506.0000     2504.0000   559986    0.08%
   9000  7399     2504.0000    64     2506.0000     2504.0000   573644    0.08%
Elapsed time = 1573.99 sec. (tree size = 165.95 MB, solutions = 5)
Nodefile size = 38.52 MB (21.48 MB after compression)
   9100  7472     2505.0000    45     2506.0000     2504.0000   578073    0.08%
   9200  7543     2505.0000    56     2506.0000     2504.0000   591250    0.08%
   9300  7625     2505.0000    58     2506.0000     2504.0000   609683    0.08%
   9400  7677     2505.0000    71     2506.0000     2504.0000   659486    0.08%
   9500  7740     2505.0000    76     2506.0000     2504.0000   692818    0.08%
   9600  7775    infeasible           2506.0000     2504.0000   750131    0.08%
   9700  7853     2505.0000    46     2506.0000     2504.0000   762618    0.08%
   9800  7926     2505.0000    53     2506.0000     2504.0000   765111    0.08%
   9900  7933    infeasible           2506.0000     2504.0000   766861    0.08%
  10000  8009     2505.0000    63     2506.0000     2504.0000   776552    0.08%
Elapsed time = 1892.55 sec. (tree size = 179.97 MB, solutions = 5)
Nodefile size = 52.39 MB (29.44 MB after compression)
  10100  8099     2504.0000    64     2506.0000     2504.0000   791169    0.08%
  10200  8197     2504.0000    60     2506.0000     2504.0000   801058    0.08%
  10300  8291     2504.0000    65     2506.0000     2504.0000   811932    0.08%
  10400  8379     2505.0000    41     2506.0000     2504.0000   822447    0.08%
  10500  8422     2505.0000    59     2506.0000     2504.0000   824336    0.08%
  10600  8478     2505.0000    47     2506.0000     2504.0000   834033    0.08%
  10700  8532     2505.0000    51     2506.0000     2504.0000   863523    0.08%
  10800  8604     2505.0000    69     2506.0000     2504.0000   887768    0.08%
  10900  8683     2505.0000    53     2506.0000     2504.0000   904788    0.08%
  11000  8710     2504.0000    66     2506.0000     2504.0000   919198    0.08%
Elapsed time = 2137.61 sec. (tree size = 195.83 MB, solutions = 5)
Nodefile size = 68.23 MB (38.39 MB after compression)
  11100  8791    infeasible           2506.0000     2504.0000   927738    0.08%
  11200  8883     2505.0000    58     2506.0000     2504.0000   935129    0.08%
  11300  8951     2505.0000    34     2506.0000     2504.0000   939915    0.08%
  11400  9033     2505.0000    51     2506.0000     2504.0000   951933    0.08%
  11500  9101     2505.0000    53     2506.0000     2504.0000   969752    0.08%
  11600  9189     2505.0000    65     2506.0000     2504.0000   982913    0.08%
  11700  9285     2504.0000    70     2506.0000     2504.0000   993086    0.08%
  11800  9385     2504.0000    68     2506.0000     2504.0000   993790    0.08%
  11900  9466     2504.0000    58     2506.0000     2504.0000  1007740    0.08%
  12000  9566     2504.0000    64     2506.0000     2504.0000  1012553    0.08%
Elapsed time = 2330.41 sec. (tree size = 215.03 MB, solutions = 5)
Nodefile size = 87.90 MB (49.07 MB after compression)
  12100  9662     2505.0000    59     2506.0000     2504.0000  1018262    0.08%
  12200  9756     2504.0000    60     2506.0000     2504.0000  1026879    0.08%
  12300  9852     2504.0000    64     2506.0000     2504.0000  1037302    0.08%
  12400  9945     2505.0000    39     2506.0000     2504.0000  1044519    0.08%
  12500 10008     2504.0000    49     2506.0000     2504.0000  1046523    0.08%
  12600 10100     2504.0000    66     2506.0000     2504.0000  1053987    0.08%
  12700 10196     2505.0000    62     2506.0000     2504.0000  1061469    0.08%
  12800 10262     2504.0000    63     2506.0000     2504.0000  1072518    0.08%
  12900 10361     2505.0000    65     2506.0000     2504.0000  1078234    0.08%
  13000 10432     2504.0000    52     2506.0000     2504.0000  1091305    0.08%
Elapsed time = 2506.20 sec. (tree size = 234.65 MB, solutions = 5)
Nodefile size = 106.70 MB (59.72 MB after compression)
  13100 10524     2504.0000    61     2506.0000     2504.0000  1102769    0.08%
  13200 10601     2504.0000    62     2506.0000     2504.0000  1111401    0.08%
  13300 10694     2505.0000    40     2506.0000     2504.0000  1120759    0.08%
  13400 10776     2504.0000    62     2506.0000     2504.0000  1132202    0.08%
  13500 10875     2505.0000    60     2506.0000     2504.0000  1136039    0.08%
  13600 10956    infeasible           2506.0000     2504.0000  1143896    0.08%
  13700 10976    infeasible           2506.0000     2504.0000  1153391    0.08%
  13800 11059     2505.0000    74     2506.0000     2504.0000  1161142    0.08%
  13900 11140     2504.0000    63     2506.0000     2504.0000  1173431    0.08%
  14000 11229     2504.0000    60     2506.0000     2504.0000  1180062    0.08%
Elapsed time = 2682.56 sec. (tree size = 252.76 MB, solutions = 5)
Nodefile size = 125.48 MB (70.44 MB after compression)
  14100 11329     2504.0000    66     2506.0000     2504.0000  1185556    0.08%
  14200 11403     2504.0230    78     2506.0000     2504.0000  1198776    0.08%
  14300 11491     2505.0000    40     2506.0000     2504.0000  1201409    0.08%
  14400 11537    infeasible           2506.0000     2504.0000  1206439    0.08%
  14500 11591     2505.0000    58     2506.0000     2504.0000  1213394    0.08%
  14600 11623     2504.0000    62     2506.0000     2504.0000  1253363    0.08%
  14700 11721     2505.0000    50     2506.0000     2504.0000  1257934    0.08%
  14800 11755     2505.0000    68     2506.0000     2504.0000  1262256    0.08%
  14900 11796     2505.0000    40     2506.0000     2504.0000  1268072    0.08%
  15000 11872     2505.0000    56     2506.0000     2504.0000  1284303    0.08%
Elapsed time = 2855.36 sec. (tree size = 267.34 MB, solutions = 5)
Nodefile size = 140.32 MB (78.95 MB after compression)
  15100 11926     2505.0000    54     2506.0000     2504.0000  1315125    0.08%
  15200 11962     2505.0000    57     2506.0000     2504.0000  1361029    0.08%
  15300 11992     2505.0000    58     2506.0000     2504.0000  1409120    0.08%
  15400 12048     2505.0000    74     2506.0000     2504.0000  1442239    0.08%
  15500 12137     2505.0000    56     2506.0000     2504.0000  1457092    0.08%
  15600 12185     2505.0000    68     2506.0000     2504.0000  1488685    0.08%
  15700 12230     2505.0000    70     2506.0000     2504.0000  1523803    0.08%
  15800 12259     2505.0000    52     2506.0000     2504.0000  1541351    0.08%
  15900 12347     2505.0000    48     2506.0000     2504.0000  1547760    0.08%
  16000 12401     2505.0000    75     2506.0000     2504.0000  1553339    0.08%
Elapsed time = 3200.27 sec. (tree size = 279.45 MB, solutions = 5)
Nodefile size = 152.22 MB (85.86 MB after compression)
  16100 12449     2504.0000    66     2506.0000     2504.0000  1567095    0.08%
  16200 12549     2504.0000    74     2506.0000     2504.0000  1573540    0.08%
  16300 12648     2505.0000    57     2506.0000     2504.0000  1580390    0.08%
  16400 12741     2505.0000    56     2506.0000     2504.0000  1587587    0.08%
  16500 12804     2504.0000    64     2506.0000     2504.0000  1595178    0.08%
  16600 12876    infeasible           2506.0000     2504.0000  1598301    0.08%
  16700 12908     2504.0000    59     2506.0000     2504.0000  1604110    0.08%
  16800 13003     2505.0000    41     2506.0000     2504.0000  1614198    0.08%
  16900 13093     2504.0000    60     2506.0000     2504.0000  1618724    0.08%
  17000 13168     2504.0000    61     2506.0000     2504.0000  1627602    0.08%
Elapsed time = 3351.95 sec. (tree size = 296.81 MB, solutions = 5)
Nodefile size = 169.06 MB (95.43 MB after compression)
  17100 13268     2504.0000    67     2506.0000     2504.0000  1633442    0.08%
  17200 13356     2505.0000    32     2506.0000     2504.0000  1640636    0.08%
  17300 13420     2505.0000    61     2506.0000     2504.0000  1667929    0.08%
  17400 13514     2504.0000    69     2506.0000     2504.0000  1681657    0.08%
  17500 13605     2505.0000    43     2506.0000     2504.0000  1689341    0.08%
  17600 13673     2505.0000    68     2506.0000     2504.0000  1699170    0.08%
  17700 13711     2505.0000    69     2506.0000     2504.0000  1736814    0.08%
  17800 13799     2504.0000    61     2506.0000     2504.0000  1751816    0.08%
  17900 13894     2505.0000    42     2506.0000     2504.0000  1757343    0.08%
  18000 13965     2505.0000    66     2506.0000     2504.0000  1764150    0.08%
Elapsed time = 3574.77 sec. (tree size = 314.94 MB, solutions = 5)
Nodefile size = 187.84 MB (106.24 MB after compression)
  18100 14027     2505.0000    61     2506.0000     2504.0000  1770788    0.08%
  18200 14077     2505.0000    66     2506.0000     2504.0000  1783871    0.08%
  18300 14177     2505.0000    66     2506.0000     2504.0000  1784025    0.08%
  18400 14277     2505.0000    66     2506.0000     2504.0000  1784248    0.08%
  18500 14377     2505.0000    65     2506.0000     2504.0000  1784533    0.08%
  18600 14477     2505.0000    66     2506.0000     2504.0000  1784662    0.08%
  18700 14577     2505.0000    69     2506.0000     2504.0000  1784805    0.08%
  18800 14677     2505.0000    66     2506.0000     2504.0000  1785455    0.08%
  18900 14777     2505.0000    63     2506.0000     2504.0000  1785591    0.08%
  19000 14877     2505.0000    55     2506.0000     2504.0000  1786500    0.08%
Elapsed time = 3664.11 sec. (tree size = 336.35 MB, solutions = 5)
Nodefile size = 208.61 MB (118.23 MB after compression)
  19100 14977     2505.0000    51     2506.0000     2504.0000  1787283    0.08%
  19200 15077     2505.0000    64     2506.0000     2504.0000  1788677    0.08%
  19300 15173     2505.0000    51     2506.0000     2504.0000  1792867    0.08%
  19400 15263     2504.0000    63     2506.0000     2504.0000  1803125    0.08%
  19500 15336     2505.0000    47     2506.0000     2504.0000  1808457    0.08%
  19600 15407     2505.0000    73     2506.0000     2504.0000  1817951    0.08%
  19700 15486     2505.0000    66     2506.0000     2504.0000  1830078    0.08%
  19800 15554    infeasible           2506.0000     2504.0000  1848876    0.08%
  19900 15619     2504.0000    53     2506.0000     2504.0000  1859277    0.08%
  20000 15704     2505.0000    73     2506.0000     2504.0000  1866133    0.08%
Elapsed time = 3829.70 sec. (tree size = 355.73 MB, solutions = 5)
Nodefile size = 228.42 MB (129.83 MB after compression)
  20100 15720    infeasible           2506.0000     2504.0000  1884516    0.08%
  20200 15793     2504.0000    58     2506.0000     2504.0000  1898019    0.08%
  20300 15874     2505.0000    61     2506.0000     2504.0000  1902616    0.08%
  20400 15950     2504.0000    73     2506.0000     2504.0000  1914336    0.08%
  20500 16048     2505.0000    55     2506.0000     2504.0000  1919950    0.08%
  20600 16079    infeasible           2506.0000     2504.0000  1923297    0.08%
  20700 16119     2504.0000    67     2506.0000     2504.0000  1930015    0.08%
  20800 16207     2504.0000    66     2506.0000     2504.0000  1936596    0.08%
  20900 16282     2505.0000    64     2506.0000     2504.0000  1940346    0.08%
  21000 16335     2504.0230    77     2506.0000     2504.0000  1966773    0.08%
Elapsed time = 4007.34 sec. (tree size = 369.99 MB, solutions = 5)
Nodefile size = 242.31 MB (137.81 MB after compression)
  21100 16423     2505.0000    63     2506.0000     2504.0000  1976199    0.08%
  21200 16503     2505.0000    74     2506.0000     2504.0000  1996553    0.08%
  21300 16590     2505.0000    73     2506.0000     2504.0000  2008857    0.08%
  21400 16640     2504.0000    66     2506.0000     2504.0000  2021062    0.08%
  21500 16730     2504.0000    68     2506.0000     2504.0000  2028522    0.08%
  21600 16828     2505.0000    58     2506.0000     2504.0000  2031708    0.08%
  21700 16925     2504.0000    57     2506.0000     2504.0000  2040286    0.08%
  21800 17019     2505.0000    28     2506.0000     2504.0000  2045703    0.08%
  21900 17070     2505.0000    57     2506.0000     2504.0000  2053355    0.08%
  22000 17082    infeasible           2506.0000     2504.0000  2079507    0.08%
Elapsed time = 4206.09 sec. (tree size = 386.97 MB, solutions = 5)
Nodefile size = 259.15 MB (147.45 MB after compression)
  22100 17127     2505.0000    70     2506.0000     2504.0000  2095846    0.08%
  22200 17175     2504.0000    64     2506.0000     2504.0000  2106460    0.08%
  22300 17267     2505.0000    53     2506.0000     2504.0000  2114191    0.08%
  22400 17332     2504.0000    66     2506.0000     2504.0000  2122930    0.08%
  22500 17431     2505.0000    52     2506.0000     2504.0000  2123740    0.08%
  22600 17531     2505.0000    52     2506.0000     2504.0000  2123996    0.08%
  22700 17631     2505.0000    53     2506.0000     2504.0000  2124163    0.08%
  22800 17731     2505.0000    55     2506.0000     2504.0000  2124288    0.08%
  22900 17831     2505.0000    56     2506.0000     2504.0000  2124428    0.08%
  23000 17931     2505.0000    54     2506.0000     2504.0000  2124729    0.08%
Elapsed time = 4313.56 sec. (tree size = 406.54 MB, solutions = 5)
Nodefile size = 278.95 MB (158.73 MB after compression)
  23100 18031     2504.0000    63     2506.0000     2504.0000  2128106    0.08%
  23200 18106     2505.0000    70     2506.0000     2504.0000  2137954    0.08%
  23300 18173     2505.0000    64     2506.0000     2504.0000  2151762    0.08%
  23400 18236     2504.0000    68     2506.0000     2504.0000  2163250    0.08%
  23500 18316     2505.0000    71     2506.0000     2504.0000  2171529    0.08%
  23600 18356     2505.0000    59     2506.0000     2504.0000  2185864    0.08%
  23700 18412     2504.0000    66     2506.0000     2504.0000  2195285    0.08%
  23800 18498     2504.0000    57     2506.0000     2504.0000  2203276    0.08%
  23900 18580    infeasible           2506.0000     2504.0000  2206642    0.08%
  24000 18627     2505.0000    69     2506.0000     2504.0000  2212340    0.08%
Elapsed time = 4479.00 sec. (tree size = 422.37 MB, solutions = 5)
Nodefile size = 294.83 MB (167.83 MB after compression)
  24100 18658     2505.0000    69     2506.0000     2504.0000  2260268    0.08%
  24200 18754     2505.0000    53     2506.0000     2504.0000  2264754    0.08%
  24300 18817    infeasible           2506.0000     2504.0000  2269420    0.08%
  24400 18902    infeasible           2506.0000     2504.0000  2279692    0.08%
  24500 18958    infeasible           2506.0000     2504.0000  2293874    0.08%
  24600 18978     2505.0000    70     2506.0000     2504.0000  2313904    0.08%
  24700 19000    infeasible           2506.0000     2504.0000  2332741    0.08%
  24800 19088     2504.0000    56     2506.0000     2504.0000  2344613    0.08%
  24900 19184     2505.0000    39     2506.0000     2504.0000  2349554    0.08%
  25000 19267     2505.0000    66     2506.0000     2504.0000  2363557    0.08%
Elapsed time = 4707.47 sec. (tree size = 436.89 MB, solutions = 5)
Nodefile size = 309.69 MB (176.36 MB after compression)
  25100 19311     2505.0000    75     2506.0000     2504.0000  2374848    0.08%
  25200 19372     2505.0000    69     2506.0000     2504.0000  2382741    0.08%
  25300 19431     2505.0000    55     2506.0000     2504.0000  2396250    0.08%
  25400 19523     2505.0000    54     2506.0000     2504.0000  2401394    0.08%
  25500 19577     2505.0000    72     2506.0000     2504.0000  2411810    0.08%
  25600 19637    infeasible           2506.0000     2504.0000  2422946    0.08%
  25700 19670     2505.0000    51     2506.0000     2504.0000  2439120    0.08%
  25800 19732    infeasible           2506.0000     2504.0000  2453890    0.08%
  25900 19777     2505.0000    63     2506.0000     2504.0000  2473081    0.08%
  26000 19825     2505.0000    68     2506.0000     2504.0000  2485432    0.08%
Elapsed time = 4914.42 sec. (tree size = 449.52 MB, solutions = 5)
Nodefile size = 321.61 MB (183.22 MB after compression)
  26100 19896     2505.0000    31     2506.0000     2504.0000  2502956    0.08%
  26200 19969     2505.0000    56     2506.0000     2504.0000  2508236    0.08%
  26300 20029     2505.0000    72     2506.0000     2504.0000  2536120    0.08%
  26400 20104     2504.0000    71     2506.0000     2504.0000  2551417    0.08%
  26500 20155     2505.0000    71     2506.0000     2504.0000  2562832    0.08%
  26600 20191     2504.0000    66     2506.0000     2504.0000  2578585    0.08%
  26700 20279     2505.0000    54     2506.0000     2504.0000  2584390    0.08%
  26800 20334     2505.0000    54     2506.0000     2504.0000  2594546    0.08%
  26900 20376     2505.0000    73     2506.0000     2504.0000  2621459    0.08%
  27000 20460     2505.0000    69     2506.0000     2504.0000  2631201    0.08%
Elapsed time = 5127.24 sec. (tree size = 463.90 MB, solutions = 5)
Nodefile size = 336.52 MB (191.80 MB after compression)
  27100 20470     2505.0000    73     2506.0000     2504.0000  2655816    0.08%
  27200 20490    infeasible           2506.0000     2504.0000  2684585    0.08%
  27300 20556     2505.0000    58     2506.0000     2504.0000  2704025    0.08%
  27400 20618    infeasible           2506.0000     2504.0000  2718237    0.08%
  27500 20618    infeasible           2506.0000     2504.0000  2739646    0.08%
  27600 20620     2505.0000    70     2506.0000     2504.0000  2761133    0.08%
  27700 20624     2505.0000    75     2506.0000     2504.0000  2783107    0.08%
  27800 20696     2505.0000    45     2506.0000     2504.0000  2793701    0.08%
  27900 20755     2505.0000    66     2506.0000     2504.0000  2810843    0.08%
  28000 20787    infeasible           2506.0000     2504.0000  2829619    0.08%
Elapsed time = 5426.84 sec. (tree size = 471.35 MB, solutions = 5)
Nodefile size = 343.45 MB (195.79 MB after compression)
  28100 20846     2505.0000    67     2506.0000     2504.0000  2843268    0.08%
  28200 20892     2505.0000    71     2506.0000     2504.0000  2853738    0.08%
  28300 20957     2505.0000    68     2506.0000     2504.0000  2863774    0.08%
  28400 20985     2505.0000    72     2506.0000     2504.0000  2879889    0.08%
  28500 21064     2505.0000    52     2506.0000     2504.0000  2889502    0.08%
  28600 21103     2505.0000    51     2506.0000     2504.0000  2891527    0.08%
  28700 21164     2505.0000    52     2506.0000     2504.0000  2898894    0.08%
  28800 21239     2505.0000    66     2506.0000     2504.0000  2909419    0.08%
  28900 21274     2504.0230    74     2506.0000     2504.0000  2924157    0.08%
  29000 21343    infeasible           2506.0000     2504.0000  2931068    0.08%
Elapsed time = 5627.16 sec. (tree size = 483.93 MB, solutions = 5)
Nodefile size = 356.39 MB (203.21 MB after compression)
  29100 21371    infeasible           2506.0000     2504.0000  2965617    0.08%
  29200 21422     2505.0000    73     2506.0000     2504.0000  2992191    0.08%
  29300 21466     2505.0000    73     2506.0000     2504.0000  3002740    0.08%
  29400 21557     2505.0000    49     2506.0000     2504.0000  3005967    0.08%
  29500 21657     2505.0000    50     2506.0000     2504.0000  3006088    0.08%
  29600 21757     2505.0000    49     2506.0000     2504.0000  3006198    0.08%
  29700 21857     2505.0000    34     2506.0000     2504.0000  3006493    0.08%
  29800 21957     2505.0000    50     2506.0000     2504.0000  3006805    0.08%
  29900 22057     2505.0000    50     2506.0000     2504.0000  3006944    0.08%
  30000 22157     2505.0000    52     2506.0000     2504.0000  3007058    0.08%
Elapsed time = 5763.50 sec. (tree size = 502.80 MB, solutions = 5)
Nodefile size = 375.19 MB (214.11 MB after compression)
  30100 22257     2505.0000    53     2506.0000     2504.0000  3007657    0.08%
  30200 22357     2505.0000    53     2506.0000     2504.0000  3007776    0.08%
  30300 22457     2505.0000    55     2506.0000     2504.0000  3008094    0.08%
  30400 22557     2505.0000    54     2506.0000     2504.0000  3008887    0.08%
  30500 22657     2505.0000    54     2506.0000     2504.0000  3009088    0.08%
  30600 22757     2505.0000    56     2506.0000     2504.0000  3009628    0.08%
  30700 22853     2505.0000    58     2506.0000     2504.0000  3012890    0.08%
  30800 22935     2505.0000    66     2506.0000     2504.0000  3017994    0.08%
  30900 22979     2505.0000    72     2506.0000     2504.0000  3043541    0.08%
  31000 23062     2504.0000    63     2506.0000     2504.0000  3050742    0.08%
Elapsed time = 5879.13 sec. (tree size = 524.81 MB, solutions = 5)
Nodefile size = 396.99 MB (227.14 MB after compression)
  31100 23159     2505.0000    69     2506.0000     2504.0000  3056077    0.08%
  31200 23222     2505.0000    46     2506.0000     2504.0000  3083647    0.08%
  31300 23304     2504.0000    49     2506.0000     2504.0000  3091007    0.08%
  31400 23392     2505.0000    74     2506.0000     2504.0000  3099270    0.08%
  31500 23418    infeasible           2506.0000     2504.0000  3117821    0.08%
  31600 23484    infeasible           2506.0000     2504.0000  3132136    0.08%
  31700 23557     2505.0000    51     2506.0000     2504.0000  3136174    0.08%
  31800 23621     2505.0000    58     2506.0000     2504.0000  3140361    0.08%
  31900 23696     2505.0000    58     2506.0000     2504.0000  3156230    0.08%
  32000 23761     2505.0000    70     2506.0000     2504.0000  3168181    0.08%
Elapsed time = 6094.30 sec. (tree size = 540.70 MB, solutions = 5)
Nodefile size = 412.78 MB (236.20 MB after compression)
  32100 23827     2505.0000    55     2506.0000     2504.0000  3175823    0.08%
  32200 23893     2505.0000    66     2506.0000     2504.0000  3186124    0.08%
  32300 23938    infeasible           2506.0000     2504.0000  3196599    0.08%
  32400 24022     2505.0000    72     2506.0000     2504.0000  3207694    0.08%
  32500 24071     2505.0000    51     2506.0000     2504.0000  3226537    0.08%
  32600 24129    infeasible           2506.0000     2504.0000  3248548    0.08%
  32700 24177     2504.0000    64     2506.0000     2504.0000  3272313    0.08%
  32800 24253    infeasible           2506.0000     2504.0000  3289165    0.08%
  32900 24333     2505.0000    71     2506.0000     2504.0000  3317078    0.08%
  33000 24393     2505.0000    70     2506.0000     2504.0000  3350309    0.08%
Elapsed time = 6368.14 sec. (tree size = 555.04 MB, solutions = 5)
Nodefile size = 427.64 MB (244.79 MB after compression)
  33100 24474     2505.0000    68     2506.0000     2504.0000  3365279    0.08%
  33200 24541     2505.0000    55     2506.0000     2504.0000  3377439    0.08%
  33300 24641     2505.0000    60     2506.0000     2504.0000  3377673    0.08%
  33400 24741     2505.0000    61     2506.0000     2504.0000  3377792    0.08%
  33500 24841     2505.0000    65     2506.0000     2504.0000  3377898    0.08%
  33600 24941     2505.0000    62     2506.0000     2504.0000  3378012    0.08%
  33700 25041     2505.0000    63     2506.0000     2504.0000  3378134    0.08%
  33800 25141     2505.0000    63     2506.0000     2504.0000  3378253    0.08%
  33900 25241     2505.0000    64     2506.0000     2504.0000  3378355    0.08%
  34000 25341     2505.0000    65     2506.0000     2504.0000  3378467    0.08%
Elapsed time = 6459.80 sec. (tree size = 577.02 MB, solutions = 5)
Nodefile size = 449.38 MB (257.11 MB after compression)
  34100 25441     2505.0000    66     2506.0000     2504.0000  3378579    0.08%
  34200 25541     2505.0000    66     2506.0000     2504.0000  3378679    0.08%
  34300 25641     2505.0000    64     2506.0000     2504.0000  3378779    0.08%
  34400 25741     2505.0000    64     2506.0000     2504.0000  3378879    0.08%
  34500 25840     2505.0000    65     2506.0000     2504.0000  3379886    0.08%
  34600 25916     2505.0000    71     2506.0000     2504.0000  3393450    0.08%
  34700 25954     2505.0000    37     2506.0000     2504.0000  3409298    0.08%
  34800 26014     2505.0000    39     2506.0000     2504.0000  3412094    0.08%
  34900 26081    infeasible           2506.0000     2504.0000  3420472    0.08%
  35000 26138    infeasible           2506.0000     2504.0000  3448605    0.08%
Elapsed time = 6600.75 sec. (tree size = 596.10 MB, solutions = 5)
Nodefile size = 468.18 MB (268.00 MB after compression)
  35100 26138    infeasible           2506.0000     2504.0000  3483082    0.08%
  35200 26212     2505.0000    69     2506.0000     2504.0000  3498118    0.08%
  35300 26236     2505.0000    38     2506.0000     2504.0000  3508176    0.08%
  35400 26331     2505.0000    47     2506.0000     2504.0000  3511603    0.08%
  35500 26410     2504.0000    59     2506.0000     2504.0000  3521140    0.08%
  35600 26498    infeasible           2506.0000     2504.0000  3529295    0.08%
  35700 26570     2505.0000    72     2506.0000     2504.0000  3538852    0.08%
  35800 26596     2505.0000    68     2506.0000     2504.0000  3553992    0.08%
  35900 26676     2505.0000    73     2506.0000     2504.0000  3562836    0.08%
  36000 26728     2505.0000    77     2506.0000     2504.0000  3584816    0.08%
Elapsed time = 6818.25 sec. (tree size = 609.40 MB, solutions = 5)
Nodefile size = 482.05 MB (275.92 MB after compression)
  36100 26754     2505.0000    67     2506.0000     2504.0000  3601073    0.08%
  36200 26820     2504.0000    59     2506.0000     2504.0000  3619435    0.08%
  36300 26920     2504.0000    59     2506.0000     2504.0000  3628515    0.08%
  36400 27011     2504.0000    63     2506.0000     2504.0000  3638388    0.08%
  36500 27104     2504.0000    58     2506.0000     2504.0000  3645965    0.08%
  36600 27197     2505.0000    69     2506.0000     2504.0000  3653359    0.08%
  36700 27260     2504.0000    67     2506.0000     2504.0000  3663806    0.08%
  36800 27359     2505.0000    56     2506.0000     2504.0000  3666036    0.08%
  36900 27424    infeasible           2506.0000     2504.0000  3675931    0.08%
  37000 27478    infeasible           2506.0000     2504.0000  3690695    0.08%
Elapsed time = 7010.50 sec. (tree size = 626.42 MB, solutions = 5)
Nodefile size = 498.90 MB (285.54 MB after compression)
  37100 27514     2504.0000    63     2506.0000     2504.0000  3715387    0.08%
  37200 27603     2504.0000    62     2506.0000     2504.0000  3725024    0.08%
  37300 27696     2505.0000    70     2506.0000     2504.0000  3729341    0.08%
  37400 27724     2505.0000    72     2506.0000     2504.0000  3740822    0.08%
  37500 27757     2505.0000    53     2506.0000     2504.0000  3760205    0.08%
  37600 27822     2504.0000    58     2506.0000     2504.0000  3767064    0.08%
  37700 27898     2504.0000    64     2506.0000     2504.0000  3783561    0.08%
  37800 27986     2504.0027    76     2506.0000     2504.0000  3793287    0.08%
  37900 28076     2505.0000    42     2506.0000     2504.0000  3795917    0.08%
  38000 28123     2504.0000    68     2506.0000     2504.0000  3801929    0.08%
Elapsed time = 7196.14 sec. (tree size = 640.99 MB, solutions = 5)
Nodefile size = 513.76 MB (294.05 MB after compression)

Gomory fractional cuts applied:  1

Solution pool: 5 solutions saved.

MIP - Time limit exceeded, integer feasible:  Objective = 2.5060000000e+003
Current MIP best bound = 2.5040000000e+003 (gap = 2, 0.08%)
Solution time = 7200.11 sec.  Iterations = 3804035  Nodes = 38025 (28147)


Incumbent solution
Variable Name           Solution Value
Cmax                       2506.000000
X_1_28                        1.000000
X_2_30                        1.000000
X_3_28                        1.000000
X_4_31                        1.000000
X_5_6                         1.000000
X_6_28                        1.000000
X_7_22                        1.000000
X_8_7                         1.000000
X_9_11                        1.000000
X_10_17                       1.000000
X_11_32                       1.000000
X_12_27                       1.000000
X_13_38                       1.000000
X_14_8                        1.000000
X_15_23                       1.000000
X_16_16                       1.000000
X_17_24                       1.000000
X_18_6                        1.000000
X_19_15                       1.000000
X_20_6                        1.000000
X_21_11                       1.000000
X_22_35                       1.000000
X_23_21                       1.000000
X_24_9                        1.000000
X_25_10                       1.000000
X_26_5                        1.000000
X_27_23                       1.000000
X_28_8                        1.000000
X_29_35                       1.000000
X_30_3                        1.000000
X_31_3                        1.000000
X_32_14                       1.000000
X_33_28                       1.000000
X_34_25                       1.000000
X_35_37                       1.000000
X_36_11                       1.000000
X_37_7                        1.000000
X_38_39                       1.000000
X_39_12                       1.000000
X_40_13                       1.000000
X_41_36                       1.000000
X_42_39                       1.000000
X_43_14                       1.000000
X_44_8                        1.000000
X_45_23                       1.000000
X_46_26                       1.000000
X_47_31                       1.000000
X_48_26                       1.000000
X_49_39                       1.000000
X_50_28                       1.000000
X_51_40                       1.000000
X_52_10                       1.000000
X_53_35                       1.000000
X_54_38                       1.000000
X_55_7                        1.000000
X_56_16                       1.000000
X_57_8                        1.000000
X_58_5                        1.000000
X_59_15                       1.000000
X_60_7                        1.000000
X_61_6                        1.000000
X_62_39                       1.000000
X_63_28                       1.000000
X_64_4                        1.000000
X_65_40                       1.000000
X_66_12                       1.000000
X_67_32                       1.000000
X_68_31                       1.000000
X_69_14                       1.000000
X_70_34                       1.000000
X_71_19                       1.000000
X_72_32                       1.000000
X_73_13                       1.000000
X_74_2                        1.000000
X_75_17                       1.000000
X_76_15                       1.000000
X_77_34                       1.000000
X_78_14                       1.000000
X_79_13                       1.000000
X_80_24                       1.000000
X_81_27                       1.000000
X_82_20                       1.000000
X_83_9                        1.000000
X_84_10                       1.000000
X_85_2                        1.000000
X_86_12                       1.000000
X_87_26                       1.000000
X_88_28                       1.000000
X_89_30                       1.000000
X_90_22                       1.000000
X_91_12                       1.000000
X_92_21                       1.000000
X_93_29                       1.000000
X_94_35                       1.000000
X_95_35                       1.000000
X_96_5                        1.000000
X_97_31                       1.000000
X_98_22                       1.000000
X_99_29                       1.000000
X_100_1                       1.000000
X_101_27                      1.000000
X_102_8                       1.000000
X_103_1                       1.000000
X_104_28                      1.000000
X_105_33                      1.000000
X_106_40                      1.000000
X_107_20                      1.000000
X_108_38                      1.000000
X_109_15                      1.000000
X_110_6                       1.000000
X_111_13                      1.000000
X_112_32                      1.000000
X_113_1                       1.000000
X_114_5                       1.000000
X_115_8                       1.000000
X_116_8                       1.000000
X_117_13                      1.000000
X_118_36                      1.000000
X_119_38                      1.000000
X_120_37                      1.000000
X_121_8                       1.000000
X_122_23                      1.000000
X_123_23                      1.000000
X_124_4                       1.000000
X_125_4                       1.000000
X_126_39                      1.000000
X_127_40                      1.000000
X_128_2                       1.000000
X_129_20                      1.000000
X_130_16                      1.000000
X_131_11                      1.000000
X_132_4                       1.000000
X_133_36                      1.000000
X_134_3                       1.000000
X_135_30                      1.000000
X_136_4                       1.000000
X_137_39                      1.000000
X_138_24                      1.000000
X_139_18                      1.000000
X_140_33                      1.000000
X_141_20                      1.000000
X_142_26                      1.000000
X_143_10                      1.000000
X_144_24                      1.000000
X_145_29                      1.000000
X_146_39                      1.000000
X_147_14                      1.000000
X_148_30                      1.000000
X_149_9                       1.000000
X_150_10                      1.000000
X_151_2                       1.000000
X_152_18                      1.000000
X_153_21                      1.000000
X_154_7                       1.000000
X_155_19                      1.000000
X_156_39                      1.000000
X_157_8                       1.000000
X_158_10                      1.000000
X_159_30                      1.000000
X_160_13                      1.000000
X_161_18                      1.000000
X_162_31                      1.000000
X_163_2                       1.000000
X_164_6                       1.000000
X_165_16                      1.000000
X_166_40                      1.000000
X_167_13                      1.000000
X_168_10                      1.000000
X_169_9                       1.000000
X_170_14                      1.000000
X_171_3                       1.000000
X_172_28                      1.000000
X_173_39                      1.000000
X_174_3                       1.000000
X_175_20                      1.000000
X_176_33                      1.000000
X_177_22                      1.000000
X_178_29                      1.000000
X_179_17                      1.000000
X_180_4                       1.000000
X_181_11                      1.000000
X_182_4                       1.000000
X_183_20                      1.000000
X_184_37                      1.000000
X_185_3                       1.000000
X_186_29                      1.000000
X_187_5                       1.000000
X_188_23                      1.000000
X_189_29                      1.000000
X_190_11                      1.000000
X_191_2                       1.000000
X_192_15                      1.000000
X_193_25                      1.000000
X_194_20                      1.000000
X_195_10                      1.000000
X_196_24                      1.000000
X_197_3                       1.000000
X_198_17                      1.000000
X_199_34                      1.000000
X_200_20                      1.000000
X_201_12                      1.000000
X_202_17                      1.000000
X_203_13                      1.000000
X_204_39                      1.000000
X_205_10                      1.000000
X_206_24                      1.000000
X_207_8                       1.000000
X_208_22                      1.000000
X_209_31                      1.000000
X_210_3                       1.000000
X_211_40                      1.000000
X_212_18                      1.000000
X_213_32                      1.000000
X_214_20                      1.000000
X_215_1                       1.000000
X_216_19                      1.000000
X_217_25                      1.000000
X_218_7                       1.000000
X_219_17                      1.000000
X_220_40                      1.000000
X_221_36                      1.000000
X_222_11                      1.000000
X_223_10                      1.000000
X_224_18                      1.000000
X_225_37                      1.000000
X_226_16                      1.000000
X_227_4                       1.000000
X_228_18                      1.000000
X_229_1                       1.000000
X_230_23                      1.000000
X_231_15                      1.000000
X_232_22                      1.000000
X_233_28                      1.000000
X_234_2                       1.000000
X_235_2                       1.000000
X_236_35                      1.000000
X_237_36                      1.000000
X_238_40                      1.000000
X_239_34                      1.000000
X_240_6                       1.000000
X_241_25                      1.000000
X_242_26                      1.000000
X_243_40                      1.000000
X_244_26                      1.000000
X_245_19                      1.000000
X_246_40                      1.000000
X_247_37                      1.000000
X_248_36                      1.000000
X_249_9                       1.000000
X_250_36                      1.000000
X_251_15                      1.000000
X_252_39                      1.000000
X_253_32                      1.000000
X_254_29                      1.000000
X_255_9                       1.000000
X_256_12                      1.000000
X_257_5                       1.000000
X_258_33                      1.000000
X_259_16                      1.000000
X_260_22                      1.000000
X_261_2                       1.000000
X_262_35                      1.000000
X_263_7                       1.000000
X_264_37                      1.000000
X_265_14                      1.000000
X_266_32                      1.000000
X_267_22                      1.000000
X_268_21                      1.000000
X_269_30                      1.000000
X_270_9                       1.000000
X_271_31                      1.000000
X_272_7                       1.000000
X_273_4                       1.000000
X_274_31                      1.000000
X_275_12                      1.000000
X_276_36                      1.000000
X_277_25                      1.000000
X_278_38                      1.000000
X_279_11                      1.000000
X_280_34                      1.000000
X_281_20                      1.000000
X_282_21                      1.000000
X_283_35                      1.000000
X_284_5                       1.000000
X_285_36                      1.000000
X_286_6                       1.000000
X_287_18                      1.000000
X_288_2                       1.000000
X_289_16                      1.000000
X_290_24                      1.000000
X_291_35                      1.000000
X_292_23                      1.000000
X_293_35                      1.000000
X_294_24                      1.000000
X_295_25                      1.000000
X_296_2                       1.000000
X_297_25                      1.000000
X_298_29                      1.000000
X_299_14                      1.000000
X_300_8                       1.000000
X_301_4                       1.000000
X_302_21                      1.000000
X_303_6                       1.000000
X_304_23                      1.000000
X_305_2                       1.000000
X_306_1                       1.000000
X_307_22                      1.000000
X_308_22                      1.000000
X_309_15                      1.000000
X_310_9                       1.000000
X_311_13                      1.000000
X_312_1                       1.000000
X_313_7                       1.000000
X_314_29                      1.000000
X_315_32                      1.000000
X_316_30                      1.000000
X_317_31                      1.000000
X_318_14                      1.000000
X_319_36                      1.000000
X_320_15                      1.000000
X_321_34                      1.000000
X_322_23                      1.000000
X_323_6                       1.000000
X_324_1                       1.000000
X_325_5                       1.000000
X_326_28                      1.000000
X_327_29                      1.000000
X_328_11                      1.000000
X_329_26                      1.000000
X_330_1                       1.000000
X_331_21                      1.000000
X_332_17                      1.000000
X_333_7                       1.000000
X_334_30                      1.000000
X_335_2                       1.000000
X_336_3                       1.000000
X_337_3                       1.000000
X_338_34                      1.000000
X_339_26                      1.000000
X_340_29                      1.000000
X_341_13                      1.000000
X_342_39                      1.000000
X_343_13                      1.000000
X_344_1                       1.000000
X_345_22                      1.000000
X_346_29                      1.000000
X_347_15                      1.000000
X_348_35                      1.000000
X_349_37                      1.000000
X_350_8                       1.000000
X_351_12                      1.000000
X_352_36                      1.000000
X_353_23                      1.000000
X_354_17                      1.000000
X_355_31                      1.000000
X_356_34                      1.000000
X_357_28                      1.000000
X_358_38                      1.000000
X_359_10                      1.000000
X_360_29                      1.000000
X_361_24                      1.000000
X_362_27                      1.000000
X_363_20                      1.000000
X_364_7                       1.000000
X_365_27                      1.000000
X_366_11                      1.000000
X_367_4                       1.000000
X_368_40                      1.000000
X_369_6                       1.000000
X_370_18                      1.000000
X_371_15                      1.000000
X_372_10                      1.000000
X_373_12                      1.000000
X_374_31                      1.000000
X_375_20                      1.000000
X_376_26                      1.000000
X_377_12                      1.000000
X_378_29                      1.000000
X_379_10                      1.000000
X_380_2                       1.000000
X_381_28                      1.000000
X_382_4                       1.000000
X_383_17                      1.000000
X_384_1                       1.000000
X_385_13                      1.000000
X_386_38                      1.000000
X_387_5                       1.000000
X_388_36                      1.000000
X_389_1                       1.000000
X_390_30                      1.000000
X_391_30                      1.000000
X_392_5                       1.000000
X_393_1                       1.000000
X_394_28                      1.000000
X_395_26                      1.000000
X_396_40                      1.000000
X_397_17                      1.000000
X_398_14                      1.000000
X_399_1                       1.000000
X_400_25                      1.000000
X_401_17                      1.000000
X_402_3                       1.000000
X_403_1                       1.000000
X_404_15                      1.000000
X_405_36                      1.000000
X_406_18                      1.000000
X_407_13                      1.000000
X_408_34                      1.000000
X_409_8                       1.000000
X_410_16                      1.000000
X_411_21                      1.000000
X_412_19                      1.000000
X_413_18                      1.000000
X_414_14                      1.000000
X_415_26                      1.000000
X_416_3                       1.000000
X_417_20                      1.000000
X_418_15                      1.000000
X_419_19                      1.000000
X_420_12                      1.000000
X_421_35                      1.000000
X_422_16                      1.000000
X_423_6                       1.000000
X_424_33                      1.000000
X_425_27                      1.000000
X_426_9                       1.000000
X_427_14                      1.000000
X_428_3                       1.000000
X_429_10                      1.000000
X_430_36                      1.000000
X_431_20                      1.000000
X_432_26                      1.000000
X_433_30                      1.000000
X_434_18                      1.000000
X_435_24                      1.000000
X_436_3                       1.000000
X_437_26                      1.000000
X_438_30                      1.000000
X_439_7                       1.000000
X_440_14                      1.000000
X_441_19                      1.000000
X_442_13                      1.000000
X_443_25                      1.000000
X_444_39                      1.000000
X_445_32                      1.000000
X_446_32                      1.000000
X_447_30                      1.000000
X_448_16                      1.000000
X_449_21                      1.000000
X_450_10                      1.000000
X_451_23                      1.000000
X_452_33                      1.000000
X_453_12                      1.000000
X_454_31                      1.000000
X_455_38                      1.000000
X_456_3                       1.000000
X_457_34                      1.000000
X_458_10                      1.000000
X_459_26                      1.000000
X_460_33                      1.000000
X_461_7                       1.000000
X_462_12                      1.000000
X_463_15                      1.000000
X_464_6                       1.000000
X_465_12                      1.000000
X_466_11                      1.000000
X_467_9                       1.000000
X_468_16                      1.000000
X_469_12                      1.000000
X_470_4                       1.000000
X_471_27                      1.000000
X_472_28                      1.000000
X_473_9                       1.000000
X_474_39                      1.000000
X_475_30                      1.000000
X_476_22                      1.000000
X_477_19                      1.000000
X_478_26                      1.000000
X_479_12                      1.000000
X_480_2                       1.000000
X_481_33                      1.000000
X_482_23                      1.000000
X_483_11                      1.000000
X_484_34                      1.000000
X_485_10                      1.000000
X_486_20                      1.000000
X_487_37                      1.000000
X_488_13                      1.000000
X_489_40                      1.000000
X_490_32                      1.000000
X_491_38                      1.000000
X_492_29                      1.000000
X_493_28                      1.000000
X_494_27                      1.000000
X_495_8                       1.000000
X_496_25                      1.000000
X_497_22                      1.000000
X_498_39                      1.000000
X_499_14                      1.000000
X_500_5                       1.000000
X_501_34                      1.000000
X_502_34                      1.000000
X_503_2                       1.000000
X_504_19                      1.000000
X_505_1                       1.000000
X_506_25                      1.000000
X_507_24                      1.000000
X_508_34                      1.000000
X_509_38                      1.000000
X_510_40                      1.000000
X_511_14                      1.000000
X_512_4                       1.000000
X_513_19                      1.000000
X_514_33                      1.000000
X_515_6                       1.000000
X_516_25                      1.000000
X_517_2                       1.000000
X_518_37                      1.000000
X_519_40                      1.000000
X_520_19                      1.000000
X_521_35                      1.000000
X_522_4                       1.000000
X_523_20                      1.000000
X_524_25                      1.000000
X_525_35                      1.000000
X_526_5                       1.000000
X_527_31                      1.000000
X_528_2                       1.000000
X_529_33                      1.000000
X_530_4                       1.000000
X_531_8                       1.000000
X_532_35                      1.000000
X_533_18                      1.000000
X_534_13                      1.000000
X_535_9                       1.000000
X_536_16                      1.000000
X_537_33                      1.000000
X_538_24                      1.000000
X_539_5                       1.000000
X_540_24                      1.000000
X_541_29                      1.000000
X_542_33                      1.000000
X_543_31                      1.000000
X_544_14                      1.000000
X_545_23                      1.000000
X_546_14                      1.000000
X_547_25                      1.000000
X_548_40                      1.000000
X_549_21                      1.000000
X_550_20                      1.000000
X_551_9                       1.000000
X_552_22                      1.000000
X_553_31                      1.000000
X_554_20                      1.000000
X_555_6                       1.000000
X_556_40                      1.000000
X_557_36                      1.000000
X_558_33                      1.000000
X_559_15                      1.000000
X_560_32                      1.000000
X_561_33                      1.000000
X_562_12                      1.000000
X_563_19                      1.000000
X_564_29                      1.000000
X_565_31                      1.000000
X_566_7                       1.000000
X_567_35                      1.000000
X_568_34                      1.000000
X_569_40                      1.000000
X_570_31                      1.000000
X_571_6                       1.000000
X_572_14                      1.000000
X_573_27                      1.000000
X_574_11                      1.000000
X_575_37                      1.000000
X_576_28                      1.000000
X_577_26                      1.000000
X_578_16                      1.000000
X_579_16                      1.000000
X_580_10                      1.000000
X_581_12                      1.000000
X_582_14                      1.000000
X_583_27                      1.000000
X_584_29                      1.000000
X_585_1                       1.000000
X_586_39                      1.000000
X_587_5                       1.000000
X_588_6                       1.000000
X_589_12                      1.000000
X_590_29                      1.000000
X_591_29                      1.000000
X_592_7                       1.000000
X_593_18                      1.000000
X_594_10                      1.000000
X_595_30                      1.000000
X_596_15                      1.000000
X_597_16                      1.000000
X_598_26                      1.000000
X_599_37                      1.000000
X_600_8                       1.000000
X_601_28                      1.000000
X_602_23                      1.000000
X_603_21                      1.000000
X_604_6                       1.000000
X_605_11                      1.000000
X_606_24                      1.000000
X_607_37                      1.000000
X_608_7                       1.000000
X_609_9                       1.000000
X_610_25                      1.000000
X_611_13                      1.000000
X_612_39                      1.000000
X_613_11                      1.000000
X_614_17                      1.000000
X_615_19                      1.000000
X_616_24                      1.000000
X_617_33                      1.000000
X_618_36                      1.000000
X_619_2                       1.000000
X_620_30                      1.000000
X_621_2                       1.000000
X_622_23                      1.000000
X_623_26                      1.000000
X_624_31                      1.000000
X_625_37                      1.000000
X_626_12                      1.000000
X_627_17                      1.000000
X_628_27                      1.000000
X_629_2                       1.000000
X_630_40                      1.000000
X_631_38                      1.000000
X_632_33                      1.000000
X_633_19                      1.000000
X_634_36                      1.000000
X_635_40                      1.000000
X_636_17                      1.000000
X_637_18                      1.000000
X_638_9                       1.000000
X_639_17                      1.000000
X_640_39                      1.000000
X_641_9                       1.000000
X_642_32                      1.000000
X_643_34                      1.000000
X_644_26                      1.000000
X_645_14                      1.000000
X_646_34                      1.000000
X_647_35                      1.000000
X_648_13                      1.000000
X_649_21                      1.000000
X_650_32                      1.000000
X_651_11                      1.000000
X_652_40                      1.000000
X_653_39                      1.000000
X_654_13                      1.000000
X_655_38                      1.000000
X_656_19                      1.000000
X_657_37                      1.000000
X_658_23                      1.000000
X_659_11                      1.000000
X_660_20                      1.000000
X_661_4                       1.000000
X_662_18                      1.000000
X_663_5                       1.000000
X_664_24                      1.000000
X_665_33                      1.000000
X_666_9                       1.000000
X_667_27                      1.000000
X_668_33                      1.000000
X_669_27                      1.000000
X_670_19                      1.000000
X_671_8                       1.000000
X_672_11                      1.000000
X_673_36                      1.000000
X_674_17                      1.000000
X_675_1                       1.000000
X_676_35                      1.000000
X_677_24                      1.000000
X_678_19                      1.000000
X_679_22                      1.000000
X_680_29                      1.000000
X_681_17                      1.000000
X_682_8                       1.000000
X_683_1                       1.000000
X_684_32                      1.000000
X_685_37                      1.000000
X_686_18                      1.000000
X_687_24                      1.000000
X_688_23                      1.000000
X_689_30                      1.000000
X_690_22                      1.000000
X_691_32                      1.000000
X_692_18                      1.000000
X_693_35                      1.000000
X_694_39                      1.000000
X_695_12                      1.000000
X_696_7                       1.000000
X_697_7                       1.000000
X_698_11                      1.000000
X_699_21                      1.000000
X_700_28                      1.000000
X_701_35                      1.000000
X_702_31                      1.000000
X_703_16                      1.000000
X_704_38                      1.000000
X_705_25                      1.000000
X_706_31                      1.000000
X_707_23                      1.000000
X_708_38                      1.000000
X_709_22                      1.000000
X_710_8                       1.000000
X_711_27                      1.000000
X_712_27                      1.000000
X_713_40                      1.000000
X_714_9                       1.000000
X_715_6                       1.000000
X_716_14                      1.000000
X_717_8                       1.000000
X_718_16                      1.000000
X_719_18                      1.000000
X_720_4                       1.000000
X_721_5                       1.000000
X_722_25                      1.000000
X_723_13                      1.000000
X_724_23                      1.000000
X_725_28                      1.000000
X_726_9                       1.000000
X_727_1                       1.000000
X_728_16                      1.000000
X_729_4                       1.000000
X_730_34                      1.000000
X_731_21                      1.000000
X_732_25                      1.000000
X_733_4                       1.000000
X_734_23                      1.000000
X_735_36                      1.000000
X_736_18                      1.000000
X_737_18                      1.000000
X_738_34                      1.000000
X_739_24                      1.000000
X_740_5                       1.000000
X_741_16                      1.000000
X_742_14                      1.000000
X_743_38                      1.000000
X_744_19                      1.000000
X_745_38                      1.000000
X_746_35                      1.000000
X_747_1                       1.000000
X_748_33                      1.000000
X_749_36                      1.000000
X_750_7                       1.000000
X_751_9                       1.000000
X_752_37                      1.000000
X_753_2                       1.000000
X_754_5                       1.000000
X_755_38                      1.000000
X_756_37                      1.000000
X_757_7                       1.000000
X_758_2                       1.000000
X_759_28                      1.000000
X_760_20                      1.000000
X_761_34                      1.000000
X_762_27                      1.000000
X_763_28                      1.000000
X_764_10                      1.000000
X_765_40                      1.000000
X_766_33                      1.000000
X_767_38                      1.000000
X_768_29                      1.000000
X_769_23                      1.000000
X_770_31                      1.000000
X_771_36                      1.000000
X_772_4                       1.000000
X_773_22                      1.000000
X_774_32                      1.000000
X_775_5                       1.000000
X_776_18                      1.000000
X_777_3                       1.000000
X_778_6                       1.000000
X_779_14                      1.000000
X_780_17                      1.000000
X_781_37                      1.000000
X_782_16                      1.000000
X_783_30                      1.000000
X_784_17                      1.000000
X_785_20                      1.000000
X_786_11                      1.000000
X_787_30                      1.000000
X_788_15                      1.000000
X_789_25                      1.000000
X_790_25                      1.000000
X_791_19                      1.000000
X_792_27                      1.000000
X_793_6                       1.000000
X_794_14                      1.000000
X_795_15                      1.000000
X_796_28                      1.000000
X_797_33                      1.000000
X_798_38                      1.000000
X_799_25                      1.000000
X_800_35                      1.000000
X_801_18                      1.000000
X_802_27                      1.000000
X_803_25                      1.000000
X_804_10                      1.000000
X_805_2                       1.000000
X_806_36                      1.000000
X_807_38                      1.000000
X_808_31                      1.000000
X_809_5                       1.000000
X_810_27                      1.000000
X_811_26                      1.000000
X_812_7                       1.000000
X_813_21                      1.000000
X_814_37                      1.000000
X_815_38                      1.000000
X_816_13                      1.000000
X_817_21                      1.000000
X_818_37                      1.000000
X_819_5                       1.000000
X_820_39                      1.000000
X_821_28                      1.000000
X_822_30                      1.000000
X_823_28                      1.000000
X_824_3                       1.000000
X_825_38                      1.000000
X_826_25                      1.000000
X_827_36                      1.000000
X_828_6                       1.000000
X_829_34                      1.000000
X_830_18                      1.000000
X_831_11                      1.000000
X_832_6                       1.000000
X_833_1                       1.000000
X_834_25                      1.000000
X_835_24                      1.000000
X_836_29                      1.000000
X_837_22                      1.000000
X_838_27                      1.000000
X_839_32                      1.000000
X_840_13                      1.000000
X_841_34                      1.000000
X_842_6                       1.000000
X_843_37                      1.000000
X_844_15                      1.000000
X_845_1                       1.000000
X_846_20                      1.000000
X_847_18                      1.000000
X_848_21                      1.000000
X_849_20                      1.000000
X_850_15                      1.000000
X_851_37                      1.000000
X_852_3                       1.000000
X_853_26                      1.000000
X_854_21                      1.000000
X_855_16                      1.000000
X_856_13                      1.000000
X_857_4                       1.000000
X_858_19                      1.000000
X_859_35                      1.000000
X_860_22                      1.000000
X_861_39                      1.000000
X_862_27                      1.000000
X_863_17                      1.000000
X_864_12                      1.000000
X_865_22                      1.000000
X_866_33                      1.000000
X_867_33                      1.000000
X_868_10                      1.000000
X_869_40                      1.000000
X_870_4                       1.000000
X_871_3                       1.000000
X_872_30                      1.000000
X_873_22                      1.000000
X_874_39                      1.000000
X_875_20                      1.000000
X_876_26                      1.000000
X_877_20                      1.000000
X_878_35                      1.000000
X_879_35                      1.000000
X_880_21                      1.000000
X_881_11                      1.000000
X_882_15                      1.000000
X_883_1                       1.000000
X_884_3                       1.000000
X_885_19                      1.000000
X_886_36                      1.000000
X_887_9                       1.000000
X_888_21                      1.000000
X_889_14                      1.000000
X_890_7                       1.000000
X_891_38                      1.000000
X_892_24                      1.000000
X_893_36                      1.000000
X_894_33                      1.000000
X_895_32                      1.000000
X_896_32                      1.000000
X_897_31                      1.000000
X_898_23                      1.000000
X_899_24                      1.000000
X_900_26                      1.000000
X_901_12                      1.000000
X_902_19                      1.000000
X_903_27                      1.000000
X_904_1                       1.000000
X_905_8                       1.000000
X_906_37                      1.000000
X_907_7                       1.000000
X_908_26                      1.000000
X_909_9                       1.000000
X_910_27                      1.000000
X_911_3                       1.000000
X_912_6                       1.000000
X_913_30                      1.000000
X_914_22                      1.000000
X_915_17                      1.000000
X_916_15                      1.000000
X_917_10                      1.000000
X_918_37                      1.000000
X_919_4                       1.000000
X_920_16                      1.000000
X_921_21                      1.000000
X_922_37                      1.000000
X_923_24                      1.000000
X_924_19                      1.000000
X_925_22                      1.000000
X_926_5                       1.000000
X_927_15                      1.000000
X_928_25                      1.000000
X_929_3                       1.000000
X_930_19                      1.000000
X_931_16                      1.000000
X_932_22                      1.000000
X_933_34                      1.000000
X_934_11                      1.000000
X_935_23                      1.000000
X_936_38                      1.000000
X_937_8                       1.000000
X_938_30                      1.000000
X_939_10                      1.000000
X_940_15                      1.000000
X_941_39                      1.000000
X_942_5                       1.000000
X_943_34                      1.000000
X_944_12                      1.000000
X_945_19                      1.000000
X_946_7                       1.000000
X_947_4                       1.000000
X_948_32                      1.000000
X_949_9                       1.000000
X_950_26                      1.000000
X_951_17                      1.000000
X_952_32                      1.000000
X_953_30                      1.000000
X_954_13                      1.000000
X_955_2                       1.000000
X_956_27                      1.000000
X_957_21                      1.000000
X_958_21                      1.000000
X_959_24                      1.000000
X_960_9                       1.000000
X_961_7                       1.000000
X_962_33                      1.000000
X_963_3                       1.000000
X_964_34                      1.000000
X_965_32                      1.000000
X_966_27                      1.000000
X_967_29                      1.000000
X_968_16                      1.000000
X_969_29                      1.000000
X_970_5                       1.000000
X_971_12                      1.000000
X_972_21                      1.000000
X_973_24                      1.000000
X_974_32                      1.000000
X_975_3                       1.000000
X_976_38                      1.000000
X_977_5                       1.000000
X_978_16                      1.000000
X_979_8                       1.000000
X_980_17                      1.000000
X_981_40                      1.000000
X_982_15                      1.000000
X_983_31                      1.000000
X_984_32                      1.000000
X_985_31                      1.000000
X_986_17                      1.000000
X_987_9                       1.000000
X_988_13                      1.000000
X_989_21                      1.000000
X_990_39                      1.000000
X_991_17                      1.000000
X_992_3                       1.000000
X_993_8                       1.000000
X_994_8                       1.000000
X_995_11                      1.000000
X_996_18                      1.000000
X_997_11                      1.000000
X_998_10                      1.000000
X_999_23                      1.000000
X_1000_30                     1.000000
All other variables in the range 1-40001 are 0.
