
Log started (V11.0.0) Thu May 15 17:23:18 2008

Tried aggregator 1 time.
Reduced MIP has 220 rows, 4001 columns, and 8020 nonzeros.
Presolve time =    0.03 sec.
Clique table members: 200.
MIP emphasis: balance optimality and feasibility.
MIP search method: dynamic search.
Parallel mode: none, using 1 thread.
Root relaxation solution time =    0.11 sec.

        Nodes                                         Cuts/
   Node  Left     Objective  IInf  Best Integer     Best Node    ItCnt     Gap

*     0+    0                        22083.0000     1007.1046      368   95.44%
*     0+    0                         1015.0000     1007.1046      368    0.78%
      0     0     1008.0000    38     1015.0000      Fract: 6      373    0.69%
      0     0     1008.0000    36     1015.0000     Covers: 1      376    0.69%
      0     0     1008.0000    37     1015.0000     Covers: 1      385    0.69%
*     0+    0                         1014.0000     1008.0000      385    0.59%
      0     0     1008.0000    43     1014.0000     Covers: 5      408    0.59%
*     0+    0                         1013.0000     1008.0000      408    0.49%
      0     2     1008.0000    43     1013.0000     1008.0000      408    0.49%
    100    70     1010.0000    28     1013.0000     1008.0000     2484    0.49%
    200   122     1011.0000    27     1013.0000     1008.0000     6359    0.49%
    300   141     1011.0000    37     1013.0000     1008.0000    11764    0.49%
    400   167     1012.0000    36     1013.0000     1008.0000    17727    0.49%
    500   205     1008.0000    39     1013.0000     1008.0000    25128    0.49%
    600   212        cutoff           1013.0000     1008.0000    28307    0.49%
    700   188     1012.0000    29     1013.0000     1008.0000    32824    0.49%
    800   117     1012.0000    31     1013.0000     1008.0000    51096    0.49%
    900   123    infeasible           1013.0000     1008.0000    74725    0.49%
   1000   170     1008.0000    35     1013.0000     1008.0000    81431    0.49%
Elapsed time =  22.05 sec. (tree size =  0.66 MB, solutions = 4)
   1100   234     1009.0000    35     1013.0000     1008.0000    84350    0.49%
   1200   260     1010.0000    35     1013.0000     1008.0000    87448    0.49%
   1300   323        cutoff           1013.0000     1008.0000    91409    0.49%
   1400   369     1012.0000    30     1013.0000     1008.0000    99679    0.49%
   1500   433     1009.0000    37     1013.0000     1008.0000   110921    0.49%
   1600   513        cutoff           1013.0000     1008.0000   114497    0.49%
   1700   569     1010.0000    37     1013.0000     1008.0000   116295    0.49%
   1800   622        cutoff           1013.0000     1008.0000   118648    0.49%
*  1883+  586                         1012.0000     1008.0000   120700    0.40%
   1900   603     1010.0000    31     1012.0000     1008.0000   120974    0.40%
   2000   679     1008.0000    49     1012.0000     1008.0000   124673    0.40%
Elapsed time =  36.19 sec. (tree size =  2.86 MB, solutions = 5)
   2100   754        cutoff           1012.0000     1008.0000   127091    0.40%
   2200   847     1011.0000    40     1012.0000     1008.0000   128503    0.40%
   2300   932     1009.0000    32     1012.0000     1008.0000   130116    0.40%
   2400  1029     1010.0000    41     1012.0000     1008.0000   131051    0.40%
   2500  1105     1008.0000    42     1012.0000     1008.0000   134433    0.40%
   2600  1180     1011.0000    43     1012.0000     1008.0000   138047    0.40%
   2700  1253     1009.0000    36     1012.0000     1008.0000   140105    0.40%
   2800  1338     1008.0000    31     1012.0000     1008.0000   141154    0.40%
   2900  1423        cutoff           1012.0000     1008.0000   144379    0.40%
   3000  1465     1008.0000    40     1012.0000     1008.0000   146176    0.40%
Elapsed time =  43.55 sec. (tree size =  6.41 MB, solutions = 5)
   3100  1557     1009.0000    33     1012.0000     1008.0000   149310    0.40%
   3200  1646     1008.0000    31     1012.0000     1008.0000   152430    0.40%
   3300  1739     1011.0000    38     1012.0000     1008.0000   154454    0.40%
   3400  1835     1009.0000    38     1012.0000     1008.0000   155683    0.40%
   3500  1935     1009.0000    33     1012.0000     1008.0000   156670    0.40%
   3600  2035     1009.0000    32     1012.0000     1008.0000   157344    0.40%
   3700  2135     1009.0000    31     1012.0000     1008.0000   158414    0.40%
   3800  2235     1009.0000    28     1012.0000     1008.0000   161095    0.40%
   3900  2335     1009.0000    35     1012.0000     1008.0000   164359    0.40%
   4000  2433     1009.0000    26     1012.0000     1008.0000   167938    0.40%
Elapsed time =  52.78 sec. (tree size = 10.93 MB, solutions = 5)
   4100  2528     1010.0000    29     1012.0000     1008.0000   169471    0.40%
   4200  2620     1008.0000    34     1012.0000     1008.0000   171425    0.40%
   4300  2712     1009.0000    47     1012.0000     1008.0000   174143    0.40%
   4400  2793     1009.0000    35     1012.0000     1008.0000   176902    0.40%
   4500  2886     1010.0000    29     1012.0000     1008.0000   178529    0.40%
   4600  2977     1009.0000    34     1012.0000     1008.0000   179527    0.40%
   4700  3069     1011.0000    28     1012.0000     1008.0000   182239    0.40%
   4800  3119     1010.0000    30     1012.0000     1008.0000   190836    0.40%
   4900  3217     1010.0000    37     1012.0000     1008.0000   191693    0.40%
   5000  3302     1008.0000    40     1012.0000     1008.0000   193827    0.40%
Elapsed time =  60.08 sec. (tree size = 14.95 MB, solutions = 5)
   5100  3389     1010.0000    39     1012.0000     1008.0000   195665    0.40%
   5200  3462     1010.0000    34     1012.0000     1008.0000   196907    0.40%
   5300  3550     1009.0000    39     1012.0000     1008.0000   199012    0.40%
   5400  3643     1009.0000    37     1012.0000     1008.0000   200567    0.40%
   5500  3743     1009.0000    38     1012.0000     1008.0000   201745    0.40%
   5600  3834     1009.0000    34     1012.0000     1008.0000   203859    0.40%
   5700  3930     1009.0000    45     1012.0000     1008.0000   205162    0.40%
   5800  4015     1008.0000    50     1012.0000     1008.0000   206849    0.40%
   5900  4114     1009.0000    37     1012.0000     1008.0000   207818    0.40%
   6000  4206     1008.0000    48     1012.0000     1008.0000   209351    0.40%
Elapsed time =  66.28 sec. (tree size = 19.25 MB, solutions = 5)
   6100  4302     1010.0000    30     1012.0000     1008.0000   210831    0.40%
   6200  4394     1011.0000    33     1012.0000     1008.0000   211548    0.40%
   6300  4480     1009.0000    33     1012.0000     1008.0000   213549    0.40%
   6400  4577     1010.0000    37     1012.0000     1008.0000   214709    0.40%
   6500  4671     1009.0000    31     1012.0000     1008.0000   216156    0.40%
   6600  4770     1010.0000    36     1012.0000     1008.0000   217246    0.40%
   6700  4861     1009.0000    38     1012.0000     1008.0000   219168    0.40%
   6800  4949     1008.0007    52     1012.0000     1008.0000   221625    0.40%
   6900  5036     1009.0000    38     1012.0000     1008.0000   223339    0.40%
   7000  5123     1010.0000    32     1012.0000     1008.0000   224588    0.40%
Elapsed time =  71.64 sec. (tree size = 23.61 MB, solutions = 5)
   7100  5214     1009.0000    40     1012.0000     1008.0000   225675    0.40%
   7200  5314     1009.0000    37     1012.0000     1008.0000   226340    0.40%
   7300  5400     1009.0000    42     1012.0000     1008.0000   227853    0.40%
   7400  5496     1011.0000    28     1012.0000     1008.0000   228934    0.40%
   7500  5589     1009.0000    34     1012.0000     1008.0000   230459    0.40%
   7600  5686     1010.0000    39     1012.0000     1008.0000   231323    0.40%
   7700  5778     1009.0000    41     1012.0000     1008.0000   233375    0.40%
   7800  5876     1010.0000    38     1012.0000     1008.0000   234597    0.40%
   7900  5961     1009.0000    42     1012.0000     1008.0000   236012    0.40%
   8000  6060     1010.0000    30     1012.0000     1008.0000   237179    0.40%
Elapsed time =  76.05 sec. (tree size = 28.12 MB, solutions = 5)
   8100  6151     1009.0000    39     1012.0000     1008.0000   238259    0.40%
   8200  6242     1009.0000    41     1012.0000     1008.0000   239499    0.40%
   8300  6342     1009.0000    42     1012.0000     1008.0000   240220    0.40%
   8400  6430     1009.0000    34     1012.0000     1008.0000   241978    0.40%
   8500  6530     1009.0000    34     1012.0000     1008.0000   242799    0.40%
   8600  6615     1009.0000    45     1012.0000     1008.0000   244710    0.40%
   8700  6710     1009.0000    37     1012.0000     1008.0000   245412    0.40%
   8800  6809     1010.0000    36     1012.0000     1008.0000   246382    0.40%
   8900  6888     1009.0000    29     1012.0000     1008.0000   248119    0.40%
   9000  6988     1009.0000    43     1012.0000     1008.0000   248704    0.40%
Elapsed time =  80.26 sec. (tree size = 32.67 MB, solutions = 5)
   9100  7087     1010.0000    30     1012.0000     1008.0000   249653    0.40%
   9200  7175     1010.0000    30     1012.0000     1008.0000   252228    0.40%
*  9213+ 6730                         1011.0000     1008.0000   252286    0.30%
   9300  6814     1009.0000    40     1011.0000     1008.0000   252861    0.30%
   9400  6914     1009.0000    45     1011.0000     1008.0000   253761    0.30%
   9500  7006     1009.0000    31     1011.0000     1008.0000   255207    0.30%
   9600  7106     1009.0000    31     1011.0000     1008.0000   256351    0.30%
   9700  7189     1009.0000    37     1011.0000     1008.0000   258809    0.30%
   9800  7282     1009.0000    44     1011.0000     1008.0000   260134    0.30%
   9900  7382     1009.0000    47     1011.0000     1008.0000   261157    0.30%
  10000  7475     1009.0000    28     1011.0000     1008.0000   263013    0.30%
Elapsed time =  85.26 sec. (tree size = 35.26 MB, solutions = 6)
  10100  7575     1009.0000    40     1011.0000     1008.0000   263749    0.30%
  10200  7657     1009.0000    34     1011.0000     1008.0000   265539    0.30%
  10300  7757     1009.0000    46     1011.0000     1008.0000   266229    0.30%
  10400  7847     1009.0000    37     1011.0000     1008.0000   268536    0.30%
  10500  7934     1009.0000    33     1011.0000     1008.0000   269946    0.30%
  10600  8023     1010.0000    33     1011.0000     1008.0000   271909    0.30%
* 10613+ 5542                         1010.0000     1008.0000   271945    0.20%
  10700  5627     1009.0000    38     1010.0000     1008.0000   272652    0.20%
  10800  5709     1009.0000    40     1010.0000     1008.0000   275323    0.20%
  10900  5798     1008.0000    49     1010.0000     1008.0000   278846    0.20%
  11000  5883     1008.0000    43     1010.0000     1008.0000   280669    0.20%
Elapsed time =  91.00 sec. (tree size = 27.94 MB, solutions = 7)
  11100  5970        cutoff           1010.0000     1008.0000   282263    0.20%
  11200  6050     1009.0000    44     1010.0000     1008.0000   287277    0.20%
  11300  6137     1009.0000    35     1010.0000     1008.0000   288806    0.20%
  11400  6230     1009.0000    38     1010.0000     1008.0000   290529    0.20%
  11500  6330     1009.0000    38     1010.0000     1008.0000   291114    0.20%
  11600  6425     1009.0000    37     1010.0000     1008.0000   292568    0.20%
  11700  6518     1008.0000    43     1010.0000     1008.0000   294664    0.20%
  11800  6606     1009.0000    30     1010.0000     1008.0000   295753    0.20%
  11900  6698     1009.0000    38     1010.0000     1008.0000   298045    0.20%
  12000  6796     1009.0000    39     1010.0000     1008.0000   299577    0.20%
Elapsed time =  96.73 sec. (tree size = 32.71 MB, solutions = 7)
  12100  6890     1009.0000    39     1010.0000     1008.0000   301152    0.20%
  12200  6982     1009.0000    33     1010.0000     1008.0000   302803    0.20%
  12300  7077     1009.0000    40     1010.0000     1008.0000   304249    0.20%
  12400  7177     1009.0000    40     1010.0000     1008.0000   304849    0.20%
  12500  7269     1009.0000    42     1010.0000     1008.0000   306391    0.20%
  12600  7369     1009.0000    46     1010.0000     1008.0000   306894    0.20%
  12700  7460     1009.0000    36     1010.0000     1008.0000   308469    0.20%
  12800  7556     1008.0000    41     1010.0000     1008.0000   309847    0.20%
  12900  7644     1009.0000    36     1010.0000     1008.0000   311457    0.20%
  13000  7744     1009.0000    41     1010.0000     1008.0000   312676    0.20%
Elapsed time = 101.36 sec. (tree size = 37.75 MB, solutions = 7)
  13100  7835     1009.0000    37     1010.0000     1008.0000   315771    0.20%
  13200  7926     1009.0000    35     1010.0000     1008.0000   317997    0.20%
  13300  8026     1009.0000    42     1010.0000     1008.0000   318761    0.20%
  13400  8121     1009.0000    46     1010.0000     1008.0000   320991    0.20%
  13500  8205     1009.0000    46     1010.0000     1008.0000   324304    0.20%
  13600  8300     1009.0000    38     1010.0000     1008.0000   325354    0.20%
  13700  8400     1009.0000    46     1010.0000     1008.0000   326124    0.20%
  13800  8491     1009.0000    43     1010.0000     1008.0000   327787    0.20%
  13900  8581     1009.0000    43     1010.0000     1008.0000   330693    0.20%
  14000  8681     1009.0000    44     1010.0000     1008.0000   332032    0.20%
Elapsed time = 107.09 sec. (tree size = 42.98 MB, solutions = 7)
  14100  8769     1009.0000    42     1010.0000     1008.0000   335093    0.20%
  14200  8855     1009.0000    31     1010.0000     1008.0000   340463    0.20%
  14300  8953     1009.0000    56     1010.0000     1008.0000   342642    0.20%
  14400  9043     1009.0000    42     1010.0000     1008.0000   345142    0.20%
  14500  9127     1009.0000    38     1010.0000     1008.0000   349868    0.20%
  14600  9220     1009.0000    36     1010.0000     1008.0000   351489    0.20%
  14700  9314     1009.0000    48     1010.0000     1008.0000   353631    0.20%
  14800  9409     1009.0000    39     1010.0000     1008.0000   354816    0.20%
  14900  9509     1009.0000    44     1010.0000     1008.0000   355832    0.20%
  15000  9586     1009.0000    34     1010.0000     1008.0000   358399    0.20%
Elapsed time = 114.17 sec. (tree size = 47.96 MB, solutions = 7)
  15100  9686     1009.0000    38     1010.0000     1008.0000   359429    0.20%
  15200  9777     1009.0000    42     1010.0000     1008.0000   360709    0.20%
  15300  9868     1009.0000    37     1010.0000     1008.0000   362352    0.20%
  15400  9968     1009.0000    41     1010.0000     1008.0000   363145    0.20%
  15500 10063     1009.0000    55     1010.0000     1008.0000   364599    0.20%
  15600 10158     1009.0000    38     1010.0000     1008.0000   366877    0.20%
  15700 10256     1009.0000    47     1010.0000     1008.0000   367526    0.20%
  15800 10343     1009.0000    44     1010.0000     1008.0000   368947    0.20%
  15900 10443     1009.0000    44     1010.0000     1008.0000   369382    0.20%
  16000 10538     1009.0000    45     1010.0000     1008.0000   370935    0.20%
Elapsed time = 118.53 sec. (tree size = 53.26 MB, solutions = 7)
  16100 10633     1009.0000    35     1010.0000     1008.0000   372662    0.20%
  16200 10733     1009.0000    37     1010.0000     1008.0000   373327    0.20%
  16300 10819     1009.0000    32     1010.0000     1008.0000   374941    0.20%
  16400 10919     1009.0000    40     1010.0000     1008.0000   375312    0.20%
  16500 11014     1009.0000    36     1010.0000     1008.0000   376423    0.20%
  16600 11110     1008.0000    49     1010.0000     1008.0000   377079    0.20%
  16700 11209     1009.0000    39     1010.0000     1008.0000   378062    0.20%
  16800 11303     1008.3956    74     1010.0000     1008.0000   379748    0.20%
  16900 11402     1009.0000    51     1010.0000     1008.0000   381728    0.20%
  17000 11490     1009.0000    46     1010.0000     1008.0000   386527    0.20%
Elapsed time = 123.72 sec. (tree size = 58.60 MB, solutions = 7)
  17100 11590     1009.0000    47     1010.0000     1008.0000   387022    0.20%
  17200 11685     1009.0000    46     1010.0000     1008.0000   388134    0.20%
  17300 11777     1009.0000    35     1010.0000     1008.0000   389758    0.20%
  17400 11872     1009.0000    37     1010.0000     1008.0000   391091    0.20%
  17500 11972     1009.0000    47     1010.0000     1008.0000   392104    0.20%
  17600 12064     1009.0000    43     1010.0000     1008.0000   394105    0.20%
  17700 12164     1009.0000    46     1010.0000     1008.0000   395011    0.20%
  17800 12257     1009.0000    45     1010.0000     1008.0000   396480    0.20%
  17900 12327     1009.0000    32     1010.0000     1008.0000   399688    0.20%
  18000 12427     1009.0000    42     1010.0000     1008.0000   401673    0.20%
Elapsed time = 129.03 sec. (tree size = 63.91 MB, solutions = 7)
  18100 12516     1009.0000    45     1010.0000     1008.0000   403261    0.20%
  18200 12598     1009.0000    38     1010.0000     1008.0000   404890    0.20%
  18300 12680     1009.0000    42     1010.0000     1008.0000   406253    0.20%
  18400 12780     1009.0000    40     1010.0000     1008.0000   406603    0.20%
  18500 12868     1009.0000    34     1010.0000     1008.0000   408187    0.20%
  18600 12957     1009.0000    50     1010.0000     1008.0000   410211    0.20%
  18700 13050     1009.0000    41     1010.0000     1008.0000   412023    0.20%
  18800 13150     1009.0000    47     1010.0000     1008.0000   413300    0.20%
  18900 13245     1009.0000    39     1010.0000     1008.0000   414701    0.20%
  19000 13345     1009.0000    40     1010.0000     1008.0000   415413    0.20%
Elapsed time = 134.01 sec. (tree size = 69.11 MB, solutions = 7)
  19100 13440     1009.0000    48     1010.0000     1008.0000   417331    0.20%
  19200 13528     1009.0000    35     1010.0000     1008.0000   423097    0.20%
  19300 13622     1009.0000    32     1010.0000     1008.0000   424663    0.20%
  19400 13715     1009.0000    34     1010.0000     1008.0000   428545    0.20%
  19500 13807     1009.0000    30     1010.0000     1008.0000   432868    0.20%
  19600 13905     1009.0000    44     1010.0000     1008.0000   435286    0.20%
  19700 13998     1009.0000    44     1010.0000     1008.0000   436960    0.20%
  19800 14092     1009.0000    40     1010.0000     1008.0000   438686    0.20%
  19900 14187     1009.0000    33     1010.0000     1008.0000   440246    0.20%
  20000 14287     1009.0000    49     1010.0000     1008.0000   441335    0.20%
Elapsed time = 141.11 sec. (tree size = 74.50 MB, solutions = 7)
  20100 14382     1009.0000    37     1010.0000     1008.0000   443030    0.20%
  20200 14472     1009.0000    41     1010.0000     1008.0000   444725    0.20%
  20300 14567     1009.0000    40     1010.0000     1008.0000   446015    0.20%
  20400 14655     1009.0000    38     1010.0000     1008.0000   447498    0.20%
  20500 14755     1009.0000    40     1010.0000     1008.0000   448217    0.20%
  20600 14850     1009.0000    38     1010.0000     1008.0000   449303    0.20%
  20700 14950     1009.0000    42     1010.0000     1008.0000   450177    0.20%
  20800 15039     1009.0000    41     1010.0000     1008.0000   452555    0.20%
  20900 15127     1009.0000    43     1010.0000     1008.0000   455722    0.20%
  21000 15221     1009.0000    32     1010.0000     1008.0000   457419    0.20%
Elapsed time = 146.50 sec. (tree size = 79.90 MB, solutions = 7)
  21100 15316     1009.0000    37     1010.0000     1008.0000   459102    0.20%
  21200 15412     1008.0000    43     1010.0000     1008.0000   460723    0.20%
  21300 15500     1009.0000    38     1010.0000     1008.0000   461669    0.20%
  21400 15583    infeasible           1010.0000     1008.0000   465333    0.20%
  21500 15674     1009.0000    31     1010.0000     1008.0000   467768    0.20%
  21600 15763     1009.0000    37     1010.0000     1008.0000   470759    0.20%
  21700 15852     1009.0000    37     1010.0000     1008.0000   475067    0.20%
  21800 15945     1009.0000    36     1010.0000     1008.0000   476897    0.20%
  21900 16034     1009.0000    39     1010.0000     1008.0000   479426    0.20%
  22000 16134     1009.0000    48     1010.0000     1008.0000   480930    0.20%
Elapsed time = 153.51 sec. (tree size = 85.23 MB, solutions = 7)
  22100 16229     1009.0000    41     1010.0000     1008.0000   481970    0.20%
  22200 16320     1009.0000    46     1010.0000     1008.0000   484318    0.20%
  22300 16392     1009.0000    30     1010.0000     1008.0000   490955    0.20%
  22400 16482     1009.0000    40     1010.0000     1008.0000   492613    0.20%
  22500 16562     1008.0217    55     1010.0000     1008.0000   495036    0.20%
  22600 16660     1009.0000    38     1010.0000     1008.0000   495835    0.20%
  22700 16753     1009.0000    40     1010.0000     1008.0000   497280    0.20%
  22800 16853     1009.0000    48     1010.0000     1008.0000   497691    0.20%
  22900 16948     1009.0000    36     1010.0000     1008.0000   499396    0.20%
  23000 17044    infeasible           1010.0000     1008.0000   500738    0.20%
Elapsed time = 159.81 sec. (tree size = 91.01 MB, solutions = 7)
  23100 17143     1009.0000    46     1010.0000     1008.0000   502411    0.20%
  23200 17232     1009.0000    32     1010.0000     1008.0000   504031    0.20%
  23300 17325     1009.0000    34     1010.0000     1008.0000   505833    0.20%
  23400 17425     1009.0000    34     1010.0000     1008.0000   507056    0.20%
  23500 17520     1009.0000    45     1010.0000     1008.0000   509846    0.20%
  23600 17611     1009.0000    39     1010.0000     1008.0000   512398    0.20%
  23700 17704     1009.0000    40     1010.0000     1008.0000   514617    0.20%
  23800 17798     1009.0000    36     1010.0000     1008.0000   516082    0.20%
  23900 17892     1009.0000    32     1010.0000     1008.0000   517790    0.20%
  24000 17984     1009.0000    43     1010.0000     1008.0000   519734    0.20%
Elapsed time = 167.31 sec. (tree size = 96.72 MB, solutions = 7)
  24100 18075     1009.0000    43     1010.0000     1008.0000   521835    0.20%
  24200 18165     1009.0000    33     1010.0000     1008.0000   524526    0.20%
  24300 18256     1008.0000    49     1010.0000     1008.0000   527608    0.20%
  24400 18354     1009.0000    45     1010.0000     1008.0000   528936    0.20%
  24500 18449     1009.0000    32     1010.0000     1008.0000   531277    0.20%
  24600 18547     1009.0000    34     1010.0000     1008.0000   531861    0.20%
  24700 18639     1009.0000    34     1010.0000     1008.0000   533928    0.20%
  24800 18715     1009.0000    29     1010.0000     1008.0000   537445    0.20%
  24900 18806     1009.0000    31     1010.0000     1008.0000   539845    0.20%
  25000 18895     1008.0000    40     1010.0000     1008.0000   541927    0.20%
Elapsed time = 175.47 sec. (tree size = 102.20 MB, solutions = 7)
  25100 18987     1009.0000    34     1010.0000     1008.0000   544097    0.20%
  25200 19076     1009.0000    37     1010.0000     1008.0000   547345    0.20%
  25300 19171     1009.0000    35     1010.0000     1008.0000   549316    0.20%
  25400 19269    infeasible           1010.0000     1008.0000   550649    0.20%
  25500 19358     1009.0000    37     1010.0000     1008.0000   552112    0.20%
  25600 19451     1009.0000    37     1010.0000     1008.0000   553583    0.20%
  25700 19544     1009.0000    36     1010.0000     1008.0000   556154    0.20%
  25800 19633     1009.0000    31     1010.0000     1008.0000   558961    0.20%
  25900 19714     1009.0000    37     1010.0000     1008.0000   561672    0.20%
  26000 19805     1009.0000    42     1010.0000     1008.0000   564234    0.20%
Elapsed time = 182.88 sec. (tree size = 107.78 MB, solutions = 7)
  26100 19891     1008.0000    46     1010.0000     1008.0000   566303    0.20%
  26200 19988     1009.0000    32     1010.0000     1008.0000   567906    0.20%
  26300 20079     1009.0000    45     1010.0000     1008.0000   570906    0.20%
  26400 20155     1008.0805    53     1010.0000     1008.0000   576057    0.20%
  26500 20245     1009.0000    49     1010.0000     1008.0000   580592    0.20%
  26600 20329     1009.0000    35     1010.0000     1008.0000   583915    0.20%
  26700 20424     1009.0000    40     1010.0000     1008.0000   586869    0.20%
  26800 20524     1009.0000    38     1010.0000     1008.0000   588093    0.20%
  26900 20613     1009.0000    40     1010.0000     1008.0000   590693    0.20%
  27000 20698     1008.0000    41     1010.0000     1008.0000   593309    0.20%
Elapsed time = 191.34 sec. (tree size = 113.38 MB, solutions = 7)
  27100 20797     1009.0000    32     1010.0000     1008.0000   594894    0.20%
  27200 20893     1009.0000    37     1010.0000     1008.0000   597194    0.20%
  27300 20989     1008.0000    44     1010.0000     1008.0000   598761    0.20%
  27400 21077     1008.0000    39     1010.0000     1008.0000   600753    0.20%
  27500 21176     1008.0000    47     1010.0000     1008.0000   601779    0.20%
  27600 21268     1009.0000    32     1010.0000     1008.0000   604227    0.20%
  27700 21338     1009.0000    31     1010.0000     1008.0000   613126    0.20%
  27800 21418     1008.0000    43     1010.0000     1008.0000   618310    0.20%
  27900 21517     1009.0000    48     1010.0000     1008.0000   620513    0.20%
  28000 21612     1009.0000    36     1010.0000     1008.0000   622629    0.20%
Elapsed time = 201.44 sec. (tree size = 119.03 MB, solutions = 7)
  28100 21706     1008.0000    46     1010.0000     1008.0000   625701    0.20%
  28200 21805     1009.0000    47     1010.0000     1008.0000   627445    0.20%
  28300 21898     1008.0000    43     1010.0000     1008.0000   630456    0.20%
  28400 21990     1009.0000    28     1010.0000     1008.0000   632410    0.20%
  28500 22080     1009.0000    28     1010.0000     1008.0000   634569    0.20%
  28600 22171     1009.0000    43     1010.0000     1008.0000   637133    0.20%
  28700 22265     1009.0000    44     1010.0000     1008.0000   639344    0.20%
  28800 22359     1009.0000    37     1010.0000     1008.0000   640923    0.20%
  28900 22444     1009.0000    36     1010.0000     1008.0000   643813    0.20%
  29000 22536     1009.0000    20     1010.0000     1008.0000   647763    0.20%
Elapsed time = 211.08 sec. (tree size = 124.77 MB, solutions = 7)
  29100 22636     1009.0000    34     1010.0000     1008.0000   648271    0.20%
  29200 22688    infeasible           1010.0000     1008.0000   661126    0.20%
  29300 22744     1009.0000    29     1010.0000     1008.0000   672265    0.20%
  29400 22810    infeasible           1010.0000     1008.0000   679366    0.20%
  29500 22859     1009.0000    40     1010.0000     1008.0000   686528    0.20%
  29600 22957     1009.0000    35     1010.0000     1008.0000   688765    0.20%
  29700 23036     1009.0000    31     1010.0000     1008.0000   690496    0.20%
Began writing nodes to disk (directory ./cpxa02652 created)
  29800 23136     1009.0000    44     1010.0000     1008.0000   691133    0.20%
  29900 23218     1009.0000    18     1010.0000     1008.0000   693813    0.20%
  30000 23310     1009.0000    33     1010.0000     1008.0000   697766    0.20%
Elapsed time = 224.95 sec. (tree size = 129.65 MB, solutions = 7)
Nodefile size =  2.00 MB (1.05 MB after compression)
  30100 23404     1009.0000    11     1010.0000     1008.0000   702300    0.20%
  30200 23481     1009.0000    38     1010.0000     1008.0000   707901    0.20%
  30300 23569     1009.0000    23     1010.0000     1008.0000   709842    0.20%
  30400 23645     1009.0000    36     1010.0000     1008.0000   714900    0.20%
  30500 23723     1009.0000    40     1010.0000     1008.0000   725061    0.20%
  30600 23806     1009.0000    34     1010.0000     1008.0000   732325    0.20%
  30700 23869     1009.0000    17     1010.0000     1008.0000   736474    0.20%
  30800 23959     1009.0000    31     1010.0000     1008.0000   740923    0.20%
  30900 24027     1009.0000    18     1010.0000     1008.0000   751801    0.20%
  31000 24095     1009.0000    33     1010.0000     1008.0000   762945    0.20%
Elapsed time = 243.97 sec. (tree size = 134.60 MB, solutions = 7)
Nodefile size =  6.98 MB (3.53 MB after compression)
  31100 24188     1008.0000    37     1010.0000     1008.0000   766362    0.20%
  31200 24278     1009.0000    31     1010.0000     1008.0000   768003    0.20%
  31300 24368     1009.0000    40     1010.0000     1008.0000   769718    0.20%
  31400 24450     1009.0000    20     1010.0000     1008.0000   773441    0.20%
  31500 24537     1009.0000    47     1010.0000     1008.0000   775490    0.20%
  31600 24627     1009.0000    50     1010.0000     1008.0000   777947    0.20%
  31700 24725     1009.0000    18     1010.0000     1008.0000   781551    0.20%
  31800 24805     1009.0000    22     1010.0000     1008.0000   791800    0.20%
  31900 24859     1009.0000    29     1010.0000     1008.0000   809014    0.20%
  32000 24919     1009.0000    22     1010.0000     1008.0000   827738    0.20%
Elapsed time = 261.88 sec. (tree size = 139.82 MB, solutions = 7)
Nodefile size = 11.96 MB (6.06 MB after compression)
  32100 24980     1009.0000    25     1010.0000     1008.0000   847914    0.20%
  32200 25048     1009.0000    26     1010.0000     1008.0000   850604    0.20%
  32300 25135     1009.0000    28     1010.0000     1008.0000   853151    0.20%
  32400 25223     1009.0000    20     1010.0000     1008.0000   859087    0.20%
  32500 25271    infeasible           1010.0000     1008.0000   874497    0.20%
  32600 25324     1009.0000    30     1010.0000     1008.0000   890602    0.20%
  32700 25408     1009.0000    35     1010.0000     1008.0000   893030    0.20%
  32800 25471     1009.0000    24     1010.0000     1008.0000   902373    0.20%
  32900 25554     1009.0000    35     1010.0000     1008.0000   907902    0.20%
  33000 25645     1009.0000    34     1010.0000     1008.0000   909866    0.20%
Elapsed time = 282.01 sec. (tree size = 144.46 MB, solutions = 7)
Nodefile size = 16.94 MB (8.44 MB after compression)
  33100 25736     1009.0000    44     1010.0000     1008.0000   911943    0.20%
  33200 25828     1008.0053    51     1010.0000     1008.0000   914266    0.20%
  33300 25918     1008.0000    45     1010.0000     1008.0000   918113    0.20%
  33400 26017     1009.0000    40     1010.0000     1008.0000   918857    0.20%
  33500 26106     1009.0000    38     1010.0000     1008.0000   920497    0.20%
  33600 26197     1009.0000    39     1010.0000     1008.0000   922263    0.20%
  33700 26297     1009.0000    40     1010.0000     1008.0000   922768    0.20%
  33800 26388     1009.0000    33     1010.0000     1008.0000   924645    0.20%
  33900 26481     1009.0000    27     1010.0000     1008.0000   926950    0.20%
  34000 26579     1009.0000    47     1010.0000     1008.0000   928338    0.20%
Elapsed time = 289.31 sec. (tree size = 150.44 MB, solutions = 7)
Nodefile size = 22.89 MB (11.35 MB after compression)
  34100 26660     1009.0000    18     1010.0000     1008.0000   931941    0.20%
  34200 26752     1009.0000    16     1010.0000     1008.0000   937682    0.20%
  34300 26832     1009.0000    20     1010.0000     1008.0000   947229    0.20%
  34400 26928     1009.0000    20     1010.0000     1008.0000   954609    0.20%
  34500 27004     1009.0000    21     1010.0000     1008.0000   970530    0.20%
  34600 27064     1009.0000    45     1010.0000     1008.0000   992146    0.20%
  34700 27130     1009.0000    33     1010.0000     1008.0000  1004058    0.20%
  34800 27222     1009.0000    37     1010.0000     1008.0000  1005997    0.20%
  34900 27312     1009.0000    36     1010.0000     1008.0000  1008408    0.20%
  35000 27394     1009.0000    14     1010.0000     1008.0000  1012789    0.20%
Elapsed time = 313.34 sec. (tree size = 155.72 MB, solutions = 7)
Nodefile size = 27.87 MB (13.63 MB after compression)
  35100 27480     1009.0000    47     1010.0000     1008.0000  1019278    0.20%
  35200 27570     1009.0000    41     1010.0000     1008.0000  1025954    0.20%
  35300 27658     1009.0000    14     1010.0000     1008.0000  1035548    0.20%
  35400 27752     1009.0000    27     1010.0000     1008.0000  1043956    0.20%
  35500 27850     1009.0000    38     1010.0000     1008.0000  1046634    0.20%
  35600 27933     1009.0000    40     1010.0000     1008.0000  1049806    0.20%
  35700 28011     1008.0000    42     1010.0000     1008.0000  1052540    0.20%
  35800 28096     1009.0000    38     1010.0000     1008.0000  1056386    0.20%
  35900 28171     1009.0000    22     1010.0000     1008.0000  1063530    0.20%
  36000 28259     1009.0000    42     1010.0000     1008.0000  1065780    0.20%
Elapsed time = 330.55 sec. (tree size = 161.32 MB, solutions = 7)
Nodefile size = 33.82 MB (16.42 MB after compression)
  36100 28348     1009.0000    48     1010.0000     1008.0000  1067664    0.20%
  36200 28441     1009.0000    52     1010.0000     1008.0000  1070887    0.20%
  36300 28503     1009.0000    29     1010.0000     1008.0000  1083491    0.20%
  36400 28553     1009.0000    21     1010.0000     1008.0000  1102232    0.20%
  36500 28638     1009.0000    30     1010.0000     1008.0000  1105586    0.20%
  36600 28720     1009.0000    20     1010.0000     1008.0000  1109124    0.20%
  36700 28801     1009.0000    35     1010.0000     1008.0000  1110201    0.20%
  36800 28886     1009.0000    35     1010.0000     1008.0000  1112609    0.20%
  36900 28975     1009.0000    32     1010.0000     1008.0000  1115059    0.20%
  37000 29061     1008.0000    46     1010.0000     1008.0000  1116621    0.20%
Elapsed time = 344.30 sec. (tree size = 166.54 MB, solutions = 7)
Nodefile size = 38.79 MB (18.87 MB after compression)
  37100 29148     1009.0000    34     1010.0000     1008.0000  1119700    0.20%
  37200 29248     1009.0000    40     1010.0000     1008.0000  1120515    0.20%
  37300 29342     1008.0000    46     1010.0000     1008.0000  1121880    0.20%
  37400 29441     1009.0000    34     1010.0000     1008.0000  1122320    0.20%
  37500 29535     1009.0000    44     1010.0000     1008.0000  1123859    0.20%
  37600 29619     1009.0000    24     1010.0000     1008.0000  1126440    0.20%
  37700 29693    infeasible           1010.0000     1008.0000  1135088    0.20%
  37800 29763     1009.0000    31     1010.0000     1008.0000  1144711    0.20%
  37900 29845     1009.0000    30     1010.0000     1008.0000  1149231    0.20%
  38000 29927     1008.0000    48     1010.0000     1008.0000  1152104    0.20%
Elapsed time = 354.69 sec. (tree size = 172.19 MB, solutions = 7)
Nodefile size = 44.74 MB (21.61 MB after compression)
  38100 30026     1009.0000    42     1010.0000     1008.0000  1154064    0.20%
  38200 30107     1009.0000    31     1010.0000     1008.0000  1158037    0.20%
  38300 30185    infeasible           1010.0000     1008.0000  1166683    0.20%
  38400 30260     1009.0000    28     1010.0000     1008.0000  1174725    0.20%
  38500 30294    infeasible           1010.0000     1008.0000  1183156    0.20%
  38600 30368     1009.0000    42     1010.0000     1008.0000  1188071    0.20%
  38700 30466    infeasible           1010.0000     1008.0000  1188866    0.20%
  38800 30549     1008.0000    38     1010.0000     1008.0000  1193043    0.20%
  38900 30649     1008.0000    39     1010.0000     1008.0000  1193814    0.20%
  39000 30747     1008.0000    50     1010.0000     1008.0000  1195417    0.20%
Elapsed time = 366.63 sec. (tree size = 177.55 MB, solutions = 7)
Nodefile size = 49.71 MB (24.01 MB after compression)
  39100 30831     1009.0000    27     1010.0000     1008.0000  1198157    0.20%
  39200 30920     1009.0000    33     1010.0000     1008.0000  1200658    0.20%
  39300 31020     1009.0000    29     1010.0000     1008.0000  1201558    0.20%
  39400 31111     1008.0000    48     1010.0000     1008.0000  1203905    0.20%
  39500 31203     1009.0000    33     1010.0000     1008.0000  1205557    0.20%
  39600 31291     1009.0000    29     1010.0000     1008.0000  1207390    0.20%
  39700 31378     1009.0000    28     1010.0000     1008.0000  1210174    0.20%
  39800 31476     1009.0000    33     1010.0000     1008.0000  1213793    0.20%
  39900 31566     1009.0000    40     1010.0000     1008.0000  1218524    0.20%
  40000 31648     1009.0000    22     1010.0000     1008.0000  1221551    0.20%
Elapsed time = 375.78 sec. (tree size = 183.56 MB, solutions = 7)
Nodefile size = 55.66 MB (26.79 MB after compression)
  40100 31739     1009.0000    38     1010.0000     1008.0000  1223634    0.20%
  40200 31816     1008.0000    41     1010.0000     1008.0000  1226123    0.20%
  40300 31907     1009.0000    20     1010.0000     1008.0000  1227520    0.20%
  40400 31989     1009.0000    30     1010.0000     1008.0000  1232639    0.20%
  40500 32071     1009.0000    29     1010.0000     1008.0000  1240356    0.20%
  40600 32144     1008.0000    48     1010.0000     1008.0000  1247182    0.20%
  40700 32235     1009.0000    33     1010.0000     1008.0000  1249142    0.20%
  40800 32321     1009.0000    33     1010.0000     1008.0000  1251715    0.20%
  40900 32413     1008.0000    51     1010.0000     1008.0000  1255190    0.20%
  41000 32508     1008.0000    38     1010.0000     1008.0000  1256760    0.20%
Elapsed time = 386.16 sec. (tree size = 189.29 MB, solutions = 7)
Nodefile size = 61.61 MB (29.65 MB after compression)
  41100 32603     1008.0000    48     1010.0000     1008.0000  1258055    0.20%
  41200 32696     1008.0000    43     1010.0000     1008.0000  1259720    0.20%
  41300 32790     1009.0000    48     1010.0000     1008.0000  1262233    0.20%
  41400 32878     1009.0000    36     1010.0000     1008.0000  1266744    0.20%
  41500 32961     1008.0000    42     1010.0000     1008.0000  1270019    0.20%
  41600 33049     1009.0000    36     1010.0000     1008.0000  1271960    0.20%
  41700 33141     1009.0000    33     1010.0000     1008.0000  1273876    0.20%
  41800 33232     1009.0000    37     1010.0000     1008.0000  1276945    0.20%
  41900 33316     1008.0000    46     1010.0000     1008.0000  1279275    0.20%
  42000 33411     1009.0000    41     1010.0000     1008.0000  1281551    0.20%
Elapsed time = 394.59 sec. (tree size = 195.30 MB, solutions = 7)
Nodefile size = 67.55 MB (32.47 MB after compression)
  42100 33488     1008.0000    43     1010.0000     1008.0000  1282955    0.20%
  42200 33572     1009.0000    16     1010.0000     1008.0000  1285548    0.20%
  42300 33672     1009.0000    20     1010.0000     1008.0000  1285973    0.20%
  42400 33772     1009.0000    41     1010.0000     1008.0000  1287551    0.20%
  42500 33864     1008.0000    42     1010.0000     1008.0000  1290574    0.20%
  42600 33951    infeasible           1010.0000     1008.0000  1295749    0.20%
  42700 34025    infeasible           1010.0000     1008.0000  1307083    0.20%
  42800 34083     1009.0000    20     1010.0000     1008.0000  1323842    0.20%
  42900 34135    infeasible           1010.0000     1008.0000  1340772    0.20%
  43000 34195     1009.0000    21     1010.0000     1008.0000  1358067    0.20%
Elapsed time = 414.72 sec. (tree size = 200.58 MB, solutions = 7)
Nodefile size = 73.51 MB (35.46 MB after compression)
  43100 34259     1009.0000    24     1010.0000     1008.0000  1381690    0.20%
  43200 34315     1008.0000    46     1010.0000     1008.0000  1399271    0.20%
  43300 34410     1009.0000    33     1010.0000     1008.0000  1402196    0.20%
  43400 34504     1009.0000    36     1010.0000     1008.0000  1404758    0.20%
  43500 34583     1008.0000    42     1010.0000     1008.0000  1410319    0.20%
  43600 34661     1008.0000    40     1010.0000     1008.0000  1417403    0.20%
  43700 34729     1009.0000    24     1010.0000     1008.0000  1425010    0.20%
  43800 34793     1008.0000    38     1010.0000     1008.0000  1433281    0.20%
  43900 34890     1009.0000    44     1010.0000     1008.0000  1435664    0.20%
  44000 34969     1009.0000    38     1010.0000     1008.0000  1440723    0.20%
Elapsed time = 435.67 sec. (tree size = 205.79 MB, solutions = 7)
Nodefile size = 78.43 MB (38.00 MB after compression)
  44100 35058     1008.0000    40     1010.0000     1008.0000  1442772    0.20%
  44200 35141     1008.0000    40     1010.0000     1008.0000  1446448    0.20%
  44300 35222     1008.0000    48     1010.0000     1008.0000  1450356    0.20%
  44400 35319     1009.0000    33     1010.0000     1008.0000  1452253    0.20%
  44500 35407     1008.0000    45     1010.0000     1008.0000  1456654    0.20%
  44600 35500     1009.0000    20     1010.0000     1008.0000  1458842    0.20%
  44700 35596     1009.0000    24     1010.0000     1008.0000  1462156    0.20%
  44800 35679     1009.0000    25     1010.0000     1008.0000  1466885    0.20%
  44900 35761     1009.0000    49     1010.0000     1008.0000  1470473    0.20%
  45000 35829     1009.0000    46     1010.0000     1008.0000  1479157    0.20%
Elapsed time = 448.03 sec. (tree size = 211.71 MB, solutions = 7)
Nodefile size = 84.40 MB (40.81 MB after compression)
  45100 35910     1009.0000    32     1010.0000     1008.0000  1486697    0.20%
  45200 35997     1009.0000    46     1010.0000     1008.0000  1490728    0.20%
  45300 36078     1009.0000    45     1010.0000     1008.0000  1494976    0.20%
  45400 36171     1009.0000    53     1010.0000     1008.0000  1498172    0.20%
  45500 36257     1009.0000    39     1010.0000     1008.0000  1504132    0.20%
  45600 36327     1009.0000    53     1010.0000     1008.0000  1512488    0.20%
  45700 36412     1009.0000    24     1010.0000     1008.0000  1516347    0.20%
  45800 36503     1009.0000    40     1010.0000     1008.0000  1519388    0.20%
  45900 36594     1009.0000    36     1010.0000     1008.0000  1522637    0.20%
  46000 36674     1009.0000    31     1010.0000     1008.0000  1528695    0.20%
Elapsed time = 462.33 sec. (tree size = 217.88 MB, solutions = 7)
Nodefile size = 90.38 MB (43.33 MB after compression)
  46100 36751     1009.0000    42     1010.0000     1008.0000  1533673    0.20%
  46200 36821     1009.0000    26     1010.0000     1008.0000  1541787    0.20%
  46300 36873     1009.0000    29     1010.0000     1008.0000  1555365    0.20%
  46400 36917     1009.0000    50     1010.0000     1008.0000  1575219    0.20%
  46500 36977     1009.0000    41     1010.0000     1008.0000  1588975    0.20%
  46600 37068     1009.0000    29     1010.0000     1008.0000  1593218    0.20%
  46700 37161     1009.0000    43     1010.0000     1008.0000  1596937    0.20%
  46800 37244     1009.0000    45     1010.0000     1008.0000  1601659    0.20%
  46900 37326     1009.0000    26     1010.0000     1008.0000  1606264    0.20%
  47000 37411     1008.0245    59     1010.0000     1008.0000  1611051    0.20%
Elapsed time = 487.13 sec. (tree size = 223.39 MB, solutions = 7)
Nodefile size = 96.37 MB (45.92 MB after compression)
  47100 37499     1009.0000    17     1010.0000     1008.0000  1614780    0.20%
  47200 37577     1009.0000    34     1010.0000     1008.0000  1623184    0.20%
  47300 37666     1009.0000    34     1010.0000     1008.0000  1626527    0.20%
  47400 37766     1009.0000    39     1010.0000     1008.0000  1628282    0.20%
  47500 37843     1009.0000    51     1010.0000     1008.0000  1634494    0.20%
  47600 37936     1009.0000    40     1010.0000     1008.0000  1637237    0.20%
  47700 38027     1009.0000    55     1010.0000     1008.0000  1640507    0.20%
  47800 38116     1009.0000    48     1010.0000     1008.0000  1645694    0.20%
  47900 38198     1009.0000    24     1010.0000     1008.0000  1650324    0.20%
  48000 38291     1009.0000    42     1010.0000     1008.0000  1653778    0.20%
Elapsed time = 502.36 sec. (tree size = 230.06 MB, solutions = 7)
Nodefile size = 102.33 MB (48.63 MB after compression)
  48100 38379     1009.0000    45     1010.0000     1008.0000  1657943    0.20%
  48200 38467     1009.0000    31     1010.0000     1008.0000  1663375    0.20%
  48300 38559     1009.0000    36     1010.0000     1008.0000  1666898    0.20%
  48400 38648     1009.0000    52     1010.0000     1008.0000  1670814    0.20%
* 48413+ 3883                         1009.0000     1008.0000  1671326    0.10%
  48500  3795    infeasible           1009.0000     1008.0000  1743961    0.10%
  48600  3735    infeasible           1009.0000     1008.0000  1821664    0.10%
  48700  3635    infeasible           1009.0000     1008.0000  1929651    0.10%
  48800  3569     1008.0000    72     1009.0000     1008.0000  2025417    0.10%
  48900  3491    infeasible           1009.0000     1008.0000  2115780    0.10%
  49000  3391    infeasible           1009.0000     1008.0000  2226089    0.10%
Elapsed time = 648.66 sec. (tree size = 20.49 MB, solutions = 8)
  49100  3321    infeasible           1009.0000     1008.0000  2323388    0.10%
  49200  3325     1008.0000    68     1009.0000     1008.0000  2385054    0.10%
  49300  3227    infeasible           1009.0000     1008.0000  2494032    0.10%
  49400  3127    infeasible           1009.0000     1008.0000  2613959    0.10%
  49500  3027    infeasible           1009.0000     1008.0000  2732366    0.10%
  49600  3006    infeasible           1009.0000     1008.0000  2811610    0.10%
  49700  2906    infeasible           1009.0000     1008.0000  2936427    0.10%
  49800  2806    infeasible           1009.0000     1008.0000  3067330    0.10%
  49900  2716    infeasible           1009.0000     1008.0000  3190278    0.10%
  50000  2620    infeasible           1009.0000     1008.0000  3320781    0.10%
Elapsed time = 959.25 sec. (tree size = 16.21 MB, solutions = 8)
  50100  2548    infeasible           1009.0000     1008.0000  3437749    0.10%
  50200  2448    infeasible           1009.0000     1008.0000  3578251    0.10%
  50300  2410    infeasible           1009.0000     1008.0000  3678702    0.10%
  50400  2310    infeasible           1009.0000     1008.0000  3821048    0.10%
  50500  2210    infeasible           1009.0000     1008.0000  3965475    0.10%
  50600  2112    infeasible           1009.0000     1008.0000  4104697    0.10%
  50700  2086    infeasible           1009.0000     1008.0000  4193535    0.10%
  50800  1986    infeasible           1009.0000     1008.0000  4353368    0.10%
  50900  1902    infeasible           1009.0000     1008.0000  4499433    0.10%
  51000  1802    infeasible           1009.0000     1008.0000  4652971    0.10%
Elapsed time = 1387.30 sec. (tree size = 11.70 MB, solutions = 8)
  51100  1702    infeasible           1009.0000     1008.0000  4818395    0.10%
  51200  1610    infeasible           1009.0000     1008.0000  4975395    0.10%
  51300  1510    infeasible           1009.0000     1008.0000  5128045    0.10%
  51400  1434    infeasible           1009.0000     1008.0000  5264601    0.10%
  51500  1368    infeasible           1009.0000     1008.0000  5396778    0.10%
  51600  1288     1008.0000   157     1009.0000     1008.0000  5552848    0.10%
  51700  1198    infeasible           1009.0000     1008.0000  5709273    0.10%
  51800  1098    infeasible           1009.0000     1008.0000  5877405    0.10%
  51900   998    infeasible           1009.0000     1008.0000  6038197    0.10%
  52000   904    infeasible           1009.0000     1008.0000  6197059    0.10%
Elapsed time = 1926.58 sec. (tree size =  6.55 MB, solutions = 8)
  52100   810    infeasible           1009.0000     1008.0000  6359989    0.10%
  52200   710    infeasible           1009.0000     1008.0000  6538309    0.10%
  52300   614    infeasible           1009.0000     1008.0000  6715527    0.10%
  52400   514    infeasible           1009.0000     1008.0000  6885679    0.10%
  52500   422    infeasible           1009.0000     1008.0000  7052548    0.10%
  52600   378     1008.0000    88     1009.0000     1008.0000  7177057    0.10%
  52700   306    infeasible           1009.0000     1008.0000  7331598    0.10%
  52800   304    infeasible           1009.0000     1008.0000  7428154    0.10%
  52900   327     1008.0000   143     1009.0000     1008.0000  7504460    0.10%
  53000   359     1008.0000   160     1009.0000     1008.0000  7570656    0.10%
Elapsed time = 2465.80 sec. (tree size =  4.19 MB, solutions = 8)
  53100   387     1008.0000   137     1009.0000     1008.0000  7639525    0.10%
  53200   393     1008.0000   118     1009.0000     1008.0000  7719089    0.10%
  53300   409     1008.0000   132     1009.0000     1008.0000  7808389    0.10%
  53400   445     1008.0000   127     1009.0000     1008.0000  7880072    0.10%
  53500   467     1008.0000   125     1009.0000     1008.0000  7964747    0.10%
  53600   479     1008.0000   109     1009.0000     1008.0000  8047170    0.10%
  53700   491    infeasible           1009.0000     1008.0000  8133913    0.10%
  53800   530     1008.0000   126     1009.0000     1008.0000  8206309    0.10%
  53900   546    infeasible           1009.0000     1008.0000  8277976    0.10%
  54000   568    infeasible           1009.0000     1008.0000  8372839    0.10%
Elapsed time = 2979.83 sec. (tree size =  7.77 MB, solutions = 8)
  54100   588     1008.0000   154     1009.0000     1008.0000  8472524    0.10%
  54200   630     1008.0000   143     1009.0000     1008.0000  8543425    0.10%
  54300   662     1008.0000   146     1009.0000     1008.0000  8624283    0.10%
  54400   668     1008.0000   104     1009.0000     1008.0000  8731099    0.10%
  54500   680     1008.0000   131     1009.0000     1008.0000  8834409    0.10%
  54600   710    infeasible           1009.0000     1008.0000  8913753    0.10%
  54700   740     1008.0000   130     1009.0000     1008.0000  8989870    0.10%
  54800   772    infeasible           1009.0000     1008.0000  9057277    0.10%
  54900   794    infeasible           1009.0000     1008.0000  9135075    0.10%
  55000   838     1008.0000   128     1009.0000     1008.0000  9188525    0.10%
Elapsed time = 3538.34 sec. (tree size = 12.54 MB, solutions = 8)
  55100   856     1008.0000   121     1009.0000     1008.0000  9250431    0.10%
  55200   888     1008.0000    69     1009.0000     1008.0000  9305410    0.10%
  55300   901    infeasible           1009.0000     1008.0000  9356761    0.10%
  55400   913    infeasible           1009.0000     1008.0000  9415758    0.10%
  55500   919     1008.0000    69     1009.0000     1008.0000  9483780    0.10%
  55600   929    infeasible           1009.0000     1008.0000  9548577    0.10%
  55700   975     1008.0000   144     1009.0000     1008.0000  9592169    0.10%
  55800  1005     1008.0000    60     1009.0000     1008.0000  9648763    0.10%
  55900  1031    infeasible           1009.0000     1008.0000  9702692    0.10%
  56000  1051     1008.0000   144     1009.0000     1008.0000  9765819    0.10%
Elapsed time = 3903.63 sec. (tree size = 16.04 MB, solutions = 8)
  56100  1067    infeasible           1009.0000     1008.0000  9817734    0.10%
  56200  1063    infeasible           1009.0000     1008.0000  9887683    0.10%
  56300  1075    infeasible           1009.0000     1008.0000  9950612    0.10%
  56400  1091    infeasible           1009.0000     1008.0000 10007470    0.10%
  56500  1095    infeasible           1009.0000     1008.0000 10069220    0.10%
  56600  1107    infeasible           1009.0000     1008.0000 10134543    0.10%
  56700  1109     1008.0000    89     1009.0000     1008.0000 10205913    0.10%
  56800  1101     1008.0000   141     1009.0000     1008.0000 10287543    0.10%
  56900  1105     1008.0000   144     1009.0000     1008.0000 10359558    0.10%
  57000  1125    infeasible           1009.0000     1008.0000 10418788    0.10%
Elapsed time = 4312.00 sec. (tree size = 17.28 MB, solutions = 8)
  57100  1155    infeasible           1009.0000     1008.0000 10476120    0.10%
  57200  1189     1008.0000   140     1009.0000     1008.0000 10530777    0.10%
  57300  1195     1008.0000   133     1009.0000     1008.0000 10608802    0.10%
  57400  1187    infeasible           1009.0000     1008.0000 10686912    0.10%
  57500  1173     1008.0000   129     1009.0000     1008.0000 10777489    0.10%
  57600  1189    infeasible           1009.0000     1008.0000 10862773    0.10%
  57700  1201    infeasible           1009.0000     1008.0000 10935297    0.10%
  57800  1211     1008.0000   150     1009.0000     1008.0000 11018093    0.10%
  57900  1205    infeasible           1009.0000     1008.0000 11115094    0.10%
  58000  1227    infeasible           1009.0000     1008.0000 11174506    0.10%
Elapsed time = 4801.67 sec. (tree size = 19.04 MB, solutions = 8)
  58100  1253     1008.0000   102     1009.0000     1008.0000 11238857    0.10%
  58200  1295     1008.0000    89     1009.0000     1008.0000 11293573    0.10%
  58300  1341    infeasible           1009.0000     1008.0000 11346041    0.10%
  58400  1357    infeasible           1009.0000     1008.0000 11416565    0.10%
  58500  1357    infeasible           1009.0000     1008.0000 11494121    0.10%
  58600  1381     1008.0000    73     1009.0000     1008.0000 11550969    0.10%
  58700  1383     1008.0000   129     1009.0000     1008.0000 11620653    0.10%
  58800  1389    infeasible           1009.0000     1008.0000 11695027    0.10%
  58900  1415    infeasible           1009.0000     1008.0000 11761190    0.10%
  59000  1431    infeasible           1009.0000     1008.0000 11827591    0.10%
Elapsed time = 5217.44 sec. (tree size = 22.40 MB, solutions = 8)
  59100  1449     1008.0000   142     1009.0000     1008.0000 11883532    0.10%
  59200  1447    infeasible           1009.0000     1008.0000 11955305    0.10%
  59300  1453     1008.0000   118     1009.0000     1008.0000 12023541    0.10%
  59400  1485    infeasible           1009.0000     1008.0000 12082644    0.10%
  59500  1497    infeasible           1009.0000     1008.0000 12143079    0.10%
  59600  1487    infeasible           1009.0000     1008.0000 12229707    0.10%
  59700  1487     1008.0000   104     1009.0000     1008.0000 12302558    0.10%
  59800  1493    infeasible           1009.0000     1008.0000 12370142    0.10%
  59900  1517     1008.0000   134     1009.0000     1008.0000 12442388    0.10%
  60000  1517     1008.0000   126     1009.0000     1008.0000 12521210    0.10%
Elapsed time = 5663.45 sec. (tree size = 23.88 MB, solutions = 8)
  60100  1523     1008.0000   123     1009.0000     1008.0000 12614284    0.10%
  60200  1525    infeasible           1009.0000     1008.0000 12692800    0.10%
  60300  1581     1008.0000   148     1009.0000     1008.0000 12746665    0.10%
  60400  1615     1008.0000   142     1009.0000     1008.0000 12808075    0.10%
  60500  1651    infeasible           1009.0000     1008.0000 12861301    0.10%
  60600  1691     1008.0000   110     1009.0000     1008.0000 12919401    0.10%
  60700  1709    infeasible           1009.0000     1008.0000 12992083    0.10%
  60800  1715     1008.0000   110     1009.0000     1008.0000 13074734    0.10%
  60900  1749    infeasible           1009.0000     1008.0000 13118595    0.10%
  61000  1791    infeasible           1009.0000     1008.0000 13162605    0.10%
Elapsed time = 6084.30 sec. (tree size = 28.43 MB, solutions = 8)
  61100  1837     1008.0000   135     1009.0000     1008.0000 13207433    0.10%
  61200  1851    infeasible           1009.0000     1008.0000 13263467    0.10%
  61300  1869    infeasible           1009.0000     1008.0000 13325768    0.10%
  61400  1883    infeasible           1009.0000     1008.0000 13380177    0.10%
  61500  1899     1008.0000   126     1009.0000     1008.0000 13436103    0.10%
  61600  1905     1008.0000   122     1009.0000     1008.0000 13487158    0.10%
  61700  1903     1008.0000   138     1009.0000     1008.0000 13556165    0.10%
  61800  1893    infeasible           1009.0000     1008.0000 13620838    0.10%
  61900  1919     1008.0000   132     1009.0000     1008.0000 13671642    0.10%
  62000  1905     1008.0000   129     1009.0000     1008.0000 13753243    0.10%
Elapsed time = 6444.36 sec. (tree size = 30.30 MB, solutions = 8)
  62100  1917     1008.0000   144     1009.0000     1008.0000 13822379    0.10%
  62200  1907     1008.0000   124     1009.0000     1008.0000 13910065    0.10%
  62300  1935     1008.0000   125     1009.0000     1008.0000 13974442    0.10%
  62400  1937    infeasible           1009.0000     1008.0000 14062529    0.10%
  62500  1956    infeasible           1009.0000     1008.0000 14118427    0.10%
  62600  1976     1008.0000   112     1009.0000     1008.0000 14191462    0.10%
  62700  1988    infeasible           1009.0000     1008.0000 14268696    0.10%
  62800  1996    infeasible           1009.0000     1008.0000 14331128    0.10%
  62900  1998     1008.0000   127     1009.0000     1008.0000 14412153    0.10%
  63000  2010     1008.0000   122     1009.0000     1008.0000 14485687    0.10%
Elapsed time = 6917.22 sec. (tree size = 32.12 MB, solutions = 8)
  63100  2008     1008.0000   103     1009.0000     1008.0000 14573636    0.10%
  63200  2022     1008.0000   126     1009.0000     1008.0000 14637452    0.10%
  63300  2032     1008.0000   104     1009.0000     1008.0000 14714138    0.10%
  63400  2032     1008.0000   117     1009.0000     1008.0000 14793289    0.10%
  63500  2042    infeasible           1009.0000     1008.0000 14859584    0.10%

Cover cuts applied:  1081
Mixed integer rounding cuts applied:  13
Gomory fractional cuts applied:  6

Solution pool: 8 solutions saved.

MIP - Time limit exceeded, integer feasible:  Objective = 1.0090000000e+003
Current MIP best bound = 1.0080000000e+003 (gap = 1, 0.10%)
Solution time = 7200.03 sec.  Iterations = 14922623  Nodes = 63569 (2024)


Incumbent solution
Variable Name           Solution Value
Cmax                       1009.000000
X_1_2                         1.000000
X_2_2                         1.000000
X_3_7                         1.000000
X_4_8                         1.000000
X_5_9                         1.000000
X_6_4                         1.000000
X_7_8                         1.000000
X_8_7                         1.000000
X_9_13                        1.000000
X_10_18                       1.000000
X_11_3                        1.000000
X_12_14                       1.000000
X_13_3                        1.000000
X_14_6                        1.000000
X_15_13                       1.000000
X_16_20                       1.000000
X_17_3                        1.000000
X_18_11                       1.000000
X_19_15                       1.000000
X_20_20                       1.000000
X_21_19                       1.000000
X_22_15                       1.000000
X_23_10                       1.000000
X_24_13                       1.000000
X_25_20                       1.000000
X_26_19                       1.000000
X_27_2                        1.000000
X_28_19                       1.000000
X_29_13                       1.000000
X_30_12                       1.000000
X_31_6                        1.000000
X_32_1                        1.000000
X_33_1                        1.000000
X_34_3                        1.000000
X_35_2                        1.000000
X_36_13                       1.000000
X_37_1                        1.000000
X_38_14                       1.000000
X_39_13                       1.000000
X_40_8                        1.000000
X_41_11                       1.000000
X_42_20                       1.000000
X_43_4                        1.000000
X_44_9                        1.000000
X_45_15                       1.000000
X_46_14                       1.000000
X_47_19                       1.000000
X_48_10                       1.000000
X_49_6                        1.000000
X_50_18                       1.000000
X_51_1                        1.000000
X_52_15                       1.000000
X_53_8                        1.000000
X_54_12                       1.000000
X_55_16                       1.000000
X_56_16                       1.000000
X_57_11                       1.000000
X_58_20                       1.000000
X_59_14                       1.000000
X_60_20                       1.000000
X_61_3                        1.000000
X_62_10                       1.000000
X_63_5                        1.000000
X_64_4                        1.000000
X_65_9                        1.000000
X_66_12                       1.000000
X_67_4                        1.000000
X_68_5                        1.000000
X_69_7                        1.000000
X_70_10                       1.000000
X_71_9                        1.000000
X_72_10                       1.000000
X_73_7                        1.000000
X_74_2                        1.000000
X_75_2                        1.000000
X_76_14                       1.000000
X_77_8                        1.000000
X_78_6                        1.000000
X_79_3                        1.000000
X_80_10                       1.000000
X_81_18                       1.000000
X_82_8                        1.000000
X_83_13                       1.000000
X_84_13                       1.000000
X_85_14                       1.000000
X_86_10                       1.000000
X_87_14                       1.000000
X_88_11                       1.000000
X_89_19                       1.000000
X_90_9                        1.000000
X_91_1                        1.000000
X_92_5                        1.000000
X_93_16                       1.000000
X_94_18                       1.000000
X_95_12                       1.000000
X_96_17                       1.000000
X_97_4                        1.000000
X_98_3                        1.000000
X_99_4                        1.000000
X_100_15                      1.000000
X_101_2                       1.000000
X_102_2                       1.000000
X_103_7                       1.000000
X_104_12                      1.000000
X_105_8                       1.000000
X_106_20                      1.000000
X_107_7                       1.000000
X_108_10                      1.000000
X_109_5                       1.000000
X_110_16                      1.000000
X_111_4                       1.000000
X_112_16                      1.000000
X_113_17                      1.000000
X_114_16                      1.000000
X_115_1                       1.000000
X_116_9                       1.000000
X_117_18                      1.000000
X_118_12                      1.000000
X_119_15                      1.000000
X_120_17                      1.000000
X_121_7                       1.000000
X_122_10                      1.000000
X_123_6                       1.000000
X_124_1                       1.000000
X_125_16                      1.000000
X_126_9                       1.000000
X_127_11                      1.000000
X_128_4                       1.000000
X_129_17                      1.000000
X_130_16                      1.000000
X_131_20                      1.000000
X_132_11                      1.000000
X_133_18                      1.000000
X_134_17                      1.000000
X_135_19                      1.000000
X_136_3                       1.000000
X_137_9                       1.000000
X_138_18                      1.000000
X_139_17                      1.000000
X_140_16                      1.000000
X_141_14                      1.000000
X_142_5                       1.000000
X_143_1                       1.000000
X_144_8                       1.000000
X_145_15                      1.000000
X_146_10                      1.000000
X_147_1                       1.000000
X_148_17                      1.000000
X_149_6                       1.000000
X_150_13                      1.000000
X_151_12                      1.000000
X_152_8                       1.000000
X_153_9                       1.000000
X_154_13                      1.000000
X_155_14                      1.000000
X_156_20                      1.000000
X_157_6                       1.000000
X_158_16                      1.000000
X_159_15                      1.000000
X_160_12                      1.000000
X_161_7                       1.000000
X_162_4                       1.000000
X_163_19                      1.000000
X_164_19                      1.000000
X_165_19                      1.000000
X_166_5                       1.000000
X_167_6                       1.000000
X_168_2                       1.000000
X_169_11                      1.000000
X_170_8                       1.000000
X_171_5                       1.000000
X_172_18                      1.000000
X_173_15                      1.000000
X_174_3                       1.000000
X_175_5                       1.000000
X_176_4                       1.000000
X_177_15                      1.000000
X_178_18                      1.000000
X_179_1                       1.000000
X_180_5                       1.000000
X_181_14                      1.000000
X_182_7                       1.000000
X_183_11                      1.000000
X_184_11                      1.000000
X_185_19                      1.000000
X_186_6                       1.000000
X_187_18                      1.000000
X_188_9                       1.000000
X_189_5                       1.000000
X_190_20                      1.000000
X_191_12                      1.000000
X_192_17                      1.000000
X_193_17                      1.000000
X_194_3                       1.000000
X_195_6                       1.000000
X_196_11                      1.000000
X_197_17                      1.000000
X_198_7                       1.000000
X_199_12                      1.000000
X_200_2                       1.000000
All other variables in the range 1-4001 are 0.
