
Log started (V11.0.0) Fri May 16 21:03:07 2008

Tried aggregator 1 time.
Reduced MIP has 250 rows, 10001 columns, and 20050 nonzeros.
Presolve time =    0.08 sec.
Clique table members: 200.
MIP emphasis: balance optimality and feasibility.
MIP search method: dynamic search.
Parallel mode: none, using 1 thread.
Root relaxation solution time =    0.50 sec.

        Nodes                                         Cuts/
   Node  Left     Objective  IInf  Best Integer     Best Node    ItCnt     Gap

*     0+    0                        21825.0000      400.3399      694   98.17%
*     0+    0                          404.0000      400.3399      694    0.91%
      0     0      401.0000    71      404.0000      Fract: 6      712    0.74%
      0     0      401.0000    78      404.0000     Covers: 4      723    0.74%
      0     0      401.0000    78      404.0000     Covers: 2      728    0.74%
      0     2      401.0000    78      404.0000      401.0000      728    0.74%
    100    77      403.0000    62      404.0000      401.0000    15701    0.74%
    200   167      403.0000    78      404.0000      401.0000    24825    0.74%
    300   237      401.0000    54      404.0000      401.0000    33598    0.74%
    400   305      402.8173    91      404.0000      401.0000    45144    0.74%
    500   388      401.0000    81      404.0000      401.0000    52904    0.74%
    600   416      403.0000    67      404.0000      401.0000    59945    0.74%
    700   438      403.0000    78      404.0000      401.0000    71367    0.74%
    800   438      403.0000    66      404.0000      401.0000    81655    0.74%
    900   463      403.0000    79      404.0000      401.0000    88299    0.74%
   1000   461    infeasible            404.0000      401.0000    95803    0.74%
Elapsed time =  74.06 sec. (tree size =  2.90 MB, solutions = 2)
   1100   508    infeasible            404.0000      401.0000   105101    0.74%
   1200   606      403.0000    68      404.0000      401.0000   108095    0.74%
   1300   704      403.0000    75      404.0000      401.0000   115263    0.74%
   1400   792      403.0000    82      404.0000      401.0000   124110    0.74%
   1500   870      401.0000    68      404.0000      401.0000   131385    0.74%
   1600   952      401.0000    75      404.0000      401.0000   145091    0.74%
   1700  1048      403.0000    84      404.0000      401.0000   149731    0.74%
   1800  1141      403.0000    77      404.0000      401.0000   154023    0.74%
   1900  1235      403.0000    70      404.0000      401.0000   159572    0.74%
   2000  1316      403.0000    77      404.0000      401.0000   167248    0.74%
Elapsed time = 112.30 sec. (tree size =  8.54 MB, solutions = 2)
   2100  1389      403.0000    82      404.0000      401.0000   173322    0.74%
   2200  1465      403.0000    72      404.0000      401.0000   180289    0.74%
   2300  1559      403.0000    77      404.0000      401.0000   186250    0.74%
   2400  1646      403.0000    75      404.0000      401.0000   193319    0.74%
   2500  1735      403.0000    70      404.0000      401.0000   198654    0.74%
   2600  1820    infeasible            404.0000      401.0000   208361    0.74%
   2700  1913      403.0000    63      404.0000      401.0000   213879    0.74%
   2800  1995      403.0000    84      404.0000      401.0000   225675    0.74%
   2900  2060      403.0000    82      404.0000      401.0000   236432    0.74%
   3000  2148      403.0000    95      404.0000      401.0000   243560    0.74%
Elapsed time = 153.39 sec. (tree size = 14.59 MB, solutions = 2)
   3100  2238      403.0000    87      404.0000      401.0000   249515    0.74%
   3200  2323      401.0000    83      404.0000      401.0000   253766    0.74%
   3300  2364      403.0000    65      404.0000      401.0000   280746    0.74%
   3400  2390      401.0000    66      404.0000      401.0000   318619    0.74%
   3500  2467      403.0000    89      404.0000      401.0000   325875    0.74%
   3600  2541      403.0000    81      404.0000      401.0000   331090    0.74%
   3700  2617      403.0000    98      404.0000      401.0000   337743    0.74%
   3800  2700      402.8932   121      404.0000      401.0000   343938    0.74%
   3900  2774      403.0000    75      404.0000      401.0000   351841    0.74%
   4000  2872      403.0000    86      404.0000      401.0000   356522    0.74%
Elapsed time = 203.70 sec. (tree size = 20.09 MB, solutions = 2)
   4100  2945        cutoff            404.0000      401.0000   366268    0.74%
   4200  3022      403.0000   104      404.0000      401.0000   370017    0.74%
   4300  3101      403.0000    82      404.0000      401.0000   377418    0.74%
   4400  3174      403.0000    88      404.0000      401.0000   385982    0.74%
   4500  3247      403.0000    80      404.0000      401.0000   403819    0.74%
   4600  3332      403.0000    95      404.0000      401.0000   410908    0.74%
   4700  3407      403.0000    84      404.0000      401.0000   422939    0.74%
   4800  3480      403.0000    75      404.0000      401.0000   433009    0.74%
   4900  3557      403.0000   112      404.0000      401.0000   442178    0.74%
   5000  3648      403.0000    75      404.0000      401.0000   447880    0.74%
Elapsed time = 247.70 sec. (tree size = 26.83 MB, solutions = 2)
   5100  3729      403.0000    63      404.0000      401.0000   456759    0.74%
   5200  3805      401.0000    79      404.0000      401.0000   466826    0.74%
   5300  3887      401.0000    80      404.0000      401.0000   475668    0.74%
   5400  3936      402.0000    80      404.0000      401.0000   483341    0.74%
   5500  3990      401.0000    69      404.0000      401.0000   503086    0.74%
   5600  4067        cutoff            404.0000      401.0000   509070    0.74%
   5700  4100      403.0000    59      404.0000      401.0000   520043    0.74%
*  5758+  553                          403.0000      401.0000   545886    0.50%
   5800   593      401.0000    85      403.0000      401.0000   547438    0.50%
   5900   656      402.0000    61      403.0000      401.0000   574550    0.50%
   6000   668      402.0000    54      403.0000      401.0000   649168    0.50%
Elapsed time = 325.17 sec. (tree size =  5.48 MB, solutions = 3)
   6100   722      402.0000    62      403.0000      401.0000   681472    0.50%
   6200   790      401.0000    74      403.0000      401.0000   690643    0.50%
   6300   876      401.0000    62      403.0000      401.0000   695091    0.50%
   6400   961      402.0000    84      403.0000      401.0000   699904    0.50%
   6500  1007    infeasible            403.0000      401.0000   745582    0.50%
   6600  1055      402.0000    83      403.0000      401.0000   791978    0.50%
   6700  1125      401.0000    62      403.0000      401.0000   801703    0.50%
   6800  1217      401.0000    69      403.0000      401.0000   805560    0.50%
   6900  1297      402.0000    57      403.0000      401.0000   821636    0.50%
   7000  1341    infeasible            403.0000      401.0000   852862    0.50%
Elapsed time = 411.84 sec. (tree size = 11.51 MB, solutions = 3)
   7100  1412      402.0000    76      403.0000      401.0000   872655    0.50%
   7200  1442      401.0000    66      403.0000      401.0000   888140    0.50%
   7300  1526        cutoff            403.0000      401.0000   892655    0.50%
   7400  1606      402.0000    73      403.0000      401.0000   897858    0.50%
   7500  1626      402.0000    68      403.0000      401.0000   980697    0.50%
   7600  1674    infeasible            403.0000      401.0000  1027522    0.50%
   7700  1749      402.0000    71      403.0000      401.0000  1033050    0.50%
   7800  1839      402.0000    90      403.0000      401.0000  1038477    0.50%
   7900  1911        cutoff            403.0000      401.0000  1049212    0.50%
   8000  2003      401.0000    74      403.0000      401.0000  1056433    0.50%
Elapsed time = 503.23 sec. (tree size = 17.28 MB, solutions = 3)
   8100  2091      401.0000    58      403.0000      401.0000  1063738    0.50%
   8200  2176      402.0000    40      403.0000      401.0000  1076078    0.50%
   8300  2226      401.0000    60      403.0000      401.0000  1119979    0.50%
   8400  2323      402.0000    74      403.0000      401.0000  1123013    0.50%
   8500  2412      402.0000    63      403.0000      401.0000  1128802    0.50%
   8600  2466      401.0000    59      403.0000      401.0000  1157144    0.50%
   8700  2557      401.0000    72      403.0000      401.0000  1163006    0.50%
   8800  2647        cutoff            403.0000      401.0000  1170810    0.50%
   8900  2712      402.0000    75      403.0000      401.0000  1201123    0.50%
   9000  2804      401.0000    81      403.0000      401.0000  1205367    0.50%
Elapsed time = 583.30 sec. (tree size = 24.58 MB, solutions = 3)
   9100  2867    infeasible            403.0000      401.0000  1238184    0.50%
   9200  2948      402.0000    72      403.0000      401.0000  1250514    0.50%
   9300  3026      401.0000    65      403.0000      401.0000  1269951    0.50%
   9400  3118      401.0000    77      403.0000      401.0000  1275473    0.50%
   9500  3185      402.0000    61      403.0000      401.0000  1300343    0.50%
   9600  3261      402.0000    77      403.0000      401.0000  1319169    0.50%
   9700  3329      401.0000    73      403.0000      401.0000  1336605    0.50%
   9800  3423      402.0000    66      403.0000      401.0000  1342092    0.50%
   9900  3489      402.0000    77      403.0000      401.0000  1373203    0.50%
  10000  3569      401.0000    70      403.0000      401.0000  1389687    0.50%
Elapsed time = 666.05 sec. (tree size = 31.69 MB, solutions = 3)
  10100  3647      402.0000    61      403.0000      401.0000  1404497    0.50%
  10200  3738      402.0000    62      403.0000      401.0000  1411877    0.50%
  10300  3824      401.0000    79      403.0000      401.0000  1425136    0.50%
  10400  3909      401.0000    68      403.0000      401.0000  1441584    0.50%
  10500  4000      401.0000    75      403.0000      401.0000  1449894    0.50%
  10600  4038    infeasible            403.0000      401.0000  1501743    0.50%
  10700  4106      402.0000    67      403.0000      401.0000  1527728    0.50%
  10800  4182      401.0000    52      403.0000      401.0000  1534821    0.50%
  10900  4269      401.0000    63      403.0000      401.0000  1542697    0.50%
  11000  4351      401.0000    74      403.0000      401.0000  1550411    0.50%
Elapsed time = 741.14 sec. (tree size = 39.10 MB, solutions = 3)
  11100  4451      401.0000    93      403.0000      401.0000  1554484    0.50%
  11200  4534      401.0000    89      403.0000      401.0000  1562963    0.50%
  11300  4621      402.0000    96      403.0000      401.0000  1578992    0.50%
  11400  4701      401.0000    68      403.0000      401.0000  1584710    0.50%
  11500  4771      401.0000    64      403.0000      401.0000  1594405    0.50%
  11600  4857      401.0000    57      403.0000      401.0000  1600104    0.50%
  11700  4939      401.0000    77      403.0000      401.0000  1606837    0.50%
  11800  5022      402.0000   102      403.0000      401.0000  1621153    0.50%
  11900  5067        cutoff            403.0000      401.0000  1642033    0.50%
  12000  5160      402.0000    81      403.0000      401.0000  1647213    0.50%
Elapsed time = 798.58 sec. (tree size = 46.39 MB, solutions = 3)
  12100  5238      401.0000    78      403.0000      401.0000  1654186    0.50%
  12200  5336      401.0000    96      403.0000      401.0000  1659345    0.50%
  12300  5405      402.0000    74      403.0000      401.0000  1692735    0.50%
  12400  5475        cutoff            403.0000      401.0000  1712504    0.50%
  12500  5552      401.0000    92      403.0000      401.0000  1722435    0.50%
  12600  5618      402.0000    61      403.0000      401.0000  1760834    0.50%
  12700  5710      402.0000    64      403.0000      401.0000  1771063    0.50%
  12800  5785      401.0000    53      403.0000      401.0000  1782368    0.50%
  12900  5882      401.0000    57      403.0000      401.0000  1787178    0.50%
  13000  5954      402.0000    54      403.0000      401.0000  1807085    0.50%
Elapsed time = 876.25 sec. (tree size = 54.02 MB, solutions = 3)
  13100  6024      402.0000    48      403.0000      401.0000  1828295    0.50%
  13200  6112      402.0000    93      403.0000      401.0000  1834260    0.50%
  13300  6205      402.0000    55      403.0000      401.0000  1838995    0.50%
  13400  6299      402.0000    92      403.0000      401.0000  1845765    0.50%
  13500  6391      402.0000    46      403.0000      401.0000  1848995    0.50%
  13600  6483      401.0000    61      403.0000      401.0000  1854792    0.50%
  13700  6574      401.0000    81      403.0000      401.0000  1863328    0.50%
  13800  6649      402.0000    72      403.0000      401.0000  1885137    0.50%
  13900  6714      402.0000    47      403.0000      401.0000  1909618    0.50%
  14000  6796      402.0000    85      403.0000      401.0000  1927123    0.50%
Elapsed time = 936.94 sec. (tree size = 62.38 MB, solutions = 3)
  14100  6889      402.0000    90      403.0000      401.0000  1931682    0.50%
  14200  6979      401.0000    72      403.0000      401.0000  1935711    0.50%
  14300  7050      402.0000    78      403.0000      401.0000  1965104    0.50%
  14400  7137      402.0000   106      403.0000      401.0000  1975159    0.50%
  14500  7228      401.0000    63      403.0000      401.0000  1983098    0.50%
  14600  7318      401.0000    60      403.0000      401.0000  1990355    0.50%
  14700  7406      402.0000    57      403.0000      401.0000  2004386    0.50%
  14800  7464      402.0000    84      403.0000      401.0000  2040835    0.50%
  14900  7547      402.0000    75      403.0000      401.0000  2052286    0.50%
  15000  7632      402.0000    80      403.0000      401.0000  2065449    0.50%
Elapsed time = 1002.44 sec. (tree size = 70.74 MB, solutions = 3)
  15100  7729      402.0000   101      403.0000      401.0000  2068524    0.50%
  15200  7822      401.0000    69      403.0000      401.0000  2074603    0.50%
  15300  7910      402.0000    59      403.0000      401.0000  2084657    0.50%
  15400  7960      402.0000    74      403.0000      401.0000  2145458    0.50%
  15500  8031      402.0000    77      403.0000      401.0000  2167905    0.50%
  15600  8131      402.0000    91      403.0000      401.0000  2170276    0.50%
  15700  8217      401.0000    81      403.0000      401.0000  2178214    0.50%
  15800  8285      402.0000    81      403.0000      401.0000  2207651    0.50%
  15900  8367      401.0000    67      403.0000      401.0000  2221717    0.50%
  16000  8464      402.0000    48      403.0000      401.0000  2224949    0.50%
Elapsed time = 1079.09 sec. (tree size = 79.26 MB, solutions = 3)
  16100  8547      402.0000    76      403.0000      401.0000  2241383    0.50%
  16200  8639      401.0000    83      403.0000      401.0000  2253252    0.50%
  16300  8726      402.0000    94      403.0000      401.0000  2266849    0.50%
  16400  8809      401.0000    94      403.0000      401.0000  2278234    0.50%
  16500  8905      402.0000    88      403.0000      401.0000  2283990    0.50%
  16600  8991      401.0000    79      403.0000      401.0000  2296765    0.50%
  16700  9085        cutoff            403.0000      401.0000  2302878    0.50%
  16800  9144    infeasible            403.0000      401.0000  2341454    0.50%
  16900  9184      402.0000    74      403.0000      401.0000  2397452    0.50%
  17000  9232      401.0000    63      403.0000      401.0000  2438369    0.50%
Elapsed time = 1174.98 sec. (tree size = 86.85 MB, solutions = 3)
  17100  9327      402.0000    60      403.0000      401.0000  2448086    0.50%
  17200  9397      401.0000    79      403.0000      401.0000  2459715    0.50%
  17300  9488      402.0000    67      403.0000      401.0000  2471010    0.50%
  17400  9580      401.0000    84      403.0000      401.0000  2478326    0.50%
  17500  9674      402.0000    77      403.0000      401.0000  2482519    0.50%
  17600  9769      402.0000    71      403.0000      401.0000  2488386    0.50%
  17700  9825      402.0000    85      403.0000      401.0000  2525234    0.50%
  17800  9907      401.0000    73      403.0000      401.0000  2533847    0.50%
  17900  9996      402.0000    52      403.0000      401.0000  2543841    0.50%
  18000 10074      402.0000    73      403.0000      401.0000  2569293    0.50%
Elapsed time = 1240.39 sec. (tree size = 95.25 MB, solutions = 3)
  18100 10156      402.0000   103      403.0000      401.0000  2581371    0.50%
  18200 10249      402.0000    44      403.0000      401.0000  2586214    0.50%
  18300 10335      401.0000    52      403.0000      401.0000  2591654    0.50%
  18400 10414      402.0000    64      403.0000      401.0000  2613216    0.50%
  18500 10504      401.0000    80      403.0000      401.0000  2622543    0.50%
  18600 10600      402.0000    86      403.0000      401.0000  2629578    0.50%
  18700 10686      401.0000    74      403.0000      401.0000  2641195    0.50%
  18800 10780      402.0000    56      403.0000      401.0000  2648822    0.50%
  18900 10852      401.0000    70      403.0000      401.0000  2675316    0.50%
  19000 10943      401.0000    66      403.0000      401.0000  2679182    0.50%
Elapsed time = 1296.52 sec. (tree size = 104.25 MB, solutions = 3)
  19100 11005      402.0000    72      403.0000      401.0000  2716293    0.50%
  19200 11083      402.0000    69      403.0000      401.0000  2739814    0.50%
  19300 11160      402.0000    61      403.0000      401.0000  2755902    0.50%
  19400 11242      401.0000    53      403.0000      401.0000  2773434    0.50%
  19500 11327      402.0000    59      403.0000      401.0000  2793913    0.50%
  19600 11417      402.0000    87      403.0000      401.0000  2805082    0.50%
  19700 11488      402.0000    60      403.0000      401.0000  2835065    0.50%
  19800 11582      402.0000    88      403.0000      401.0000  2843469    0.50%
  19900 11672      401.0000    65      403.0000      401.0000  2847629    0.50%
  20000 11753      402.0000    80      403.0000      401.0000  2873737    0.50%
Elapsed time = 1387.28 sec. (tree size = 112.64 MB, solutions = 3)
  20100 11843      401.0000    71      403.0000      401.0000  2881944    0.50%
  20200 11938      402.0000   108      403.0000      401.0000  2891183    0.50%
  20300 12026      401.0000    83      403.0000      401.0000  2897972    0.50%
  20400 12125      402.0000    71      403.0000      401.0000  2901547    0.50%
  20500 12225      402.0000    51      403.0000      401.0000  2903173    0.50%
  20600 12321      402.0000    70      403.0000      401.0000  2909075    0.50%
  20700 12421      402.0000   102      403.0000      401.0000  2911226    0.50%
  20800 12517      401.0000    76      403.0000      401.0000  2915814    0.50%
  20900 12616      402.0000    87      403.0000      401.0000  2918665    0.50%
  21000 12702      401.0000    86      403.0000      401.0000  2923147    0.50%
Elapsed time = 1431.36 sec. (tree size = 122.33 MB, solutions = 3)
  21100 12795      402.0000    78      403.0000      401.0000  2934750    0.50%
  21200 12883      401.0000    69      403.0000      401.0000  2952609    0.50%
  21300 12978      402.0000    61      403.0000      401.0000  2957837    0.50%
  21400 13042      402.0000    42      403.0000      401.0000  2994616    0.50%
  21500 13108      401.0000    84      403.0000      401.0000  3023997    0.50%
  21600 13205      402.0000    54      403.0000      401.0000  3027231    0.50%
Began writing nodes to disk (directory ./cpxa02652 created)
  21700 13278      401.0000    75      403.0000      401.0000  3041769    0.50%
  21800 13375      402.0000   111      403.0000      401.0000  3048023    0.50%
  21900 13471      401.0000    79      403.0000      401.0000  3053947    0.50%
  22000 13562      402.0000    86      403.0000      401.0000  3067429    0.50%
Elapsed time = 1502.20 sec. (tree size = 131.23 MB, solutions = 3)
Nodefile size =  3.97 MB (2.18 MB after compression)
  22100 13649      402.0000    75      403.0000      401.0000  3075795    0.50%
  22200 13741      402.0000    97      403.0000      401.0000  3088903    0.50%
  22300 13821      401.0000    56      403.0000      401.0000  3103120    0.50%
  22400 13912      402.0000    75      403.0000      401.0000  3109969    0.50%
  22500 13986      402.0000    92      403.0000      401.0000  3135629    0.50%
  22600 14077      402.0000    91      403.0000      401.0000  3143415    0.50%
  22700 14165      402.0000    89      403.0000      401.0000  3155019    0.50%
  22800 14249      401.0000    45      403.0000      401.0000  3173457    0.50%
  22900 14344      402.0000    95      403.0000      401.0000  3181019    0.50%
  23000 14434      401.0000    67      403.0000      401.0000  3186366    0.50%
Elapsed time = 1565.11 sec. (tree size = 140.42 MB, solutions = 3)
Nodefile size = 12.92 MB (7.03 MB after compression)
  23100 14524    infeasible            403.0000      401.0000  3196000    0.50%
  23200 14606      401.0000    55      403.0000      401.0000  3208829    0.50%
  23300 14687      401.0000    60      403.0000      401.0000  3215312    0.50%
  23400 14774      402.0000    96      403.0000      401.0000  3233053    0.50%
  23500 14862      401.0000    76      403.0000      401.0000  3240323    0.50%
  23600 14946      402.0000    64      403.0000      401.0000  3259163    0.50%
  23700 15028      401.0000    65      403.0000      401.0000  3279318    0.50%
  23800 15123      402.0000    76      403.0000      401.0000  3283510    0.50%
  23900 15211      401.0000    72      403.0000      401.0000  3290631    0.50%
  24000 15306      402.0000    83      403.0000      401.0000  3299746    0.50%
Elapsed time = 1622.47 sec. (tree size = 149.65 MB, solutions = 3)
Nodefile size = 21.86 MB (11.87 MB after compression)
  24100 15390      401.0000    75      403.0000      401.0000  3311768    0.50%
  24200 15476      401.0000    86      403.0000      401.0000  3319422    0.50%
  24300 15571      402.0000    74      403.0000      401.0000  3328934    0.50%
  24400 15651      401.0000    72      403.0000      401.0000  3349763    0.50%
  24500 15718      402.0000    38      403.0000      401.0000  3383292    0.50%
  24600 15804      401.0000    71      403.0000      401.0000  3396499    0.50%
  24700 15904      401.0000    76      403.0000      401.0000  3400148    0.50%
  24800 15990      402.0000    81      403.0000      401.0000  3407000    0.50%
  24900 16072      401.0000    52      403.0000      401.0000  3429672    0.50%
  25000 16169      402.0000    99      403.0000      401.0000  3433550    0.50%
Elapsed time = 1692.39 sec. (tree size = 158.54 MB, solutions = 3)
Nodefile size = 30.81 MB (16.42 MB after compression)
  25100 16260      402.0000    48      403.0000      401.0000  3439106    0.50%
  25200 16358      402.0000    71      403.0000      401.0000  3442711    0.50%
  25300 16458      402.0000    60      403.0000      401.0000  3444576    0.50%
  25400 16558      402.0000    76      403.0000      401.0000  3446364    0.50%
  25500 16658      402.0000    68      403.0000      401.0000  3448436    0.50%
  25600 16725    infeasible            403.0000      401.0000  3481488    0.50%
  25700 16805      402.0000    72      403.0000      401.0000  3513573    0.50%
  25800 16883      402.0000    71      403.0000      401.0000  3548752    0.50%
  25900 16947      402.0000    63      403.0000      401.0000  3595169    0.50%
  26000 17032      402.0000    89      403.0000      401.0000  3607936    0.50%
Elapsed time = 1777.61 sec. (tree size = 167.67 MB, solutions = 3)
Nodefile size = 39.76 MB (21.01 MB after compression)
  26100 17122      401.0000    72      403.0000      401.0000  3616574    0.50%
  26200 17211    infeasible            403.0000      401.0000  3631884    0.50%
  26300 17299      401.0000    93      403.0000      401.0000  3642158    0.50%
  26400 17388      402.0000    98      403.0000      401.0000  3655208    0.50%
  26500 17481      401.0000    91      403.0000      401.0000  3661806    0.50%
  26600 17566      402.0000    66      403.0000      401.0000  3673364    0.50%
  26700 17658      402.0000   102      403.0000      401.0000  3688379    0.50%
  26800 17747      402.0000    97      403.0000      401.0000  3697398    0.50%
  26900 17839      402.0000    76      403.0000      401.0000  3706604    0.50%
  27000 17911      402.0000    72      403.0000      401.0000  3750159    0.50%
Elapsed time = 1853.09 sec. (tree size = 176.92 MB, solutions = 3)
Nodefile size = 49.72 MB (25.70 MB after compression)
  27100 17985      401.0000    77      403.0000      401.0000  3770442    0.50%
  27200 18070      402.0000    90      403.0000      401.0000  3789956    0.50%
  27300 18155      401.0116   135      403.0000      401.0000  3808172    0.50%
  27400 18244      402.0000    88      403.0000      401.0000  3816184    0.50%
  27500 18335      402.0000    53      403.0000      401.0000  3830128    0.50%
  27600 18431      402.0000   114      403.0000      401.0000  3837106    0.50%
  27700 18524      402.0000   112      403.0000      401.0000  3847958    0.50%
  27800 18587        cutoff            403.0000      401.0000  3865204    0.50%
  27900 18675      402.0000    97      403.0000      401.0000  3875206    0.50%
  28000 18753      401.0000    68      403.0000      401.0000  3889861    0.50%
Elapsed time = 1931.48 sec. (tree size = 186.01 MB, solutions = 3)
Nodefile size = 58.68 MB (29.89 MB after compression)
  28100 18851      401.0000    80      403.0000      401.0000  3896962    0.50%
  28200 18941    infeasible            403.0000      401.0000  3909614    0.50%
  28300 19032      402.0000    85      403.0000      401.0000  3920360    0.50%
  28400 19122      402.0000    57      403.0000      401.0000  3924828    0.50%
  28500 19213      402.0000    80      403.0000      401.0000  3936907    0.50%
  28600 19301      401.0000    79      403.0000      401.0000  3958646    0.50%
  28700 19381      402.0000    66      403.0000      401.0000  3980951    0.50%
  28800 19463      402.0000    93      403.0000      401.0000  4005868    0.50%
  28900 19555      402.0000   105      403.0000      401.0000  4015974    0.50%
  29000 19644      402.0000    92      403.0000      401.0000  4022032    0.50%
Elapsed time = 2010.16 sec. (tree size = 195.68 MB, solutions = 3)
Nodefile size = 68.64 MB (34.62 MB after compression)
  29100 19732      401.0000    71      403.0000      401.0000  4028460    0.50%
  29200 19810    infeasible            403.0000      401.0000  4049951    0.50%
  29300 19896      402.0000    97      403.0000      401.0000  4064329    0.50%
  29400 19983      402.0000    82      403.0000      401.0000  4072808    0.50%
  29500 20075      402.0000   109      403.0000      401.0000  4089825    0.50%
  29600 20148    infeasible            403.0000      401.0000  4116465    0.50%
  29700 20220      401.7356   136      403.0000      401.0000  4150529    0.50%
  29800 20303      402.0000   100      403.0000      401.0000  4178460    0.50%
  29900 20394      402.0000    61      403.0000      401.0000  4187796    0.50%
  30000 20481      401.0000    80      403.0000      401.0000  4206352    0.50%
Elapsed time = 2102.81 sec. (tree size = 205.08 MB, solutions = 3)
Nodefile size = 77.59 MB (38.71 MB after compression)
  30100 20550      402.0000    49      403.0000      401.0000  4238027    0.50%
  30200 20622      402.0000    95      403.0000      401.0000  4278989    0.50%
  30300 20705      402.0000   118      403.0000      401.0000  4295303    0.50%
  30400 20799      402.0000    95      403.0000      401.0000  4307774    0.50%
  30500 20858    infeasible            403.0000      401.0000  4342077    0.50%
  30600 20944      401.0000    80      403.0000      401.0000  4359733    0.50%
  30700 21029      402.0000    85      403.0000      401.0000  4377098    0.50%
  30800 21118      402.0000    72      403.0000      401.0000  4390230    0.50%
  30900 21178      402.0000   108      403.0000      401.0000  4446114    0.50%
  31000 21264      401.0000    88      403.0000      401.0000  4459775    0.50%
Elapsed time = 2221.41 sec. (tree size = 213.88 MB, solutions = 3)
Nodefile size = 86.55 MB (42.81 MB after compression)
  31100 21345      402.0000    84      403.0000      401.0000  4487022    0.50%
  31200 21439      402.0000    98      403.0000      401.0000  4497660    0.50%
  31300 21530      402.0000    83      403.0000      401.0000  4509473    0.50%
  31400 21603      401.0000    49      403.0000      401.0000  4539625    0.50%
  31500 21702      402.0000    43      403.0000      401.0000  4544862    0.50%
  31600 21786      402.0000    39      403.0000      401.0000  4566905    0.50%
  31700 21862      401.0000    30      403.0000      401.0000  4587751    0.50%
  31800 21932      402.0000    75      403.0000      401.0000  4608515    0.50%
  31900 22005      401.0000    56      403.0000      401.0000  4628460    0.50%
  32000 22098      402.0000   108      403.0000      401.0000  4634101    0.50%
Elapsed time = 2316.19 sec. (tree size = 223.32 MB, solutions = 3)
Nodefile size = 95.51 MB (46.88 MB after compression)
  32100 22179      402.0000    97      403.0000      401.0000  4658038    0.50%
  32200 22270      402.0000    71      403.0000      401.0000  4667304    0.50%
  32300 22352      401.0000    79      403.0000      401.0000  4683496    0.50%
  32400 22392        cutoff            403.0000      401.0000  4720009    0.50%
  32500 22460      402.0000    70      403.0000      401.0000  4736566    0.50%
  32600 22558      402.0000   100      403.0000      401.0000  4742680    0.50%
  32700 22637      402.0000    61      403.0000      401.0000  4754524    0.50%
  32800 22735      402.0000    94      403.0000      401.0000  4757990    0.50%
  32900 22809      401.0000    69      403.0000      401.0000  4770263    0.50%
  33000 22906      402.0000    60      403.0000      401.0000  4775503    0.50%
Elapsed time = 2401.81 sec. (tree size = 232.47 MB, solutions = 3)
Nodefile size = 105.45 MB (51.34 MB after compression)
  33100 22976      401.0000    72      403.0000      401.0000  4800020    0.50%
  33200 23075      402.0000    79      403.0000      401.0000  4804704    0.50%
  33300 23163      401.0000    96      403.0000      401.0000  4815305    0.50%
  33400 23258      402.0000    95      403.0000      401.0000  4819706    0.50%
  33500 23352      402.0000    73      403.0000      401.0000  4831069    0.50%
  33600 23432      401.0000    84      403.0000      401.0000  4854331    0.50%
  33700 23531      402.0000    99      403.0000      401.0000  4858915    0.50%
  33800 23621      401.0000   102      403.0000      401.0000  4871430    0.50%
  33900 23710      402.0000   111      403.0000      401.0000  4885836    0.50%
  34000 23801      402.0000    71      403.0000      401.0000  4896637    0.50%
Elapsed time = 2480.06 sec. (tree size = 242.56 MB, solutions = 3)
Nodefile size = 115.40 MB (55.82 MB after compression)
  34100 23885      401.0000    51      403.0000      401.0000  4907759    0.50%
  34200 23942      402.0000    81      403.0000      401.0000  4934023    0.50%
  34300 24042      402.0000   105      403.0000      401.0000  4937064    0.50%
  34400 24128      402.0000   104      403.0000      401.0000  4964044    0.50%
  34500 24219      402.0000    73      403.0000      401.0000  4972641    0.50%
  34600 24301      401.0000    73      403.0000      401.0000  4993224    0.50%
  34700 24350      401.0000    91      403.0000      401.0000  5016078    0.50%
  34800 24447      402.0000   114      403.0000      401.0000  5023944    0.50%
  34900 24536      402.0000    78      403.0000      401.0000  5031241    0.50%
  35000 24632      402.0000   105      403.0000      401.0000  5039208    0.50%
Elapsed time = 2561.44 sec. (tree size = 252.27 MB, solutions = 3)
Nodefile size = 124.34 MB (59.71 MB after compression)
  35100 24723      402.0000    79      403.0000      401.0000  5050176    0.50%
  35200 24816      402.0000    63      403.0000      401.0000  5059367    0.50%
  35300 24904    infeasible            403.0000      401.0000  5077010    0.50%
  35400 24966      401.0000    83      403.0000      401.0000  5098352    0.50%
  35500 25060      402.0000    67      403.0000      401.0000  5105839    0.50%
  35600 25142      402.0000    71      403.0000      401.0000  5128473    0.50%
  35700 25216      401.0000    59      403.0000      401.0000  5150850    0.50%
  35800 25293      402.0000    70      403.0000      401.0000  5161885    0.50%
  35900 25393      402.0000    91      403.0000      401.0000  5166029    0.50%
  36000 25476      402.0000    80      403.0000      401.0000  5179144    0.50%
Elapsed time = 2642.34 sec. (tree size = 262.31 MB, solutions = 3)
Nodefile size = 135.27 MB (64.58 MB after compression)
  36100 25557        cutoff            403.0000      401.0000  5188197    0.50%
  36200 25636      402.0000    59      403.0000      401.0000  5205170    0.50%
  36300 25716      401.0000    88      403.0000      401.0000  5221185    0.50%
  36400 25815      402.0000    89      403.0000      401.0000  5225599    0.50%
  36500 25911      401.0000    93      403.0000      401.0000  5233038    0.50%
  36600 26004      402.0000   113      403.0000      401.0000  5239672    0.50%
  36700 26096      401.0000   105      403.0000      401.0000  5249115    0.50%
  36800 26195      402.0000    76      403.0000      401.0000  5251849    0.50%
  36900 26249        cutoff            403.0000      401.0000  5276595    0.50%
  37000 26310      401.0000    93      403.0000      401.0000  5294960    0.50%
Elapsed time = 2711.34 sec. (tree size = 272.21 MB, solutions = 3)
Nodefile size = 144.22 MB (68.58 MB after compression)
  37100 26381      402.0000    59      403.0000      401.0000  5307034    0.50%
  37200 26467      402.0000    49      403.0000      401.0000  5327423    0.50%
  37300 26559      402.0000    49      403.0000      401.0000  5341212    0.50%
  37400 26629        cutoff            403.0000      401.0000  5362787    0.50%
  37500 26692      401.0000    68      403.0000      401.0000  5377898    0.50%
  37600 26762    infeasible            403.0000      401.0000  5394096    0.50%
  37700 26839      402.0000    58      403.0000      401.0000  5412024    0.50%
  37800 26927      401.0000    75      403.0000      401.0000  5430019    0.50%
  37900 27022      402.0000    94      403.0000      401.0000  5438477    0.50%
  38000 27098      402.0000   106      403.0000      401.0000  5459622    0.50%
Elapsed time = 2798.97 sec. (tree size = 281.72 MB, solutions = 3)
Nodefile size = 154.17 MB (73.41 MB after compression)
  38100 27194      402.0000    95      403.0000      401.0000  5466548    0.50%
  38200 27268      401.0000   102      403.0000      401.0000  5482273    0.50%
  38300 27346      401.0000    53      403.0000      401.0000  5498535    0.50%
  38400 27432      402.0000    78      403.0000      401.0000  5509683    0.50%
  38500 27530      402.0000    98      403.0000      401.0000  5513951    0.50%
  38600 27600      401.0000    74      403.0000      401.0000  5527962    0.50%
  38700 27671        cutoff            403.0000      401.0000  5540688    0.50%
  38800 27762      402.0000    75      403.0000      401.0000  5548867    0.50%
  38900 27854      402.0000    98      403.0000      401.0000  5563425    0.50%
  39000 27935      402.0000    88      403.0000      401.0000  5573705    0.50%
Elapsed time = 2868.55 sec. (tree size = 291.88 MB, solutions = 3)
Nodefile size = 164.11 MB (77.79 MB after compression)
  39100 28029      401.0000    38      403.0000      401.0000  5581850    0.50%
  39200 28109      401.0000    68      403.0000      401.0000  5589534    0.50%
  39300 28188        cutoff            403.0000      401.0000  5599779    0.50%
  39400 28240      402.0000    67      403.0000      401.0000  5624164    0.50%
  39500 28305      401.0000    61      403.0000      401.0000  5656079    0.50%
  39600 28378      402.0000    78      403.0000      401.0000  5667523    0.50%
  39700 28455      402.0000    70      403.0000      401.0000  5691236    0.50%
  39800 28555      402.0000    83      403.0000      401.0000  5695042    0.50%
  39900 28645      402.0000    71      403.0000      401.0000  5700629    0.50%
  40000 28694      401.0000    70      403.0000      401.0000  5718144    0.50%
Elapsed time = 2951.53 sec. (tree size = 301.41 MB, solutions = 3)
Nodefile size = 174.04 MB (82.08 MB after compression)
  40100 28761      402.0000    69      403.0000      401.0000  5736993    0.50%
  40200 28845      401.0000    78      403.0000      401.0000  5752793    0.50%
  40300 28926      402.0000    73      403.0000      401.0000  5766290    0.50%
  40400 29024      402.0000   115      403.0000      401.0000  5773123    0.50%
  40500 29110      401.0000   105      403.0000      401.0000  5787686    0.50%
  40600 29209      402.0000    85      403.0000      401.0000  5792523    0.50%
  40700 29279        cutoff            403.0000      401.0000  5804994    0.50%
  40800 29344      401.0000    78      403.0000      401.0000  5823373    0.50%
  40900 29441      402.0000   106      403.0000      401.0000  5831259    0.50%
  41000 29518      402.0000    83      403.0000      401.0000  5847183    0.50%
Elapsed time = 3032.66 sec. (tree size = 311.95 MB, solutions = 3)
Nodefile size = 183.97 MB (86.38 MB after compression)
  41100 29614      402.0000   100      403.0000      401.0000  5856167    0.50%
  41200 29695      402.0000    70      403.0000      401.0000  5874878    0.50%
  41300 29789      402.0000   109      403.0000      401.0000  5883537    0.50%
  41400 29871      401.0000    95      403.0000      401.0000  5898711    0.50%
  41500 29960      402.0000    71      403.0000      401.0000  5919992    0.50%
  41600 30032      402.0000    66      403.0000      401.0000  5959312    0.50%
  41700 30120      402.0000    97      403.0000      401.0000  5978908    0.50%
  41800 30191      402.0000    69      403.0000      401.0000  5997796    0.50%
  41900 30291      402.0000    83      403.0000      401.0000  6001983    0.50%
  42000 30370      402.0000    69      403.0000      401.0000  6021849    0.50%
Elapsed time = 3138.47 sec. (tree size = 323.07 MB, solutions = 3)
Nodefile size = 195.88 MB (91.07 MB after compression)
  42100 30452      401.0000   104      403.0000      401.0000  6032134    0.50%
  42200 30551      402.0000    74      403.0000      401.0000  6034961    0.50%
  42300 30631      401.0000    89      403.0000      401.0000  6045477    0.50%
  42400 30712        cutoff            403.0000      401.0000  6063341    0.50%
  42500 30788      402.0000    78      403.0000      401.0000  6076443    0.50%
  42600 30865      402.0000    70      403.0000      401.0000  6092541    0.50%
  42700 30963      402.0000    65      403.0000      401.0000  6096757    0.50%
  42800 31038      402.0000    51      403.0000      401.0000  6110220    0.50%
  42900 31129      402.0000    68      403.0000      401.0000  6124715    0.50%
  43000 31223      402.0000   112      403.0000      401.0000  6137848    0.50%
Elapsed time = 3220.30 sec. (tree size = 334.06 MB, solutions = 3)
Nodefile size = 206.81 MB (95.94 MB after compression)
  43100 31284      401.0000    90      403.0000      401.0000  6154300    0.50%
  43200 31363      401.0000    49      403.0000      401.0000  6164220    0.50%
  43300 31437      401.0000    48      403.0000      401.0000  6174838    0.50%
  43400 31501      401.0000    32      403.0000      401.0000  6188837    0.50%
  43500 31528      401.0000    69      403.0000      401.0000  6215417    0.50%
  43600 31588      401.0000    52      403.0000      401.0000  6228540    0.50%
  43700 31638      401.0000    73      403.0000      401.0000  6246278    0.50%
  43800 31714      401.0000    93      403.0000      401.0000  6257285    0.50%
  43900 31789        cutoff            403.0000      401.0000  6271979    0.50%
  44000 31841      401.0000    90      403.0000      401.0000  6292129    0.50%
Elapsed time = 3313.00 sec. (tree size = 342.20 MB, solutions = 3)
Nodefile size = 214.75 MB (100.02 MB after compression)
  44100 31925      402.0000    53      403.0000      401.0000  6306860    0.50%
  44200 32025      402.0000    97      403.0000      401.0000  6310743    0.50%
  44300 32103      401.0000   105      403.0000      401.0000  6328558    0.50%
  44400 32196      402.0000    67      403.0000      401.0000  6337174    0.50%
  44500 32278      401.0000    79      403.0000      401.0000  6355384    0.50%
  44600 32367      401.0000    98      403.0000      401.0000  6365280    0.50%
  44700 32458      402.0000    60      403.0000      401.0000  6378206    0.50%
  44800 32549      401.0000    96      403.0000      401.0000  6388694    0.50%
  44900 32630      401.0000   103      403.0000      401.0000  6401946    0.50%
  45000 32729      402.0000    82      403.0000      401.0000  6405695    0.50%
Elapsed time = 3396.80 sec. (tree size = 354.11 MB, solutions = 3)
Nodefile size = 226.68 MB (105.42 MB after compression)
  45100 32821        cutoff            403.0000      401.0000  6418536    0.50%
  45200 32907      402.0000    64      403.0000      401.0000  6431060    0.50%
  45300 33003      402.0000    90      403.0000      401.0000  6436762    0.50%
  45400 33088      402.0000    83      403.0000      401.0000  6449686    0.50%
  45500 33174      402.0000    83      403.0000      401.0000  6472621    0.50%
  45600 33263      402.0000    81      403.0000      401.0000  6483341    0.50%
  45700 33333        cutoff            403.0000      401.0000  6492516    0.50%
  45800 33396      402.0000    96      403.0000      401.0000  6523703    0.50%
  45900 33487      402.0000    56      403.0000      401.0000  6540240    0.50%
  46000 33554      401.0000    90      403.0000      401.0000  6562888    0.50%
Elapsed time = 3501.05 sec. (tree size = 365.65 MB, solutions = 3)
Nodefile size = 238.61 MB (109.90 MB after compression)
  46100 33631      402.0000    60      403.0000      401.0000  6576390    0.50%
  46200 33711      402.0000    97      403.0000      401.0000  6599761    0.50%
  46300 33788      401.0000   101      403.0000      401.0000  6624378    0.50%
  46400 33862      402.0000    43      403.0000      401.0000  6646105    0.50%
  46500 33946      401.0000    75      403.0000      401.0000  6659632    0.50%
  46600 34025      401.0000    85      403.0000      401.0000  6673651    0.50%
  46700 34115      402.0000    94      403.0000      401.0000  6688131    0.50%
  46800 34210      402.0000    71      403.0000      401.0000  6697658    0.50%
  46900 34284      401.0000    92      403.0000      401.0000  6710313    0.50%
  47000 34348        cutoff            403.0000      401.0000  6723772    0.50%
Elapsed time = 3611.39 sec. (tree size = 377.09 MB, solutions = 3)
Nodefile size = 249.55 MB (114.61 MB after compression)
  47100 34396      401.0000   104      403.0000      401.0000  6748391    0.50%
  47200 34481      401.0000   107      403.0000      401.0000  6760888    0.50%
  47300 34578      402.0000    83      403.0000      401.0000  6766436    0.50%
  47400 34641      401.0000    85      403.0000      401.0000  6792549    0.50%
  47500 34732      402.0000    63      403.0000      401.0000  6797120    0.50%
  47600 34827      402.0000    60      403.0000      401.0000  6805480    0.50%
  47700 34903        cutoff            403.0000      401.0000  6826076    0.50%
  47800 34981      402.0000    69      403.0000      401.0000  6849451    0.50%
  47900 35035    infeasible            403.0000      401.0000  6869372    0.50%
  48000 35106    infeasible            403.0000      401.0000  6888735    0.50%
Elapsed time = 3731.39 sec. (tree size = 388.41 MB, solutions = 3)
Nodefile size = 260.49 MB (119.06 MB after compression)
  48100 35176      402.0000    56      403.0000      401.0000  6904778    0.50%
  48200 35255    infeasible            403.0000      401.0000  6914482    0.50%
  48300 35342      402.0000   102      403.0000      401.0000  6924145    0.50%
  48400 35413      402.0000    88      403.0000      401.0000  6946660    0.50%
  48500 35475      401.0000    75      403.0000      401.0000  6968044    0.50%
  48600 35569      402.0000    46      403.0000      401.0000  6978286    0.50%
  48700 35639      402.0000    44      403.0000      401.0000  6989101    0.50%
  48800 35685      402.0000    61      403.0000      401.0000  7022475    0.50%
  48900 35761      402.0000    70      403.0000      401.0000  7046144    0.50%
  49000 35828      401.0000    74      403.0000      401.0000  7070919    0.50%
Elapsed time = 3859.75 sec. (tree size = 399.64 MB, solutions = 3)
Nodefile size = 272.38 MB (124.93 MB after compression)
  49100 35897      402.0000    93      403.0000      401.0000  7099461    0.50%
  49200 35953      402.0000    90      403.0000      401.0000  7127987    0.50%
  49300 36025      401.0000    89      403.0000      401.0000  7139479    0.50%
  49400 36122      402.0000    67      403.0000      401.0000  7150760    0.50%
  49500 36166      402.0000    82      403.0000      401.0000  7185655    0.50%
  49600 36211      402.0000    87      403.0000      401.0000  7226344    0.50%
  49700 36279    infeasible            403.0000      401.0000  7243293    0.50%
  49800 36336        cutoff            403.0000      401.0000  7261161    0.50%
  49900 36374      402.0000    82      403.0000      401.0000  7295130    0.50%
  50000 36430      402.0000    66      403.0000      401.0000  7320135    0.50%
Elapsed time = 4039.19 sec. (tree size = 409.93 MB, solutions = 3)
Nodefile size = 282.31 MB (132.04 MB after compression)
  50100 36518      402.0000    93      403.0000      401.0000  7331676    0.50%
  50200 36606      402.0000    77      403.0000      401.0000  7350650    0.50%
  50300 36670      401.0000   116      403.0000      401.0000  7376800    0.50%
  50400 36754      402.0000   100      403.0000      401.0000  7392163    0.50%
  50500 36819        cutoff            403.0000      401.0000  7420228    0.50%
  50600 36859      402.0000    94      403.0000      401.0000  7454968    0.50%
  50700 36937      402.0000    60      403.0000      401.0000  7471024    0.50%
  50800 37023      402.0000    72      403.0000      401.0000  7489981    0.50%
  50900 37105      402.0000    80      403.0000      401.0000  7498713    0.50%
  51000 37168      401.0000    94      403.0000      401.0000  7519075    0.50%
Elapsed time = 4191.75 sec. (tree size = 423.05 MB, solutions = 3)
Nodefile size = 295.25 MB (141.69 MB after compression)
  51100 37252      401.0000    97      403.0000      401.0000  7532731    0.50%
  51200 37281      402.0000    83      403.0000      401.0000  7588074    0.50%
  51300 37334      402.0000    77      403.0000      401.0000  7619087    0.50%
  51400 37427      402.0000    79      403.0000      401.0000  7630287    0.50%
  51500 37504      402.0000    76      403.0000      401.0000  7649248    0.50%
  51600 37583      402.0000    56      403.0000      401.0000  7663149    0.50%
  51700 37658      402.0000    27      403.0000      401.0000  7680243    0.50%
  51800 37721        cutoff            403.0000      401.0000  7707607    0.50%
  51900 37773        cutoff            403.0000      401.0000  7737562    0.50%
  52000 37859      402.0000   118      403.0000      401.0000  7756331    0.50%
Elapsed time = 4383.39 sec. (tree size = 436.19 MB, solutions = 3)
Nodefile size = 309.12 MB (151.88 MB after compression)
  52100 37954      402.0000    69      403.0000      401.0000  7765905    0.50%
  52200 38030      402.0000    52      403.0000      401.0000  7780609    0.50%
  52300 38098      402.0000    68      403.0000      401.0000  7804847    0.50%
  52400 38180      402.0000    93      403.0000      401.0000  7816174    0.50%
  52500 38254        cutoff            403.0000      401.0000  7839916    0.50%
  52600 38316      402.0000    55      403.0000      401.0000  7870233    0.50%
  52700 38401    infeasible            403.0000      401.0000  7884811    0.50%
  52800 38440      402.0000    26      403.0000      401.0000  7918711    0.50%
  52900 38481      402.0000    61      403.0000      401.0000  7955472    0.50%
  53000 38544      402.0000    73      403.0000      401.0000  7983880    0.50%
Elapsed time = 4575.70 sec. (tree size = 449.65 MB, solutions = 3)
Nodefile size = 322.02 MB (161.32 MB after compression)
  53100 38610    infeasible            403.0000      401.0000  8004108    0.50%
  53200 38693      402.0000    20      403.0000      401.0000  8024610    0.50%
  53300 38773      402.0000    43      403.0000      401.0000  8038081    0.50%
  53400 38852      402.0000    93      403.0000      401.0000  8063334    0.50%
  53500 38946      402.0000    84      403.0000      401.0000  8074401    0.50%
  53600 39038      402.0000    87      403.0000      401.0000  8085553    0.50%
  53700 39119      402.0000    41      403.0000      401.0000  8100280    0.50%
  53800 39217      402.0000    78      403.0000      401.0000  8106874    0.50%
  53900 39304      402.0000    65      403.0000      401.0000  8126361    0.50%
  54000 39393      402.0000    53      403.0000      401.0000  8137169    0.50%
Elapsed time = 4714.25 sec. (tree size = 466.38 MB, solutions = 3)
Nodefile size = 338.87 MB (174.08 MB after compression)
  54100 39485      402.0000    83      403.0000      401.0000  8146350    0.50%
  54200 39563      401.0000   100      403.0000      401.0000  8166395    0.50%
  54300 39658      402.0000    86      403.0000      401.0000  8173501    0.50%
  54400 39744      401.0000    76      403.0000      401.0000  8187732    0.50%
  54500 39837      402.0000    94      403.0000      401.0000  8197957    0.50%
  54600 39931      402.0000   117      403.0000      401.0000  8213279    0.50%
  54700 40023      401.0000    84      403.0000      401.0000  8231495    0.50%
  54800 40116      402.0000   102      403.0000      401.0000  8241693    0.50%
  54900 40204      402.0000    84      403.0000      401.0000  8255808    0.50%
  55000 40267      402.0000   121      403.0000      401.0000  8287472    0.50%
Elapsed time = 4850.30 sec. (tree size = 483.72 MB, solutions = 3)
Nodefile size = 355.73 MB (187.07 MB after compression)
  55100 40363      402.0000   118      403.0000      401.0000  8303177    0.50%
  55200 40426      402.0000    58      403.0000      401.0000  8328997    0.50%
  55300 40515      402.0000    49      403.0000      401.0000  8341682    0.50%
  55400 40615      402.0000    54      403.0000      401.0000  8346460    0.50%
  55500 40711      402.0000   118      403.0000      401.0000  8361955    0.50%
  55600 40777      402.0000   117      403.0000      401.0000  8387648    0.50%
  55700 40871      402.0000    93      403.0000      401.0000  8394607    0.50%
  55800 40944      402.0000    79      403.0000      401.0000  8409229    0.50%
  55900 41036      402.0000   115      403.0000      401.0000  8418039    0.50%
  56000 41107      402.0000    78      403.0000      401.0000  8437991    0.50%
Elapsed time = 4993.02 sec. (tree size = 501.04 MB, solutions = 3)
Nodefile size = 373.50 MB (200.42 MB after compression)
  56100 41175    infeasible            403.0000      401.0000  8459183    0.50%
  56200 41211      402.0000    71      403.0000      401.0000  8504763    0.50%
  56300 41299      402.0000    80      403.0000      401.0000  8514170    0.50%
  56400 41351      402.0000    62      403.0000      401.0000  8545963    0.50%
  56500 41442      402.0000    84      403.0000      401.0000  8559218    0.50%
  56600 41528      402.0000    69      403.0000      401.0000  8577080    0.50%
  56700 41615      402.0000   103      403.0000      401.0000  8592357    0.50%
  56800 41701      402.0000    94      403.0000      401.0000  8610080    0.50%
  56900 41789      402.0000    72      403.0000      401.0000  8622512    0.50%
  57000 41876      402.0000    95      403.0000      401.0000  8632770    0.50%
Elapsed time = 5186.89 sec. (tree size = 517.68 MB, solutions = 3)
Nodefile size = 390.28 MB (212.88 MB after compression)
  57100 41947      401.0123   157      403.0000      401.0000  8659897    0.50%
  57200 42006      402.0000    45      403.0000      401.0000  8691711    0.50%
  57300 42100      402.0000    92      403.0000      401.0000  8701831    0.50%
  57400 42153      401.1216   135      403.0000      401.0000  8738972    0.50%
  57500 42225      401.0000    67      403.0000      401.0000  8754335    0.50%
  57600 42305      401.9451    91      403.0000      401.0000  8771673    0.50%
  57700 42380      402.0000    85      403.0000      401.0000  8796863    0.50%
  57800 42474      402.0000   101      403.0000      401.0000  8806566    0.50%
  57900 42565      402.0000    64      403.0000      401.0000  8816877    0.50%
  58000 42655      402.0000    77      403.0000      401.0000  8826199    0.50%
Elapsed time = 5362.14 sec. (tree size = 534.38 MB, solutions = 3)
Nodefile size = 407.10 MB (225.49 MB after compression)
  58100 42751      402.0000    61      403.0000      401.0000  8837066    0.50%
  58200 42813    infeasible            403.0000      401.0000  8870227    0.50%
  58300 42895      402.0000    64      403.0000      401.0000  8882702    0.50%
  58400 42991      402.0000    80      403.0000      401.0000  8891980    0.50%
  58500 43071      401.0000   113      403.0000      401.0000  8911979    0.50%
  58600 43150      402.0000    69      403.0000      401.0000  8926202    0.50%
  58700 43218    infeasible            403.0000      401.0000  8959891    0.50%
  58800 43240    infeasible            403.0000      401.0000  9020886    0.50%
  58900 43268    infeasible            403.0000      401.0000  9067845    0.50%
  59000 43306      402.0000    45      403.0000      401.0000  9123560    0.50%
Elapsed time = 5572.95 sec. (tree size = 548.02 MB, solutions = 3)
Nodefile size = 420.96 MB (236.48 MB after compression)
  59100 43342      402.0000    49      403.0000      401.0000  9187288    0.50%
  59200 43427      402.0000    57      403.0000      401.0000  9203130    0.50%
  59300 43523    infeasible            403.0000      401.0000  9212155    0.50%
  59400 43613      401.0000    61      403.0000      401.0000  9225251    0.50%
  59500 43703      402.0000    78      403.0000      401.0000  9233815    0.50%
  59600 43778      401.0000    93      403.0000      401.0000  9251951    0.50%
  59700 43870      402.0000    67      403.0000      401.0000  9264153    0.50%
  59800 43942      402.0000    62      403.0000      401.0000  9284950    0.50%
  59900 44002    infeasible            403.0000      401.0000  9318252    0.50%
  60000 44047      402.0000    85      403.0000      401.0000  9358634    0.50%
Elapsed time = 5761.97 sec. (tree size = 563.68 MB, solutions = 3)
Nodefile size = 435.82 MB (248.05 MB after compression)
  60100 44127      401.4000   116      403.0000      401.0000  9381007    0.50%
  60200 44177      401.4000   105      403.0000      401.0000  9413306    0.50%
  60300 44247      402.0000    33      403.0000      401.0000  9437033    0.50%
  60400 44334      402.0000   107      403.0000      401.0000  9453273    0.50%
  60500 44411      402.0000    69      403.0000      401.0000  9462306    0.50%
  60600 44500      402.0000    75      403.0000      401.0000  9480080    0.50%
  60700 44587      402.0000    88      403.0000      401.0000  9491140    0.50%
  60800 44671      402.0000    81      403.0000      401.0000  9501732    0.50%
  60900 44721      402.0000   120      403.0000      401.0000  9531522    0.50%
  61000 44793      401.2976   140      403.0000      401.0000  9552688    0.50%
Elapsed time = 5942.64 sec. (tree size = 579.77 MB, solutions = 3)
Nodefile size = 452.65 MB (260.76 MB after compression)
  61100 44889      402.0000    96      403.0000      401.0000  9560164    0.50%
  61200 44974      401.0000   111      403.0000      401.0000  9570986    0.50%
  61300 45064      401.2222   133      403.0000      401.0000  9591268    0.50%
  61400 45147      402.0000   100      403.0000      401.0000  9605041    0.50%
  61500 45235      402.0000    97      403.0000      401.0000  9619694    0.50%
  61600 45308        cutoff            403.0000      401.0000  9638998    0.50%
  61700 45401      402.0000    83      403.0000      401.0000  9651472    0.50%
  61800 45489    infeasible            403.0000      401.0000  9657026    0.50%
  61900 45554      402.0000    92      403.0000      401.0000  9689096    0.50%
  62000 45630      401.7833   102      403.0000      401.0000  9704365    0.50%
Elapsed time = 6078.20 sec. (tree size = 597.58 MB, solutions = 3)
Nodefile size = 470.46 MB (274.19 MB after compression)
  62100 45722      402.0000    94      403.0000      401.0000  9715445    0.50%
  62200 45803      401.7500    87      403.0000      401.0000  9734027    0.50%
  62300 45887      402.0000    70      403.0000      401.0000  9757963    0.50%
  62400 45970      402.0000    65      403.0000      401.0000  9769675    0.50%
  62500 46049      401.0000   113      403.0000      401.0000  9798273    0.50%
  62600 46138      402.0000    55      403.0000      401.0000  9811833    0.50%
  62700 46226      402.0000    92      403.0000      401.0000  9826883    0.50%
  62800 46249      402.0000    90      403.0000      401.0000  9868455    0.50%
  62900 46324      402.0000   134      403.0000      401.0000  9884079    0.50%
  63000 46412      402.0000    88      403.0000      401.0000  9895164    0.50%
Elapsed time = 6255.23 sec. (tree size = 614.37 MB, solutions = 3)
Nodefile size = 487.31 MB (286.73 MB after compression)
  63100 46444    infeasible            403.0000      401.0000  9946732    0.50%
  63200 46534      402.0000    77      403.0000      401.0000  9955192    0.50%
  63300 46622      401.0000   102      403.0000      401.0000  9968264    0.50%
  63400 46687      402.0000    95      403.0000      401.0000 10005078    0.50%
  63500 46766      402.0000    58      403.0000      401.0000 10020325    0.50%
  63600 46843      401.0000   108      403.0000      401.0000 10037845    0.50%
  63700 46927      402.0000    70      403.0000      401.0000 10058708    0.50%
  63800 47014      402.0000    94      403.0000      401.0000 10070540    0.50%
  63900 47084      402.0000    84      403.0000      401.0000 10088073    0.50%
  64000 47156      402.0000    98      403.0000      401.0000 10108320    0.50%
Elapsed time = 6435.69 sec. (tree size = 630.41 MB, solutions = 3)
Nodefile size = 503.16 MB (298.34 MB after compression)
  64100 47231      402.0000   104      403.0000      401.0000 10130171    0.50%
  64200 47283      402.0000    59      403.0000      401.0000 10173933    0.50%
  64300 47375      402.0000    64      403.0000      401.0000 10190955    0.50%
  64400 47456      401.3333   135      403.0000      401.0000 10207554    0.50%
  64500 47549      402.0000    72      403.0000      401.0000 10215010    0.50%
  64600 47615      402.0000    44      403.0000      401.0000 10241741    0.50%
  64700 47713      402.0000    89      403.0000      401.0000 10248587    0.50%
  64800 47800      402.0000   103      403.0000      401.0000 10264499    0.50%
  64900 47898      402.0000    86      403.0000      401.0000 10271648    0.50%
  65000 47988      402.0000   101      403.0000      401.0000 10290179    0.50%
Elapsed time = 6584.25 sec. (tree size = 648.20 MB, solutions = 3)
Nodefile size = 520.97 MB (311.63 MB after compression)
  65100 48070      402.0000    37      403.0000      401.0000 10305146    0.50%
  65200 48164    infeasible            403.0000      401.0000 10320371    0.50%
  65300 48248      402.0000    65      403.0000      401.0000 10341537    0.50%
  65400 48340      402.0000    58      403.0000      401.0000 10348663    0.50%
  65500 48417      401.4527   108      403.0000      401.0000 10362497    0.50%
  65600 48470      402.0000   107      403.0000      401.0000 10401705    0.50%
  65700 48546      401.0000   106      403.0000      401.0000 10424742    0.50%
  65800 48643      402.0000   108      403.0000      401.0000 10431134    0.50%
  65900 48733      402.0000    76      403.0000      401.0000 10440394    0.50%
  66000 48814      402.0000    55      403.0000      401.0000 10459797    0.50%
Elapsed time = 6730.63 sec. (tree size = 665.78 MB, solutions = 3)
Nodefile size = 537.84 MB (324.34 MB after compression)
  66100 48914      402.0000    60      403.0000      401.0000 10462294    0.50%
  66200 48967      401.6154   111      403.0000      401.0000 10491562    0.50%
  66300 49054      402.0000    99      403.0000      401.0000 10509478    0.50%
  66400 49128      402.0000    89      403.0000      401.0000 10529120    0.50%
  66500 49200      402.0000    61      403.0000      401.0000 10555399    0.50%
  66600 49256    infeasible            403.0000      401.0000 10585216    0.50%
  66700 49328      402.0000    74      403.0000      401.0000 10599887    0.50%
  66800 49376    infeasible            403.0000      401.0000 10634371    0.50%
  66900 49421        cutoff            403.0000      401.0000 10671096    0.50%
  67000 49497      402.0000    80      403.0000      401.0000 10689970    0.50%
Elapsed time = 6920.34 sec. (tree size = 680.90 MB, solutions = 3)
Nodefile size = 553.67 MB (335.96 MB after compression)
  67100 49593      402.0000    91      403.0000      401.0000 10699574    0.50%
  67200 49666      402.0000    75      403.0000      401.0000 10725463    0.50%
  67300 49727      402.0000    65      403.0000      401.0000 10756325    0.50%
  67400 49821      402.0000   106      403.0000      401.0000 10764581    0.50%
  67500 49910      402.0000   109      403.0000      401.0000 10780223    0.50%
  67600 49996      402.0000    49      403.0000      401.0000 10795243    0.50%
  67700 50090      402.0000    95      403.0000      401.0000 10804709    0.50%
  67800 50157    infeasible            403.0000      401.0000 10842112    0.50%
  67900 50222      401.0000   108      403.0000      401.0000 10867348    0.50%
  68000 50277      401.0000   103      403.0000      401.0000 10891573    0.50%
Elapsed time = 7094.14 sec. (tree size = 697.52 MB, solutions = 3)
Nodefile size = 570.48 MB (348.45 MB after compression)
  68100 50335      402.0000    36      403.0000      401.0000 10916498    0.50%
  68200 50403      401.3333   113      403.0000      401.0000 10938996    0.50%
  68300 50490      402.0000    63      403.0000      401.0000 10956963    0.50%
  68400 50581      402.0000    46      403.0000      401.0000 10972706    0.50%
  68500 50652      402.0000    78      403.0000      401.0000 11000932    0.50%
  68600 50752      402.0000   107      403.0000      401.0000 11007134    0.50%

Cover cuts applied:  1232
Mixed integer rounding cuts applied:  4
Gomory fractional cuts applied:  14

Solution pool: 3 solutions saved.

MIP - Time limit exceeded, integer feasible:  Objective = 4.0300000000e+002
Current MIP best bound = 4.0100000000e+002 (gap = 2, 0.50%)
Solution time = 7200.06 sec.  Iterations = 11007656  Nodes = 68604 (50755)


Incumbent solution
Variable Name           Solution Value
Cmax                        403.000000
X_1_24                        1.000000
X_2_37                        1.000000
X_3_46                        1.000000
X_4_20                        1.000000
X_5_42                        1.000000
X_6_45                        1.000000
X_7_15                        1.000000
X_8_50                        1.000000
X_9_14                        1.000000
X_10_3                        1.000000
X_11_8                        1.000000
X_12_21                       1.000000
X_13_13                       1.000000
X_14_20                       1.000000
X_15_39                       1.000000
X_16_41                       1.000000
X_17_5                        1.000000
X_18_40                       1.000000
X_19_29                       1.000000
X_20_7                        1.000000
X_21_34                       1.000000
X_22_29                       1.000000
X_23_46                       1.000000
X_24_43                       1.000000
X_25_44                       1.000000
X_26_30                       1.000000
X_27_1                        1.000000
X_28_11                       1.000000
X_29_27                       1.000000
X_30_10                       1.000000
X_31_13                       1.000000
X_32_18                       1.000000
X_33_22                       1.000000
X_34_16                       1.000000
X_35_48                       1.000000
X_36_48                       1.000000
X_37_18                       1.000000
X_38_36                       1.000000
X_39_38                       1.000000
X_40_23                       1.000000
X_41_29                       1.000000
X_42_3                        1.000000
X_43_6                        1.000000
X_44_39                       1.000000
X_45_12                       1.000000
X_46_19                       1.000000
X_47_44                       1.000000
X_48_38                       1.000000
X_49_40                       1.000000
X_50_7                        1.000000
X_51_17                       1.000000
X_52_25                       1.000000
X_53_44                       1.000000
X_54_37                       1.000000
X_55_26                       1.000000
X_56_15                       1.000000
X_57_43                       1.000000
X_58_44                       1.000000
X_59_35                       1.000000
X_60_30                       1.000000
X_61_16                       1.000000
X_62_9                        1.000000
X_63_2                        1.000000
X_64_33                       1.000000
X_65_31                       1.000000
X_66_28                       1.000000
X_67_22                       1.000000
X_68_35                       1.000000
X_69_25                       1.000000
X_70_2                        1.000000
X_71_16                       1.000000
X_72_46                       1.000000
X_73_9                        1.000000
X_74_40                       1.000000
X_75_42                       1.000000
X_76_32                       1.000000
X_77_4                        1.000000
X_78_37                       1.000000
X_79_2                        1.000000
X_80_39                       1.000000
X_81_28                       1.000000
X_82_47                       1.000000
X_83_34                       1.000000
X_84_3                        1.000000
X_85_8                        1.000000
X_86_46                       1.000000
X_87_34                       1.000000
X_88_21                       1.000000
X_89_50                       1.000000
X_90_49                       1.000000
X_91_13                       1.000000
X_92_23                       1.000000
X_93_21                       1.000000
X_94_26                       1.000000
X_95_45                       1.000000
X_96_1                        1.000000
X_97_24                       1.000000
X_98_26                       1.000000
X_99_4                        1.000000
X_100_2                       1.000000
X_101_23                      1.000000
X_102_7                       1.000000
X_103_28                      1.000000
X_104_15                      1.000000
X_105_14                      1.000000
X_106_37                      1.000000
X_107_41                      1.000000
X_108_1                       1.000000
X_109_10                      1.000000
X_110_49                      1.000000
X_111_47                      1.000000
X_112_32                      1.000000
X_113_49                      1.000000
X_114_16                      1.000000
X_115_19                      1.000000
X_116_14                      1.000000
X_117_4                       1.000000
X_118_28                      1.000000
X_119_12                      1.000000
X_120_20                      1.000000
X_121_50                      1.000000
X_122_9                       1.000000
X_123_47                      1.000000
X_124_47                      1.000000
X_125_3                       1.000000
X_126_31                      1.000000
X_127_50                      1.000000
X_128_11                      1.000000
X_129_43                      1.000000
X_130_41                      1.000000
X_131_23                      1.000000
X_132_8                       1.000000
X_133_14                      1.000000
X_134_19                      1.000000
X_135_24                      1.000000
X_136_7                       1.000000
X_137_5                       1.000000
X_138_45                      1.000000
X_139_18                      1.000000
X_140_31                      1.000000
X_141_32                      1.000000
X_142_32                      1.000000
X_143_38                      1.000000
X_144_25                      1.000000
X_145_33                      1.000000
X_146_8                       1.000000
X_147_22                      1.000000
X_148_24                      1.000000
X_149_42                      1.000000
X_150_36                      1.000000
X_151_15                      1.000000
X_152_10                      1.000000
X_153_21                      1.000000
X_154_5                       1.000000
X_155_40                      1.000000
X_156_17                      1.000000
X_157_9                       1.000000
X_158_25                      1.000000
X_159_4                       1.000000
X_160_36                      1.000000
X_161_10                      1.000000
X_162_29                      1.000000
X_163_6                       1.000000
X_164_38                      1.000000
X_165_11                      1.000000
X_166_6                       1.000000
X_167_36                      1.000000
X_168_30                      1.000000
X_169_39                      1.000000
X_170_26                      1.000000
X_171_19                      1.000000
X_172_27                      1.000000
X_173_1                       1.000000
X_174_48                      1.000000
X_175_6                       1.000000
X_176_12                      1.000000
X_177_27                      1.000000
X_178_22                      1.000000
X_179_13                      1.000000
X_180_18                      1.000000
X_181_20                      1.000000
X_182_12                      1.000000
X_183_43                      1.000000
X_184_42                      1.000000
X_185_31                      1.000000
X_186_48                      1.000000
X_187_33                      1.000000
X_188_17                      1.000000
X_189_30                      1.000000
X_190_34                      1.000000
X_191_41                      1.000000
X_192_33                      1.000000
X_193_17                      1.000000
X_194_35                      1.000000
X_195_27                      1.000000
X_196_45                      1.000000
X_197_35                      1.000000
X_198_49                      1.000000
X_199_5                       1.000000
X_200_11                      1.000000
All other variables in the range 1-10001 are 0.
