
Log started (V11.0.0) Sun May 18 01:03:36 2008

Tried aggregator 1 time.
Reduced MIP has 530 rows, 15001 columns, and 30030 nonzeros.
Presolve time =    0.11 sec.
Clique table members: 500.
MIP emphasis: balance optimality and feasibility.
MIP search method: dynamic search.
Parallel mode: none, using 1 thread.
Root relaxation solution time =    1.72 sec.

        Nodes                                         Cuts/
   Node  Left     Objective  IInf  Best Integer     Best Node    ItCnt     Gap

*     0+    0                        55066.0000     1671.6667      836   96.96%
*     0+    0                         1711.0000     1671.6667      836    2.30%
      0     0     1672.0000    56     1711.0000      Fract: 6      889    2.28%
      0     0     1672.0000    63     1711.0000     Covers: 2     1166    2.28%
      0     0     1672.0000    62     1711.0000     Covers: 1     1264    2.28%
*     0+    0                         1709.0000     1672.0000     1264    2.17%
*     0+    0                         1708.0000     1672.0000     1264    2.11%
*     0+    0                         1706.0000     1672.0000     1264    1.99%
      0     2     1672.0000    62     1706.0000     1672.0000     1264    1.99%
*    30+   30                         1705.0000     1672.0000     2019    1.94%
    100    98     1673.0000    54     1705.0000     1672.0000     3274    1.94%
    200   191     1673.0000    53     1705.0000     1672.0000     6741    1.94%
    300   227     1675.8458    57     1705.0000     1672.0000     9503    1.94%
    400   311     1677.0000    50     1705.0000     1672.0000    12044    1.94%
    500   401     1677.0074    57     1705.0000     1672.0000    15476    1.94%
    600   438     1693.0000    56     1705.0000     1693.0000    24575    0.70%
    700   467     1693.0000    59     1705.0000     1693.0000    26560    0.70%
    800   486     1694.0000    56     1705.0000     1693.0000    29471    0.70%
    900   516     1694.0000    57     1705.0000     1693.0000    31939    0.70%
   1000   475     1694.0000    57     1705.0000     1693.0000    33862    0.70%
Elapsed time = 121.00 sec. (tree size =  5.24 MB, solutions = 6)
   1100   518     1695.0000    51     1705.0000     1693.0000    36694    0.70%
   1200   618     1695.0000    54     1705.0000     1693.0000    37845    0.70%
   1300   718     1695.0000    57     1705.0000     1693.0000    40227    0.70%
   1400   813     1696.0000    54     1705.0000     1693.0000    42577    0.70%
   1500   913     1696.0000    53     1705.0000     1693.0000    43905    0.70%
   1600  1006     1697.0000    55     1705.0000     1693.0000    47483    0.70%
   1700  1088     1699.0000    52     1705.0000     1693.0000    51111    0.70%
   1800  1176     1702.0000    52     1705.0000     1693.0000    53468    0.70%
   1900  1266    infeasible           1705.0000     1693.0000    55097    0.70%
   2000  1352     1693.0000    57     1705.0000     1693.0000    59155    0.70%
Elapsed time = 172.63 sec. (tree size = 16.21 MB, solutions = 6)
   2100  1452     1693.0000    57     1705.0000     1693.0000    60141    0.70%
   2200  1552     1693.0000    58     1705.0000     1693.0000    61169    0.70%
   2300  1646    infeasible           1705.0000     1693.0000    62781    0.70%
   2400  1732     1693.2894   129     1705.0000     1693.0000    66376    0.70%
   2500  1831     1694.0000    56     1705.0000     1693.0000    68623    0.70%
   2600  1931     1694.0000    57     1705.0000     1693.0000    71234    0.70%
   2700  2031     1694.0000    60     1705.0000     1693.0000    72796    0.70%
   2800  2131     1694.0000    64     1705.0000     1693.0000    75140    0.70%
   2900  2231     1694.0000    64     1705.0000     1693.0000    79559    0.70%
   3000  2331     1694.0000    66     1705.0000     1693.0000    83927    0.70%
Elapsed time = 231.89 sec. (tree size = 28.58 MB, solutions = 6)
   3100  2430     1694.0000    59     1705.0000     1693.0000    91825    0.70%
   3200  2530     1694.0000    79     1705.0000     1693.0000   103486    0.70%
   3300  2620     1696.8928    56     1705.0000     1693.0000   115870    0.70%
   3400  2689     1699.0000    56     1705.0000     1693.0000   120193    0.70%
   3500  2750     1701.4024    51     1705.0000     1693.0000   126263    0.70%
   3600  2810     1700.0000    52     1705.0000     1693.0000   130962    0.70%
   3700  2881     1702.0312    55     1705.0000     1693.0000   137393    0.70%
   3800  2936     1701.0000    51     1705.0000     1693.0000   144342    0.70%
   3900  2990     1704.0000    50     1705.0000     1693.0000   153181    0.70%
   4000  3001     1697.0000    53     1705.0000     1693.0000   249461    0.70%
Elapsed time = 400.86 sec. (tree size = 37.46 MB, solutions = 6)
   4100  3101     1697.0000    52     1705.0000     1693.0000   250373    0.70%
   4200  3201     1697.0000    46     1705.0000     1693.0000   251645    0.70%
   4300  3301     1697.0000    46     1705.0000     1693.0000   254192    0.70%
   4400  3401     1697.0000    56     1705.0000     1693.0000   258305    0.70%
   4500  3501     1697.0000    54     1705.0000     1693.0000   264199    0.70%
   4600  3600     1698.0000    50     1705.0000     1693.0000   272037    0.70%
   4700  3700     1698.0000    58     1705.0000     1693.0000   278230    0.70%
   4800  3800     1698.0000    54     1705.0000     1693.0000   291291    0.70%
   4900  3896     1699.0000    52     1705.0000     1693.0000   305649    0.70%
   5000  3981     1701.0000    46     1705.0000     1693.0000   308942    0.70%
Elapsed time = 554.00 sec. (tree size = 53.42 MB, solutions = 6)
   5100  4067     1701.0000    44     1705.0000     1693.0000   315185    0.70%
   5200  4166     1701.0000    52     1705.0000     1693.0000   317010    0.70%
   5300  4192    infeasible           1705.0000     1693.0000   319140    0.70%
   5400  4215     1704.0000    30     1705.0000     1693.0000   321892    0.70%
   5500  4311     1704.0000    31     1705.0000     1693.0000   323930    0.70%
*  5503+ 4158                         1704.0000     1693.0000   324033    0.65%
   5600  4247     1697.0000    52     1704.0000     1693.0000   331052    0.65%
   5700  4347     1697.0000    54     1704.0000     1693.0000   332536    0.65%
   5800  4447     1697.0000    50     1704.0000     1693.0000   334768    0.65%
   5900  4547     1697.0000    53     1704.0000     1693.0000   338328    0.65%
   6000  4647     1697.0000    53     1704.0000     1693.0000   343213    0.65%
Elapsed time = 626.86 sec. (tree size = 64.33 MB, solutions = 7)
   6100  4747     1697.0000    54     1704.0000     1693.0000   350269    0.65%
*  6103+ 4573                         1703.0000     1693.0000   350634    0.59%
   6200  4672     1697.0000    68     1703.0000     1693.0000   359091    0.59%
   6300  4771     1697.0000    71     1703.0000     1693.0000   371340    0.59%
   6400  4863     1698.0000    53     1703.0000     1693.0000   374681    0.59%
   6500  4956     1699.0000    54     1703.0000     1693.0000   379441    0.59%
   6600  5049     1700.0000    47     1703.0000     1693.0000   383423    0.59%
   6700  5121     1696.0000    67     1703.0000     1693.0000   402994    0.59%
   6800  5221     1696.0000    52     1703.0000     1693.0000   403925    0.59%
   6900  5321     1696.0000    48     1703.0000     1693.0000   405340    0.59%
   7000  5421     1696.0000    52     1703.0000     1693.0000   406778    0.59%
Elapsed time = 728.66 sec. (tree size = 78.06 MB, solutions = 8)
   7100  5521     1696.0000    52     1703.0000     1693.0000   408848    0.59%
   7200  5621     1696.0000    51     1703.0000     1693.0000   412864    0.59%
   7300  5721     1696.0000    92     1703.0000     1693.0000   418351    0.59%
   7400  5821     1696.0000    55     1703.0000     1693.0000   425015    0.59%
   7500  5921     1696.0000    59     1703.0000     1693.0000   433019    0.59%
   7600  6021     1696.0000    60     1703.0000     1693.0000   441765    0.59%
   7700  6121     1696.0000    59     1703.0000     1693.0000   452332    0.59%
   7800  6220     1696.0000    67     1703.0000     1693.0000   465073    0.59%
   7900  6312     1702.0000    51     1703.0000     1693.0000   487087    0.59%
   8000  6391     1697.0000    54     1703.0000     1693.0000   503191    0.59%
Elapsed time = 884.31 sec. (tree size = 94.71 MB, solutions = 8)
   8100  6491     1697.0000    57     1703.0000     1693.0000   504845    0.59%
   8200  6591     1697.0000    62     1703.0000     1693.0000   508827    0.59%
   8300  6686     1700.9731    65     1703.0000     1693.0000   517065    0.59%
   8400  6738     1695.0000    57     1703.0000     1693.0000   548240    0.59%
   8500  6838     1695.0000    52     1703.0000     1693.0000   549098    0.59%
   8600  6934     1695.0000    63     1703.0000     1693.0000   551967    0.59%
   8700  7034     1695.0000    56     1703.0000     1693.0000   553809    0.59%
   8800  7133     1696.0000    49     1703.0000     1693.0000   559364    0.59%
   8900  7233     1696.0000    55     1703.0000     1693.0000   560546    0.59%
   9000  7333     1696.0000    51     1703.0000     1693.0000   562722    0.59%
Elapsed time = 984.05 sec. (tree size = 111.20 MB, solutions = 8)
   9100  7428     1699.0000    48     1703.0000     1693.0000   568485    0.59%
*  9103+ 7167                         1702.0000     1693.0000   568502    0.53%
   9200  7251     1699.0000    55     1702.0000     1693.0000   571455    0.53%
   9300  7326     1700.0710    56     1702.0000     1693.0000   575746    0.53%
   9400  7378     1701.0000    52     1702.0000     1693.0000   584614    0.53%
   9500  7322        cutoff           1702.0000     1693.0000   633271    0.53%
   9600  7365     1695.0000    54     1702.0000     1693.0000   667114    0.53%
   9700  7457     1696.0000    51     1702.0000     1693.0000   668976    0.53%
   9800  7557     1696.0000    55     1702.0000     1693.0000   669815    0.53%
   9900  7657     1696.0000    55     1702.0000     1693.0000   671114    0.53%
  10000  7757     1696.0000    56     1702.0000     1693.0000   672722    0.53%
Elapsed time = 1100.80 sec. (tree size = 120.17 MB, solutions = 9)
  10100  7857     1696.0000    60     1702.0000     1693.0000   675375    0.53%
  10200  7948     1697.0000    49     1702.0000     1693.0000   698355    0.53%
  10300  8048     1697.0000    54     1702.0000     1693.0000   700686    0.53%
  10400  8148     1697.0000    57     1702.0000     1693.0000   703871    0.53%
Began writing nodes to disk (directory ./cpxa02652 created)
  10500  8223     1697.0000    65     1702.0000     1693.0000   723424    0.53%
  10600  8323     1697.0000    62     1702.0000     1693.0000   725122    0.53%
  10700  8422     1698.0000    53     1702.0000     1693.0000   729154    0.53%
  10800  8522     1698.0000    60     1702.0000     1693.0000   733278    0.53%
  10900  8602     1698.0000    51     1702.0000     1693.0000   758060    0.53%
  11000  8702     1698.0000    47     1702.0000     1693.0000   759633    0.53%
Elapsed time = 1218.47 sec. (tree size = 137.35 MB, solutions = 9)
Nodefile size =  9.81 MB (6.21 MB after compression)
  11100  8802     1698.0000    60     1702.0000     1693.0000   762257    0.53%
  11200  8902     1698.0000    52     1702.0000     1693.0000   767109    0.53%
  11300  9002     1698.0000    52     1702.0000     1693.0000   774773    0.53%
  11400  9102     1698.0000    52     1702.0000     1693.0000   782401    0.53%
  11500  9202     1698.0000    54     1702.0000     1693.0000   788169    0.53%
  11600  9297     1698.0065    75     1702.0000     1693.0000   796453    0.53%
  11700  9390     1699.0000    55     1702.0000     1693.0000   804059    0.53%
  11800  9487     1700.0000    53     1702.0000     1693.0000   809361    0.53%
  11900  9578     1700.0000    46     1702.0000     1693.0000   822660    0.53%
  12000  9668     1700.0000    56     1702.0000     1693.0000   838284    0.53%
Elapsed time = 1342.55 sec. (tree size = 155.66 MB, solutions = 9)
Nodefile size = 28.64 MB (21.15 MB after compression)
  12100  9691     1699.0000    62     1702.0000     1693.0000   937169    0.53%
  12200  9791     1699.0000    52     1702.0000     1693.0000   938902    0.53%
  12300  9891     1699.0000    50     1702.0000     1693.0000   944148    0.53%
  12400  9991     1699.0000    56     1702.0000     1693.0000   949662    0.53%
  12500 10087     1700.0000    40     1702.0000     1693.0000   959597    0.53%
  12600 10186     1700.0000    56     1702.0000     1693.0000   969283    0.53%
  12700 10285     1700.0000    58     1702.0000     1693.0000   977497    0.53%
  12800 10378     1700.0000    61     1702.0000     1693.0000   992552    0.53%
  12900 10465     1701.0000    54     1702.0000     1693.0000  1008049    0.53%
  13000 10549     1699.0000    56     1702.0000     1693.0000  1039066    0.53%
Elapsed time = 1574.31 sec. (tree size = 172.39 MB, solutions = 9)
Nodefile size = 44.49 MB (33.98 MB after compression)
  13100 10649     1699.0000    70     1702.0000     1693.0000  1040920    0.53%
  13200 10748     1700.0000    44     1702.0000     1693.0000  1046827    0.53%
  13300 10769     1698.0000    58     1702.0000     1693.0000  1114175    0.53%
  13400 10869     1698.0000    50     1702.0000     1693.0000  1115818    0.53%
  13500 10969     1698.0000    60     1702.0000     1693.0000  1118579    0.53%
  13600 11069     1698.0000    48     1702.0000     1693.0000  1122247    0.53%
  13700 11169     1698.0000    48     1702.0000     1693.0000  1127539    0.53%
  13800 11269     1698.0000    51     1702.0000     1693.0000  1139677    0.53%
  13900 11369     1698.0000    61     1702.0000     1693.0000  1151972    0.53%
  14000 11461     1699.0000    53     1702.0000     1693.0000  1166980    0.53%
Elapsed time = 1742.77 sec. (tree size = 189.71 MB, solutions = 9)
Nodefile size = 62.29 MB (48.23 MB after compression)
  14100 11553     1699.0000    52     1702.0000     1693.0000  1171767    0.53%
  14200 11651     1700.0000    47     1702.0000     1693.0000  1175993    0.53%
  14300 11739    infeasible           1702.0000     1693.0000  1180692    0.53%
  14400 11804     1698.0000    48     1702.0000     1693.0000  1236202    0.53%
  14500 11904     1698.0000    54     1702.0000     1693.0000  1238289    0.53%
  14600 12004     1698.0000    66     1702.0000     1693.0000  1243024    0.53%
  14700 12102     1700.0000    53     1702.0000     1693.0000  1250735    0.53%
  14800 12136     1698.0000    66     1702.0000     1693.0000  1304559    0.53%
  14900 12236     1698.0000    52     1702.0000     1693.0000  1305774    0.53%
  15000 12336     1698.0000    49     1702.0000     1693.0000  1307853    0.53%
Elapsed time = 1902.06 sec. (tree size = 206.72 MB, solutions = 9)
Nodefile size = 79.12 MB (61.41 MB after compression)
  15100 12436     1698.0000    75     1702.0000     1693.0000  1311424    0.53%
  15200 12536     1698.0000    52     1702.0000     1693.0000  1317497    0.53%
  15300 12636     1698.0000    53     1702.0000     1693.0000  1323188    0.53%
  15400 12736     1698.0000    53     1702.0000     1693.0000  1331187    0.53%
  15500 12836     1698.0000    52     1702.0000     1693.0000  1345959    0.53%
  15600 12935     1698.0000    54     1702.0000     1693.0000  1365450    0.53%
  15700 12997     1696.0000    70     1702.0000     1693.0000  1413445    0.53%
  15800 13097     1696.0000    54     1702.0000     1693.0000  1414531    0.53%
  15900 13197     1696.0000    60     1702.0000     1693.0000  1416709    0.53%
  16000 13287     1696.0000    64     1702.0000     1693.0000  1420168    0.53%
Elapsed time = 2085.84 sec. (tree size = 225.29 MB, solutions = 9)
Nodefile size = 97.94 MB (76.51 MB after compression)
  16100 13340     1697.0000    76     1702.0000     1693.0000  1423578    0.53%
  16200 13428     1698.0000    42     1702.0000     1693.0000  1456553    0.53%
  16300 13528     1698.0000    50     1702.0000     1693.0000  1458123    0.53%
  16400 13628     1698.0000    54     1702.0000     1693.0000  1461197    0.53%
  16500 13728     1698.0000    60     1702.0000     1693.0000  1465793    0.53%
  16600 13828     1698.0000    75     1702.0000     1693.0000  1473754    0.53%
  16700 13928     1698.0000    54     1702.0000     1693.0000  1484035    0.53%
  16800 14028     1698.0000    61     1702.0000     1693.0000  1494863    0.53%
  16900 14123     1699.0000    59     1702.0000     1693.0000  1526228    0.53%
  17000 14223     1699.0000    66     1702.0000     1693.0000  1535967    0.53%
Elapsed time = 2258.20 sec. (tree size = 243.82 MB, solutions = 9)
Nodefile size = 116.76 MB (91.78 MB after compression)
  17100 14322     1699.0000    59     1702.0000     1693.0000  1543258    0.53%
  17200 14410     1700.0000    44     1702.0000     1693.0000  1547576    0.53%
  17300 14501    infeasible           1702.0000     1693.0000  1552646    0.53%
  17400 14527     1697.0000    56     1702.0000     1693.0000  1627795    0.53%
  17500 14627     1697.0000    58     1702.0000     1693.0000  1629237    0.53%
  17600 14727     1697.0000    58     1702.0000     1693.0000  1632981    0.53%
  17700 14827     1697.0000    56     1702.0000     1693.0000  1636078    0.53%
  17800 14927     1697.0000    55     1702.0000     1693.0000  1647419    0.53%
  17900 15026     1697.0000    77     1702.0000     1693.0000  1661433    0.53%
  18000 15124     1698.0000    48     1702.0000     1693.0000  1665027    0.53%
Elapsed time = 2438.97 sec. (tree size = 262.18 MB, solutions = 9)
Nodefile size = 134.60 MB (106.15 MB after compression)
  18100 15224     1698.0000    51     1702.0000     1693.0000  1670688    0.53%
  18200 15324     1698.0000    59     1702.0000     1693.0000  1678933    0.53%
  18300 15409     1694.0000    62     1702.0000     1693.0000  1757839    0.53%
  18400 15498     1694.0000    59     1702.0000     1693.0000  1758586    0.53%
  18500 15588     1695.0000    56     1702.0000     1693.0000  1762526    0.53%
  18600 15688     1695.0000    54     1702.0000     1693.0000  1763560    0.53%
  18700 15788     1695.0000    54     1702.0000     1693.0000  1764805    0.53%
  18800 15888     1695.0000    57     1702.0000     1693.0000  1767066    0.53%
  18900 15988     1695.0000    58     1702.0000     1693.0000  1770064    0.53%
  19000 16088     1695.0000    50     1702.0000     1693.0000  1774265    0.53%
Elapsed time = 2629.22 sec. (tree size = 282.26 MB, solutions = 9)
Nodefile size = 154.43 MB (121.95 MB after compression)
  19100 16188     1695.0000    62     1702.0000     1693.0000  1780582    0.53%
  19200 16286     1697.0000    56     1702.0000     1693.0000  1786750    0.53%
  19300 16374     1698.0000    49     1702.0000     1693.0000  1789531    0.53%
  19400 16431     1697.0000    66     1702.0000     1693.0000  1850316    0.53%
  19500 16531     1697.0000    48     1702.0000     1693.0000  1851664    0.53%
  19600 16631     1697.0000    57     1702.0000     1693.0000  1854335    0.53%
  19700 16731     1697.0000    54     1702.0000     1693.0000  1859610    0.53%
  19800 16830     1697.0000    52     1702.0000     1693.0000  1867450    0.53%
  19900 16930     1697.0000    52     1702.0000     1693.0000  1877004    0.53%
  20000 17029     1697.0000    54     1702.0000     1693.0000  1888351    0.53%
Elapsed time = 2788.38 sec. (tree size = 301.81 MB, solutions = 9)
Nodefile size = 174.26 MB (137.60 MB after compression)
  20100 17121     1697.0000    65     1702.0000     1693.0000  1901386    0.53%
  20200 17220     1698.0000    54     1702.0000     1693.0000  1908005    0.53%
  20300 17320     1698.0000    52     1702.0000     1693.0000  1927376    0.53%
  20400 17417     1699.0000    49     1702.0000     1693.0000  1936574    0.53%
  20500 17493     1699.0000    58     1702.0000     1693.0000  1949980    0.53%
  20600 17547     1695.0000    85     1702.0000     1693.0000  2067788    0.53%
  20700 17639     1695.0000    54     1702.0000     1693.0000  2068532    0.53%
  20800 17694     1696.0000    56     1702.0000     1693.0000  2070315    0.53%
  20900 17794     1696.0000    59     1702.0000     1693.0000  2071779    0.53%
  21000 17888     1700.0000    54     1702.0000     1693.0000  2076147    0.53%
Elapsed time = 3043.63 sec. (tree size = 320.19 MB, solutions = 9)
Nodefile size = 193.08 MB (152.76 MB after compression)
  21100 17937        cutoff           1702.0000     1693.0000  2174132    0.53%
  21200 17837        cutoff           1702.0000     1693.0000  2340615    0.53%
  21300 17894     1697.0000    60     1702.0000     1693.0000  2411226    0.53%
  21400 17994     1697.0000    55     1702.0000     1693.0000  2412360    0.53%
  21500 18094     1697.0000    50     1702.0000     1693.0000  2414281    0.53%
  21600 18194     1697.0000    50     1702.0000     1693.0000  2417911    0.53%
  21700 18294     1697.0000    60     1702.0000     1693.0000  2422788    0.53%
  21800 18394     1697.0000    60     1702.0000     1693.0000  2430051    0.53%
  21900 18494     1697.0000    72     1702.0000     1693.0000  2441360    0.53%
  22000 18593     1697.0000    72     1702.0000     1693.0000  2454976    0.53%
Elapsed time = 3512.28 sec. (tree size = 336.25 MB, solutions = 9)
Nodefile size = 208.91 MB (165.79 MB after compression)
  22100 18691     1697.0000    73     1702.0000     1693.0000  2464447    0.53%
  22200 18789     1698.0000    48     1702.0000     1693.0000  2474318    0.53%
  22300 18889     1698.0000    54     1702.0000     1693.0000  2478926    0.53%
  22400 18989     1698.0000    66     1702.0000     1693.0000  2486140    0.53%
  22500 19087     1699.0000    60     1702.0000     1693.0000  2497443    0.53%
  22600 19180     1697.0000    52     1702.0000     1693.0000  2547533    0.53%
  22700 19280     1697.0000    49     1702.0000     1693.0000  2548767    0.53%
  22800 19380     1697.0000    52     1702.0000     1693.0000  2550959    0.53%
  22900 19480     1697.0000    52     1702.0000     1693.0000  2554080    0.53%
  23000 19580     1697.0000    60     1702.0000     1693.0000  2559008    0.53%
Elapsed time = 3701.70 sec. (tree size = 357.34 MB, solutions = 9)
Nodefile size = 229.67 MB (182.64 MB after compression)
  23100 19680     1697.0000    55     1702.0000     1693.0000  2566443    0.53%
  23200 19777     1697.0000    58     1702.0000     1693.0000  2596968    0.53%
  23300 19873     1700.0000    55     1702.0000     1693.0000  2606991    0.53%
  23400 19973     1700.0000    56     1702.0000     1693.0000  2610752    0.53%
  23500 20067     1701.0000    50     1702.0000     1693.0000  2615544    0.53%
  23600 20100     1694.0000   172     1702.0000     1693.0000  2707328    0.53%
  23700 20200     1694.0000    58     1702.0000     1693.0000  2708128    0.53%
  23800 20300     1694.0000    59     1702.0000     1693.0000  2709060    0.53%
  23900 20400     1694.0000    58     1702.0000     1693.0000  2710648    0.53%
  24000 20489     1695.0000    54     1702.0000     1693.0000  2716516    0.53%
Elapsed time = 3922.39 sec. (tree size = 377.18 MB, solutions = 9)
Nodefile size = 249.49 MB (198.38 MB after compression)
  24100 20589     1695.0000    54     1702.0000     1693.0000  2717744    0.53%
  24200 20689     1695.0000    60     1702.0000     1693.0000  2719376    0.53%
  24300 20789     1695.0000    53     1702.0000     1693.0000  2722706    0.53%
  24400 20877     1696.0000    57     1702.0000     1693.0000  2728806    0.53%
  24500 20976     1696.0000    62     1702.0000     1693.0000  2733380    0.53%
  24600 21061     1698.6672    53     1702.0000     1693.0000  2739876    0.53%
  24700 21117     1697.0000    47     1702.0000     1693.0000  2746362    0.53%
  24800 21170     1698.8027    53     1702.0000     1693.0000  2750633    0.53%
  24900 21223     1699.0109    51     1702.0000     1693.0000  2754958    0.53%
  25000 21261        cutoff           1702.0000     1693.0000  2756131    0.53%
Elapsed time = 3996.84 sec. (tree size = 394.52 MB, solutions = 9)
Nodefile size = 267.29 MB (211.81 MB after compression)
  25100 21271        cutoff           1702.0000     1693.0000  2757242    0.53%
  25200 21273        cutoff           1702.0000     1693.0000  2758433    0.53%
  25300 21175        cutoff           1702.0000     1693.0000  2997184    0.53%
  25400 21261     1693.0000    59     1702.0000     1693.0000  3010362    0.53%
  25500 21361     1693.0000    61     1702.0000     1693.0000  3012586    0.53%
  25600 21461     1693.0000    63     1702.0000     1693.0000  3014074    0.53%
  25700 21531     1693.0000    64     1702.0000     1693.0000  3016076    0.53%
  25800 21608     1694.0000    57     1702.0000     1693.0000  3018035    0.53%
  25900 21707     1695.0000    51     1702.0000     1693.0000  3020504    0.53%
  26000 21807     1695.0000    54     1702.0000     1693.0000  3022793    0.53%
Elapsed time = 4306.39 sec. (tree size = 407.56 MB, solutions = 9)
Nodefile size = 279.90 MB (220.82 MB after compression)
  26100 21907     1695.0000    58     1702.0000     1693.0000  3026845    0.53%
  26200 22005     1696.0000    50     1702.0000     1693.0000  3029312    0.53%
  26300 22105     1696.0000    57     1702.0000     1693.0000  3032156    0.53%
  26400 22205     1696.0000    59     1702.0000     1693.0000  3036303    0.53%
  26500 22301     1700.0000    46     1702.0000     1693.0000  3038775    0.53%
  26600 22381     1701.0000    45     1702.0000     1693.0000  3040309    0.53%
  26700 22433     1701.0000    47     1702.0000     1693.0000  3044638    0.53%
  26800 22492     1694.0000    56     1702.0000     1693.0000  3049082    0.53%
  26900 22591     1695.0000    58     1702.0000     1693.0000  3051110    0.53%
  27000 22689     1697.0000    50     1702.0000     1693.0000  3053147    0.53%
Elapsed time = 4387.63 sec. (tree size = 427.74 MB, solutions = 9)
Nodefile size = 300.67 MB (237.34 MB after compression)
  27100 22789     1697.0000    51     1702.0000     1693.0000  3054703    0.53%
  27200 22887     1699.0000    49     1702.0000     1693.0000  3056838    0.53%
  27300 22934     1701.0000    54     1702.0000     1693.0000  3060770    0.53%
  27400 22996        cutoff           1702.0000     1693.0000  3063547    0.53%
  27500 23014        cutoff           1702.0000     1693.0000  3064642    0.53%
  27600 23022        cutoff           1702.0000     1693.0000  3065999    0.53%
  27700 23082     1695.0000    52     1702.0000     1693.0000  3068320    0.53%
  27800 23182     1695.0000    69     1702.0000     1693.0000  3071492    0.53%
  27900 23279     1700.0000    50     1702.0000     1693.0000  3074507    0.53%
  28000 23372     1693.0000    63     1702.0000     1693.0000  3077920    0.53%
Elapsed time = 4454.17 sec. (tree size = 443.90 MB, solutions = 9)
Nodefile size = 316.40 MB (249.86 MB after compression)
  28100 23453     1693.0000    56     1702.0000     1693.0000  3079283    0.53%
  28200 23530     1694.0000    53     1702.0000     1693.0000  3081544    0.53%
  28300 23624     1695.0000    52     1702.0000     1693.0000  3083544    0.53%
  28400 23688     1701.0000    46     1702.0000     1693.0000  3085706    0.53%
  28500 23734    infeasible           1702.0000     1693.0000  3091958    0.53%
  28600 23750     1701.0000    49     1702.0000     1693.0000  3095758    0.53%
  28700 23835     1693.0000    61     1702.0000     1693.0000  3103634    0.53%
  28800 23935     1693.1403   129     1702.0000     1693.0000  3130890    0.53%
  28900 24031     1693.0000    64     1702.0000     1693.0000  3164560    0.53%
  29000 24125     1694.0000    55     1702.0000     1693.0000  3185201    0.53%
Elapsed time = 4659.30 sec. (tree size = 462.06 MB, solutions = 9)
Nodefile size = 334.55 MB (263.77 MB after compression)
  29100 24224     1694.0000    57     1702.0000     1693.0000  3188285    0.53%
  29200 24315     1694.0000    54     1702.0000     1693.0000  3212041    0.53%
  29300 24394     1695.0000    72     1702.0000     1693.0000  3263037    0.53%
  29400 24494     1695.0000    68     1702.0000     1693.0000  3266790    0.53%
  29500 24587     1696.0000    48     1702.0000     1693.0000  3270657    0.53%
  29600 24686     1696.0000    50     1702.0000     1693.0000  3272030    0.53%
  29700 24779     1700.0000    50     1702.0000     1693.0000  3274979    0.53%
  29800 24829        cutoff           1702.0000     1693.0000  3279070    0.53%
  29900 24928     1698.0000    56     1702.0000     1693.0000  3285885    0.53%
  30000 25027     1701.0000    47     1702.0000     1693.0000  3288250    0.53%
Elapsed time = 4821.53 sec. (tree size = 484.55 MB, solutions = 9)
Nodefile size = 357.26 MB (281.54 MB after compression)
  30100 25096     1699.0000    50     1702.0000     1693.0000  3297696    0.53%
  30200 25196     1699.0000    61     1702.0000     1693.0000  3300002    0.53%
  30300 25287        cutoff           1702.0000     1693.0000  3302104    0.53%
  30400 25374     1699.0000    50     1702.0000     1693.0000  3306647    0.53%
  30500 25473     1700.0000    66     1702.0000     1693.0000  3310094    0.53%
  30600 25568     1699.0000    46     1702.0000     1693.0000  3315960    0.53%
  30700 25668     1699.0000    49     1702.0000     1693.0000  3317885    0.53%
  30800 25767     1699.0000    63     1702.0000     1693.0000  3322007    0.53%
  30900 25865     1699.0000    60     1702.0000     1693.0000  3330976    0.53%
  31000 25962     1699.0000    69     1702.0000     1693.0000  3339899    0.53%
Elapsed time = 4917.14 sec. (tree size = 508.99 MB, solutions = 9)
Nodefile size = 381.91 MB (302.10 MB after compression)
  31100 26042     1699.0000    67     1702.0000     1693.0000  3349309    0.53%
  31200 26104        cutoff           1702.0000     1693.0000  3356090    0.53%
  31300 26169     1700.0000    50     1702.0000     1693.0000  3366233    0.53%
  31400 26256     1701.0000    63     1702.0000     1693.0000  3375882    0.53%
  31500 26324     1701.0000    50     1702.0000     1693.0000  3389749    0.53%
  31600 26405     1694.0000    54     1702.0000     1693.0000  3397104    0.53%
  31700 26480        cutoff           1702.0000     1693.0000  3398479    0.53%
  31800 26558     1695.0000    54     1702.0000     1693.0000  3400066    0.53%
  31900 26657     1696.0000    55     1702.0000     1693.0000  3401922    0.53%
  32000 26757     1696.0000    56     1702.0000     1693.0000  3404306    0.53%
Elapsed time = 5019.02 sec. (tree size = 530.46 MB, solutions = 9)
Nodefile size = 403.42 MB (319.80 MB after compression)
  32100 26840     1694.0000    58     1702.0000     1693.0000  3410684    0.53%
  32200 26938     1696.0000    55     1702.0000     1693.0000  3412996    0.53%
  32300 27037     1697.0000    50     1702.0000     1693.0000  3415000    0.53%
  32400 27135     1699.0000    52     1702.0000     1693.0000  3417321    0.53%
  32500 27228     1693.0000    70     1702.0000     1693.0000  3421760    0.53%
  32600 27327     1694.0000    62     1702.0000     1693.0000  3425708    0.53%
  32700 27425     1696.0000    52     1702.0000     1693.0000  3428984    0.53%
  32800 27525     1696.0000    79     1702.0000     1693.0000  3431825    0.53%
  32900 27612     1694.0000    61     1702.0000     1693.0000  3436351    0.53%
  33000 27712     1694.0000    54     1702.0000     1693.0000  3437551    0.53%
Elapsed time = 5105.52 sec. (tree size = 557.08 MB, solutions = 9)
Nodefile size = 430.07 MB (341.29 MB after compression)
  33100 27808     1695.0000    50     1702.0000     1693.0000  3446422    0.53%
  33200 27908     1695.0000    54     1702.0000     1693.0000  3447866    0.53%
  33300 28008     1695.0000    56     1702.0000     1693.0000  3450424    0.53%
  33400 28108     1695.0000    56     1702.0000     1693.0000  3453634    0.53%
  33500 28208     1695.0000    53     1702.0000     1693.0000  3459035    0.53%
  33600 28307     1695.0000    71     1702.0000     1693.0000  3464154    0.53%
  33700 28398     1698.0622    62     1702.0000     1693.0000  3469446    0.53%
  33800 28461     1694.0000    91     1702.0000     1693.0000  3476152    0.53%
  33900 28557        cutoff           1702.0000     1693.0000  3477412    0.53%
  34000 28652     1695.0000    71     1702.0000     1693.0000  3480697    0.53%
Elapsed time = 5225.91 sec. (tree size = 583.96 MB, solutions = 9)
Nodefile size = 456.48 MB (362.30 MB after compression)
  34100 28751     1696.0000    62     1702.0000     1693.0000  3483703    0.53%
  34200 28840     1700.0000    47     1702.0000     1693.0000  3485893    0.53%
  34300 28903     1694.0000    54     1702.0000     1693.0000  3491657    0.53%
  34400 29003     1694.0000    65     1702.0000     1693.0000  3493179    0.53%
  34500 29092     1696.0000    49     1702.0000     1693.0000  3495075    0.53%
  34600 29184     1696.0000    54     1702.0000     1693.0000  3496759    0.53%
  34700 29281     1701.0000    46     1702.0000     1693.0000  3498538    0.53%
  34800 29370     1696.0000    52     1702.0000     1693.0000  3508582    0.53%
  34900 29470     1696.0000    53     1702.0000     1693.0000  3509780    0.53%
  35000 29570     1696.0000    67     1702.0000     1693.0000  3512479    0.53%
Elapsed time = 5304.28 sec. (tree size = 610.46 MB, solutions = 9)
Nodefile size = 483.10 MB (384.40 MB after compression)
  35100 29669     1697.0000    49     1702.0000     1693.0000  3515803    0.53%
  35200 29751     1694.0000   297     1702.0000     1693.0000  3530389    0.53%
  35300 29851     1694.0000    58     1702.0000     1693.0000  3532384    0.53%
  35400 29940     1694.0000    60     1702.0000     1693.0000  3534141    0.53%
  35500 30031     1695.0000    47     1702.0000     1693.0000  3537281    0.53%
  35600 30129     1695.0000    52     1702.0000     1693.0000  3541958    0.53%
  35700 30228     1695.0000    54     1702.0000     1693.0000  3551944    0.53%
  35800 30326     1696.0000    50     1702.0000     1693.0000  3560805    0.53%
  35900 30423     1697.0000    45     1702.0000     1693.0000  3566962    0.53%
  36000 30517     1697.0000    57     1702.0000     1693.0000  3572659    0.53%
Elapsed time = 5434.84 sec. (tree size = 638.57 MB, solutions = 9)
Nodefile size = 511.42 MB (407.26 MB after compression)
  36100 30597     1700.6414    49     1702.0000     1693.0000  3578760    0.53%
  36200 30670     1699.0000    48     1702.0000     1693.0000  3588591    0.53%
  36300 30699        cutoff           1702.0000     1693.0000  3595756    0.53%
  36400 30719        cutoff           1702.0000     1693.0000  3599832    0.53%
  36500 30749     1700.0000    47     1702.0000     1693.0000  3603896    0.53%
  36600 30770     1694.0000   124     1702.0000     1693.0000  3616872    0.53%
  36700 30869     1695.0000    50     1702.0000     1693.0000  3618065    0.53%
  36800 30969     1695.0000    53     1702.0000     1693.0000  3619944    0.53%
  36900 31067     1697.0000    70     1702.0000     1693.0000  3624138    0.53%
  37000 31164     1698.0000    59     1702.0000     1693.0000  3627839    0.53%
Elapsed time = 5541.08 sec. (tree size = 657.80 MB, solutions = 9)
Nodefile size = 530.08 MB (422.65 MB after compression)
  37100 31253     1695.0000    67     1702.0000     1693.0000  3654704    0.53%
  37200 31353     1695.0000    56     1702.0000     1693.0000  3656147    0.53%
  37300 31452     1696.0000    51     1702.0000     1693.0000  3659193    0.53%
  37400 31552     1696.0000    54     1702.0000     1693.0000  3661390    0.53%
  37500 31649     1699.0000    54     1702.0000     1693.0000  3663964    0.53%
  37600 31740     1695.0000    54     1702.0000     1693.0000  3720817    0.53%
  37700 31839     1696.0000    52     1702.0000     1693.0000  3722219    0.53%
  37800 31939     1696.0000    50     1702.0000     1693.0000  3722947    0.53%
  37900 32039     1696.0000    53     1702.0000     1693.0000  3724090    0.53%
  38000 32139     1696.0000    51     1702.0000     1693.0000  3725028    0.53%
Elapsed time = 5777.88 sec. (tree size = 687.63 MB, solutions = 9)
Nodefile size = 559.71 MB (448.05 MB after compression)
  38100 32239     1696.0000    51     1702.0000     1693.0000  3725696    0.53%
  38200 32339     1696.0000    51     1702.0000     1693.0000  3726465    0.53%
  38300 32438     1697.0000    48     1702.0000     1693.0000  3727926    0.53%
  38400 32538     1697.0000    61     1702.0000     1693.0000  3729313    0.53%
  38500 32637     1698.0000    46     1702.0000     1693.0000  3730412    0.53%
  38600 32737     1698.0000    46     1702.0000     1693.0000  3731138    0.53%
  38700 32837     1698.0000    47     1702.0000     1693.0000  3731804    0.53%
  38800 32937     1698.0000    43     1702.0000     1693.0000  3732734    0.53%
  38900 33037     1698.0000    49     1702.0000     1693.0000  3733565    0.53%
  39000 33137     1698.0000    59     1702.0000     1693.0000  3734756    0.53%
Elapsed time = 5841.95 sec. (tree size = 718.89 MB, solutions = 9)
Nodefile size = 591.75 MB (476.21 MB after compression)
  39100 33236     1700.0000    50     1702.0000     1693.0000  3736296    0.53%
  39200 33333     1700.0000    58     1702.0000     1693.0000  3738439    0.53%
  39300 33428     1695.0000    59     1702.0000     1693.0000  3744617    0.53%
  39400 33528     1695.0000    51     1702.0000     1693.0000  3746092    0.53%
  39500 33625     1696.0000    52     1702.0000     1693.0000  3754268    0.53%
  39600 33725     1696.0000    51     1702.0000     1693.0000  3756752    0.53%
  39700 33821     1696.0000    60     1702.0000     1693.0000  3762339    0.53%
  39800 33895     1696.0000    52     1702.0000     1693.0000  3765821    0.53%
  39900 33984     1697.0000    61     1702.0000     1693.0000  3769933    0.53%
  40000 34073     1699.0000    51     1702.0000     1693.0000  3772861    0.53%
Elapsed time = 5935.67 sec. (tree size = 748.16 MB, solutions = 9)
Nodefile size = 620.18 MB (500.32 MB after compression)
  40100 34165     1694.0000    58     1702.0000     1693.0000  3778812    0.53%
  40200 34264     1695.0000    53     1702.0000     1693.0000  3781818    0.53%
  40300 34364     1695.0000    55     1702.0000     1693.0000  3783120    0.53%
  40400 34445        cutoff           1702.0000     1693.0000  3784593    0.53%
  40500 34507     1695.0000    77     1702.0000     1693.0000  3786836    0.53%
  40600 34576     1696.0000    51     1702.0000     1693.0000  3790319    0.53%
  40700 34609    infeasible           1702.0000     1693.0000  3792344    0.53%
  40800 34627    infeasible           1702.0000     1693.0000  3795241    0.53%
  40900 34715     1695.0000    54     1702.0000     1693.0000  3800418    0.53%
  41000 34813     1695.0000    52     1702.0000     1693.0000  3801533    0.53%
Elapsed time = 6012.05 sec. (tree size = 771.42 MB, solutions = 9)
Nodefile size = 643.87 MB (519.82 MB after compression)
  41100 34909     1695.0000    61     1702.0000     1693.0000  3803891    0.53%
  41200 35007     1698.0000    47     1702.0000     1693.0000  3808157    0.53%
  41300 35105     1701.0000    54     1702.0000     1693.0000  3809554    0.53%
  41400 35201     1695.0000    55     1702.0000     1693.0000  3866117    0.53%
  41500 35301     1695.0000    74     1702.0000     1693.0000  3868658    0.53%
  41600 35397     1697.0000    57     1702.0000     1693.0000  3872160    0.53%
  41700 35489     1700.0000    48     1702.0000     1693.0000  3875719    0.53%
  41800 35578     1695.0000    66     1702.0000     1693.0000  3954598    0.53%
  41900 35676     1695.0000    52     1702.0000     1693.0000  3957266    0.53%
  42000 35776     1695.0000    55     1702.0000     1693.0000  3959685    0.53%
Elapsed time = 6390.28 sec. (tree size = 802.32 MB, solutions = 9)
Nodefile size = 674.33 MB (545.74 MB after compression)
  42100 35871        cutoff           1702.0000     1693.0000  3965623    0.53%
  42200 35962     1697.0000    43     1702.0000     1693.0000  3972551    0.53%
  42300 36062     1697.0000    47     1702.0000     1693.0000  3973944    0.53%
  42400 36162     1697.0000    52     1702.0000     1693.0000  3975947    0.53%
  42500 36262     1697.0000    69     1702.0000     1693.0000  3978784    0.53%
  42600 36360     1698.0000    52     1702.0000     1693.0000  3981787    0.53%
  42700 36449     1700.0000    46     1702.0000     1693.0000  3987618    0.53%
  42800 36542     1695.0000    54     1702.0000     1693.0000  3992781    0.53%
  42900 36641     1696.0000    59     1702.0000     1693.0000  3996347    0.53%
  43000 36740     1697.0000    58     1702.0000     1693.0000  3999332    0.53%
Elapsed time = 6494.75 sec. (tree size = 833.89 MB, solutions = 9)
Nodefile size = 705.96 MB (572.43 MB after compression)
  43100 36834     1701.0000    47     1702.0000     1693.0000  4001984    0.53%
  43200 36918     1696.0000    54     1702.0000     1693.0000  4046375    0.53%
  43300 37018     1696.0000    61     1702.0000     1693.0000  4047590    0.53%
  43400 37117     1697.0000    52     1702.0000     1693.0000  4050100    0.53%
  43500 37213        cutoff           1702.0000     1693.0000  4053299    0.53%
  43600 37291     1699.0000    52     1702.0000     1693.0000  4056939    0.53%
  43700 37359     1701.0000    47     1702.0000     1693.0000  4062066    0.53%
  43800 37406     1695.0000    71     1702.0000     1693.0000  4096909    0.53%
  43900 37504     1697.0000    48     1702.0000     1693.0000  4099470    0.53%
  44000 37603     1698.0000    49     1702.0000     1693.0000  4101529    0.53%
Elapsed time = 6710.38 sec. (tree size = 862.48 MB, solutions = 9)
Nodefile size = 735.41 MB (598.28 MB after compression)
  44100 37703     1698.0000    55     1702.0000     1693.0000  4103897    0.53%
  44200 37797    infeasible           1702.0000     1693.0000  4107272    0.53%
  44300 37891     1695.0000    60     1702.0000     1693.0000  4125598    0.53%
  44400 37990     1695.0000    59     1702.0000     1693.0000  4129305    0.53%
  44500 38087     1696.0000    50     1702.0000     1693.0000  4134761    0.53%
  44600 38187     1696.0000    72     1702.0000     1693.0000  4136483    0.53%
  44700 38287     1696.0000    51     1702.0000     1693.0000  4139908    0.53%
  44800 38387     1696.0000    67     1702.0000     1693.0000  4144858    0.53%
  44900 38478     1699.0299    54     1702.0000     1693.0000  4149570    0.53%
  45000 38563     1700.0000    50     1702.0000     1693.0000  4152271    0.53%
Elapsed time = 6830.61 sec. (tree size = 894.92 MB, solutions = 9)
Nodefile size = 766.98 MB (625.82 MB after compression)
  45100 38650     1693.0000    70     1702.0000     1693.0000  4156445    0.53%
  45200 38750     1693.0000    74     1702.0000     1693.0000  4158306    0.53%
  45300 38849     1694.0000    52     1702.0000     1693.0000  4162458    0.53%
  45400 38949     1694.0000    73     1702.0000     1693.0000  4164240    0.53%
  45500 39049     1694.0000    71     1702.0000     1693.0000  4166728    0.53%
  45600 39145     1700.0000    47     1702.0000     1693.0000  4172293    0.53%
  45700 39219     1695.0000   188     1702.0000     1693.0000  4180874    0.53%
  45800 39319     1695.0000    56     1702.0000     1693.0000  4181885    0.53%
  45900 39419     1695.0000    55     1702.0000     1693.0000  4183323    0.53%
  46000 39516     1697.0000    57     1702.0000     1693.0000  4186594    0.53%
Elapsed time = 6927.77 sec. (tree size = 927.10 MB, solutions = 9)
Nodefile size = 799.34 MB (652.99 MB after compression)
  46100 39589     1699.0000    52     1702.0000     1693.0000  4195989    0.53%
  46200 39666     1700.0000    51     1702.0000     1693.0000  4202628    0.53%
  46300 39717     1701.0000    52     1702.0000     1693.0000  4214109    0.53%
  46400 39750     1696.0000   111     1702.0000     1693.0000  4223494    0.53%
  46500 39850     1696.0000    59     1702.0000     1693.0000  4225124    0.53%
  46600 39949     1697.0000    58     1702.0000     1693.0000  4227846    0.53%
  46700 40048     1698.0000    50     1702.0000     1693.0000  4230510    0.53%
  46800 40146     1700.0000    52     1702.0000     1693.0000  4232597    0.53%
  46900 40214     1700.0000    53     1702.0000     1693.0000  4237553    0.53%
  47000 40286     1698.0000    67     1702.0000     1693.0000  4254019    0.53%
Elapsed time = 7060.66 sec. (tree size = 953.98 MB, solutions = 9)
Nodefile size = 826.95 MB (676.85 MB after compression)
  47100 40386     1698.0000    74     1702.0000     1693.0000  4257383    0.53%
  47200 40483     1699.0000    62     1702.0000     1693.0000  4260577    0.53%
  47300 40581     1699.0000    50     1702.0000     1693.0000  4264111    0.53%
  47400 40677     1699.0000    54     1702.0000     1693.0000  4272441    0.53%
  47500 40774     1699.0000    65     1702.0000     1693.0000  4279967    0.53%
  47600 40863     1700.0000    49     1702.0000     1693.0000  4287508    0.53%
  47700 40950     1701.0000    49     1702.0000     1693.0000  4299753    0.53%
  47800 41027     1698.0000    65     1702.0000     1693.0000  4323158    0.53%

Cover cuts applied:  2103
Mixed integer rounding cuts applied:  47
Gomory fractional cuts applied:  14

Solution pool: 9 solutions saved.

MIP - Time limit exceeded, integer feasible:  Objective = 1.7020000000e+003
Current MIP best bound = 1.6930000000e+003 (gap = 9, 0.53%)
Solution time = 7200.08 sec.  Iterations = 4323510  Nodes = 47813 (41039)


Incumbent solution
Variable Name           Solution Value
Cmax                       1702.000000
X_1_13                        1.000000
X_2_28                        1.000000
X_3_6                         1.000000
X_4_13                        1.000000
X_5_14                        1.000000
X_6_10                        1.000000
X_7_3                         1.000000
X_8_11                        1.000000
X_9_9                         1.000000
X_10_12                       1.000000
X_11_17                       1.000000
X_12_7                        1.000000
X_13_3                        1.000000
X_14_12                       1.000000
X_15_26                       1.000000
X_16_28                       1.000000
X_17_17                       1.000000
X_18_26                       1.000000
X_19_25                       1.000000
X_20_27                       1.000000
X_21_18                       1.000000
X_22_23                       1.000000
X_23_9                        1.000000
X_24_3                        1.000000
X_25_13                       1.000000
X_26_27                       1.000000
X_27_30                       1.000000
X_28_26                       1.000000
X_29_16                       1.000000
X_30_4                        1.000000
X_31_29                       1.000000
X_32_30                       1.000000
X_33_6                        1.000000
X_34_14                       1.000000
X_35_24                       1.000000
X_36_6                        1.000000
X_37_15                       1.000000
X_38_9                        1.000000
X_39_10                       1.000000
X_40_8                        1.000000
X_41_10                       1.000000
X_42_26                       1.000000
X_43_22                       1.000000
X_44_29                       1.000000
X_45_19                       1.000000
X_46_1                        1.000000
X_47_22                       1.000000
X_48_23                       1.000000
X_49_14                       1.000000
X_50_6                        1.000000
X_51_25                       1.000000
X_52_13                       1.000000
X_53_15                       1.000000
X_54_23                       1.000000
X_55_8                        1.000000
X_56_25                       1.000000
X_57_17                       1.000000
X_58_10                       1.000000
X_59_23                       1.000000
X_60_24                       1.000000
X_61_21                       1.000000
X_62_27                       1.000000
X_63_16                       1.000000
X_64_29                       1.000000
X_65_26                       1.000000
X_66_19                       1.000000
X_67_30                       1.000000
X_68_17                       1.000000
X_69_24                       1.000000
X_70_29                       1.000000
X_71_16                       1.000000
X_72_15                       1.000000
X_73_15                       1.000000
X_74_16                       1.000000
X_75_26                       1.000000
X_76_26                       1.000000
X_77_12                       1.000000
X_78_4                        1.000000
X_79_7                        1.000000
X_80_15                       1.000000
X_81_19                       1.000000
X_82_19                       1.000000
X_83_14                       1.000000
X_84_21                       1.000000
X_85_22                       1.000000
X_86_26                       1.000000
X_87_12                       1.000000
X_88_17                       1.000000
X_89_25                       1.000000
X_90_1                        1.000000
X_91_6                        1.000000
X_92_13                       1.000000
X_93_4                        1.000000
X_94_7                        1.000000
X_95_12                       1.000000
X_96_9                        1.000000
X_97_14                       1.000000
X_98_24                       1.000000
X_99_28                       1.000000
X_100_17                      1.000000
X_101_4                       1.000000
X_102_4                       1.000000
X_103_25                      1.000000
X_104_6                       1.000000
X_105_3                       1.000000
X_106_14                      1.000000
X_107_3                       1.000000
X_108_18                      1.000000
X_109_24                      1.000000
X_110_21                      1.000000
X_111_7                       1.000000
X_112_26                      1.000000
X_113_2                       1.000000
X_114_2                       1.000000
X_115_2                       1.000000
X_116_14                      1.000000
X_117_7                       1.000000
X_118_1                       1.000000
X_119_7                       1.000000
X_120_10                      1.000000
X_121_8                       1.000000
X_122_25                      1.000000
X_123_26                      1.000000
X_124_17                      1.000000
X_125_14                      1.000000
X_126_13                      1.000000
X_127_7                       1.000000
X_128_23                      1.000000
X_129_24                      1.000000
X_130_28                      1.000000
X_131_6                       1.000000
X_132_6                       1.000000
X_133_6                       1.000000
X_134_14                      1.000000
X_135_30                      1.000000
X_136_20                      1.000000
X_137_27                      1.000000
X_138_24                      1.000000
X_139_29                      1.000000
X_140_21                      1.000000
X_141_24                      1.000000
X_142_8                       1.000000
X_143_19                      1.000000
X_144_11                      1.000000
X_145_12                      1.000000
X_146_3                       1.000000
X_147_6                       1.000000
X_148_10                      1.000000
X_149_28                      1.000000
X_150_18                      1.000000
X_151_28                      1.000000
X_152_12                      1.000000
X_153_19                      1.000000
X_154_10                      1.000000
X_155_20                      1.000000
X_156_1                       1.000000
X_157_30                      1.000000
X_158_28                      1.000000
X_159_6                       1.000000
X_160_21                      1.000000
X_161_4                       1.000000
X_162_12                      1.000000
X_163_8                       1.000000
X_164_20                      1.000000
X_165_30                      1.000000
X_166_19                      1.000000
X_167_21                      1.000000
X_168_3                       1.000000
X_169_5                       1.000000
X_170_19                      1.000000
X_171_29                      1.000000
X_172_6                       1.000000
X_173_4                       1.000000
X_174_29                      1.000000
X_175_8                       1.000000
X_176_13                      1.000000
X_177_7                       1.000000
X_178_2                       1.000000
X_179_25                      1.000000
X_180_16                      1.000000
X_181_16                      1.000000
X_182_12                      1.000000
X_183_5                       1.000000
X_184_14                      1.000000
X_185_27                      1.000000
X_186_16                      1.000000
X_187_13                      1.000000
X_188_24                      1.000000
X_189_21                      1.000000
X_190_28                      1.000000
X_191_25                      1.000000
X_192_5                       1.000000
X_193_2                       1.000000
X_194_3                       1.000000
X_195_29                      1.000000
X_196_19                      1.000000
X_197_20                      1.000000
X_198_13                      1.000000
X_199_4                       1.000000
X_200_21                      1.000000
X_201_21                      1.000000
X_202_29                      1.000000
X_203_2                       1.000000
X_204_10                      1.000000
X_205_13                      1.000000
X_206_18                      1.000000
X_207_18                      1.000000
X_208_27                      1.000000
X_209_11                      1.000000
X_210_4                       1.000000
X_211_21                      1.000000
X_212_9                       1.000000
X_213_30                      1.000000
X_214_7                       1.000000
X_215_13                      1.000000
X_216_27                      1.000000
X_217_17                      1.000000
X_218_27                      1.000000
X_219_10                      1.000000
X_220_16                      1.000000
X_221_30                      1.000000
X_222_10                      1.000000
X_223_2                       1.000000
X_224_11                      1.000000
X_225_27                      1.000000
X_226_12                      1.000000
X_227_10                      1.000000
X_228_28                      1.000000
X_229_26                      1.000000
X_230_18                      1.000000
X_231_3                       1.000000
X_232_23                      1.000000
X_233_13                      1.000000
X_234_22                      1.000000
X_235_16                      1.000000
X_236_22                      1.000000
X_237_23                      1.000000
X_238_2                       1.000000
X_239_5                       1.000000
X_240_1                       1.000000
X_241_9                       1.000000
X_242_18                      1.000000
X_243_12                      1.000000
X_244_30                      1.000000
X_245_15                      1.000000
X_246_8                       1.000000
X_247_18                      1.000000
X_248_28                      1.000000
X_249_8                       1.000000
X_250_17                      1.000000
X_251_5                       1.000000
X_252_1                       1.000000
X_253_2                       1.000000
X_254_18                      1.000000
X_255_8                       1.000000
X_256_29                      1.000000
X_257_11                      1.000000
X_258_17                      1.000000
X_259_19                      1.000000
X_260_2                       1.000000
X_261_16                      1.000000
X_262_11                      1.000000
X_263_1                       1.000000
X_264_22                      1.000000
X_265_25                      1.000000
X_266_26                      1.000000
X_267_19                      1.000000
X_268_18                      1.000000
X_269_5                       1.000000
X_270_3                       1.000000
X_271_19                      1.000000
X_272_4                       1.000000
X_273_17                      1.000000
X_274_6                       1.000000
X_275_8                       1.000000
X_276_19                      1.000000
X_277_22                      1.000000
X_278_22                      1.000000
X_279_28                      1.000000
X_280_25                      1.000000
X_281_12                      1.000000
X_282_18                      1.000000
X_283_13                      1.000000
X_284_20                      1.000000
X_285_11                      1.000000
X_286_14                      1.000000
X_287_27                      1.000000
X_288_2                       1.000000
X_289_13                      1.000000
X_290_21                      1.000000
X_291_20                      1.000000
X_292_18                      1.000000
X_293_25                      1.000000
X_294_3                       1.000000
X_295_29                      1.000000
X_296_16                      1.000000
X_297_25                      1.000000
X_298_24                      1.000000
X_299_10                      1.000000
X_300_23                      1.000000
X_301_20                      1.000000
X_302_1                       1.000000
X_303_24                      1.000000
X_304_28                      1.000000
X_305_5                       1.000000
X_306_29                      1.000000
X_307_30                      1.000000
X_308_2                       1.000000
X_309_12                      1.000000
X_310_3                       1.000000
X_311_12                      1.000000
X_312_15                      1.000000
X_313_26                      1.000000
X_314_5                       1.000000
X_315_22                      1.000000
X_316_16                      1.000000
X_317_11                      1.000000
X_318_24                      1.000000
X_319_17                      1.000000
X_320_8                       1.000000
X_321_15                      1.000000
X_322_4                       1.000000
X_323_6                       1.000000
X_324_11                      1.000000
X_325_24                      1.000000
X_326_17                      1.000000
X_327_4                       1.000000
X_328_5                       1.000000
X_329_9                       1.000000
X_330_9                       1.000000
X_331_29                      1.000000
X_332_11                      1.000000
X_333_9                       1.000000
X_334_7                       1.000000
X_335_6                       1.000000
X_336_26                      1.000000
X_337_18                      1.000000
X_338_15                      1.000000
X_339_25                      1.000000
X_340_21                      1.000000
X_341_5                       1.000000
X_342_20                      1.000000
X_343_3                       1.000000
X_344_10                      1.000000
X_345_15                      1.000000
X_346_3                       1.000000
X_347_29                      1.000000
X_348_24                      1.000000
X_349_8                       1.000000
X_350_23                      1.000000
X_351_22                      1.000000
X_352_28                      1.000000
X_353_3                       1.000000
X_354_20                      1.000000
X_355_1                       1.000000
X_356_11                      1.000000
X_357_2                       1.000000
X_358_14                      1.000000
X_359_26                      1.000000
X_360_26                      1.000000
X_361_7                       1.000000
X_362_7                       1.000000
X_363_13                      1.000000
X_364_27                      1.000000
X_365_11                      1.000000
X_366_23                      1.000000
X_367_3                       1.000000
X_368_2                       1.000000
X_369_11                      1.000000
X_370_18                      1.000000
X_371_8                       1.000000
X_372_30                      1.000000
X_373_20                      1.000000
X_374_22                      1.000000
X_375_29                      1.000000
X_376_25                      1.000000
X_377_16                      1.000000
X_378_27                      1.000000
X_379_8                       1.000000
X_380_9                       1.000000
X_381_9                       1.000000
X_382_13                      1.000000
X_383_22                      1.000000
X_384_12                      1.000000
X_385_30                      1.000000
X_386_6                       1.000000
X_387_23                      1.000000
X_388_1                       1.000000
X_389_5                       1.000000
X_390_28                      1.000000
X_391_23                      1.000000
X_392_27                      1.000000
X_393_28                      1.000000
X_394_15                      1.000000
X_395_4                       1.000000
X_396_20                      1.000000
X_397_15                      1.000000
X_398_14                      1.000000
X_399_7                       1.000000
X_400_15                      1.000000
X_401_8                       1.000000
X_402_5                       1.000000
X_403_20                      1.000000
X_404_12                      1.000000
X_405_12                      1.000000
X_406_1                       1.000000
X_407_22                      1.000000
X_408_28                      1.000000
X_409_30                      1.000000
X_410_21                      1.000000
X_411_30                      1.000000
X_412_6                       1.000000
X_413_17                      1.000000
X_414_25                      1.000000
X_415_20                      1.000000
X_416_23                      1.000000
X_417_22                      1.000000
X_418_15                      1.000000
X_419_10                      1.000000
X_420_3                       1.000000
X_421_2                       1.000000
X_422_19                      1.000000
X_423_21                      1.000000
X_424_4                       1.000000
X_425_4                       1.000000
X_426_27                      1.000000
X_427_27                      1.000000
X_428_19                      1.000000
X_429_21                      1.000000
X_430_4                       1.000000
X_431_14                      1.000000
X_432_8                       1.000000
X_433_7                       1.000000
X_434_9                       1.000000
X_435_7                       1.000000
X_436_16                      1.000000
X_437_9                       1.000000
X_438_22                      1.000000
X_439_30                      1.000000
X_440_16                      1.000000
X_441_24                      1.000000
X_442_19                      1.000000
X_443_23                      1.000000
X_444_9                       1.000000
X_445_23                      1.000000
X_446_26                      1.000000
X_447_17                      1.000000
X_448_30                      1.000000
X_449_5                       1.000000
X_450_1                       1.000000
X_451_15                      1.000000
X_452_5                       1.000000
X_453_11                      1.000000
X_454_2                       1.000000
X_455_27                      1.000000
X_456_20                      1.000000
X_457_20                      1.000000
X_458_17                      1.000000
X_459_9                       1.000000
X_460_27                      1.000000
X_461_23                      1.000000
X_462_18                      1.000000
X_463_11                      1.000000
X_464_21                      1.000000
X_465_23                      1.000000
X_466_11                      1.000000
X_467_1                       1.000000
X_468_14                      1.000000
X_469_11                      1.000000
X_470_2                       1.000000
X_471_20                      1.000000
X_472_24                      1.000000
X_473_16                      1.000000
X_474_16                      1.000000
X_475_9                       1.000000
X_476_5                       1.000000
X_477_24                      1.000000
X_478_15                      1.000000
X_479_29                      1.000000
X_480_20                      1.000000
X_481_28                      1.000000
X_482_19                      1.000000
X_483_22                      1.000000
X_484_1                       1.000000
X_485_1                       1.000000
X_486_5                       1.000000
X_487_4                       1.000000
X_488_7                       1.000000
X_489_25                      1.000000
X_490_1                       1.000000
X_491_21                      1.000000
X_492_1                       1.000000
X_493_15                      1.000000
X_494_18                      1.000000
X_495_10                      1.000000
X_496_30                      1.000000
X_497_10                      1.000000
X_498_10                      1.000000
X_499_14                      1.000000
X_500_8                       1.000000
All other variables in the range 1-15001 are 0.
