
Log started (V11.0.0) Sun May 18 07:03:39 2008

Tried aggregator 1 time.
Reduced MIP has 530 rows, 15001 columns, and 30030 nonzeros.
Presolve time =    0.09 sec.
Clique table members: 500.
MIP emphasis: balance optimality and feasibility.
MIP search method: dynamic search.
Parallel mode: none, using 1 thread.
Root relaxation solution time =    1.66 sec.

        Nodes                                         Cuts/
   Node  Left     Objective  IInf  Best Integer     Best Node    ItCnt     Gap

*     0+    0                        55046.0000     1670.8333      829   96.96%
*     0+    0                         1710.0000     1670.8333      829    2.29%
      0     0     1672.0239    61     1710.0000      Fract: 6      888    2.22%
*     0+    0                         1709.0000     1672.0239      888    2.16%
      0     0     1686.1789   110     1709.0000   MIRcuts: 29     2416    1.34%
      0     0     1686.5402    84     1709.0000    MIRcuts: 8     2552    1.31%
      0     0     1686.5402    93     1709.0000      Cuts: 14     2689    1.31%
      0     0     1686.5402    85     1709.0000      Cuts: 11     2781    1.31%
      0     0     1686.5402   100     1709.0000       Cuts: 9     2895    1.31%
      0     2     1687.0000    87     1709.0000     1686.5402     2895    1.31%
    100   102     1687.0000    58     1709.0000     1687.0000     4419    1.29%
    200   202     1687.0000    61     1709.0000     1687.0000     7549    1.29%
    300   302     1687.0000    62     1709.0000     1687.0000    11151    1.29%
    400   402     1687.0000    64     1709.0000     1687.0000    17959    1.29%
    500   501     1687.0000    67     1709.0000     1687.0000    28339    1.29%
    600   527     1696.0000    55     1709.0000     1694.9799    39697    0.82%
    700   556     1696.0000    54     1709.0000     1694.9799    41990    0.82%
    800   584     1696.0000    84     1709.0000     1694.9799    44685    0.82%
    900   608     1696.0000    55     1709.0000     1694.9799    50966    0.82%
   1000   633     1696.0000    59     1709.0000     1694.9799    58385    0.82%
Elapsed time = 191.56 sec. (tree size =  7.13 MB, solutions = 3)
   1100   643     1696.5897    79     1709.0000     1694.9799    80219    0.82%
   1200   652     1696.0000    59     1709.0000     1694.9799    99716    0.82%
   1300   728     1697.0542    65     1709.0000     1694.9799   118268    0.82%
   1400   812     1696.0002    79     1709.0000     1694.9799   130720    0.82%
   1500   898     1697.0000    58     1709.0000     1694.9799   137801    0.82%
   1600   974     1699.9477    53     1709.0000     1694.9799   149887    0.82%
   1700  1044     1700.3613    53     1709.0000     1694.9799   164208    0.82%
   1800  1115     1700.0000    55     1709.0000     1694.9799   178580    0.82%
   1900  1184     1702.0000    46     1709.0000     1694.9799   196941    0.82%
   2000  1257     1703.0000    53     1709.0000     1694.9799   203121    0.82%
Elapsed time = 368.91 sec. (tree size = 14.98 MB, solutions = 3)
   2100  1327     1706.0000    53     1709.0000     1694.9799   208853    0.82%
   2200  1371     1707.0000    46     1709.0000     1694.9799   211784    0.82%
   2300  1412    infeasible           1709.0000     1694.9799   215263    0.82%
   2400  1428    infeasible           1709.0000     1694.9799   220912    0.82%
   2500  1515     1696.0000    56     1709.0000     1694.9799   223272    0.82%
   2600  1615     1696.0000    56     1709.0000     1694.9799   224311    0.82%
   2700  1715     1696.0000    56     1709.0000     1694.9799   226015    0.82%
   2800  1815     1696.0000    61     1709.0000     1694.9799   228844    0.82%
   2900  1915     1696.0000    57     1709.0000     1694.9799   236030    0.82%
   3000  2012     1697.0000    54     1709.0000     1694.9799   245189    0.82%
Elapsed time = 441.14 sec. (tree size = 23.97 MB, solutions = 3)
   3100  2109     1697.0000    57     1709.0000     1694.9799   248068    0.82%
   3200  2186     1697.0000    55     1709.0000     1694.9799   257522    0.82%
   3300  2273     1697.0000    56     1709.0000     1694.9799   263642    0.82%
   3400  2350     1698.9603    54     1709.0000     1694.9799   270063    0.82%
   3500  2408     1699.1777    54     1709.0000     1694.9799   281671    0.82%
   3600  2473     1699.9526    55     1709.0000     1694.9799   292028    0.82%
   3700  2538     1700.6306    54     1709.0000     1694.9799   303205    0.82%
   3800  2605     1699.0000    55     1709.0000     1694.9799   311142    0.82%
   3900  2674     1702.0000    52     1709.0000     1694.9799   315538    0.82%
   4000  2751     1703.0000    51     1709.0000     1694.9799   319176    0.82%
Elapsed time = 552.84 sec. (tree size = 33.59 MB, solutions = 3)
   4100  2822     1704.0000    49     1709.0000     1694.9799   324847    0.82%
   4200  2903     1704.0000    53     1709.0000     1694.9799   330536    0.82%
   4300  2967     1707.0275    51     1709.0000     1694.9799   334707    0.82%
   4400  2995     1708.0000    51     1709.0000     1694.9799   344067    0.82%
   4500  3032     1696.0000    62     1709.0000     1695.0000   414342    0.82%
   4600  3131     1696.0000    58     1709.0000     1695.0000   431415    0.82%
   4700  3231     1696.0000    55     1709.0000     1695.0000   432547    0.82%
   4800  3330     1696.0000    61     1709.0000     1695.0000   441921    0.82%
   4900  3430     1696.0000    60     1709.0000     1695.0000   443442    0.82%
   5000  3529     1696.0000    60     1709.0000     1695.0000   464113    0.82%
Elapsed time = 879.89 sec. (tree size = 46.77 MB, solutions = 3)
   5100  3629     1696.0000    56     1709.0000     1695.0000   465271    0.82%
   5200  3728     1696.0000    56     1709.0000     1695.0000   480767    0.82%
   5300  3828     1696.0000    56     1709.0000     1695.0000   481781    0.82%
   5400  3927     1696.0000    58     1709.0000     1695.0000   495027    0.82%
   5500  4027     1696.0000    57     1709.0000     1695.0000   496447    0.82%
   5600  4126     1697.0000    58     1709.0000     1695.0000   511372    0.82%
   5700  4225     1697.0000    52     1709.0000     1695.0000   512536    0.82%
   5800  4324     1697.0000    56     1709.0000     1695.0000   517068    0.82%
   5900  4424     1697.0000    53     1709.0000     1695.0000   517953    0.82%
   6000  4522     1698.0000    48     1709.0000     1695.0000   526070    0.82%
Elapsed time = 1071.13 sec. (tree size = 66.77 MB, solutions = 3)
   6100  4622     1698.0000    54     1709.0000     1695.0000   527101    0.82%
   6200  4720     1698.0000    51     1709.0000     1695.0000   559314    0.82%
   6300  4820     1698.0000    54     1709.0000     1695.0000   560061    0.82%
   6400  4919     1698.0000    46     1709.0000     1695.0000   563641    0.82%
   6500  5019     1698.0000    54     1709.0000     1695.0000   564930    0.82%
   6600  5118     1698.0000    52     1709.0000     1695.0000   568904    0.82%
   6700  5218     1698.0000    53     1709.0000     1695.0000   570205    0.82%
   6800  5317     1698.0000    52     1709.0000     1695.0000   574516    0.82%
   6900  5417     1698.0000    49     1709.0000     1695.0000   575511    0.82%
   7000  5516     1698.0000    55     1709.0000     1695.0000   586841    0.82%
Elapsed time = 1236.92 sec. (tree size = 88.46 MB, solutions = 3)
   7100  5616     1698.0000    57     1709.0000     1695.0000   587909    0.82%
   7200  5715     1698.0000    56     1709.0000     1695.0000   598590    0.82%
   7300  5815     1698.0000    50     1709.0000     1695.0000   599943    0.82%
   7400  5914     1698.0000    56     1709.0000     1695.0000   605312    0.82%
   7500  6014     1698.0000    47     1709.0000     1695.0000   606267    0.82%
   7600  6113     1697.0000    50     1709.0000     1695.0000   639039    0.82%
   7700  6213     1697.0000    53     1709.0000     1695.0000   640204    0.82%
   7800  6311     1697.0000    56     1709.0000     1695.0000   644658    0.82%
   7900  6411     1697.0000    59     1709.0000     1695.0000   645504    0.82%
   8000  6509     1697.0000    51     1709.0000     1695.0000   655751    0.82%
Elapsed time = 1441.77 sec. (tree size = 111.34 MB, solutions = 3)
   8100  6609     1697.0000    56     1709.0000     1695.0000   656380    0.82%
   8200  6708     1698.0000    54     1709.0000     1695.0000   669674    0.82%
   8300  6807     1698.0000    62     1709.0000     1695.0000   670855    0.82%
   8400  6904     1698.0000    49     1709.0000     1695.0000   687516    0.82%
   8500  7004     1698.0000    53     1709.0000     1695.0000   688582    0.82%
   8600  7103     1697.0000    55     1709.0000     1695.0000   697848    0.82%
Began writing nodes to disk (directory ./cpxa02652 created)
   8700  7203     1697.0000    57     1709.0000     1695.0000   698708    0.82%
   8800  7302     1697.0000    54     1709.0000     1695.0000   713795    0.82%
   8900  7402     1697.0000    56     1709.0000     1695.0000   714714    0.82%
   9000  7501     1697.0000    56     1709.0000     1695.0000   722741    0.82%
Elapsed time = 1650.92 sec. (tree size = 135.45 MB, solutions = 3)
Nodefile size =  7.63 MB (3.30 MB after compression)
   9100  7601     1697.0000    52     1709.0000     1695.0000   723393    0.82%
   9200  7699     1697.0000    55     1709.0000     1695.0000   738863    0.82%
   9300  7799     1697.0000    59     1709.0000     1695.0000   739865    0.82%
   9400  7898     1696.0000    56     1709.0000     1695.0000   759124    0.82%
   9500  7998     1696.0000    55     1709.0000     1695.0000   760115    0.82%
   9600  8096     1696.0000    59     1709.0000     1695.5164   790729    0.79%
   9700  8196     1696.0000    57     1709.0000     1695.5164   791799    0.79%
   9800  8291     1698.0000    51     1709.0000     1696.0000   794528    0.76%
   9900  8372     1698.0000    56     1709.0000     1696.0000   795560    0.76%
  10000  8429     1698.0000    59     1709.0000     1696.0000   797051    0.76%
Elapsed time = 1928.52 sec. (tree size = 159.24 MB, solutions = 3)
Nodefile size = 32.03 MB (20.04 MB after compression)
  10100  8451     1698.0000    52     1709.0000     1696.0000   798777    0.76%
  10200  8526     1699.0000    54     1709.0000     1696.0000   801033    0.76%
  10300  8624     1699.0000    52     1709.0000     1696.0000   803201    0.76%
  10400  8723     1700.0000    48     1709.0000     1696.0000   812349    0.76%
  10500  8823     1700.0000    51     1709.0000     1696.0000   814390    0.76%
  10600  8921     1708.0000    41     1709.0000     1696.0000   818487    0.76%
  10700  9005    infeasible           1709.0000     1696.0000   820823    0.76%
  10800  9084     1703.0000    31     1709.0000     1696.0000   843486    0.76%
  10900  9184     1703.0000    34     1709.0000     1696.0000   844811    0.76%
  11000  9281     1706.0000    48     1709.0000     1696.0000   848865    0.76%
Elapsed time = 2043.25 sec. (tree size = 182.42 MB, solutions = 3)
Nodefile size = 54.69 MB (37.63 MB after compression)
  11100  9379     1708.0000    50     1709.0000     1696.0000   852617    0.76%
  11200  9459     1703.0000    32     1709.0000     1696.0000   866917    0.76%
  11300  9559     1703.0000    41     1709.0000     1696.0000   867661    0.76%
  11400  9658     1704.0000    37     1709.0000     1696.0000   870101    0.76%
  11500  9755     1707.0000    56     1709.0000     1696.0000   873576    0.76%
  11600  9850     1708.0000    52     1709.0000     1696.0000   878034    0.76%
  11700  9919     1705.0000    40     1709.0000     1696.0000   889426    0.76%
  11800 10018     1706.0000    38     1709.0000     1696.0000   890998    0.76%
  11900 10107     1705.0000    49     1709.0000     1696.0000   895687    0.76%
  12000 10203     1705.0000    44     1709.0000     1696.0000   898243    0.76%
Elapsed time = 2153.72 sec. (tree size = 207.50 MB, solutions = 3)
Nodefile size = 80.33 MB (57.93 MB after compression)
  12100 10300     1705.0000    39     1709.0000     1696.0000   901625    0.76%
  12200 10390     1705.0000    46     1709.0000     1696.0000   907005    0.76%
  12300 10489     1706.0000    38     1709.0000     1696.0000   908937    0.76%
  12400 10588     1706.1273    64     1709.0000     1696.0000   911116    0.76%
  12500 10673     1708.0000    52     1709.0000     1696.0000   922510    0.76%
  12600 10745     1705.0000    37     1709.0000     1696.0000   934595    0.76%
  12700 10845     1705.0000    34     1709.0000     1696.0000   935538    0.76%
  12800 10936     1705.0000    34     1709.0000     1696.0000   937788    0.76%
  12900 11004     1706.0000    41     1709.0000     1696.0000   939403    0.76%
  13000 11091     1704.0000    44     1709.0000     1696.0000   946993    0.76%
Elapsed time = 2249.27 sec. (tree size = 231.76 MB, solutions = 3)
Nodefile size = 104.06 MB (76.13 MB after compression)
  13100 11191     1704.0000    42     1709.0000     1696.0000   949092    0.76%
  13200 11268     1705.0000    35     1709.0000     1696.0000   952670    0.76%
  13300 11342     1705.0000    46     1709.0000     1696.0000   954330    0.76%
  13400 11433     1704.0000    36     1709.0000     1696.0000   958176    0.76%
  13500 11527     1708.0000    31     1709.0000     1696.0000   960095    0.76%
  13600 11621     1708.0000    37     1709.0000     1696.0000   962544    0.76%
  13700 11694     1708.0000    43     1709.0000     1696.0000   973252    0.76%
  13800 11749     1703.0000    53     1709.0000     1696.0000  1035315    0.76%
  13900 11848     1704.0000    40     1709.0000     1696.0000  1036205    0.76%
  14000 11936        cutoff           1709.0000     1696.0000  1037372    0.76%
Elapsed time = 2423.02 sec. (tree size = 255.31 MB, solutions = 3)
Nodefile size = 127.77 MB (94.65 MB after compression)
  14100 12023     1700.0000    53     1709.0000     1696.0000  1044032    0.76%
  14200 12122     1701.0000    56     1709.0000     1696.0000  1047171    0.76%
  14300 12221     1702.0000    58     1709.0000     1696.0000  1057445    0.76%
  14400 12316     1706.0000    47     1709.0000     1696.0000  1064109    0.76%
  14500 12364     1706.0000    38     1709.0000     1696.0000  1074665    0.76%
  14600 12410     1708.0000    28     1709.0000     1696.0000  1084795    0.76%
  14700 12457     1700.0000    44     1709.0000     1696.0000  1101818    0.76%
  14800 12556     1701.0000    48     1709.0000     1696.0000  1104548    0.76%
  14900 12654     1703.0000    42     1709.0000     1696.0000  1109161    0.76%
  15000 12741     1707.0000    50     1709.0000     1696.0000  1115748    0.76%
Elapsed time = 2545.41 sec. (tree size = 277.90 MB, solutions = 3)
Nodefile size = 150.41 MB (113.36 MB after compression)
  15100 12833     1703.0000    28     1709.0000     1696.0000  1123608    0.76%
  15200 12933     1703.0000    54     1709.0000     1696.0000  1127028    0.76%
  15300 13029     1703.0000    27     1709.0000     1696.0000  1133750    0.76%
  15400 13121     1704.0007    67     1709.0000     1696.0000  1146551    0.76%
  15500 13217     1704.0000    40     1709.0000     1696.0000  1153621    0.76%
* 15541+12807                         1708.0000     1696.0000  1161143    0.70%
  15600 12868     1704.0000    34     1708.0000     1696.0000  1161714    0.70%
  15700 12961     1707.0000    50     1708.0000     1696.0000  1164846    0.70%
  15800 13043    infeasible           1708.0000     1696.0000  1170136    0.70%
  15900 13115     1704.0000    50     1708.0000     1696.0000  1195553    0.70%
* 15911+12767                         1707.0000     1696.0000  1195609    0.64%
  16000 12858     1704.0000    43     1707.0000     1696.0000  1196402    0.64%
Elapsed time = 2701.34 sec. (tree size = 282.68 MB, solutions = 5)
Nodefile size = 154.90 MB (117.21 MB after compression)
  16100 12957     1705.0000    47     1707.0000     1696.0000  1198330    0.64%
  16200 13030    infeasible           1707.0000     1696.0000  1206035    0.64%
* 16221+12614                         1706.0000     1696.0000  1208142    0.59%
  16300 12695     1703.0000    38     1706.0000     1696.0000  1210690    0.59%
  16400 12789     1703.0000    20     1706.0000     1696.0000  1219284    0.59%
  16500 12886     1704.0000    30     1706.0000     1696.0000  1223203    0.59%
  16600 12978     1704.0054    39     1706.0000     1696.0000  1233509    0.59%
  16700 13069     1705.0000    29     1706.0000     1696.0000  1242222    0.59%
  16800 13155    infeasible           1706.0000     1696.0000  1261911    0.59%
  16900 13242     1699.0000    52     1706.0000     1696.0000  1273460    0.59%
  17000 13342     1699.0000    56     1706.0000     1696.0000  1274390    0.59%
Elapsed time = 2870.98 sec. (tree size = 298.19 MB, solutions = 6)
Nodefile size = 170.31 MB (130.85 MB after compression)
  17100 13442     1699.0000    54     1706.0000     1696.0000  1276364    0.59%
  17200 13542     1701.0000    54     1706.0000     1696.0000  1280667    0.59%
  17300 13638     1705.0000    40     1706.0000     1696.0000  1283821    0.59%
  17400 13710     1705.0000    46     1706.0000     1696.0000  1302161    0.59%
  17500 13764     1705.0000    59     1706.0000     1696.0000  1327983    0.59%
  17600 13843     1699.0000    49     1706.0000     1696.0000  1336135    0.59%
  17700 13943     1699.0000    56     1706.0000     1696.0000  1337636    0.59%
  17800 14043     1699.0000    51     1706.0000     1696.0000  1340216    0.59%
  17900 14143     1699.0000    52     1706.0000     1696.0000  1347263    0.59%
  18000 14243     1699.0000    71     1706.0000     1696.0000  1356809    0.59%
Elapsed time = 2993.39 sec. (tree size = 323.71 MB, solutions = 6)
Nodefile size = 195.89 MB (151.74 MB after compression)
  18100 14343     1699.0000    49     1706.0000     1696.0000  1370025    0.59%
  18200 14443     1699.0000    58     1706.0000     1696.0000  1384164    0.59%
  18300 14537     1699.0000    70     1706.0000     1696.0000  1397038    0.59%
  18400 14615     1704.0000    40     1706.0000     1696.0000  1403351    0.59%
  18500 14665     1704.0000    43     1706.0000     1696.0000  1410797    0.59%
  18600 14708     1699.0000    68     1706.0000     1696.0000  1422609    0.59%
  18700 14808     1699.0000    48     1706.0000     1696.0000  1423600    0.59%
  18800 14908     1699.0000    60     1706.0000     1696.0000  1425393    0.59%
  18900 15008     1699.0000    52     1706.0000     1696.0000  1429967    0.59%
  19000 15107     1700.0000    52     1706.0000     1696.0000  1436475    0.59%
Elapsed time = 3151.09 sec. (tree size = 348.41 MB, solutions = 6)
Nodefile size = 220.52 MB (171.88 MB after compression)
  19100 15206     1701.0000    58     1706.0000     1696.0000  1441059    0.59%
  19200 15301     1698.0000    54     1706.0000     1696.0000  1446863    0.59%
  19300 15398     1698.0000    57     1706.0000     1696.0000  1451624    0.59%
  19400 15497     1698.0000    55     1706.0000     1696.0000  1460102    0.59%
  19500 15592     1698.0019    77     1706.0000     1696.0000  1469052    0.59%
  19600 15689     1698.0000    56     1706.0000     1696.0000  1473463    0.59%
  19700 15789     1698.0000    52     1706.0000     1696.0000  1481193    0.59%
  19800 15886     1698.0000    50     1706.0000     1696.0000  1488480    0.59%
  19900 15986     1698.0000    62     1706.0000     1696.0000  1491413    0.59%
  20000 16085     1699.0000    56     1706.0000     1696.0000  1494248    0.59%
Elapsed time = 3303.95 sec. (tree size = 376.49 MB, solutions = 6)
Nodefile size = 249.18 MB (195.48 MB after compression)
  20100 16183     1699.0000    66     1706.0000     1696.0000  1498814    0.59%
  20200 16282     1698.0000    63     1706.0000     1696.0000  1504296    0.59%
  20300 16381     1699.0000    48     1706.0000     1696.0000  1506106    0.59%
  20400 16476     1699.0000    54     1706.0000     1696.0000  1517239    0.59%
  20500 16576     1699.0000    62     1706.0000     1696.0000  1519825    0.59%
  20600 16675     1700.0000    53     1706.0000     1696.0000  1525183    0.59%
  20700 16762     1702.0000    55     1706.0000     1696.0000  1532730    0.59%
  20800 16853     1699.0000    87     1706.0000     1696.0000  1544582    0.59%
  20900 16953     1699.0000    56     1706.0000     1696.0000  1547136    0.59%
  21000 17053     1699.0000    55     1706.0000     1696.0000  1550275    0.59%
Elapsed time = 3414.23 sec. (tree size = 405.02 MB, solutions = 6)
Nodefile size = 277.72 MB (219.22 MB after compression)
  21100 17149     1700.0000    54     1706.0000     1696.0000  1554934    0.59%
  21200 17240        cutoff           1706.0000     1696.0000  1566209    0.59%
  21300 17339     1699.0000    51     1706.0000     1696.0000  1570366    0.59%
  21400 17439     1699.0000    56     1706.0000     1696.0000  1572079    0.59%
  21500 17539     1702.0000    44     1706.0000     1696.0000  1573869    0.59%
* 21501+16152                         1705.0000     1696.0000  1573879    0.53%
  21600 16240     1703.0000    66     1705.0000     1696.0000  1577918    0.53%
  21700 16333     1704.0000    50     1705.0000     1696.0000  1583236    0.53%
  21800 16429     1704.0000    35     1705.0000     1696.0000  1588007    0.53%
  21900 16515     1704.0000    49     1705.0000     1696.0000  1590380    0.53%
  22000 16604     1703.0000    38     1705.0000     1696.0000  1594376    0.53%
Elapsed time = 3497.59 sec. (tree size = 396.30 MB, solutions = 7)
Nodefile size = 268.99 MB (213.86 MB after compression)
  22100 16693     1704.0000    38     1705.0000     1696.0000  1598574    0.53%
  22200 16788     1699.0000    48     1705.0000     1696.0000  1602165    0.53%
  22300 16888     1699.0000    59     1705.0000     1696.0000  1604066    0.53%
  22400 16987     1700.0000    52     1705.0000     1696.0000  1608041    0.53%
  22500 17087     1700.0000    57     1705.0000     1696.0000  1611168    0.53%
  22600 17186     1700.0000    52     1705.0000     1696.0000  1614856    0.53%
  22700 17286     1700.0000    52     1705.0000     1696.0000  1617074    0.53%
  22800 17385     1697.0000    53     1705.0000     1696.0000  1619150    0.53%
  22900 17485     1697.0000    55     1705.0000     1696.0000  1620247    0.53%
  23000 17584     1697.0000    53     1705.0000     1696.0000  1622970    0.53%
Elapsed time = 3570.08 sec. (tree size = 425.90 MB, solutions = 7)
Nodefile size = 298.66 MB (237.86 MB after compression)
  23100 17684     1697.0000    53     1705.0000     1696.0000  1624015    0.53%
  23200 17783     1697.0000    54     1705.0000     1696.0000  1626918    0.53%
  23300 17883     1697.0000    59     1705.0000     1696.0000  1628009    0.53%
  23400 17982     1697.0000    53     1705.0000     1696.0000  1630306    0.53%
  23500 18082     1697.0000    55     1705.0000     1696.0000  1631457    0.53%
* 23501+16560                         1704.0000     1696.0000  1631472    0.47%
* 23501+14592                         1703.0000     1696.0000  1631472    0.41%
  23600 14692     1697.0000    52     1703.0000     1696.0000  1640381    0.41%
  23700 14792     1697.0000    57     1703.0000     1696.0000  1642653    0.41%
  23800 14891     1697.0000    58     1703.0000     1696.0000  1645760    0.41%
  23900 14991     1697.0000    56     1703.0000     1696.0000  1646720    0.41%
  24000 15090     1697.0000    53     1703.0000     1696.0000  1648757    0.41%
Elapsed time = 3655.39 sec. (tree size = 362.66 MB, solutions = 9)
Nodefile size = 234.67 MB (188.07 MB after compression)
  24100 15190     1697.0000    53     1703.0000     1696.0000  1651191    0.41%
  24200 15280     1702.0000    56     1703.0000     1696.0000  1655317    0.41%
  24300 15360     1702.0000    33     1703.0000     1696.0000  1657222    0.41%
  24400 15455     1699.0000    55     1703.0000     1696.0000  1661487    0.41%
  24500 15549     1701.0000    48     1703.0000     1696.0000  1669535    0.41%
  24600 15644     1702.0000    38     1703.0000     1696.0000  1672477    0.41%
  24700 15730     1701.0000    45     1703.0000     1696.0000  1684188    0.41%
  24800 15829     1702.0000    40     1703.0000     1696.0000  1686589    0.41%
  24900 15914     1700.0000    52     1703.0000     1696.0000  1703176    0.41%
  25000 16014     1700.0000    68     1703.0000     1696.0000  1705631    0.41%
Elapsed time = 3762.67 sec. (tree size = 393.06 MB, solutions = 9)
Nodefile size = 265.16 MB (212.79 MB after compression)
  25100 16113     1701.0000    54     1703.0000     1696.0000  1708414    0.41%
  25200 16211     1702.0000    46     1703.0000     1696.0000  1714055    0.41%
  25300 16304     1700.0000    60     1703.0000     1696.0000  1727632    0.41%
  25400 16402     1702.0000    48     1703.0000     1696.0000  1729399    0.41%
  25500 16494     1702.0000    43     1703.0000     1696.0000  1734989    0.41%
  25600 16580     1700.0000    51     1703.0000     1696.0000  1744984    0.41%
  25700 16678     1700.0000    48     1703.0000     1696.0000  1749874    0.41%
  25800 16763     1700.0000    48     1703.0000     1696.0000  1768980    0.41%
  25900 16858     1701.0000    55     1703.0000     1696.0000  1777614    0.41%
  26000 16958     1701.0000    52     1703.0000     1696.0000  1790817    0.41%
Elapsed time = 3912.16 sec. (tree size = 424.24 MB, solutions = 9)
Nodefile size = 296.64 MB (239.08 MB after compression)
  26100 17051     1702.0000    42     1703.0000     1696.0000  1814293    0.41%
  26200 17146     1700.0000    52     1703.0000     1696.0000  1821234    0.41%
  26300 17246     1700.0000    64     1703.0000     1696.0000  1825292    0.41%
  26400 17339     1700.0000    46     1703.0000     1696.0000  1838304    0.41%
  26500 17439     1700.0000    52     1703.0000     1696.0000  1841276    0.41%
  26600 17539     1700.0000    60     1703.0000     1696.0000  1847983    0.41%
  26700 17638     1701.0000    44     1703.0000     1696.0000  1855397    0.41%
  26800 17731     1700.0000    54     1703.0000     1696.0000  1869760    0.41%
  26900 17831     1700.0000    52     1703.0000     1696.0000  1871220    0.41%
  27000 17931     1700.0000    49     1703.0000     1696.0000  1875529    0.41%
Elapsed time = 4061.45 sec. (tree size = 456.35 MB, solutions = 9)
Nodefile size = 329.06 MB (265.46 MB after compression)
  27100 18025     1702.0000    54     1703.0000     1696.0000  1885861    0.41%
  27200 18088     1700.0000    52     1703.0000     1696.0000  1902538    0.41%
  27300 18188     1700.0000    51     1703.0000     1696.0000  1904226    0.41%
  27400 18288     1700.0000    55     1703.0000     1696.0000  1909028    0.41%
  27500 18384     1702.0000    40     1703.0000     1696.0000  1915627    0.41%
  27600 18483     1700.0000    48     1703.0000     1696.0000  1919473    0.41%
  27700 18583     1700.0000    50     1703.0000     1696.0000  1929397    0.41%
  27800 18682     1698.0000    52     1703.0000     1696.0000  1933772    0.41%
  27900 18782     1698.0000    52     1703.0000     1696.0000  1935041    0.41%
  28000 18879     1700.0000    52     1703.0000     1696.0000  1941110    0.41%
Elapsed time = 4180.69 sec. (tree size = 487.84 MB, solutions = 9)
Nodefile size = 360.52 MB (291.05 MB after compression)
  28100 18978     1701.0000    39     1703.0000     1696.0000  1944873    0.41%
  28200 19078     1701.0000    61     1703.0000     1696.0000  1951931    0.41%
  28300 19156     1699.0000    50     1703.0000     1696.0000  1971965    0.41%
  28400 19256     1699.0000    50     1703.0000     1696.0000  1972990    0.41%
  28500 19356     1699.0000    52     1703.0000     1696.0000  1975439    0.41%
  28600 19456     1699.0000    64     1703.0000     1696.0000  1979220    0.41%
  28700 19546     1699.0000    53     1703.0000     1696.0000  1991331    0.41%
  28800 19646     1699.0000    48     1703.0000     1696.0000  1992475    0.41%
  28900 19741     1699.0000    51     1703.0000     1696.0000  1994251    0.41%
  29000 19828     1700.0000    48     1703.0000     1696.0000  1997407    0.41%
Elapsed time = 4292.80 sec. (tree size = 520.25 MB, solutions = 9)
Nodefile size = 393.01 MB (317.23 MB after compression)
  29100 19919        cutoff           1703.0000     1696.0000  1999455    0.41%
  29200 19992     1699.0000    48     1703.0000     1696.0000  2026244    0.41%
  29300 20092     1699.0000    56     1703.0000     1696.0000  2027218    0.41%
  29400 20192     1699.0000    56     1703.0000     1696.0000  2028607    0.41%
  29500 20290     1700.0000    56     1703.0000     1696.0000  2033175    0.41%
  29600 20385     1702.0000    56     1703.0000     1696.0000  2035637    0.41%
  29700 20458     1699.0000    48     1703.0000     1696.0000  2044158    0.41%
  29800 20558     1699.0000    56     1703.0000     1696.0000  2045193    0.41%
  29900 20656     1700.0000    58     1703.0000     1696.0000  2047116    0.41%
  30000 20755     1699.0000    48     1703.0000     1696.0000  2050754    0.41%
Elapsed time = 4424.92 sec. (tree size = 552.32 MB, solutions = 9)
Nodefile size = 424.58 MB (342.65 MB after compression)
  30100 20855     1699.0000    54     1703.0000     1696.0000  2053658    0.41%
  30200 20954     1699.0000    48     1703.0000     1696.0000  2056074    0.41%
  30300 21054     1699.0000    51     1703.0000     1696.0000  2057587    0.41%
  30400 21148     1698.0000    56     1703.0000     1696.0000  2062427    0.41%
  30500 21248     1698.0000    51     1703.0000     1696.0000  2063774    0.41%
  30600 21348     1698.0000    48     1703.0000     1696.0000  2065925    0.41%
  30700 21447     1698.0000    53     1703.0000     1696.0000  2069890    0.41%
  30800 21547     1698.0000    53     1703.0000     1696.0000  2073549    0.41%
  30900 21647     1698.0000    61     1703.0000     1696.0000  2078203    0.41%
  31000 21746     1698.0000    55     1703.0000     1696.0000  2081051    0.41%
Elapsed time = 4523.88 sec. (tree size = 587.05 MB, solutions = 9)
Nodefile size = 459.89 MB (371.36 MB after compression)
  31100 21846     1698.0000    56     1703.0000     1696.0000  2082455    0.41%
  31200 21943     1697.0000    60     1703.0000     1696.0000  2086039    0.41%
  31300 22043     1697.0000    58     1703.0000     1696.0000  2087552    0.41%
  31400 22143     1697.0000    77     1703.0000     1696.0000  2090871    0.41%
  31500 22242     1698.0000    63     1703.0000     1696.0000  2097722    0.41%
  31600 22340     1697.0000    57     1703.0000     1696.0000  2116401    0.41%
  31700 22440     1697.0000    56     1703.0000     1696.0000  2118133    0.41%
  31800 22540     1696.0000    63     1703.0000     1696.0000  2121234    0.41%
  31900 22639     1697.0000    60     1703.0000     1696.0000  2123731    0.41%
  32000 22738     1697.0000    54     1703.0000     1696.0000  2142659    0.41%
Elapsed time = 4742.17 sec. (tree size = 622.29 MB, solutions = 9)
Nodefile size = 495.28 MB (399.94 MB after compression)
  32100 22838     1697.0000    55     1703.0000     1696.0000  2144158    0.41%
  32200 22937     1697.0000    60     1703.0000     1696.0000  2161779    0.41%
  32300 23037     1697.0000    53     1703.0000     1696.0000  2162800    0.41%
  32400 23054     1697.0000    52     1703.0000     1696.0000  2244930    0.41%
  32500 23154     1697.0000    53     1703.0000     1696.0000  2245862    0.41%
  32600 23254     1697.0000    54     1703.0000     1696.0000  2247959    0.41%
  32700 23354     1697.0000    57     1703.0000     1696.0000  2249755    0.41%
  32800 23454     1697.0000    57     1703.0000     1696.0000  2253591    0.41%
  32900 23554     1697.0000    55     1703.0000     1696.0000  2260588    0.41%
  33000 23646     1698.0000    52     1703.0000     1696.0000  2271508    0.41%
Elapsed time = 5026.91 sec. (tree size = 656.91 MB, solutions = 9)
Nodefile size = 529.69 MB (427.72 MB after compression)
  33100 23738     1698.0000    55     1703.0000     1696.0000  2286301    0.41%
  33200 23835     1698.0000    68     1703.0000     1696.0000  2294032    0.41%
  33300 23934     1698.0000    59     1703.0000     1696.0000  2306748    0.41%
  33400 24005     1697.0000    55     1703.0000     1696.0000  2331058    0.41%
  33500 24105     1697.0000    60     1703.0000     1696.0000  2331867    0.41%
  33600 24205     1697.0000    66     1703.0000     1696.0000  2334322    0.41%
  33700 24304     1698.0000    54     1703.0000     1696.0000  2336860    0.41%
  33800 24404     1698.0000    52     1703.0000     1696.0000  2339440    0.41%
  33900 24482    infeasible           1703.0000     1696.0000  2342497    0.41%
  34000 24500    infeasible           1703.0000     1696.0000  2375729    0.41%
Elapsed time = 5206.02 sec. (tree size = 689.30 MB, solutions = 9)
Nodefile size = 562.27 MB (454.27 MB after compression)
  34100 24532    infeasible           1703.0000     1696.0000  2411309    0.41%
  34200 24565     1697.0000    56     1703.0000     1696.0000  2438684    0.41%
  34300 24665     1697.0000    54     1703.0000     1696.0000  2439734    0.41%
  34400 24765     1697.0000    58     1703.0000     1696.0000  2441364    0.41%
  34500 24865     1697.0000    55     1703.0000     1696.0000  2444601    0.41%
  34600 24965     1697.0000    59     1703.0000     1696.0000  2449268    0.41%
  34700 25062     1697.0000    61     1703.0000     1696.0000  2457432    0.41%
  34800 25155     1699.0000    52     1703.0000     1696.0000  2464655    0.41%
  34900 25215     1699.0000    49     1703.0000     1696.0000  2479287    0.41%
  35000 25283     1699.0000    57     1703.0000     1696.0000  2493410    0.41%
Elapsed time = 5446.19 sec. (tree size = 719.04 MB, solutions = 9)
Nodefile size = 591.65 MB (478.97 MB after compression)
  35100 25348     1699.0000    53     1703.0000     1696.0000  2509296    0.41%
  35200 25410     1700.0000    50     1703.0000     1696.0000  2524701    0.41%
  35300 25472     1701.2922    59     1703.0000     1696.0000  2536549    0.41%
  35400 25555     1697.0000    64     1703.0000     1696.0000  2559537    0.41%
  35500 25655     1697.0000    58     1703.0000     1696.0000  2560377    0.41%
  35600 25755     1697.0000    59     1703.0000     1696.0000  2561482    0.41%
  35700 25853     1698.0000    57     1703.0000     1696.0000  2566115    0.41%
  35800 25944     1702.0000    49     1703.0000     1696.0000  2569167    0.41%
  35900 25989     1700.0000    50     1703.0000     1696.0000  2613339    0.41%
  36000 26089     1700.0000    56     1703.0000     1696.0000  2616171    0.41%
Elapsed time = 5720.97 sec. (tree size = 750.12 MB, solutions = 9)
Nodefile size = 622.79 MB (503.14 MB after compression)
  36100 26189     1700.0000    50     1703.0000     1696.0000  2620059    0.41%
  36200 26289     1700.0000    48     1703.0000     1696.0000  2631746    0.41%
  36300 26389     1700.0000    51     1703.0000     1696.0000  2649315    0.41%
  36400 26489     1700.0000    55     1703.0000     1696.0000  2665898    0.41%
  36500 26589     1700.0000    54     1703.0000     1696.0000  2688136    0.41%
  36600 26683     1700.0000    50     1703.0000     1696.0000  2718495    0.41%
  36700 26777     1700.0000    55     1703.0000     1696.0000  2749589    0.41%
  36800 26862     1701.0000    42     1703.0000     1696.0000  2756182    0.41%
  36900 26947     1702.0000    43     1703.0000     1696.0000  2763579    0.41%
  37000 27032     1699.0000    59     1703.0000     1696.0000  2779944    0.41%
Elapsed time = 6042.70 sec. (tree size = 786.32 MB, solutions = 9)
Nodefile size = 658.97 MB (533.36 MB after compression)
  37100 27132     1699.0000    54     1703.0000     1696.0000  2781363    0.41%
  37200 27232     1699.0000    60     1703.0000     1696.0000  2783492    0.41%
  37300 27330     1701.0000    48     1703.0000     1696.0000  2787149    0.41%
  37400 27423     1702.0000    54     1703.0000     1696.0000  2792757    0.41%
  37500 27518     1699.0000    51     1703.0000     1696.0000  2798201    0.41%
  37600 27618     1699.0000    50     1703.0000     1696.0000  2799543    0.41%
  37700 27718     1699.0000    60     1703.0000     1696.0000  2801858    0.41%
  37800 27817     1700.0000    48     1703.0000     1696.0000  2807457    0.41%
  37900 27917     1700.0000    53     1703.0000     1696.0000  2811702    0.41%
  38000 28009     1698.0000    68     1703.0000     1696.0000  2822859    0.41%
Elapsed time = 6152.48 sec. (tree size = 823.72 MB, solutions = 9)
Nodefile size = 696.30 MB (564.56 MB after compression)
  38100 28108     1698.0000    65     1703.0000     1696.0000  2826567    0.41%
  38200 28203     1699.0000    46     1703.0000     1696.0000  2831292    0.41%
  38300 28293     1699.0000    49     1703.0000     1696.0000  2835275    0.41%
  38400 28393     1699.0000    59     1703.0000     1696.0000  2838971    0.41%
  38500 28487     1700.0000    52     1703.0000     1696.0000  2844839    0.41%
  38600 28587     1700.0000    50     1703.0000     1696.0000  2848348    0.41%
  38700 28680     1698.0000    67     1703.0000     1696.0000  2856859    0.41%
  38800 28779     1699.0000    56     1703.0000     1696.0000  2858882    0.41%
  38900 28875     1700.0000    60     1703.0000     1696.0000  2861160    0.41%
  39000 28969     1701.0000    54     1703.0000     1696.0000  2863079    0.41%
Elapsed time = 6277.94 sec. (tree size = 861.10 MB, solutions = 9)
Nodefile size = 733.68 MB (596.22 MB after compression)
  39100 29059     1699.0000    54     1703.0000     1696.0000  2867484    0.41%
  39200 29159     1699.0000    56     1703.0000     1696.0000  2869382    0.41%
  39300 29259     1699.0000    59     1703.0000     1696.0000  2872909    0.41%
  39400 29349     1702.0000    54     1703.0000     1696.0000  2882818    0.41%
  39500 29430     1698.0000    62     1703.0000     1696.0000  2903316    0.41%
  39600 29530     1698.0000    59     1703.0000     1696.0000  2905880    0.41%
  39700 29629     1699.0000    55     1703.0000     1696.0000  2909187    0.41%
  39800 29729     1699.0000    57     1703.0000     1696.0000  2912589    0.41%
  39900 29821     1700.0000    55     1703.0000     1696.0000  2918832    0.41%
  40000 29913     1702.0000    61     1703.0000     1696.0000  2922088    0.41%
Elapsed time = 6407.27 sec. (tree size = 898.07 MB, solutions = 9)
Nodefile size = 770.88 MB (628.13 MB after compression)
  40100 30000     1698.0000    58     1703.0000     1696.0000  2931046    0.41%
  40200 30099     1698.0000    55     1703.0000     1696.0000  2935421    0.41%
  40300 30196     1698.0000    64     1703.0000     1696.0000  2944015    0.41%
  40400 30294     1698.0000    61     1703.0000     1696.0000  2950153    0.41%
  40500 30390     1698.0000    74     1703.0000     1696.0000  2962006    0.41%
  40600 30485     1698.0000    69     1703.0000     1696.0000  2976277    0.41%
  40700 30583     1699.0000    49     1703.0000     1696.0000  2986815    0.41%
  40800 30674     1698.0000    68     1703.0000     1696.0000  2998046    0.41%
  40900 30773     1699.0000    55     1703.0000     1696.0000  3000017    0.41%
  41000 30873     1699.0000    52     1703.0000     1696.0000  3002159    0.41%
Elapsed time = 6641.11 sec. (tree size = 935.90 MB, solutions = 9)
Nodefile size = 808.27 MB (660.33 MB after compression)
  41100 30971     1700.0000    59     1703.0000     1696.0000  3006829    0.41%
  41200 31051     1698.0313   118     1703.0000     1696.0000  3013918    0.41%
  41300 31151     1699.0000    56     1703.0000     1696.0000  3015484    0.41%
  41400 31248     1701.0000    55     1703.0000     1696.0000  3018341    0.41%
  41500 31333     1702.0000    53     1703.0000     1696.0000  3027088    0.41%
  41600 31422     1698.0000    66     1703.0000     1696.0000  3034535    0.41%
  41700 31521     1699.0000    56     1703.0000     1696.0000  3036584    0.41%
  41800 31621     1699.0000    56     1703.0000     1696.0000  3038698    0.41%
  41900 31717     1699.0000    55     1703.0000     1696.0000  3042760    0.41%
  42000 31803     1699.0000    66     1703.0000     1696.0000  3046733    0.41%
Elapsed time = 6745.42 sec. (tree size = 972.94 MB, solutions = 9)
Nodefile size = 845.55 MB (691.86 MB after compression)
  42100 31898     1701.0000    58     1703.0000     1696.0000  3050914    0.41%
  42200 31962     1698.0000    74     1703.0000     1696.0000  3070020    0.41%
  42300 32062     1698.0000    60     1703.0000     1696.0000  3072246    0.41%
  42400 32160     1698.0000    68     1703.0000     1696.0000  3078779    0.41%
  42500 32259     1698.0000    55     1703.0000     1696.0000  3086656    0.41%
  42600 32359     1698.0000    58     1703.0000     1696.0000  3097395    0.41%
  42700 32455     1699.0000    52     1703.0000     1696.0000  3112273    0.41%
  42800 32555     1699.0000    60     1703.0000     1696.0000  3115162    0.41%
  42900 32655     1699.0000    50     1703.0000     1696.0000  3120785    0.41%
  43000 32755     1699.0000    59     1703.0000     1696.0000  3135933    0.41%
Elapsed time = 6963.83 sec. (tree size = 1011.22 MB, solutions = 9)
Nodefile size = 883.68 MB (724.52 MB after compression)
  43100 32845     1700.0000    64     1703.0000     1696.0000  3143924    0.41%
  43200 32931     1701.0000    52     1703.0000     1696.0000  3150629    0.41%
  43300 32973     1701.0000    59     1703.0000     1696.0000  3165159    0.41%
  43400 32992     1702.0000    50     1703.0000     1696.0000  3189686    0.41%
  43500 32998     1702.0000    50     1703.0000     1696.0000  3242976    0.41%
  43600 33004     1702.0000    49     1703.0000     1696.0000  3294681    0.41%

Cover cuts applied:  2435
Mixed integer rounding cuts applied:  62
Gomory fractional cuts applied:  15

Solution pool: 9 solutions saved.

MIP - Time limit exceeded, integer feasible:  Objective = 1.7030000000e+003
Current MIP best bound = 1.6960000000e+003 (gap = 7, 0.41%)
Solution time = 7200.03 sec.  Iterations = 3337179  Nodes = 43695 (33028)


Incumbent solution
Variable Name           Solution Value
Cmax                       1703.000000
X_1_10                        1.000000
X_2_25                        1.000000
X_3_1                         1.000000
X_4_14                        1.000000
X_5_28                        1.000000
X_6_20                        1.000000
X_7_16                        1.000000
X_8_27                        1.000000
X_9_24                        1.000000
X_10_14                       1.000000
X_11_21                       1.000000
X_12_6                        1.000000
X_13_4                        1.000000
X_14_16                       1.000000
X_15_16                       1.000000
X_16_19                       1.000000
X_17_8                        1.000000
X_18_24                       1.000000
X_19_24                       1.000000
X_20_23                       1.000000
X_21_11                       1.000000
X_22_29                       1.000000
X_23_2                        1.000000
X_24_12                       1.000000
X_25_4                        1.000000
X_26_6                        1.000000
X_27_26                       1.000000
X_28_10                       1.000000
X_29_27                       1.000000
X_30_9                        1.000000
X_31_28                       1.000000
X_32_6                        1.000000
X_33_29                       1.000000
X_34_25                       1.000000
X_35_20                       1.000000
X_36_21                       1.000000
X_37_23                       1.000000
X_38_11                       1.000000
X_39_17                       1.000000
X_40_27                       1.000000
X_41_2                        1.000000
X_42_13                       1.000000
X_43_28                       1.000000
X_44_18                       1.000000
X_45_23                       1.000000
X_46_6                        1.000000
X_47_3                        1.000000
X_48_25                       1.000000
X_49_10                       1.000000
X_50_23                       1.000000
X_51_14                       1.000000
X_52_14                       1.000000
X_53_26                       1.000000
X_54_7                        1.000000
X_55_12                       1.000000
X_56_29                       1.000000
X_57_14                       1.000000
X_58_22                       1.000000
X_59_16                       1.000000
X_60_20                       1.000000
X_61_17                       1.000000
X_62_20                       1.000000
X_63_1                        1.000000
X_64_10                       1.000000
X_65_5                        1.000000
X_66_5                        1.000000
X_67_24                       1.000000
X_68_24                       1.000000
X_69_22                       1.000000
X_70_14                       1.000000
X_71_27                       1.000000
X_72_4                        1.000000
X_73_7                        1.000000
X_74_22                       1.000000
X_75_23                       1.000000
X_76_7                        1.000000
X_77_29                       1.000000
X_78_11                       1.000000
X_79_20                       1.000000
X_80_23                       1.000000
X_81_4                        1.000000
X_82_4                        1.000000
X_83_7                        1.000000
X_84_15                       1.000000
X_85_22                       1.000000
X_86_7                        1.000000
X_87_4                        1.000000
X_88_4                        1.000000
X_89_5                        1.000000
X_90_29                       1.000000
X_91_16                       1.000000
X_92_12                       1.000000
X_93_20                       1.000000
X_94_18                       1.000000
X_95_24                       1.000000
X_96_25                       1.000000
X_97_30                       1.000000
X_98_15                       1.000000
X_99_24                       1.000000
X_100_15                      1.000000
X_101_26                      1.000000
X_102_18                      1.000000
X_103_20                      1.000000
X_104_29                      1.000000
X_105_16                      1.000000
X_106_29                      1.000000
X_107_25                      1.000000
X_108_11                      1.000000
X_109_18                      1.000000
X_110_24                      1.000000
X_111_22                      1.000000
X_112_4                       1.000000
X_113_13                      1.000000
X_114_5                       1.000000
X_115_12                      1.000000
X_116_19                      1.000000
X_117_8                       1.000000
X_118_30                      1.000000
X_119_11                      1.000000
X_120_26                      1.000000
X_121_26                      1.000000
X_122_26                      1.000000
X_123_11                      1.000000
X_124_5                       1.000000
X_125_28                      1.000000
X_126_25                      1.000000
X_127_24                      1.000000
X_128_16                      1.000000
X_129_5                       1.000000
X_130_3                       1.000000
X_131_7                       1.000000
X_132_9                       1.000000
X_133_15                      1.000000
X_134_13                      1.000000
X_135_29                      1.000000
X_136_25                      1.000000
X_137_2                       1.000000
X_138_30                      1.000000
X_139_25                      1.000000
X_140_2                       1.000000
X_141_11                      1.000000
X_142_8                       1.000000
X_143_11                      1.000000
X_144_15                      1.000000
X_145_10                      1.000000
X_146_28                      1.000000
X_147_12                      1.000000
X_148_21                      1.000000
X_149_20                      1.000000
X_150_7                       1.000000
X_151_10                      1.000000
X_152_21                      1.000000
X_153_27                      1.000000
X_154_12                      1.000000
X_155_20                      1.000000
X_156_9                       1.000000
X_157_1                       1.000000
X_158_15                      1.000000
X_159_28                      1.000000
X_160_22                      1.000000
X_161_23                      1.000000
X_162_19                      1.000000
X_163_12                      1.000000
X_164_1                       1.000000
X_165_8                       1.000000
X_166_3                       1.000000
X_167_30                      1.000000
X_168_24                      1.000000
X_169_2                       1.000000
X_170_19                      1.000000
X_171_30                      1.000000
X_172_6                       1.000000
X_173_16                      1.000000
X_174_21                      1.000000
X_175_27                      1.000000
X_176_6                       1.000000
X_177_28                      1.000000
X_178_24                      1.000000
X_179_19                      1.000000
X_180_28                      1.000000
X_181_21                      1.000000
X_182_17                      1.000000
X_183_4                       1.000000
X_184_14                      1.000000
X_185_13                      1.000000
X_186_10                      1.000000
X_187_5                       1.000000
X_188_13                      1.000000
X_189_7                       1.000000
X_190_23                      1.000000
X_191_5                       1.000000
X_192_21                      1.000000
X_193_20                      1.000000
X_194_21                      1.000000
X_195_29                      1.000000
X_196_26                      1.000000
X_197_9                       1.000000
X_198_16                      1.000000
X_199_17                      1.000000
X_200_8                       1.000000
X_201_16                      1.000000
X_202_20                      1.000000
X_203_9                       1.000000
X_204_23                      1.000000
X_205_19                      1.000000
X_206_27                      1.000000
X_207_18                      1.000000
X_208_13                      1.000000
X_209_6                       1.000000
X_210_26                      1.000000
X_211_15                      1.000000
X_212_21                      1.000000
X_213_29                      1.000000
X_214_6                       1.000000
X_215_2                       1.000000
X_216_9                       1.000000
X_217_27                      1.000000
X_218_2                       1.000000
X_219_20                      1.000000
X_220_3                       1.000000
X_221_9                       1.000000
X_222_6                       1.000000
X_223_22                      1.000000
X_224_28                      1.000000
X_225_27                      1.000000
X_226_4                       1.000000
X_227_2                       1.000000
X_228_30                      1.000000
X_229_13                      1.000000
X_230_4                       1.000000
X_231_11                      1.000000
X_232_17                      1.000000
X_233_28                      1.000000
X_234_17                      1.000000
X_235_26                      1.000000
X_236_19                      1.000000
X_237_6                       1.000000
X_238_10                      1.000000
X_239_7                       1.000000
X_240_12                      1.000000
X_241_3                       1.000000
X_242_30                      1.000000
X_243_26                      1.000000
X_244_25                      1.000000
X_245_20                      1.000000
X_246_24                      1.000000
X_247_29                      1.000000
X_248_2                       1.000000
X_249_12                      1.000000
X_250_19                      1.000000
X_251_14                      1.000000
X_252_18                      1.000000
X_253_16                      1.000000
X_254_24                      1.000000
X_255_16                      1.000000
X_256_27                      1.000000
X_257_7                       1.000000
X_258_18                      1.000000
X_259_18                      1.000000
X_260_9                       1.000000
X_261_10                      1.000000
X_262_24                      1.000000
X_263_10                      1.000000
X_264_20                      1.000000
X_265_18                      1.000000
X_266_3                       1.000000
X_267_1                       1.000000
X_268_22                      1.000000
X_269_30                      1.000000
X_270_6                       1.000000
X_271_15                      1.000000
X_272_23                      1.000000
X_273_11                      1.000000
X_274_18                      1.000000
X_275_3                       1.000000
X_276_22                      1.000000
X_277_14                      1.000000
X_278_17                      1.000000
X_279_21                      1.000000
X_280_30                      1.000000
X_281_16                      1.000000
X_282_30                      1.000000
X_283_4                       1.000000
X_284_27                      1.000000
X_285_8                       1.000000
X_286_21                      1.000000
X_287_25                      1.000000
X_288_21                      1.000000
X_289_25                      1.000000
X_290_13                      1.000000
X_291_19                      1.000000
X_292_26                      1.000000
X_293_1                       1.000000
X_294_3                       1.000000
X_295_27                      1.000000
X_296_23                      1.000000
X_297_29                      1.000000
X_298_19                      1.000000
X_299_12                      1.000000
X_300_13                      1.000000
X_301_12                      1.000000
X_302_22                      1.000000
X_303_15                      1.000000
X_304_8                       1.000000
X_305_7                       1.000000
X_306_6                       1.000000
X_307_3                       1.000000
X_308_21                      1.000000
X_309_26                      1.000000
X_310_26                      1.000000
X_311_20                      1.000000
X_312_1                       1.000000
X_313_7                       1.000000
X_314_15                      1.000000
X_315_19                      1.000000
X_316_2                       1.000000
X_317_8                       1.000000
X_318_5                       1.000000
X_319_18                      1.000000
X_320_2                       1.000000
X_321_29                      1.000000
X_322_25                      1.000000
X_323_17                      1.000000
X_324_27                      1.000000
X_325_8                       1.000000
X_326_8                       1.000000
X_327_1                       1.000000
X_328_13                      1.000000
X_329_22                      1.000000
X_330_3                       1.000000
X_331_6                       1.000000
X_332_14                      1.000000
X_333_17                      1.000000
X_334_30                      1.000000
X_335_9                       1.000000
X_336_14                      1.000000
X_337_19                      1.000000
X_338_13                      1.000000
X_339_15                      1.000000
X_340_30                      1.000000
X_341_2                       1.000000
X_342_24                      1.000000
X_343_29                      1.000000
X_344_18                      1.000000
X_345_22                      1.000000
X_346_3                       1.000000
X_347_23                      1.000000
X_348_17                      1.000000
X_349_24                      1.000000
X_350_8                       1.000000
X_351_19                      1.000000
X_352_15                      1.000000
X_353_7                       1.000000
X_354_17                      1.000000
X_355_5                       1.000000
X_356_7                       1.000000
X_357_26                      1.000000
X_358_11                      1.000000
X_359_5                       1.000000
X_360_11                      1.000000
X_361_11                      1.000000
X_362_14                      1.000000
X_363_18                      1.000000
X_364_17                      1.000000
X_365_11                      1.000000
X_366_10                      1.000000
X_367_4                       1.000000
X_368_28                      1.000000
X_369_30                      1.000000
X_370_9                       1.000000
X_371_25                      1.000000
X_372_27                      1.000000
X_373_7                       1.000000
X_374_15                      1.000000
X_375_23                      1.000000
X_376_23                      1.000000
X_377_20                      1.000000
X_378_29                      1.000000
X_379_22                      1.000000
X_380_25                      1.000000
X_381_17                      1.000000
X_382_7                       1.000000
X_383_1                       1.000000
X_384_15                      1.000000
X_385_3                       1.000000
X_386_12                      1.000000
X_387_1                       1.000000
X_388_5                       1.000000
X_389_21                      1.000000
X_390_9                       1.000000
X_391_16                      1.000000
X_392_9                       1.000000
X_393_1                       1.000000
X_394_16                      1.000000
X_395_14                      1.000000
X_396_11                      1.000000
X_397_6                       1.000000
X_398_9                       1.000000
X_399_19                      1.000000
X_400_28                      1.000000
X_401_23                      1.000000
X_402_13                      1.000000
X_403_28                      1.000000
X_404_19                      1.000000
X_405_11                      1.000000
X_406_23                      1.000000
X_407_25                      1.000000
X_408_5                       1.000000
X_409_2                       1.000000
X_410_18                      1.000000
X_411_6                       1.000000
X_412_5                       1.000000
X_413_15                      1.000000
X_414_6                       1.000000
X_415_4                       1.000000
X_416_9                       1.000000
X_417_18                      1.000000
X_418_4                       1.000000
X_419_22                      1.000000
X_420_14                      1.000000
X_421_3                       1.000000
X_422_8                       1.000000
X_423_17                      1.000000
X_424_5                       1.000000
X_425_2                       1.000000
X_426_30                      1.000000
X_427_6                       1.000000
X_428_12                      1.000000
X_429_16                      1.000000
X_430_8                       1.000000
X_431_8                       1.000000
X_432_22                      1.000000
X_433_8                       1.000000
X_434_10                      1.000000
X_435_8                       1.000000
X_436_9                       1.000000
X_437_28                      1.000000
X_438_18                      1.000000
X_439_27                      1.000000
X_440_29                      1.000000
X_441_14                      1.000000
X_442_9                       1.000000
X_443_12                      1.000000
X_444_1                       1.000000
X_445_10                      1.000000
X_446_20                      1.000000
X_447_1                       1.000000
X_448_21                      1.000000
X_449_16                      1.000000
X_450_24                      1.000000
X_451_5                       1.000000
X_452_27                      1.000000
X_453_17                      1.000000
X_454_1                       1.000000
X_455_1                       1.000000
X_456_11                      1.000000
X_457_30                      1.000000
X_458_7                       1.000000
X_459_28                      1.000000
X_460_21                      1.000000
X_461_2                       1.000000
X_462_3                       1.000000
X_463_9                       1.000000
X_464_15                      1.000000
X_465_2                       1.000000
X_466_10                      1.000000
X_467_14                      1.000000
X_468_17                      1.000000
X_469_29                      1.000000
X_470_3                       1.000000
X_471_10                      1.000000
X_472_19                      1.000000
X_473_25                      1.000000
X_474_22                      1.000000
X_475_12                      1.000000
X_476_13                      1.000000
X_477_13                      1.000000
X_478_28                      1.000000
X_479_4                       1.000000
X_480_3                       1.000000
X_481_21                      1.000000
X_482_19                      1.000000
X_483_12                      1.000000
X_484_26                      1.000000
X_485_1                       1.000000
X_486_18                      1.000000
X_487_4                       1.000000
X_488_8                       1.000000
X_489_25                      1.000000
X_490_2                       1.000000
X_491_3                       1.000000
X_492_30                      1.000000
X_493_15                      1.000000
X_494_13                      1.000000
X_495_26                      1.000000
X_496_5                       1.000000
X_497_30                      1.000000
X_498_10                      1.000000
X_499_13                      1.000000
X_500_1                       1.000000
All other variables in the range 1-15001 are 0.
