
Log started (V11.0.0) Sun May 18 09:03:39 2008

Tried aggregator 1 time.
Reduced MIP has 530 rows, 15001 columns, and 30030 nonzeros.
Presolve time =    0.09 sec.
Clique table members: 500.
MIP emphasis: balance optimality and feasibility.
MIP search method: dynamic search.
Parallel mode: none, using 1 thread.
Root relaxation solution time =    1.03 sec.

        Nodes                                         Cuts/
   Node  Left     Objective  IInf  Best Integer     Best Node    ItCnt     Gap

*     0+    0                        54853.0000     1671.2667      811   96.95%
*     0+    0                         1709.0000     1671.2667      811    2.21%
      0     0     1672.6235    60     1709.0000      Fract: 6      880    2.13%
*     0+    0                         1708.0000     1672.6235      880    2.07%
      0     0     1686.5570   106     1708.0000   MIRcuts: 29     2373    1.26%
      0     0     1686.8572    90     1708.0000    MIRcuts: 8     2517    1.24%
      0     0     1686.8572    87     1708.0000      Cuts: 11     2613    1.24%
      0     0     1686.8572    92     1708.0000       Cuts: 9     2706    1.24%
      0     2     1686.8572    92     1708.0000     1686.8572     2706    1.24%
    100   101     1687.0000    64     1708.0000     1686.8576     4882    1.24%
    200   201     1687.0000    66     1708.0000     1686.8576     8117    1.24%
    300   301     1687.0000    84     1708.0000     1686.8576    12612    1.24%
    400   401     1687.0000    70     1708.0000     1686.8576    19456    1.24%
    500   501     1687.0000    81     1708.0000     1686.8576    31909    1.24%
    600   533     1694.0000    58     1708.0000     1694.0000    40559    0.82%
    700   567     1694.0000    60     1708.0000     1694.0000    42348    0.82%
    800   598     1694.0000    66     1708.0000     1694.0000    45195    0.82%
    900   624     1694.0000    59     1708.0000     1694.0000    49407    0.82%
   1000   644     1694.0000    58     1708.0000     1694.0000    60132    0.82%
Elapsed time = 175.72 sec. (tree size =  7.04 MB, solutions = 3)
   1100   667     1694.0000    63     1708.0000     1694.0000    73553    0.82%
   1200   698     1694.0000    74     1708.0000     1694.0000    89115    0.82%
   1300   781     1694.0000    78     1708.0000     1694.0000   116519    0.82%
   1400   860     1696.0000    56     1708.0000     1694.0000   136075    0.82%
   1500   928     1697.8145    53     1708.0000     1694.0000   142218    0.82%
   1600   996     1697.0000    54     1708.0000     1694.0000   148004    0.82%
   1700  1066     1698.0000    55     1708.0000     1694.0000   153600    0.82%
   1800  1133     1698.0000    56     1708.0000     1694.0000   159446    0.82%
   1900  1213     1699.7728    52     1708.0000     1694.0000   165053    0.82%
   2000  1270     1700.1156    53     1708.0000     1694.0000   173664    0.82%
Elapsed time = 302.98 sec. (tree size = 14.71 MB, solutions = 3)
   2100  1326     1701.0000    52     1708.0000     1694.0000   181407    0.82%
   2200  1382     1702.3960    51     1708.0000     1694.0000   187308    0.82%
   2300  1439     1702.4700    53     1708.0000     1694.0000   194009    0.82%
   2400  1507     1702.7111    52     1708.0000     1694.0000   199610    0.82%
   2500  1568     1703.0000    52     1708.0000     1694.0000   204298    0.82%
   2600  1641     1704.0000    52     1708.0000     1694.0000   208379    0.82%
   2700  1708     1706.0000    50     1708.0000     1694.0000   212082    0.82%
   2800  1739    infeasible           1708.0000     1694.0000   217988    0.82%
   2900  1765     1707.0000    52     1708.0000     1694.0000   238166    0.82%
   3000  1769     1707.0000    51     1708.0000     1694.0000   263572    0.82%
Elapsed time = 367.25 sec. (tree size = 20.82 MB, solutions = 3)
   3100  1829     1694.0000    58     1708.0000     1694.0000   272152    0.82%
   3200  1929     1694.0000    60     1708.0000     1694.0000   274074    0.82%
   3300  2029     1694.0000    59     1708.0000     1694.0000   276065    0.82%
   3400  2116     1694.2261    97     1708.0000     1694.0000   281351    0.82%
   3500  2216     1695.0000    62     1708.0000     1694.0000   283017    0.82%
   3600  2316     1695.0000    65     1708.0000     1694.0000   285534    0.82%
   3700  2415     1695.0000    65     1708.0000     1694.0000   291477    0.82%
   3800  2499     1698.0000    57     1708.0000     1694.0000   296242    0.82%
   3900  2589     1699.0000    55     1708.0000     1694.0000   298951    0.82%
   4000  2675     1700.0000    51     1708.0000     1694.0000   302704    0.82%
Elapsed time = 433.86 sec. (tree size = 31.99 MB, solutions = 3)
   4100  2760     1701.0000    52     1708.0000     1694.0000   307449    0.82%
   4200  2849     1702.0000    53     1708.0000     1694.0000   311460    0.82%
   4300  2937     1703.0000    52     1708.0000     1694.0000   316294    0.82%
   4400  3008     1704.0000    53     1708.0000     1694.0000   326400    0.82%
   4500  3081     1704.0000    52     1708.0000     1694.0000   335680    0.82%
   4600  3118     1695.0000    61     1708.0000     1694.0000   409199    0.82%
   4700  3218     1695.0000    58     1708.0000     1694.0000   410380    0.82%
   4800  3318     1695.0000    56     1708.0000     1694.0000   412435    0.82%
   4900  3418     1695.0000    58     1708.0000     1694.0000   414952    0.82%
   5000  3483     1695.0000    58     1708.0000     1694.0000   420661    0.82%
Elapsed time = 592.63 sec. (tree size = 44.26 MB, solutions = 3)
   5100  3540     1696.0000    52     1708.0000     1694.0000   426689    0.82%
   5200  3638     1696.0000    53     1708.0000     1694.0000   429929    0.82%
   5300  3736     1696.0000    56     1708.0000     1694.0000   433636    0.82%
   5400  3835     1696.0000    52     1708.0000     1694.0000   437263    0.82%
   5500  3929     1697.0000    49     1708.0000     1694.0000   444850    0.82%
   5600  4029     1697.0000    57     1708.0000     1694.0000   447665    0.82%
   5700  4129     1697.0000    62     1708.0000     1694.0000   451338    0.82%
   5800  4219     1698.0000    55     1708.0000     1694.0000   454981    0.82%
   5900  4272     1705.0019    50     1708.0000     1694.0000   457223    0.82%
   6000  4359     1695.0000    60     1708.0000     1694.0000   464256    0.82%
Elapsed time = 699.67 sec. (tree size = 60.97 MB, solutions = 3)
   6100  4459     1695.0000    59     1708.0000     1694.0000   465879    0.82%
   6200  4558     1702.0000    36     1708.0000     1694.0000   474736    0.82%
   6300  4626     1702.0000    36     1708.0000     1694.0000   476627    0.82%
   6400  4719     1699.0000    47     1708.0000     1694.0000   493391    0.82%
   6500  4819     1699.0000    46     1708.0000     1694.0000   495701    0.82%
   6600  4912     1701.0000    46     1708.0000     1694.0000   500353    0.82%
   6700  5012     1701.0000    42     1708.0000     1694.0000   502954    0.82%
   6800  5108     1702.0000    44     1708.0000     1694.0000   507098    0.82%
   6900  5206     1702.0000    50     1708.0000     1694.0000   513319    0.82%
   7000  5287     1704.0000    54     1708.0000     1694.0000   544496    0.82%
Elapsed time = 815.84 sec. (tree size = 78.61 MB, solutions = 3)
   7100  5373        cutoff           1708.0000     1694.0000   546843    0.82%
   7200  5383        cutoff           1708.0000     1694.0000   548971    0.82%
   7300  5391     1705.0000    43     1708.0000     1694.0000   551757    0.82%
   7400  5423    infeasible           1708.0000     1694.0000   554661    0.82%
   7500  5485     1703.0142    67     1708.0000     1694.0000   562272    0.82%
   7600  5585     1704.0000    38     1708.0000     1694.0000   563120    0.82%
   7700  5685     1704.0000    31     1708.0000     1694.0000   565143    0.82%
   7800  5780     1707.0000    35     1708.0000     1694.0000   567869    0.82%
   7900  5872     1707.0000    36     1708.0000     1694.0000   569594    0.82%
   8000  5946     1707.0000    35     1708.0000     1694.0000   575530    0.82%
Elapsed time = 866.31 sec. (tree size = 91.35 MB, solutions = 3)
   8100  6012     1707.0000    31     1708.0000     1694.0000   581796    0.82%
   8200  6103     1703.0000    46     1708.0000     1694.0000   588160    0.82%
   8300  6201     1704.0000    36     1708.0000     1694.0000   590104    0.82%
   8400  6272     1706.0000    44     1708.0000     1694.0000   592022    0.82%
   8500  6311     1707.0000    48     1708.0000     1694.0000   606729    0.82%
   8600  6345    infeasible           1708.0000     1694.0000   609668    0.82%
   8700  6424     1697.0000    55     1708.0000     1694.0000   620264    0.82%
   8800  6524     1697.0000    58     1708.0000     1694.0000   621207    0.82%
   8900  6623     1698.0000    51     1708.0000     1694.0000   623454    0.82%
   9000  6719     1706.0000    41     1708.0000     1694.0000   625700    0.82%
Elapsed time = 935.22 sec. (tree size = 106.51 MB, solutions = 3)
   9100  6805     1697.0000    52     1708.0000     1694.0000   630495    0.82%
   9200  6905     1697.0000    52     1708.0000     1694.0000   631508    0.82%
   9300  7005     1697.0000    58     1708.0000     1694.0000   633436    0.82%
   9400  7105     1697.0000    51     1708.0000     1694.0000   635905    0.82%
   9500  7205     1697.0000    57     1708.0000     1694.0000   640597    0.82%
   9600  7305     1697.0000    57     1708.0000     1694.0000   646344    0.82%
   9700  7404     1698.0000    47     1708.0000     1694.0000   653993    0.82%
   9800  7504     1698.0000    62     1708.0000     1694.0000   656576    0.82%
   9900  7601     1698.0000    63     1708.0000     1694.0000   662470    0.82%
  10000  7677     1701.3230    55     1708.0000     1694.0000   669634    0.82%
Elapsed time = 1016.81 sec. (tree size = 125.68 MB, solutions = 3)
  10100  7731     1701.4079    61     1708.0000     1694.0000   680404    0.82%
Began writing nodes to disk (directory ./cpxa02652 created)
  10200  7801     1700.0000    53     1708.0000     1694.0000   687433    0.82%
  10300  7856     1702.0000    52     1708.0000     1694.0000   694418    0.82%
  10400  7940     1705.0000    45     1708.0000     1694.0000   696455    0.82%
  10500  7960        cutoff           1708.0000     1694.0000   699035    0.82%
  10600  7969     1706.0000    45     1708.0000     1694.0000   700957    0.82%
  10700  8034     1703.0000    42     1708.0000     1694.0000   718734    0.82%
  10800  8131     1706.0000    39     1708.0000     1694.0000   720696    0.82%
  10900  8206     1707.0000    36     1708.0000     1694.0000   738527    0.82%
  11000  8238     1707.0000    46     1708.0000     1694.0000   776566    0.82%
Elapsed time = 1123.73 sec. (tree size = 137.19 MB, solutions = 3)
Nodefile size =  9.85 MB (7.60 MB after compression)
  11100  8270     1707.0000    43     1708.0000     1694.0000   817858    0.82%
  11200  8325     1703.0000    44     1708.0000     1694.0000   840696    0.82%
  11300  8423     1703.0000    43     1708.0000     1694.0000   842377    0.82%
  11400  8513     1706.0000    38     1708.0000     1694.0000   844103    0.82%
  11500  8569     1706.0000    41     1708.0000     1694.0000   846763    0.82%
  11600  8604     1707.0000    37     1708.0000     1694.0000   848919    0.82%
  11700  8620    infeasible           1708.0000     1694.0000   853111    0.82%
  11800  8636     1707.0000    42     1708.0000     1694.0000   856154    0.82%
  11900  8666     1707.0000    50     1708.0000     1694.0000   861956    0.82%
  12000  8733     1695.0000    56     1708.0000     1694.0000   900221    0.82%
Elapsed time = 1244.52 sec. (tree size = 147.28 MB, solutions = 3)
Nodefile size = 19.54 MB (14.93 MB after compression)
  12100  8833     1695.0000    65     1708.0000     1694.0000   901706    0.82%
  12200  8933     1695.0000    65     1708.0000     1694.0000   904407    0.82%
  12300  9032     1695.0000    61     1708.0000     1694.0000   909097    0.82%
  12400  9126     1696.0000    53     1708.0000     1694.0000   914751    0.82%
  12500  9226     1696.0000    56     1708.0000     1694.0000   916012    0.82%
  12600  9326     1696.0000    58     1708.0000     1694.0000   918495    0.82%
  12700  9423     1697.0000    61     1708.0000     1694.0000   923553    0.82%
  12800  9503     1698.0000    54     1708.0000     1694.0000   928487    0.82%
  12900  9555     1695.0000    64     1708.0000     1694.0000   978836    0.82%
  13000  9655     1695.0000    60     1708.0000     1694.0000   980043    0.82%
Elapsed time = 1364.09 sec. (tree size = 166.42 MB, solutions = 3)
Nodefile size = 38.64 MB (28.54 MB after compression)
  13100  9755     1695.0000    62     1708.0000     1694.0000   983755    0.82%
  13200  9851     1697.0000    56     1708.0000     1694.0000   988766    0.82%
  13300  9949     1700.0000    49     1708.0000     1694.0000   990297    0.82%
  13400 10036     1703.0000    52     1708.0000     1694.0000  1001047    0.82%
  13500 10136     1703.0000    36     1708.0000     1694.0000  1002349    0.82%
  13600 10231     1703.0000    44     1708.0000     1694.0000  1005079    0.82%
  13700 10309     1706.0000    38     1708.0000     1694.0000  1010293    0.82%
  13800 10401     1707.0000    29     1708.0000     1694.0000  1012649    0.82%
  13900 10476    infeasible           1708.0000     1694.0000  1015907    0.82%
  14000 10559     1703.0000    47     1708.0000     1694.0000  1024761    0.82%
Elapsed time = 1437.95 sec. (tree size = 185.31 MB, solutions = 3)
Nodefile size = 58.02 MB (43.46 MB after compression)
  14100 10658     1703.0000    39     1708.0000     1694.0000  1026520    0.82%
  14200 10755     1707.0000    46     1708.0000     1694.0000  1029503    0.82%
  14300 10830     1702.0000    37     1708.0000     1694.0000  1073950    0.82%
  14400 10928     1702.0000    40     1708.0000     1694.0000  1076408    0.82%
  14500 11023     1703.0000    47     1708.0000     1694.0000  1078540    0.82%
  14600 11118     1706.0000    32     1708.0000     1694.0000  1081214    0.82%
  14700 11217     1706.0000    35     1708.0000     1694.0000  1083464    0.82%
  14800 11315     1706.0000    43     1708.0000     1694.0000  1086601    0.82%
  14900 11412     1707.0000    40     1708.0000     1694.0000  1089237    0.82%
  15000 11512     1707.0000    37     1708.0000     1694.0000  1092788    0.82%
Elapsed time = 1532.55 sec. (tree size = 205.39 MB, solutions = 3)
Nodefile size = 77.84 MB (59.54 MB after compression)
  15100 11570    infeasible           1708.0000     1694.0000  1101721    0.82%
  15200 11594     1707.0000    48     1708.0000     1694.0000  1122397    0.82%
  15300 11653     1703.0000    42     1708.0000     1694.0000  1141837    0.82%
  15400 11752     1703.0105    50     1708.0000     1694.0000  1143739    0.82%
  15500 11823     1704.0000    31     1708.0000     1694.0000  1145075    0.82%
  15600 11892     1706.0000    51     1708.0000     1694.0000  1147188    0.82%
  15700 11945     1707.0000    40     1708.0000     1694.0000  1150525    0.82%
  15800 11985     1707.0000    37     1708.0000     1694.0000  1157568    0.82%
  15900 12027     1707.0000    41     1708.0000     1694.0000  1168227    0.82%
  16000 12076     1702.0000    60     1708.0000     1694.0000  1180707    0.82%
Elapsed time = 1619.67 sec. (tree size = 217.33 MB, solutions = 3)
Nodefile size = 89.76 MB (69.18 MB after compression)
  16100 12175     1703.0000    35     1708.0000     1694.0000  1182336    0.82%
  16200 12273     1705.0000    44     1708.0000     1694.0000  1184522    0.82%
  16300 12357     1696.0000    46     1708.0000     1694.0000  1217236    0.82%
  16400 12457     1696.0000    58     1708.0000     1694.0000  1218084    0.82%
  16500 12556     1696.0000    54     1708.0000     1694.0000  1219764    0.82%
  16600 12655     1697.0000    52     1708.0000     1694.0000  1222887    0.82%
  16700 12755     1697.0000    54     1708.0000     1694.0000  1225102    0.82%
  16800 12847     1704.0000    35     1708.0000     1694.0000  1233616    0.82%
  16900 12944     1707.0000    41     1708.0000     1694.0000  1235353    0.82%
  17000 12993     1696.0000   208     1708.0000     1694.0000  1280659    0.82%
Elapsed time = 1769.03 sec. (tree size = 237.05 MB, solutions = 3)
Nodefile size = 109.55 MB (84.58 MB after compression)
  17100 13093     1696.0000    54     1708.0000     1694.0000  1281416    0.82%
  17200 13193     1696.0000    54     1708.0000     1694.0000  1282351    0.82%
  17300 13293     1696.0000    60     1708.0000     1694.0000  1284126    0.82%
  17400 13393     1696.0000    58     1708.0000     1694.0000  1286325    0.82%
  17500 13493     1696.0000    59     1708.0000     1694.0000  1289176    0.82%
  17600 13593     1696.0000    57     1708.0000     1694.0000  1292413    0.82%
  17700 13693     1696.0000    60     1708.0000     1694.0000  1299356    0.82%
  17800 13793     1696.0000    59     1708.0000     1694.0000  1305377    0.82%
  17900 13893     1696.0000    62     1708.0000     1694.0000  1313962    0.82%
  18000 13992     1696.0000    64     1708.0000     1694.0000  1323394    0.82%
Elapsed time = 1855.27 sec. (tree size = 259.07 MB, solutions = 3)
Nodefile size = 131.69 MB (100.23 MB after compression)
  18100 14090     1698.0000    49     1708.0000     1694.0000  1331512    0.82%
  18200 14179     1702.6666    62     1708.0000     1694.0000  1335930    0.82%
  18300 14263     1703.1367    58     1708.0000     1694.0000  1341172    0.82%
  18400 14329     1701.0000    59     1708.0000     1694.0000  1348466    0.82%
  18500 14398     1702.0000    48     1708.0000     1694.0000  1354354    0.82%
  18600 14470     1703.0000    47     1708.0000     1694.0000  1360311    0.82%
  18700 14526     1697.0000    60     1708.0000     1694.0000  1383900    0.82%
  18800 14626     1697.0000    48     1708.0000     1694.0000  1384610    0.82%
  18900 14726     1697.0000    53     1708.0000     1694.0000  1386622    0.82%
  19000 14826     1697.0000    52     1708.0000     1694.0000  1390154    0.82%
Elapsed time = 1956.22 sec. (tree size = 277.73 MB, solutions = 3)
Nodefile size = 150.06 MB (114.18 MB after compression)
  19100 14926     1697.0000    64     1708.0000     1694.0000  1397183    0.82%
  19200 15025     1698.0000    49     1708.0000     1694.0000  1402437    0.82%
  19300 15114     1699.0000    44     1708.0000     1694.0000  1433046    0.82%
  19400 15214     1699.0000    44     1708.0000     1694.0000  1434499    0.82%
  19500 15314     1699.0000    53     1708.0000     1694.0000  1436580    0.82%
  19600 15414     1699.0000    50     1708.0000     1694.0000  1440451    0.82%
  19700 15514     1699.0000    54     1708.0000     1694.0000  1445043    0.82%
  19800 15614     1699.0000    51     1708.0000     1694.0000  1454279    0.82%
  19900 15714     1699.0000    54     1708.0000     1694.0000  1462541    0.82%
  20000 15814     1699.0000    50     1708.0000     1694.0000  1472033    0.82%
Elapsed time = 2082.94 sec. (tree size = 299.81 MB, solutions = 3)
Nodefile size = 172.68 MB (132.59 MB after compression)
  20100 15914     1699.0000    54     1708.0000     1694.0000  1481506    0.82%
  20200 16009     1700.0000    42     1708.0000     1694.0000  1494793    0.82%
  20300 16089     1703.8428    59     1708.0000     1694.0000  1514815    0.82%
  20400 16171     1701.0000    52     1708.0000     1694.0000  1525260    0.82%
  20500 16245     1702.0000    44     1708.0000     1694.0000  1528301    0.82%
  20600 16314     1707.0000    43     1708.0000     1694.0000  1531198    0.82%
  20700 16403     1700.0000    42     1708.0000     1694.0000  1535718    0.82%
  20800 16502     1701.0000    40     1708.0000     1694.0000  1538990    0.82%
  20900 16600     1703.0000    42     1708.0000     1694.0000  1543525    0.82%
  21000 16696     1707.0000    44     1708.0000     1694.0000  1548062    0.82%
Elapsed time = 2198.53 sec. (tree size = 319.77 MB, solutions = 3)
Nodefile size = 192.48 MB (148.91 MB after compression)
  21100 16778     1707.0000    40     1708.0000     1694.0000  1558491    0.82%
* 21153+14729                         1706.0000     1694.0000  1570167    0.70%
  21200 14778     1700.0000    54     1706.0000     1694.0000  1570425    0.70%
  21300 14878     1700.0000    48     1706.0000     1694.0000  1572217    0.70%
  21400 14977     1701.0000    42     1706.0000     1694.0000  1574497    0.70%
  21500 15074     1704.0000    34     1706.0000     1694.0000  1579401    0.70%
  21600 15171     1705.0000    48     1706.0000     1694.0000  1585522    0.70%
  21700 15256     1699.0000    52     1706.0000     1694.0000  1596982    0.70%
  21800 15356     1699.0000    51     1706.0000     1694.0000  1598544    0.70%
  21900 15456     1699.0000    54     1706.0000     1694.0000  1601970    0.70%
  22000 15556     1699.0000    62     1706.0000     1694.0000  1607069    0.70%
Elapsed time = 2283.16 sec. (tree size = 298.41 MB, solutions = 4)
Nodefile size = 170.89 MB (131.96 MB after compression)
* 22003+15352                         1705.0000     1694.0000  1607225    0.65%
  22100 15450     1700.0000    63     1705.0000     1694.0000  1613709    0.65%
  22200 15548     1702.0000    54     1705.0000     1694.0000  1620838    0.65%
  22300 15614     1697.0000    49     1705.0000     1694.0000  1686477    0.65%
  22400 15714     1697.0000    60     1705.0000     1694.0000  1687924    0.65%
  22500 15814     1697.0000    58     1705.0000     1694.0000  1690900    0.65%
  22600 15914     1697.0000    55     1705.0000     1694.0000  1694106    0.65%
  22700 16014     1697.0000    55     1705.0000     1694.0000  1699438    0.65%
  22800 16084     1697.0000    54     1705.0000     1694.0000  1704077    0.65%
  22900 16134        cutoff           1705.0000     1694.0000  1708935    0.65%
  23000 16172     1697.0000    67     1705.0000     1694.0000  1713792    0.65%
Elapsed time = 2430.00 sec. (tree size = 313.24 MB, solutions = 5)
Nodefile size = 185.82 MB (144.44 MB after compression)
  23100 16259     1698.0000    57     1705.0000     1694.0000  1718753    0.65%
  23200 16359     1698.0000    53     1705.0000     1694.0000  1722052    0.65%
  23300 16458     1699.0000    54     1705.0000     1694.0000  1727251    0.65%
  23400 16555     1699.0010    62     1705.0000     1694.0000  1729976    0.65%
  23500 16636     1704.0000    52     1705.0000     1694.0000  1733042    0.65%
  23600 16723     1697.0000    58     1705.0000     1694.0000  1754000    0.65%
  23700 16823     1697.0000    55     1705.0000     1694.0000  1755696    0.65%
  23800 16923     1697.0000    60     1705.0000     1694.0000  1758559    0.65%
  23900 17023     1697.0000    65     1705.0000     1694.0000  1763213    0.65%
  24000 17120     1701.0000    50     1705.0000     1694.0000  1768239    0.65%
Elapsed time = 2515.23 sec. (tree size = 335.12 MB, solutions = 5)
Nodefile size = 207.51 MB (162.32 MB after compression)
  24100 17202     1696.0000    57     1705.0000     1694.0000  1784137    0.65%
  24200 17302     1696.0000    54     1705.0000     1694.0000  1785168    0.65%
  24300 17402     1696.0000    55     1705.0000     1694.0000  1786939    0.65%
* 24303+16424                         1704.0000     1694.0000  1786970    0.59%
  24400 16521     1697.0000    55     1704.0000     1694.0000  1791127    0.59%
  24500 16621     1697.0000    75     1704.0000     1694.0000  1794227    0.59%
  24600 16719     1698.0000    56     1704.0000     1694.0000  1799793    0.59%
  24700 16748        cutoff           1704.0000     1694.0000  1802216    0.59%
  24800 16733     1696.0000    64     1704.0000     1694.0000  1875529    0.59%
  24900 16833     1696.0000    63     1704.0000     1694.0000  1877806    0.59%
  25000 16933     1696.0000    60     1704.0000     1694.0000  1880734    0.59%
Elapsed time = 2665.98 sec. (tree size = 335.37 MB, solutions = 6)
Nodefile size = 207.76 MB (163.76 MB after compression)
  25100 17033     1696.0000    57     1704.0000     1694.0000  1887181    0.59%
  25200 17132     1696.0000    60     1704.0000     1694.0000  1892716    0.59%
  25300 17229     1696.0000    61     1704.0000     1694.0000  1902189    0.59%
  25400 17325     1696.0000    61     1704.0000     1694.0000  1913513    0.59%
  25500 17418     1697.0000    56     1704.0000     1694.0000  1924677    0.59%
  25600 17515     1700.0000    52     1704.0000     1694.0000  1926986    0.59%
  25700 17593     1701.0000    54     1704.0000     1694.0000  1929012    0.59%
  25800 17627        cutoff           1704.0000     1694.0000  1930432    0.59%
  25900 17702     1696.0000    56     1704.0000     1694.0000  1951105    0.59%
  26000 17802     1696.0000    56     1704.0000     1694.0000  1951727    0.59%
Elapsed time = 2803.70 sec. (tree size = 356.00 MB, solutions = 6)
Nodefile size = 228.54 MB (180.50 MB after compression)
  26100 17902     1696.0000    59     1704.0000     1694.0000  1952786    0.59%
  26200 18002     1696.0000    58     1704.0000     1694.0000  1954633    0.59%
  26300 18102     1696.0000    52     1704.0000     1694.0000  1957362    0.59%
  26400 18198     1697.0000    57     1704.0000     1694.0000  1962594    0.59%
  26500 18298     1697.0000    58     1704.0000     1694.0000  1964552    0.59%
  26600 18393     1698.0000    54     1704.0000     1694.0000  1969081    0.59%
  26700 18480     1699.0000    53     1704.0000     1694.0000  1973395    0.59%
  26800 18551        cutoff           1704.0000     1694.0000  1980734    0.59%
  26900 18610     1702.7756    56     1704.0000     1694.0000  1988194    0.59%
  27000 18669     1696.0000    56     1704.0000     1694.0000  2015971    0.59%
Elapsed time = 2922.69 sec. (tree size = 377.01 MB, solutions = 6)
Nodefile size = 249.34 MB (197.66 MB after compression)
  27100 18769     1696.0000    49     1704.0000     1694.0000  2016939    0.59%
  27200 18869     1696.0000    60     1704.0000     1694.0000  2018515    0.59%
  27300 18969     1696.0000    62     1704.0000     1694.0000  2020889    0.59%
  27400 19069     1696.0000    61     1704.0000     1694.0000  2026048    0.59%
  27500 19169     1696.0000    86     1704.0000     1694.0000  2032794    0.59%
  27600 19253    infeasible           1704.0000     1694.0000  2037284    0.59%
  27700 19281     1703.0000    52     1704.0000     1694.0000  2044498    0.59%
  27800 19346     1696.0000    66     1704.0000     1694.0000  2058057    0.59%
  27900 19446     1696.0000    68     1704.0000     1694.0000  2060655    0.59%
  28000 19546     1696.0000    72     1704.0000     1694.0000  2064619    0.59%
Elapsed time = 3004.77 sec. (tree size = 398.20 MB, solutions = 6)
Nodefile size = 271.10 MB (215.37 MB after compression)
  28100 19646     1696.0000    72     1704.0000     1694.0000  2069789    0.59%
  28200 19745     1697.0000    55     1704.0000     1694.0000  2072833    0.59%
  28300 19843     1697.0000    63     1704.0000     1694.0000  2077934    0.59%
  28400 19937     1703.0000    54     1704.0000     1694.0000  2081454    0.59%
  28500 19992     1695.0000    57     1704.0000     1694.0000  2152258    0.59%
  28600 20092     1695.0000    55     1704.0000     1694.0000  2153294    0.59%
  28700 20192     1695.0000    58     1704.0000     1694.0000  2154840    0.59%
  28800 20292     1695.0000    59     1704.0000     1694.0000  2157159    0.59%
  28900 20392     1695.0000    59     1704.0000     1694.0000  2160974    0.59%
  29000 20492     1695.0000    61     1704.0000     1694.0000  2165919    0.59%
Elapsed time = 3163.58 sec. (tree size = 421.63 MB, solutions = 6)
Nodefile size = 293.82 MB (234.37 MB after compression)
  29100 20579     1695.0000    70     1704.0000     1694.0000  2191127    0.59%
  29200 20668     1696.0000    58     1704.0000     1694.0000  2205863    0.59%
  29300 20767     1696.0000    56     1704.0000     1694.0000  2208184    0.59%
  29400 20865     1697.0000    55     1704.0000     1694.0000  2211593    0.59%
  29500 20965     1697.0000    52     1704.0000     1694.0000  2213909    0.59%
  29600 21065     1697.0000    56     1704.0000     1694.0000  2217263    0.59%
  29700 21165     1697.0000    68     1704.0000     1694.0000  2223885    0.59%
  29800 21240     1700.4264    54     1704.0000     1694.0000  2234102    0.59%
  29900 21331     1699.0000    51     1704.0000     1694.0000  2238294    0.59%
  30000 21387     1699.0000    55     1704.0000     1694.0000  2245075    0.59%
Elapsed time = 3299.34 sec. (tree size = 444.34 MB, solutions = 6)
Nodefile size = 316.57 MB (253.11 MB after compression)
  30100 21445     1701.0000    51     1704.0000     1694.0000  2250647    0.59%
  30200 21509     1702.0000    53     1704.0000     1694.0000  2252563    0.59%
  30300 21558     1696.0000    54     1704.0000     1694.0000  2332567    0.59%
  30400 21658     1696.0000    53     1704.0000     1694.0000  2333476    0.59%
  30500 21758     1696.0000    57     1704.0000     1694.0000  2334823    0.59%
  30600 21858     1696.0000    54     1704.0000     1694.0000  2337567    0.59%
  30700 21958     1696.0000    75     1704.0000     1694.0000  2342440    0.59%
  30800 22055     1697.0000    65     1704.0000     1694.0000  2347917    0.59%
  30900 22136     1703.0000    57     1704.0000     1694.0000  2350673    0.59%
  31000 22213     1696.0000    68     1704.0000     1694.0000  2375567    0.59%
Elapsed time = 3509.98 sec. (tree size = 465.22 MB, solutions = 6)
Nodefile size = 337.32 MB (270.35 MB after compression)
  31100 22312     1697.0000    51     1704.0000     1694.0000  2378170    0.59%
  31200 22412     1697.0000    51     1704.0000     1694.0000  2379263    0.59%
  31300 22510     1697.0000    59     1704.0000     1694.0000  2381879    0.59%
  31400 22603     1698.0000    58     1704.0000     1694.0000  2385323    0.59%
  31500 22702     1699.0000    53     1704.0000     1694.0000  2388251    0.59%
  31600 22784     1696.0000   257     1704.0000     1694.0000  2436184    0.59%
  31700 22884     1696.0000    54     1704.0000     1694.0000  2437201    0.59%
  31800 22984     1696.0000    53     1704.0000     1694.0000  2438103    0.59%
  31900 23084     1696.0000    58     1704.0000     1694.0000  2440108    0.59%
  32000 23184     1696.0000    54     1704.0000     1694.0000  2442689    0.59%
Elapsed time = 3675.22 sec. (tree size = 489.69 MB, solutions = 6)
Nodefile size = 362.01 MB (290.91 MB after compression)
  32100 23284     1696.0000    54     1704.0000     1694.0000  2445680    0.59%
  32200 23384     1696.0000    56     1704.0000     1694.0000  2450361    0.59%
  32300 23478     1696.0000    59     1704.0000     1694.0000  2456407    0.59%
  32400 23548     1696.0000    65     1704.0000     1694.0000  2460617    0.59%
  32500 23631     1697.0000    58     1704.0000     1694.0000  2463760    0.59%
  32600 23731     1697.0000    58     1704.0000     1694.0000  2465886    0.59%
  32700 23828     1698.0000    53     1704.0000     1694.0000  2471309    0.59%
  32800 23903     1699.0000    52     1704.0000     1694.0000  2494325    0.59%
  32900 24003     1699.0000    54     1704.0000     1694.0000  2496111    0.59%
  33000 24103     1699.0000    56     1704.0000     1694.0000  2498898    0.59%
Elapsed time = 3779.41 sec. (tree size = 513.44 MB, solutions = 6)
Nodefile size = 385.74 MB (310.46 MB after compression)
  33100 24203     1699.0000    66     1704.0000     1694.0000  2503919    0.59%
  33200 24303     1699.0000    57     1704.0000     1694.0000  2508905    0.59%
  33300 24395        cutoff           1704.0000     1694.0000  2515319    0.59%
  33400 24475     1697.0000    49     1704.0000     1694.0000  2536181    0.59%
  33500 24575     1697.0000    55     1704.0000     1694.0000  2537775    0.59%
  33600 24675     1697.0000    55     1704.0000     1694.0000  2540074    0.59%
  33700 24775     1697.0000    58     1704.0000     1694.0000  2543645    0.59%
  33800 24875     1697.0000    63     1704.0000     1694.0000  2548362    0.59%
  33900 24975     1697.0000    54     1704.0000     1694.0000  2554859    0.59%
  34000 25075     1697.0000    58     1704.0000     1694.0000  2559712    0.59%
Elapsed time = 3888.80 sec. (tree size = 538.82 MB, solutions = 6)
Nodefile size = 411.42 MB (332.16 MB after compression)
  34100 25175     1697.0000    59     1704.0000     1694.0000  2566856    0.59%
  34200 25275     1697.0000    62     1704.0000     1694.0000  2575401    0.59%
  34300 25362     1700.0000    54     1704.0000     1694.0000  2583911    0.59%
  34400 25441        cutoff           1704.0000     1694.0000  2586999    0.59%
  34500 25486     1701.0000    59     1704.0000     1694.0000  2589648    0.59%
  34600 25548     1702.0000    55     1704.0000     1694.0000  2593257    0.59%
  34700 25573     1703.0000    48     1704.0000     1694.0000  2598392    0.59%
  34800 25593     1703.0000    54     1704.0000     1694.0000  2615079    0.59%
  34900 25613     1703.0000    53     1704.0000     1694.0000  2628246    0.59%
  35000 25637     1703.0000    57     1704.0000     1694.0000  2633075    0.59%
Elapsed time = 3983.86 sec. (tree size = 553.99 MB, solutions = 6)
Nodefile size = 426.39 MB (344.77 MB after compression)
  35100 25698     1696.0000    50     1704.0000     1694.0000  2722053    0.59%
  35200 25798     1696.0000    57     1704.0000     1694.0000  2723358    0.59%
  35300 25898     1696.0000    60     1704.0000     1694.0000  2725274    0.59%
  35400 25974     1696.0000    63     1704.0000     1694.0000  2727343    0.59%
  35500 26073     1697.0000    55     1704.0000     1694.0000  2730033    0.59%
  35600 26173     1697.0000    67     1704.0000     1694.0000  2732093    0.59%
  35700 26257     1697.0000    58     1704.0000     1694.0000  2734807    0.59%
  35800 26325     1703.0000    60     1704.0000     1694.0000  2738231    0.59%
  35900 26412     1697.0000    54     1704.0000     1694.0000  2760157    0.59%
  36000 26512     1697.0000    54     1704.0000     1694.0000  2761597    0.59%
Elapsed time = 4242.41 sec. (tree size = 577.45 MB, solutions = 6)
Nodefile size = 450.03 MB (364.15 MB after compression)
  36100 26612     1697.0000    55     1704.0000     1694.0000  2764469    0.59%
  36200 26712     1697.0000    72     1704.0000     1694.0000  2768857    0.59%
  36300 26812     1697.0000    66     1704.0000     1694.0000  2774310    0.59%
  36400 26911     1698.0000    69     1704.0000     1694.0000  2779246    0.59%
  36500 26983        cutoff           1704.0000     1694.0000  2784103    0.59%
  36600 27057     1703.0000    45     1704.0000     1694.0000  2787548    0.59%
  36700 27113     1703.0000    53     1704.0000     1694.0000  2800644    0.59%
  36800 27131        cutoff           1704.0000     1694.0000  2837047    0.59%
  36900 27156     1696.0000    57     1704.0000     1694.0000  2935674    0.59%
  37000 27256     1696.0000    48     1704.0000     1694.0000  2936727    0.59%
Elapsed time = 4497.52 sec. (tree size = 598.47 MB, solutions = 6)
Nodefile size = 470.73 MB (381.72 MB after compression)
  37100 27356     1696.0000    54     1704.0000     1694.0000  2938121    0.59%
  37200 27456     1696.0000    62     1704.0000     1694.0000  2940034    0.59%
  37300 27556     1696.0000    63     1704.0000     1694.0000  2942725    0.59%
  37400 27655     1696.0000    62     1704.0000     1694.0000  2948956    0.59%
  37500 27755     1696.0000    60     1704.0000     1694.0000  2954987    0.59%
  37600 27846     1696.0000    60     1704.0000     1694.0000  2966826    0.59%
  37700 27939     1697.0000    54     1704.0000     1694.0000  2969740    0.59%
  37800 28038     1697.0000    55     1704.0000     1694.0000  2972953    0.59%
  37900 28138     1697.0000    68     1704.0000     1694.0000  2978964    0.59%
  38000 28233     1697.0000    68     1704.0000     1694.0000  2988434    0.59%
Elapsed time = 4602.98 sec. (tree size = 625.12 MB, solutions = 6)
Nodefile size = 497.47 MB (404.62 MB after compression)
  38100 28326     1698.0000    53     1704.0000     1694.0000  2991451    0.59%
  38200 28401     1699.0000    51     1704.0000     1694.0000  2998781    0.59%
  38300 28477     1699.0000    52     1704.0000     1694.0000  3003335    0.59%
  38400 28547     1700.0000    53     1704.0000     1694.0000  3009115    0.59%
  38500 28595     1702.0000    51     1704.0000     1694.0000  3013916    0.59%
  38600 28622    infeasible           1704.0000     1694.0000  3016213    0.59%
  38700 28687     1697.0000    48     1704.0000     1694.0000  3023294    0.59%
  38800 28786     1698.0000    52     1704.0000     1694.0000  3025416    0.59%
  38900 28886     1698.0000    64     1704.0000     1694.0000  3027412    0.59%
  39000 28986     1698.0000    65     1704.0000     1694.0000  3031014    0.59%
Elapsed time = 4686.92 sec. (tree size = 645.67 MB, solutions = 6)
Nodefile size = 518.28 MB (422.45 MB after compression)
  39100 29085     1699.0000    62     1704.0000     1694.0000  3035262    0.59%
  39200 29184     1700.0000    61     1704.0000     1694.0000  3039880    0.59%
  39300 29262     1696.0000    58     1704.0000     1694.0000  3067079    0.59%
  39400 29362     1696.0000    62     1704.0000     1694.0000  3069194    0.59%
  39500 29461     1697.0000    58     1704.0000     1694.0000  3071442    0.59%
  39600 29561     1697.0000    53     1704.0000     1694.0000  3074685    0.59%
  39700 29661     1697.0000    66     1704.0000     1694.0000  3079197    0.59%
  39800 29758     1697.0000    76     1704.0000     1694.0000  3084098    0.59%
  39900 29837     1701.0000    60     1704.0000     1694.0000  3087607    0.59%
  40000 29850     1702.0000    52     1704.0000     1694.0000  3089916    0.59%
Elapsed time = 4806.47 sec. (tree size = 669.51 MB, solutions = 6)
Nodefile size = 541.95 MB (442.28 MB after compression)
  40100 29880        cutoff           1704.0000     1694.0000  3092650    0.59%
  40200 29903     1703.0000    56     1704.0000     1694.0000  3095440    0.59%
  40300 29946     1697.0000    50     1704.0000     1694.0000  3110243    0.59%
  40400 30046     1697.0000    60     1704.0000     1694.0000  3111355    0.59%
  40500 30146     1697.0000    52     1704.0000     1694.0000  3113039    0.59%
  40600 30246     1697.0000    58     1704.0000     1694.0000  3115549    0.59%
  40700 30345     1697.0000    58     1704.0000     1694.0000  3120718    0.59%
  40800 30445     1697.0000    62     1704.0000     1694.0000  3125090    0.59%
  40900 30544     1697.0000    58     1704.0000     1694.0000  3133515    0.59%
  41000 30641     1697.0000    72     1704.0000     1694.0000  3141030    0.59%
Elapsed time = 4908.77 sec. (tree size = 691.33 MB, solutions = 6)
Nodefile size = 563.65 MB (460.28 MB after compression)
  41100 30727     1698.0000    55     1704.0000     1694.0000  3148474    0.59%
  41200 30816     1700.0000    48     1704.0000     1694.0000  3151376    0.59%
  41300 30904     1700.0000    55     1704.0000     1694.0000  3156192    0.59%
  41400 30966     1697.0000    50     1704.0000     1694.0000  3207333    0.59%
  41500 31066     1697.0000    51     1704.0000     1694.0000  3208290    0.59%
  41600 31165     1698.0000    56     1704.0000     1694.0000  3211820    0.59%
  41700 31265     1698.0000    54     1704.0000     1694.0000  3214078    0.59%
  41800 31364     1699.0000    52     1704.0000     1694.0000  3217975    0.59%
  41900 31460     1700.0000    59     1704.0000     1694.0000  3221721    0.59%
  42000 31537     1697.0000    52     1704.0000     1694.0000  3245114    0.59%
Elapsed time = 5100.38 sec. (tree size = 716.61 MB, solutions = 6)
Nodefile size = 589.31 MB (482.22 MB after compression)
  42100 31637     1697.0000    54     1704.0000     1694.0000  3246589    0.59%
  42200 31737     1697.0000    50     1704.0000     1694.0000  3250257    0.59%
  42300 31837     1697.0000    57     1704.0000     1694.0000  3257110    0.59%
  42400 31937     1697.0000    51     1704.0000     1694.0000  3264881    0.59%
  42500 32037     1697.0000    81     1704.0000     1694.0000  3274574    0.59%
  42600 32136     1697.0000    71     1704.0000     1694.0000  3290411    0.59%
  42700 32236     1697.0000    73     1704.0000     1694.0000  3299617    0.59%
  42800 32334     1698.0000    58     1704.0000     1694.0000  3312949    0.59%
  42900 32431     1700.0000    57     1704.0000     1694.0000  3320308    0.59%
  43000 32517     1701.0000    56     1704.0000     1694.0000  3329635    0.59%
Elapsed time = 5261.75 sec. (tree size = 744.37 MB, solutions = 6)
Nodefile size = 616.85 MB (505.38 MB after compression)
  43100 32607     1695.0000    64     1704.0000     1694.0000  3347703    0.59%
  43200 32707     1695.0000    66     1704.0000     1694.0000  3351630    0.59%
  43300 32807     1695.0000    68     1704.0000     1694.0000  3357600    0.59%
  43400 32906     1695.0000    68     1704.0000     1694.0000  3364584    0.59%
  43500 33006     1695.0000    83     1704.0000     1694.0000  3371947    0.59%
  43600 33099     1695.0000    68     1704.0000     1694.0000  3391406    0.59%
  43700 33195     1696.0000    51     1704.0000     1694.0000  3396523    0.59%
  43800 33295     1696.0000    64     1704.0000     1694.0000  3400052    0.59%
  43900 33395     1696.0000    61     1704.0000     1694.0000  3406064    0.59%
  44000 33495     1696.0000    65     1704.0000     1694.0000  3414860    0.59%
Elapsed time = 5455.98 sec. (tree size = 772.51 MB, solutions = 6)
Nodefile size = 645.47 MB (529.12 MB after compression)
  44100 33588     1698.0000    54     1704.0000     1694.0000  3420722    0.59%
  44200 33662     1699.0000    54     1704.0000     1694.0000  3426446    0.59%
  44300 33744     1699.0000    53     1704.0000     1694.0000  3432195    0.59%
  44400 33823     1702.0000    52     1704.0000     1694.0000  3438109    0.59%
  44500 33851    infeasible           1704.0000     1694.0000  3447458    0.59%
  44600 33853    infeasible           1704.0000     1694.0000  3478856    0.59%
  44700 33874     1697.0000    68     1704.0000     1694.0000  3525466    0.59%
  44800 33974     1697.0000    52     1704.0000     1694.0000  3526384    0.59%
  44900 34074     1697.0000    54     1704.0000     1694.0000  3528409    0.59%
  45000 34174     1697.0000    56     1704.0000     1694.0000  3532138    0.59%
Elapsed time = 5590.56 sec. (tree size = 792.28 MB, solutions = 6)
Nodefile size = 664.34 MB (545.17 MB after compression)
  45100 34273     1699.0000    57     1704.0000     1694.0000  3537439    0.59%
  45200 34373     1699.0000    63     1704.0000     1694.0000  3541234    0.59%
  45300 34469     1703.0000    53     1704.0000     1694.0000  3548351    0.59%
  45400 34564     1697.0000    52     1704.0000     1694.0000  3587850    0.59%
  45500 34664     1697.0000    58     1704.0000     1694.0000  3589261    0.59%
  45600 34764     1697.0000    61     1704.0000     1694.0000  3592772    0.59%
  45700 34861     1697.0000    58     1704.0000     1694.0000  3597314    0.59%
  45800 34959     1699.0000    56     1704.0000     1694.0000  3602002    0.59%
  45900 35051     1699.0000    55     1704.0000     1694.0000  3604185    0.59%
  46000 35132     1697.0660   110     1704.0000     1694.0000  3612504    0.59%
Elapsed time = 5772.92 sec. (tree size = 820.42 MB, solutions = 6)
Nodefile size = 692.93 MB (569.15 MB after compression)
  46100 35232     1698.0000    54     1704.0000     1694.0000  3613380    0.59%
  46200 35332     1698.0000    48     1704.0000     1694.0000  3614821    0.59%
  46300 35432     1698.0000    60     1704.0000     1694.0000  3616674    0.59%
  46400 35532     1698.0000    55     1704.0000     1694.0000  3619363    0.59%
  46500 35632     1698.0000    54     1704.0000     1694.0000  3622322    0.59%
  46600 35732     1698.0000    51     1704.0000     1694.0000  3625919    0.59%
  46700 35831     1699.0000    50     1704.0000     1694.0000  3629914    0.59%
  46800 35931     1699.0000    48     1704.0000     1694.0000  3630932    0.59%
  46900 36031     1699.0000    52     1704.0000     1694.0000  3632855    0.59%
  47000 36131     1699.0000    50     1704.0000     1694.0000  3635081    0.59%
Elapsed time = 5834.77 sec. (tree size = 849.97 MB, solutions = 6)
Nodefile size = 722.54 MB (593.45 MB after compression)
  47100 36231     1699.0000    49     1704.0000     1694.0000  3637294    0.59%
  47200 36331     1699.0000    52     1704.0000     1694.0000  3640642    0.59%
  47300 36431     1699.0000    53     1704.0000     1694.0000  3645601    0.59%
  47400 36531     1699.0000    48     1704.0000     1694.0000  3649031    0.59%
  47500 36631     1699.0000    52     1704.0000     1694.0000  3650607    0.59%
  47600 36731     1699.0000    55     1704.0000     1694.0000  3653834    0.59%
  47700 36831     1699.0000    49     1704.0000     1694.0000  3655197    0.59%
  47800 36931     1699.0000    54     1704.0000     1694.0000  3658008    0.59%
  47900 37031     1699.0000    52     1704.0000     1694.0000  3662988    0.59%
  48000 37128     1701.0000    50     1704.0000     1694.0000  3666864    0.59%
Elapsed time = 5931.89 sec. (tree size = 879.97 MB, solutions = 6)
Nodefile size = 752.33 MB (618.28 MB after compression)
  48100 37228     1701.0000    51     1704.0000     1694.0000  3669173    0.59%
  48200 37328     1701.0000    49     1704.0000     1694.0000  3671535    0.59%
  48300 37428     1701.0000    52     1704.0000     1694.0000  3674964    0.59%
  48400 37528     1701.0000    50     1704.0000     1694.0000  3679779    0.59%
  48500 37628     1702.0000    50     1704.0000     1694.0000  3682829    0.59%
  48600 37728     1702.0000    47     1704.0000     1694.0000  3686133    0.59%
  48700 37828     1702.0000    53     1704.0000     1694.0000  3689391    0.59%
  48800 37928     1702.0000    48     1704.0000     1694.0000  3691697    0.59%
  48900 38027     1703.0000    42     1704.0000     1694.0000  3693270    0.59%
  49000 38127     1703.0000    43     1704.0000     1694.0000  3694241    0.59%
Elapsed time = 6007.22 sec. (tree size = 910.03 MB, solutions = 6)
Nodefile size = 782.12 MB (642.86 MB after compression)
  49100 38221     1703.0000    42     1704.0000     1694.0000  3694828    0.59%
  49200 38308     1698.0000    54     1704.0000     1694.0000  3705703    0.59%
  49300 38408     1698.0000    52     1704.0000     1694.0000  3706981    0.59%
  49400 38507     1699.0000    80     1704.0000     1694.0000  3710705    0.59%
  49500 38607     1699.0000    66     1704.0000     1694.0000  3714002    0.59%
  49600 38706     1701.0000    50     1704.0000     1694.0000  3718659    0.59%
  49700 38798     1703.0000    48     1704.0000     1694.0000  3726334    0.59%
  49800 38883     1697.0000    56     1704.0000     1694.0000  3751436    0.59%
  49900 38983     1697.0000    51     1704.0000     1694.0000  3752766    0.59%
  50000 39083     1697.0000    67     1704.0000     1694.0000  3755981    0.59%
Elapsed time = 6129.56 sec. (tree size = 938.35 MB, solutions = 6)
Nodefile size = 810.81 MB (666.50 MB after compression)
  50100 39183     1697.0000    60     1704.0000     1694.0000  3762840    0.59%
  50200 39283     1697.0000    53     1704.0000     1694.0000  3770396    0.59%
  50300 39383     1697.0000    61     1704.0000     1694.0000  3778032    0.59%
  50400 39483     1697.0000    73     1704.0000     1694.0000  3788015    0.59%
  50500 39581        cutoff           1704.0000     1694.0000  3798565    0.59%
  50600 39672     1699.0000    59     1704.0000     1694.0000  3806010    0.59%
  50700 39766     1700.0000    48     1704.0000     1694.0000  3812462    0.59%
  50800 39854     1700.0000    54     1704.0000     1694.0000  3820424    0.59%
  50900 39909        cutoff           1704.0000     1694.0000  3831437    0.59%
  51000 39957     1700.0000    57     1704.0000     1694.0000  3840884    0.59%
Elapsed time = 6269.56 sec. (tree size = 964.76 MB, solutions = 6)
Nodefile size = 837.25 MB (688.27 MB after compression)
  51100 40002     1702.0000    49     1704.0000     1694.0000  3853923    0.59%
  51200 40095     1696.0000    59     1704.0000     1694.0000  3885511    0.59%
  51300 40195     1696.0000    69     1704.0000     1694.0000  3888015    0.59%
  51400 40294     1697.0000    53     1704.0000     1694.0000  3891522    0.59%
  51500 40394     1697.0000    61     1704.0000     1694.0000  3894417    0.59%
  51600 40494     1697.0000    66     1704.0000     1694.0000  3897627    0.59%
  51700 40594     1697.0000    84     1704.0000     1694.0000  3904497    0.59%
  51800 40693     1698.0000    59     1704.0000     1694.0000  3908089    0.59%
  51900 40764     1702.0000    53     1704.0000     1694.0000  3914068    0.59%
  52000 40823     1703.0000    48     1704.0000     1694.0000  3917873    0.59%
Elapsed time = 6443.56 sec. (tree size = 990.78 MB, solutions = 6)
Nodefile size = 862.86 MB (710.29 MB after compression)
  52100 40888     1698.0000    50     1704.0000     1694.0000  3944248    0.59%
  52200 40988     1698.0000    56     1704.0000     1694.0000  3945545    0.59%
  52300 41088     1698.0000    64     1704.0000     1694.0000  3948067    0.59%
  52400 41188     1698.0000    52     1704.0000     1694.0000  3950953    0.59%
  52500 41288     1698.0000    77     1704.0000     1694.0000  3955462    0.59%
  52600 41388     1698.0000    79     1704.0000     1694.0000  3959249    0.59%
  52700 41484     1703.0000    50     1704.0000     1694.0000  3964133    0.59%
  52800 41530     1695.0000   212     1704.0000     1694.0000  4103493    0.59%
  52900 41630     1695.0000    61     1704.0000     1694.0000  4104731    0.59%
  53000 41730     1695.0000    65     1704.0000     1694.0000  4107277    0.59%
Elapsed time = 6790.59 sec. (tree size = 1018.70 MB, solutions = 6)
Nodefile size = 891.42 MB (733.55 MB after compression)
  53100 41830     1695.0000    64     1704.0000     1694.0000  4112544    0.59%
  53200 41930     1695.0000    75     1704.0000     1694.0000  4120300    0.59%
  53300 42030     1695.0000    68     1704.0000     1694.0000  4129658    0.59%
  53400 42130     1695.0000    67     1704.0000     1694.0000  4138726    0.59%
  53500 42230     1695.0000    90     1704.0000     1694.0000  4145926    0.59%
  53600 42326     1695.0000    69     1704.0000     1694.0000  4155326    0.59%
  53700 42425     1696.0000    55     1704.0000     1694.0000  4159001    0.59%
  53800 42525     1696.0000    61     1704.0000     1694.0000  4165964    0.59%
  53900 42620     1698.0000    51     1704.0000     1694.0000  4171296    0.59%
  54000 42711     1702.0000    49     1704.0000     1694.0000  4176610    0.59%
Elapsed time = 6953.61 sec. (tree size = 1049.03 MB, solutions = 6)
Nodefile size = 921.07 MB (758.17 MB after compression)
  54100 42735     1702.0000    49     1704.0000     1694.0000  4181980    0.59%
  54200 42774     1702.0000    48     1704.0000     1694.0000  4187191    0.59%
  54300 42805     1703.0000    47     1704.0000     1694.0000  4201688    0.59%
  54400 42886     1698.0000    52     1704.0000     1694.0000  4216092    0.59%
  54500 42986     1698.0000    54     1704.0000     1694.0000  4217539    0.59%
  54600 43086     1698.0000    54     1704.0000     1694.0000  4219742    0.59%
  54700 43185     1700.0000    56     1704.0000     1694.0000  4225024    0.59%
  54800 43283        cutoff           1704.0000     1694.0000  4231151    0.59%
  54900 43380     1695.0000    58     1704.0000     1694.0000  4256229    0.59%
  55000 43480     1695.0000    56     1704.0000     1694.0000  4257318    0.59%
Elapsed time = 7112.31 sec. (tree size = 1072.54 MB, solutions = 6)
Nodefile size = 944.70 MB (777.95 MB after compression)
  55100 43580     1695.0000    60     1704.0000     1694.0000  4259064    0.59%
  55200 43680     1695.0000    85     1704.0000     1694.0000  4263315    0.59%
  55300 43780     1695.0000    60     1704.0000     1694.0000  4268323    0.59%
  55400 43879     1695.0000    62     1704.0000     1694.0000  4275269    0.59%
  55500 43955     1695.0000    63     1704.0000     1694.0000  4282724    0.59%
  55600 44036     1696.0000    59     1704.0000     1694.0000  4290111    0.59%

Cover cuts applied:  1678
Mixed integer rounding cuts applied:  48
Zero-half cuts applied:  1
Gomory fractional cuts applied:  6

Solution pool: 6 solutions saved.

MIP - Time limit exceeded, integer feasible:  Objective = 1.7040000000e+003
Current MIP best bound = 1.6940000000e+003 (gap = 10, 0.59%)
Solution time = 7200.02 sec.  Iterations = 4291931  Nodes = 55661 (44096)


Incumbent solution
Variable Name           Solution Value
Cmax                       1704.000000
X_1_15                        1.000000
X_2_17                        1.000000
X_3_24                        1.000000
X_4_13                        1.000000
X_5_20                        1.000000
X_6_4                         1.000000
X_7_25                        1.000000
X_8_5                         1.000000
X_9_18                        1.000000
X_10_9                        1.000000
X_11_21                       1.000000
X_12_28                       1.000000
X_13_8                        1.000000
X_14_3                        1.000000
X_15_14                       1.000000
X_16_23                       1.000000
X_17_21                       1.000000
X_18_27                       1.000000
X_19_15                       1.000000
X_20_23                       1.000000
X_21_30                       1.000000
X_22_2                        1.000000
X_23_24                       1.000000
X_24_6                        1.000000
X_25_3                        1.000000
X_26_4                        1.000000
X_27_30                       1.000000
X_28_20                       1.000000
X_29_11                       1.000000
X_30_11                       1.000000
X_31_5                        1.000000
X_32_24                       1.000000
X_33_1                        1.000000
X_34_30                       1.000000
X_35_1                        1.000000
X_36_29                       1.000000
X_37_3                        1.000000
X_38_29                       1.000000
X_39_6                        1.000000
X_40_28                       1.000000
X_41_13                       1.000000
X_42_9                        1.000000
X_43_27                       1.000000
X_44_22                       1.000000
X_45_6                        1.000000
X_46_27                       1.000000
X_47_10                       1.000000
X_48_1                        1.000000
X_49_20                       1.000000
X_50_14                       1.000000
X_51_13                       1.000000
X_52_25                       1.000000
X_53_10                       1.000000
X_54_29                       1.000000
X_55_22                       1.000000
X_56_14                       1.000000
X_57_19                       1.000000
X_58_12                       1.000000
X_59_29                       1.000000
X_60_7                        1.000000
X_61_3                        1.000000
X_62_27                       1.000000
X_63_20                       1.000000
X_64_28                       1.000000
X_65_5                        1.000000
X_66_24                       1.000000
X_67_26                       1.000000
X_68_5                        1.000000
X_69_26                       1.000000
X_70_9                        1.000000
X_71_22                       1.000000
X_72_3                        1.000000
X_73_11                       1.000000
X_74_2                        1.000000
X_75_15                       1.000000
X_76_9                        1.000000
X_77_13                       1.000000
X_78_25                       1.000000
X_79_26                       1.000000
X_80_21                       1.000000
X_81_18                       1.000000
X_82_4                        1.000000
X_83_23                       1.000000
X_84_30                       1.000000
X_85_23                       1.000000
X_86_11                       1.000000
X_87_20                       1.000000
X_88_1                        1.000000
X_89_23                       1.000000
X_90_17                       1.000000
X_91_3                        1.000000
X_92_11                       1.000000
X_93_6                        1.000000
X_94_23                       1.000000
X_95_21                       1.000000
X_96_28                       1.000000
X_97_2                        1.000000
X_98_1                        1.000000
X_99_17                       1.000000
X_100_10                      1.000000
X_101_1                       1.000000
X_102_14                      1.000000
X_103_18                      1.000000
X_104_7                       1.000000
X_105_1                       1.000000
X_106_14                      1.000000
X_107_29                      1.000000
X_108_23                      1.000000
X_109_19                      1.000000
X_110_4                       1.000000
X_111_12                      1.000000
X_112_15                      1.000000
X_113_12                      1.000000
X_114_13                      1.000000
X_115_11                      1.000000
X_116_12                      1.000000
X_117_17                      1.000000
X_118_10                      1.000000
X_119_7                       1.000000
X_120_20                      1.000000
X_121_29                      1.000000
X_122_15                      1.000000
X_123_5                       1.000000
X_124_7                       1.000000
X_125_11                      1.000000
X_126_10                      1.000000
X_127_29                      1.000000
X_128_27                      1.000000
X_129_16                      1.000000
X_130_9                       1.000000
X_131_7                       1.000000
X_132_6                       1.000000
X_133_3                       1.000000
X_134_10                      1.000000
X_135_4                       1.000000
X_136_1                       1.000000
X_137_18                      1.000000
X_138_18                      1.000000
X_139_13                      1.000000
X_140_27                      1.000000
X_141_2                       1.000000
X_142_8                       1.000000
X_143_29                      1.000000
X_144_4                       1.000000
X_145_22                      1.000000
X_146_30                      1.000000
X_147_15                      1.000000
X_148_16                      1.000000
X_149_8                       1.000000
X_150_11                      1.000000
X_151_16                      1.000000
X_152_19                      1.000000
X_153_16                      1.000000
X_154_5                       1.000000
X_155_29                      1.000000
X_156_5                       1.000000
X_157_13                      1.000000
X_158_16                      1.000000
X_159_5                       1.000000
X_160_23                      1.000000
X_161_14                      1.000000
X_162_28                      1.000000
X_163_22                      1.000000
X_164_12                      1.000000
X_165_3                       1.000000
X_166_14                      1.000000
X_167_16                      1.000000
X_168_2                       1.000000
X_169_12                      1.000000
X_170_19                      1.000000
X_171_24                      1.000000
X_172_10                      1.000000
X_173_4                       1.000000
X_174_20                      1.000000
X_175_12                      1.000000
X_176_5                       1.000000
X_177_2                       1.000000
X_178_27                      1.000000
X_179_19                      1.000000
X_180_2                       1.000000
X_181_18                      1.000000
X_182_30                      1.000000
X_183_13                      1.000000
X_184_11                      1.000000
X_185_14                      1.000000
X_186_5                       1.000000
X_187_18                      1.000000
X_188_25                      1.000000
X_189_15                      1.000000
X_190_9                       1.000000
X_191_24                      1.000000
X_192_10                      1.000000
X_193_25                      1.000000
X_194_8                       1.000000
X_195_9                       1.000000
X_196_21                      1.000000
X_197_30                      1.000000
X_198_17                      1.000000
X_199_19                      1.000000
X_200_20                      1.000000
X_201_29                      1.000000
X_202_30                      1.000000
X_203_9                       1.000000
X_204_10                      1.000000
X_205_7                       1.000000
X_206_17                      1.000000
X_207_7                       1.000000
X_208_17                      1.000000
X_209_23                      1.000000
X_210_15                      1.000000
X_211_21                      1.000000
X_212_12                      1.000000
X_213_8                       1.000000
X_214_25                      1.000000
X_215_10                      1.000000
X_216_21                      1.000000
X_217_21                      1.000000
X_218_3                       1.000000
X_219_30                      1.000000
X_220_27                      1.000000
X_221_14                      1.000000
X_222_13                      1.000000
X_223_11                      1.000000
X_224_15                      1.000000
X_225_2                       1.000000
X_226_26                      1.000000
X_227_3                       1.000000
X_228_22                      1.000000
X_229_15                      1.000000
X_230_25                      1.000000
X_231_27                      1.000000
X_232_2                       1.000000
X_233_23                      1.000000
X_234_3                       1.000000
X_235_28                      1.000000
X_236_12                      1.000000
X_237_26                      1.000000
X_238_2                       1.000000
X_239_3                       1.000000
X_240_16                      1.000000
X_241_14                      1.000000
X_242_26                      1.000000
X_243_12                      1.000000
X_244_20                      1.000000
X_245_26                      1.000000
X_246_10                      1.000000
X_247_9                       1.000000
X_248_21                      1.000000
X_249_23                      1.000000
X_250_13                      1.000000
X_251_21                      1.000000
X_252_5                       1.000000
X_253_28                      1.000000
X_254_22                      1.000000
X_255_21                      1.000000
X_256_4                       1.000000
X_257_27                      1.000000
X_258_1                       1.000000
X_259_29                      1.000000
X_260_13                      1.000000
X_261_30                      1.000000
X_262_24                      1.000000
X_263_16                      1.000000
X_264_7                       1.000000
X_265_19                      1.000000
X_266_10                      1.000000
X_267_23                      1.000000
X_268_27                      1.000000
X_269_16                      1.000000
X_270_20                      1.000000
X_271_16                      1.000000
X_272_8                       1.000000
X_273_11                      1.000000
X_274_4                       1.000000
X_275_1                       1.000000
X_276_2                       1.000000
X_277_6                       1.000000
X_278_26                      1.000000
X_279_20                      1.000000
X_280_17                      1.000000
X_281_16                      1.000000
X_282_17                      1.000000
X_283_16                      1.000000
X_284_28                      1.000000
X_285_23                      1.000000
X_286_8                       1.000000
X_287_10                      1.000000
X_288_9                       1.000000
X_289_18                      1.000000
X_290_9                       1.000000
X_291_15                      1.000000
X_292_6                       1.000000
X_293_6                       1.000000
X_294_16                      1.000000
X_295_28                      1.000000
X_296_13                      1.000000
X_297_4                       1.000000
X_298_26                      1.000000
X_299_4                       1.000000
X_300_26                      1.000000
X_301_28                      1.000000
X_302_5                       1.000000
X_303_24                      1.000000
X_304_8                       1.000000
X_305_9                       1.000000
X_306_22                      1.000000
X_307_25                      1.000000
X_308_17                      1.000000
X_309_22                      1.000000
X_310_29                      1.000000
X_311_26                      1.000000
X_312_15                      1.000000
X_313_26                      1.000000
X_314_28                      1.000000
X_315_9                       1.000000
X_316_22                      1.000000
X_317_19                      1.000000
X_318_5                       1.000000
X_319_12                      1.000000
X_320_17                      1.000000
X_321_6                       1.000000
X_322_4                       1.000000
X_323_12                      1.000000
X_324_26                      1.000000
X_325_8                       1.000000
X_326_29                      1.000000
X_327_24                      1.000000
X_328_13                      1.000000
X_329_1                       1.000000
X_330_30                      1.000000
X_331_3                       1.000000
X_332_17                      1.000000
X_333_11                      1.000000
X_334_15                      1.000000
X_335_19                      1.000000
X_336_1                       1.000000
X_337_17                      1.000000
X_338_27                      1.000000
X_339_20                      1.000000
X_340_23                      1.000000
X_341_22                      1.000000
X_342_29                      1.000000
X_343_8                       1.000000
X_344_2                       1.000000
X_345_20                      1.000000
X_346_24                      1.000000
X_347_8                       1.000000
X_348_22                      1.000000
X_349_22                      1.000000
X_350_18                      1.000000
X_351_12                      1.000000
X_352_16                      1.000000
X_353_17                      1.000000
X_354_8                       1.000000
X_355_25                      1.000000
X_356_24                      1.000000
X_357_12                      1.000000
X_358_4                       1.000000
X_359_18                      1.000000
X_360_5                       1.000000
X_361_11                      1.000000
X_362_11                      1.000000
X_363_27                      1.000000
X_364_3                       1.000000
X_365_27                      1.000000
X_366_26                      1.000000
X_367_4                       1.000000
X_368_6                       1.000000
X_369_6                       1.000000
X_370_17                      1.000000
X_371_28                      1.000000
X_372_7                       1.000000
X_373_19                      1.000000
X_374_13                      1.000000
X_375_21                      1.000000
X_376_7                       1.000000
X_377_30                      1.000000
X_378_6                       1.000000
X_379_30                      1.000000
X_380_18                      1.000000
X_381_6                       1.000000
X_382_19                      1.000000
X_383_22                      1.000000
X_384_11                      1.000000
X_385_27                      1.000000
X_386_19                      1.000000
X_387_25                      1.000000
X_388_19                      1.000000
X_389_24                      1.000000
X_390_25                      1.000000
X_391_2                       1.000000
X_392_10                      1.000000
X_393_21                      1.000000
X_394_24                      1.000000
X_395_7                       1.000000
X_396_1                       1.000000
X_397_13                      1.000000
X_398_8                       1.000000
X_399_26                      1.000000
X_400_5                       1.000000
X_401_6                       1.000000
X_402_20                      1.000000
X_403_1                       1.000000
X_404_25                      1.000000
X_405_1                       1.000000
X_406_7                       1.000000
X_407_23                      1.000000
X_408_2                       1.000000
X_409_18                      1.000000
X_410_2                       1.000000
X_411_15                      1.000000
X_412_18                      1.000000
X_413_25                      1.000000
X_414_1                       1.000000
X_415_19                      1.000000
X_416_30                      1.000000
X_417_8                       1.000000
X_418_30                      1.000000
X_419_14                      1.000000
X_420_18                      1.000000
X_421_10                      1.000000
X_422_9                       1.000000
X_423_28                      1.000000
X_424_24                      1.000000
X_425_4                       1.000000
X_426_29                      1.000000
X_427_15                      1.000000
X_428_15                      1.000000
X_429_19                      1.000000
X_430_10                      1.000000
X_431_15                      1.000000
X_432_25                      1.000000
X_433_13                      1.000000
X_434_20                      1.000000
X_435_4                       1.000000
X_436_23                      1.000000
X_437_9                       1.000000
X_438_2                       1.000000
X_439_28                      1.000000
X_440_16                      1.000000
X_441_10                      1.000000
X_442_7                       1.000000
X_443_24                      1.000000
X_444_28                      1.000000
X_445_16                      1.000000
X_446_29                      1.000000
X_447_14                      1.000000
X_448_3                       1.000000
X_449_11                      1.000000
X_450_6                       1.000000
X_451_23                      1.000000
X_452_20                      1.000000
X_453_14                      1.000000
X_454_21                      1.000000
X_455_9                       1.000000
X_456_29                      1.000000
X_457_7                       1.000000
X_458_14                      1.000000
X_459_21                      1.000000
X_460_7                       1.000000
X_461_6                       1.000000
X_462_11                      1.000000
X_463_19                      1.000000
X_464_6                       1.000000
X_465_26                      1.000000
X_466_12                      1.000000
X_467_2                       1.000000
X_468_22                      1.000000
X_469_14                      1.000000
X_470_18                      1.000000
X_471_1                       1.000000
X_472_17                      1.000000
X_473_19                      1.000000
X_474_26                      1.000000
X_475_12                      1.000000
X_476_18                      1.000000
X_477_22                      1.000000
X_478_28                      1.000000
X_479_5                       1.000000
X_480_7                       1.000000
X_481_14                      1.000000
X_482_28                      1.000000
X_483_25                      1.000000
X_484_8                       1.000000
X_485_8                       1.000000
X_486_21                      1.000000
X_487_13                      1.000000
X_488_4                       1.000000
X_489_24                      1.000000
X_490_22                      1.000000
X_491_17                      1.000000
X_492_3                       1.000000
X_493_8                       1.000000
X_494_25                      1.000000
X_495_7                       1.000000
X_496_20                      1.000000
X_497_27                      1.000000
X_498_18                      1.000000
X_499_30                      1.000000
X_500_27                      1.000000
All other variables in the range 1-15001 are 0.
