
Log started (V11.0.0) Sun May 18 13:03:40 2008

Tried aggregator 1 time.
Reduced MIP has 530 rows, 15001 columns, and 30030 nonzeros.
Presolve time =    0.11 sec.
Clique table members: 500.
MIP emphasis: balance optimality and feasibility.
MIP search method: dynamic search.
Parallel mode: none, using 1 thread.
Root relaxation solution time =    0.94 sec.

        Nodes                                         Cuts/
   Node  Left     Objective  IInf  Best Integer     Best Node    ItCnt     Gap

*     0+    0                        55003.0000     1672.1333      804   96.96%
*     0+    0                         1712.0000     1672.1333      804    2.33%
      0     0     1673.0000    58     1712.0000      Fract: 6      846    2.28%
*     0+    0                         1711.0000     1673.0000      846    2.22%
      0     0     1673.2441    61     1711.0000     Covers: 1     1030    2.21%
*     0+    0                         1708.0000     1673.2441     1030    2.03%
      0     0     1688.1427   114     1708.0000      Cuts: 30     2812    1.16%
      0     0     1688.1427   121     1708.0000   MIRcuts: 18     3076    1.16%
      0     0     1688.1433   131     1708.0000      Cuts: 15     3426    1.16%
      0     2     1688.1433   131     1708.0000     1688.1433     3426    1.16%
    100   101     1689.0000    58     1708.0000     1688.1433     4796    1.16%
    200   201     1689.0000    58     1708.0000     1688.1433     6687    1.16%
    300   301     1689.0000    57     1708.0000     1688.1433     9998    1.16%
    400   397     1690.0000    61     1708.0000     1688.1433    15243    1.16%
    500   497     1690.0000    52     1708.0000     1688.1433    17200    1.16%
    600   525     1694.0000    56     1708.0000     1693.2679    24089    0.86%
    700   557     1694.0000    60     1708.0000     1693.2679    26806    0.86%
    800   590     1694.0000    60     1708.0000     1693.2679    29732    0.86%
    900   616     1694.0000    85     1708.0000     1693.2679    36547    0.86%
   1000   630     1694.0000    61     1708.0000     1693.2679    44876    0.86%
Elapsed time = 147.34 sec. (tree size =  6.94 MB, solutions = 4)
   1100   651     1695.0000    56     1708.0000     1693.2679    47535    0.86%
   1200   687     1695.0000    58     1708.0000     1693.2679    48469    0.86%
   1300   786     1695.0000    55     1708.0000     1693.2679    50339    0.86%
   1400   886     1695.0000    55     1708.0000     1693.2679    51785    0.86%
   1500   985     1695.0000    56     1708.0000     1693.2679    53599    0.86%
   1600  1078     1697.0000    51     1708.0000     1693.2679    56126    0.86%
   1700  1170     1697.0000    56     1708.0000     1693.2679    57033    0.86%
   1800  1265     1699.0000    50     1708.0000     1693.2679    58513    0.86%
   1900  1355     1699.0000    53     1708.0000     1693.2679    60060    0.86%
   2000  1442     1702.0000    47     1708.0000     1693.2679    62708    0.86%
Elapsed time = 176.13 sec. (tree size = 17.09 MB, solutions = 4)
   2100  1522     1702.0000    51     1708.0000     1693.2679    66507    0.86%
   2200  1606     1704.0000    51     1708.0000     1693.2679    69368    0.86%
   2300  1663        cutoff           1708.0000     1693.2679    73530    0.86%
   2400  1689        cutoff           1708.0000     1693.2679    78127    0.86%
   2500  1758     1695.0000    52     1708.0000     1693.2679    83907    0.86%
   2600  1858     1695.0000    58     1708.0000     1693.2679    85305    0.86%
   2700  1903     1695.0000    78     1708.0000     1693.2679    87264    0.86%
   2800  2003     1695.0000    60     1708.0000     1693.2679    89261    0.86%
   2900  2103     1695.0000    57     1708.0000     1693.2679    91605    0.86%
   3000  2203     1695.0000    58     1708.0000     1693.2679    94916    0.86%
Elapsed time = 221.88 sec. (tree size = 26.66 MB, solutions = 4)
   3100  2303     1695.0000    56     1708.0000     1693.2679    99381    0.86%
   3200  2403     1695.0000    59     1708.0000     1693.2679   104913    0.86%
   3300  2498     1696.0000    62     1708.0000     1693.2679   117397    0.86%
   3400  2598     1696.0000    63     1708.0000     1693.2679   119813    0.86%
   3500  2690     1697.0000    54     1708.0000     1693.2679   124675    0.86%
   3600  2780     1698.0000    56     1708.0000     1693.2679   129721    0.86%
   3700  2866     1701.6964    55     1708.0000     1693.2679   135587    0.86%
   3800  2940     1703.0000    52     1708.0000     1693.2679   139278    0.86%
   3900  3020     1707.0000    49     1708.0000     1693.2679   142368    0.86%
   4000  3100     1696.0000    53     1708.0000     1694.0000   180569    0.82%
Elapsed time = 344.77 sec. (tree size = 39.07 MB, solutions = 4)
   4100  3188     1696.0000    62     1708.0000     1694.0000   182859    0.82%
   4200  3287     1696.0000    66     1708.0000     1694.0000   188161    0.82%
   4300  3387     1696.0000    66     1708.0000     1694.0000   191630    0.82%
   4400  3485     1698.0000    52     1708.0000     1694.0000   197967    0.82%
   4500  3585     1698.0000    49     1708.0000     1694.0000   200064    0.82%
   4600  3682     1704.0000    54     1708.0000     1694.0000   206578    0.82%
   4700  3740     1696.0000    84     1708.0000     1694.0000   213329    0.82%
   4800  3839     1697.0000    54     1708.0000     1694.0000   216330    0.82%
   4900  3892     1697.0000    59     1708.0000     1694.0000   218681    0.82%
   5000  3987     1696.0000    61     1708.0000     1694.0000   226481    0.82%
Elapsed time = 430.28 sec. (tree size = 57.05 MB, solutions = 4)
   5100  4015     1696.0000    62     1708.0000     1694.0000   228577    0.82%
   5200  4110     1695.0000    71     1708.0000     1694.0000   234076    0.82%
   5300  4208     1696.0000    49     1708.0000     1694.0000   236763    0.82%
   5400  4307     1695.0000    54     1708.0000     1694.0000   245974    0.82%
   5500  4407     1695.0000    61     1708.0000     1694.0000   249243    0.82%
   5600  4505     1697.0000    54     1708.0000     1694.0000   267568    0.82%
   5700  4603     1697.0000    58     1708.0000     1694.0000   270077    0.82%
   5800  4700     1704.0000    62     1708.0000     1694.0000   275667    0.82%
   5900  4776     1699.0000    52     1708.0000     1694.0000   281758    0.82%
   6000  4876     1699.0000    57     1708.0000     1694.0000   283827    0.82%
Elapsed time = 572.02 sec. (tree size = 76.31 MB, solutions = 4)
   6100  4975     1700.0000    56     1708.0000     1694.0000   286998    0.82%
   6200  5065     1699.0000    54     1708.0000     1694.0000   304017    0.82%
   6300  5157     1700.0000    52     1708.0000     1694.0000   311288    0.82%
   6400  5253     1701.0000    46     1708.0000     1694.0000   313713    0.82%
   6500  5336     1701.0000    54     1708.0000     1694.0000   315872    0.82%
   6600  5430     1697.0000    58     1708.0000     1694.0000   331210    0.82%
   6700  5511     1697.0000    60     1708.0000     1694.0000   332560    0.82%
   6800  5610     1696.0000    51     1708.0000     1694.0000   340066    0.82%
   6900  5709     1697.0000    48     1708.0000     1694.0000   343939    0.82%
   7000  5808     1696.0000    56     1708.0000     1694.0000   352586    0.82%
Elapsed time = 729.63 sec. (tree size = 97.24 MB, solutions = 4)
   7100  5849     1696.0000    66     1708.0000     1694.0000   354901    0.82%
   7200  5942     1695.0000    56     1708.0000     1694.0000   369728    0.82%
   7300  6042     1695.0000    60     1708.0000     1694.0000   371458    0.82%
   7400  6142     1695.0000    56     1708.0000     1694.0000   373801    0.82%
   7500  6172        cutoff           1708.0000     1694.0000   375705    0.82%
   7600  6270     1695.0000    54     1708.0000     1694.0000   387449    0.82%
   7700  6370     1695.0000    61     1708.0000     1694.0000   388971    0.82%
   7800  6469     1696.0000    62     1708.0000     1694.0000   394801    0.82%
   7900  6559        cutoff           1708.0000     1694.0000   397755    0.82%
   8000  6655     1698.0000    52     1708.0000     1694.0000   403924    0.82%
Elapsed time = 888.56 sec. (tree size = 116.98 MB, solutions = 4)
   8100  6754     1698.0000    67     1708.0000     1694.0000   406948    0.82%
   8200  6839     1697.0000    55     1708.0000     1694.0000   443483    0.82%
   8300  6938     1698.0000    56     1708.0000     1694.0000   445544    0.82%
   8400  6999     1698.0000    61     1708.0000     1694.0000   448716    0.82%
   8500  7015     1698.0000    52     1708.0000     1694.0000   452969    0.82%
   8600  7047     1698.0000    68     1708.0000     1694.0000   458341    0.82%
   8700  7058     1701.0000    47     1708.0000     1694.0000   465146    0.82%
   8800  7076    infeasible           1708.0000     1694.0000   472348    0.82%
Began writing nodes to disk (directory ./cpxa02652 created)
   8900  7131     1695.0000    56     1708.0000     1694.0000   481147    0.82%
   9000  7230     1696.0000    62     1708.0000     1694.0000   483949    0.82%
Elapsed time = 1015.53 sec. (tree size = 130.98 MB, solutions = 4)
Nodefile size =  3.46 MB (2.12 MB after compression)
   9100  7328     1697.0000    54     1708.0000     1694.0000   488469    0.82%
   9200  7426     1702.0000    50     1708.0000     1694.0000   490968    0.82%
   9300  7523     1706.0000    48     1708.0000     1694.0000   492613    0.82%
   9400  7563     1706.0000    44     1708.0000     1694.0000   495378    0.82%
   9500  7568     1707.0000    45     1708.0000     1694.0000   497557    0.82%
   9600  7587     1696.0000    60     1708.0000     1694.0000   519167    0.82%
   9700  7687     1696.0000    55     1708.0000     1694.0000   520604    0.82%
   9800  7787     1696.0000    65     1708.0000     1694.0000   524172    0.82%
   9900  7886     1696.0000    60     1708.0000     1694.0000   530108    0.82%
  10000  7976     1696.3391   118     1708.0000     1694.0000   554298    0.82%
Elapsed time = 1164.45 sec. (tree size = 149.57 MB, solutions = 4)
Nodefile size = 22.10 MB (15.28 MB after compression)
  10100  8048     1696.0000    63     1708.0000     1694.0000   597808    0.82%
  10200  8126     1696.0000    67     1708.0000     1694.0000   623225    0.82%
  10300  8193     1697.0000    56     1708.0000     1694.0000   656895    0.82%
  10400  8293     1697.0000    60     1708.0000     1694.0000   666016    0.82%
  10500  8383     1698.0062    81     1708.0000     1694.0000   676627    0.82%
  10600  8460     1697.0000    58     1708.0000     1694.0000   699993    0.82%
  10700  8523     1697.0000    60     1708.0000     1694.0000   735574    0.82%
  10800  8575     1698.0220    79     1708.0000     1694.0000   774808    0.82%
  10900  8658     1697.0000    69     1708.0000     1694.0000   809020    0.82%
  11000  8756     1695.0000    63     1708.0000     1694.0000   838322    0.82%
Elapsed time = 1618.05 sec. (tree size = 169.59 MB, solutions = 4)
Nodefile size = 41.91 MB (30.07 MB after compression)
  11100  8855     1696.0000    57     1708.0000     1694.0000   842094    0.82%
  11200  8954     1697.0000    64     1708.0000     1694.0000   848061    0.82%
  11300  9053     1698.0000    52     1708.0000     1694.0000   851594    0.82%
  11400  9148     1697.0000    58     1708.0000     1694.0000   864134    0.82%
  11500  9248     1697.0000    59     1708.0000     1694.0000   865932    0.82%
  11600  9348     1697.0000    92     1708.0000     1694.0000   871259    0.82%
  11700  9443     1702.0000    44     1708.0000     1694.0000   874090    0.82%
  11800  9522     1707.0000    44     1708.0000     1694.0000   882099    0.82%
  11900  9605     1697.0000    54     1708.0000     1694.0000   914366    0.82%
  12000  9705     1697.0000    53     1708.0000     1694.0000   915690    0.82%
Elapsed time = 1741.64 sec. (tree size = 194.07 MB, solutions = 4)
Nodefile size = 66.60 MB (50.32 MB after compression)
  12100  9804     1697.0000    55     1708.0000     1694.0000   917964    0.82%
  12200  9904     1697.0000    51     1708.0000     1694.0000   921137    0.82%
  12300 10004     1697.0000    66     1708.0000     1694.0000   926988    0.82%
  12400 10075     1697.0106   102     1708.0000     1694.0000   956777    0.82%
  12500 10142     1697.0000    58     1708.0000     1694.0000  1001915    0.82%
  12600 10211     1697.0000    75     1708.0000     1694.0000  1045707    0.82%
  12700 10292     1698.0000    50     1708.0000     1694.0000  1067613    0.82%
  12800 10392     1698.0000    53     1708.0000     1694.0000  1070573    0.82%
  12900 10492     1698.0000    58     1708.0000     1694.0000  1077204    0.82%
  13000 10591     1698.0000    59     1708.0000     1694.0000  1085199    0.82%
Elapsed time = 2049.08 sec. (tree size = 217.72 MB, solutions = 4)
Nodefile size = 90.16 MB (68.80 MB after compression)
  13100 10676     1701.0771    60     1708.0000     1694.0000  1097761    0.82%
  13200 10756     1700.0000    56     1708.0000     1694.0000  1110659    0.82%
  13300 10829     1700.0000    54     1708.0000     1694.0000  1118258    0.82%
  13400 10922     1697.0000    55     1708.0000     1694.0000  1133915    0.82%
  13500 11022     1697.0000    58     1708.0000     1694.0000  1136077    0.82%
  13600 11112     1698.0000    51     1708.0000     1694.0000  1138575    0.82%
  13700 11211     1701.0000    57     1708.0000     1694.0000  1140954    0.82%
  13800 11302     1707.0000    50     1708.0000     1694.0000  1144942    0.82%
  13900 11390     1698.0000    52     1708.0000     1694.0000  1158395    0.82%
  14000 11490     1698.0000    54     1708.0000     1694.0000  1160110    0.82%
Elapsed time = 2169.03 sec. (tree size = 241.81 MB, solutions = 4)
Nodefile size = 114.73 MB (88.87 MB after compression)
  14100 11572     1698.0000    54     1708.0000     1694.0000  1162287    0.82%
  14200 11653     1699.0000    52     1708.0000     1694.0000  1164601    0.82%
  14300 11753     1699.0000    50     1708.0000     1694.0000  1166477    0.82%
  14400 11853     1699.0000    53     1708.0000     1694.0000  1169511    0.82%
  14500 11953     1699.0000    50     1708.0000     1694.0000  1174594    0.82%
  14600 12046     1697.0000    72     1708.0000     1694.0000  1190399    0.82%
  14700 12146     1697.0000    73     1708.0000     1694.0000  1193489    0.82%
  14800 12239     1699.0000    60     1708.0000     1694.0000  1197780    0.82%
  14900 12337     1700.0000    46     1708.0000     1694.0000  1200160    0.82%
  15000 12433     1705.0000    48     1708.0000     1694.0000  1202554    0.82%
Elapsed time = 2251.19 sec. (tree size = 267.69 MB, solutions = 4)
Nodefile size = 140.43 MB (110.34 MB after compression)
  15100 12518     1697.0000    68     1708.0000     1694.0000  1217718    0.82%
  15200 12618     1697.0000    60     1708.0000     1694.0000  1219341    0.82%
  15300 12718     1697.0000    71     1708.0000     1694.0000  1221625    0.82%
  15400 12818     1697.0000   100     1708.0000     1694.0000  1227064    0.82%
  15500 12913     1698.0000    51     1708.0000     1694.0000  1233764    0.82%
  15600 12997     1698.0000    62     1708.0000     1694.0000  1250311    0.82%
  15700 13068     1699.0000    51     1708.0000     1694.0000  1278794    0.82%
  15800 13166     1697.4506   122     1708.0000     1694.0000  1286509    0.82%
  15900 13262     1698.0000    63     1708.0000     1694.0000  1287896    0.82%
  16000 13361     1696.0000    58     1708.0000     1694.0000  1306456    0.82%
Elapsed time = 2437.45 sec. (tree size = 293.07 MB, solutions = 4)
Nodefile size = 165.07 MB (130.94 MB after compression)
  16100 13458        cutoff           1708.0000     1694.0000  1308615    0.82%
  16200 13557     1697.0000    56     1708.0000     1694.0000  1314900    0.82%
  16300 13654     1697.0000    58     1708.0000     1694.0000  1316685    0.82%
  16400 13745     1696.0000    58     1708.0000     1694.0000  1349198    0.82%
  16500 13838     1696.0000    57     1708.0000     1694.0000  1350771    0.82%
  16600 13926     1697.0000    57     1708.0000     1694.0000  1353311    0.82%
  16700 14024     1697.0000    64     1708.0000     1694.0000  1355928    0.82%
  16800 14120     1704.0000    52     1708.0000     1694.0000  1358823    0.82%
  16900 14207     1705.0000    53     1708.0000     1694.0000  1362387    0.82%
  17000 14261    infeasible           1708.0000     1694.0000  1376105    0.82%
Elapsed time = 2574.89 sec. (tree size = 318.63 MB, solutions = 4)
Nodefile size = 190.75 MB (152.46 MB after compression)
  17100 14275     1707.0000    46     1708.0000     1694.0000  1405324    0.82%
  17200 14369     1697.0000    52     1708.0000     1694.0000  1413152    0.82%
  17300 14469     1697.0000    94     1708.0000     1694.0000  1415877    0.82%
  17400 14568     1701.0000    45     1708.0000     1694.0000  1422318    0.82%
  17500 14667     1701.0000    56     1708.0000     1694.0000  1429771    0.82%
  17600 14766     1699.0000    60     1708.0000     1694.0000  1435007    0.82%
  17700 14866     1699.0000    76     1708.0000     1694.0000  1437952    0.82%
  17800 14965     1697.0000    53     1708.0000     1694.0000  1443383    0.82%
  17900 15065     1697.0000    57     1708.0000     1694.0000  1444672    0.82%
  18000 15161     1699.0000    52     1708.0000     1694.0000  1451785    0.82%
Elapsed time = 2696.55 sec. (tree size = 344.15 MB, solutions = 4)
Nodefile size = 216.46 MB (173.71 MB after compression)
  18100 15260     1700.0000    49     1708.0000     1694.0000  1456350    0.82%
  18200 15359     1696.0000    60     1708.0000     1694.0000  1474251    0.82%
  18300 15459     1696.0000    66     1708.0000     1694.0000  1476236    0.82%
  18400 15558     1697.0000    51     1708.0000     1694.0000  1484207    0.82%
  18500 15658     1697.0000    58     1708.0000     1694.0000  1485649    0.82%
  18600 15756     1702.0000    38     1708.0000     1694.0000  1491517    0.82%
  18700 15853     1706.0000    39     1708.0000     1694.0000  1493523    0.82%
  18800 15951     1699.0000    52     1708.0000     1694.0000  1500093    0.82%
  18900 16051     1699.0000    53     1708.0000     1694.0000  1504073    0.82%
  19000 16150     1697.0000    58     1708.0000     1694.0000  1508787    0.82%
Elapsed time = 2835.94 sec. (tree size = 372.97 MB, solutions = 4)
Nodefile size = 245.16 MB (197.61 MB after compression)
  19100 16249     1697.0000    53     1708.0000     1694.0000  1510161    0.82%
  19200 16348     1701.0000    54     1708.0000     1694.0000  1518939    0.82%
  19300 16446     1705.0000    42     1708.0000     1694.0000  1521616    0.82%
  19400 16544     1697.0000    54     1708.0000     1694.0000  1533953    0.82%
  19500 16644     1697.0000    50     1708.0000     1694.0000  1536337    0.82%
  19600 16742     1698.0000    63     1708.0000     1694.0000  1546221    0.82%
  19700 16839     1699.0000    59     1708.0000     1694.0000  1549465    0.82%
  19800 16938     1697.0000    56     1708.0000     1694.0000  1560806    0.82%
  19900 17038     1697.0000    60     1708.0000     1694.0000  1561914    0.82%
  20000 17137     1697.0000    56     1708.0000     1694.0000  1567581    0.82%
Elapsed time = 2979.25 sec. (tree size = 402.50 MB, solutions = 4)
Nodefile size = 274.69 MB (222.83 MB after compression)
  20100 17237     1697.0000    56     1708.0000     1694.0000  1568887    0.82%
  20200 17336     1698.0000    76     1708.0000     1694.0000  1579841    0.82%
  20300 17435     1699.0000    57     1708.0000     1694.0000  1581914    0.82%
  20400 17520     1699.0000    62     1708.0000     1694.0000  1594385    0.82%
  20500 17620     1699.0000    56     1708.0000     1694.0000  1595636    0.82%
  20600 17718     1699.0000    64     1708.0000     1694.0000  1598212    0.82%
  20700 17814     1702.0000    50     1708.0000     1694.0000  1601212    0.82%
  20800 17913     1698.0000    76     1708.0000     1694.0000  1610882    0.82%
  20900 18012     1699.0000    75     1708.0000     1694.0000  1614538    0.82%
  21000 18100    infeasible           1708.0000     1694.0000  1621862    0.82%
Elapsed time = 3094.20 sec. (tree size = 432.45 MB, solutions = 4)
Nodefile size = 305.28 MB (247.59 MB after compression)
  21100 18187     1707.0000    46     1708.0000     1694.0000  1630359    0.82%
  21200 18269        cutoff           1708.0000     1694.0000  1639057    0.82%
  21300 18343     1707.0000    54     1708.0000     1694.0000  1679709    0.82%
  21400 18425     1707.0000    38     1708.0000     1694.0000  1694212    0.82%
  21500 18516     1700.0000    48     1708.0000     1694.0000  1702386    0.82%
  21600 18615     1701.0000    36     1708.0000     1694.0000  1705437    0.82%
  21700 18711     1705.0000    32     1708.0000     1694.0000  1708289    0.82%
  21800 18811     1705.0000    62     1708.0000     1694.0000  1712396    0.82%
  21900 18907     1706.5599    62     1708.0000     1694.0000  1716037    0.82%
  22000 18982     1700.0000    45     1708.0000     1694.0000  1729727    0.82%
Elapsed time = 3252.69 sec. (tree size = 461.42 MB, solutions = 4)
Nodefile size = 333.74 MB (270.68 MB after compression)
  22100 19080     1702.0000    48     1708.0000     1694.0000  1732966    0.82%
  22200 19153     1705.0000    42     1708.0000     1694.0000  1736474    0.82%
  22300 19248     1707.0000    49     1708.0000     1694.0000  1739068    0.82%
  22400 19320    infeasible           1708.0000     1694.0000  1745166    0.82%
  22500 19388     1700.0000    62     1708.0000     1694.0000  1756335    0.82%
  22600 19487     1700.0000    55     1708.0000     1694.0000  1759613    0.82%
  22700 19587     1700.0000    56     1708.0000     1694.0000  1764517    0.82%
  22800 19685     1701.0000    48     1708.0000     1694.0000  1772299    0.82%
  22900 19770     1703.0000    47     1708.0000     1694.0000  1779112    0.82%
  23000 19828     1705.0000    55     1708.0000     1694.0000  1782310    0.82%
Elapsed time = 3354.61 sec. (tree size = 488.67 MB, solutions = 4)
Nodefile size = 361.34 MB (294.50 MB after compression)
  23100 19928     1705.0000    29     1708.0000     1694.0000  1785406    0.82%
  23200 20023     1706.0000    36     1708.0000     1694.0000  1794711    0.82%
  23300 20109     1707.0000    33     1708.0000     1694.0000  1807722    0.82%
  23400 20181     1707.0000    40     1708.0000     1694.0000  1827928    0.82%
  23500 20231    infeasible           1708.0000     1694.0000  1850780    0.82%
  23600 20329     1701.0000    41     1708.0000     1694.0000  1857842    0.82%
  23700 20424     1705.0000    58     1708.0000     1694.0000  1860893    0.82%
  23800 20523     1705.8933    58     1708.0000     1694.0000  1863182    0.82%
  23900 20612    infeasible           1708.0000     1694.0000  1867921    0.82%
  24000 20699     1707.0000    43     1708.0000     1694.0000  1879359    0.82%
Elapsed time = 3520.84 sec. (tree size = 517.26 MB, solutions = 4)
Nodefile size = 390.04 MB (318.87 MB after compression)
  24100 20783     1707.0000    33     1708.0000     1694.0000  1891295    0.82%
  24200 20878     1707.0000    53     1708.0000     1694.0000  1892565    0.82%
  24300 20970     1707.0000    37     1708.0000     1694.0000  1901339    0.82%
  24400 21062     1700.0000    52     1708.0000     1694.0000  1909779    0.82%
  24500 21161     1701.0000    42     1708.0000     1694.0000  1913443    0.82%
  24600 21229     1705.0000    45     1708.0000     1694.0000  1915960    0.82%
  24700 21328     1706.0000    41     1708.0000     1694.0000  1918149    0.82%
  24800 21413     1707.0000    43     1708.0000     1694.0000  1921295    0.82%
  24900 21491     1707.0000    53     1708.0000     1694.0000  1927935    0.82%
  25000 21573     1707.0000    43     1708.0000     1694.0000  1935070    0.82%
Elapsed time = 3640.61 sec. (tree size = 546.14 MB, solutions = 4)
Nodefile size = 418.54 MB (342.93 MB after compression)
  25100 21662     1700.0000    46     1708.0000     1694.0000  1951630    0.82%
  25200 21762     1700.0000    52     1708.0000     1694.0000  1955099    0.82%
  25300 21857     1705.0000    46     1708.0000     1694.0000  1958819    0.82%
  25400 21955     1707.0000    34     1708.0000     1694.0000  1960030    0.82%
  25500 22039    infeasible           1708.0000     1694.0000  1968389    0.82%
  25600 22116     1698.0000    52     1708.0000     1694.0000  1991371    0.82%
  25700 22216     1698.0000    61     1708.0000     1694.0000  1993569    0.82%
  25800 22310     1699.0000    57     1708.0000     1694.0000  1996685    0.82%
  25900 22409     1702.0000    44     1708.0000     1694.0000  1998718    0.82%
  26000 22509     1702.0000    56     1708.0000     1694.0000  2001511    0.82%
Elapsed time = 3772.77 sec. (tree size = 577.26 MB, solutions = 4)
Nodefile size = 449.79 MB (369.77 MB after compression)
  26100 22606     1705.0000    42     1708.0000     1694.0000  2009259    0.82%
  26200 22683     1698.0000    52     1708.0000     1694.0000  2054286    0.82%
  26300 22783     1698.0000    51     1708.0000     1694.0000  2055617    0.82%
  26400 22883     1698.0000    75     1708.0000     1694.0000  2057885    0.82%
  26500 22971     1699.0000    62     1708.0000     1694.0000  2061852    0.82%
  26600 23071     1699.0000    63     1708.0000     1694.0000  2064089    0.82%
  26700 23150     1701.0000    50     1708.0000     1694.0000  2066834    0.82%
  26800 23161     1702.0000    55     1708.0000     1694.0000  2071190    0.82%
  26900 23193     1702.0000    58     1708.0000     1694.0000  2078351    0.82%
  27000 23213     1700.0000    48     1708.0000     1694.0000  2096101    0.82%
Elapsed time = 3954.44 sec. (tree size = 600.98 MB, solutions = 4)
Nodefile size = 473.38 MB (390.55 MB after compression)
  27100 23313     1700.0000    52     1708.0000     1694.0000  2098040    0.82%
  27200 23413     1700.0000    61     1708.0000     1694.0000  2103389    0.82%
  27300 23504     1705.0000    40     1708.0000     1694.0000  2110330    0.82%
  27400 23603     1705.0000    52     1708.0000     1694.0000  2114744    0.82%
  27500 23701     1705.0000    32     1708.0000     1694.0000  2123027    0.82%
  27600 23796     1705.0000    36     1708.0000     1694.0000  2134051    0.82%
  27700 23890     1705.0000    37     1708.0000     1694.0000  2146089    0.82%
  27800 23959     1706.0006    75     1708.0000     1694.0000  2164451    0.82%
  27900 24049     1707.0000    28     1708.0000     1694.0000  2170608    0.82%
  28000 24119    infeasible           1708.0000     1694.0000  2202561    0.82%
Elapsed time = 4142.67 sec. (tree size = 631.47 MB, solutions = 4)
Nodefile size = 503.92 MB (417.05 MB after compression)
  28100 24184     1700.0000    56     1708.0000     1694.0000  2242411    0.82%
  28200 24284     1700.0000    51     1708.0000     1694.0000  2244411    0.82%
  28300 24384     1700.0000    50     1708.0000     1694.0000  2247995    0.82%
  28400 24481     1703.0000    45     1708.0000     1694.0000  2253121    0.82%
  28500 24573     1706.0000    38     1708.0000     1694.0000  2256673    0.82%
  28600 24638     1707.0000    43     1708.0000     1694.0000  2265699    0.82%
  28700 24695     1700.0000    56     1708.0000     1694.0000  2312951    0.82%
  28800 24795     1700.0000    70     1708.0000     1694.0000  2315270    0.82%
  28900 24895     1700.0000    54     1708.0000     1694.0000  2318820    0.82%
  29000 24989     1706.0000    28     1708.0000     1694.0000  2323101    0.82%
Elapsed time = 4312.31 sec. (tree size = 660.59 MB, solutions = 4)
Nodefile size = 533.48 MB (442.48 MB after compression)
  29100 25088     1707.0000    31     1708.0000     1694.0000  2324906    0.82%
  29200 25158    infeasible           1708.0000     1694.0000  2337165    0.82%
  29300 25239     1696.0000    54     1708.0000     1694.0000  2364186    0.82%
  29400 25339     1696.0000    55     1708.0000     1694.0000  2365584    0.82%
  29500 25439     1696.0000    61     1708.0000     1694.0000  2366868    0.82%
  29600 25537    infeasible           1708.0000     1694.0000  2370697    0.82%
  29700 25636     1697.0000    84     1708.0000     1694.0000  2377948    0.82%
  29800 25736     1697.0000    73     1708.0000     1694.0000  2383646    0.82%
  29900 25834     1698.0000    54     1708.0000     1694.0000  2390705    0.82%
  30000 25934     1698.0000    56     1708.0000     1694.0000  2395261    0.82%
Elapsed time = 4513.78 sec. (tree size = 692.42 MB, solutions = 4)
Nodefile size = 565.04 MB (469.34 MB after compression)
  30100 26031     1698.0000    68     1708.0000     1694.0000  2402584    0.82%
  30200 26126     1699.0000    56     1708.0000     1694.0000  2408617    0.82%
  30300 26210     1706.0187    62     1708.0000     1694.0000  2420721    0.82%
  30400 26288     1707.0000    47     1708.0000     1694.0000  2430319    0.82%
  30500 26373     1700.0000    54     1708.0000     1694.0000  2443593    0.82%
  30600 26473     1700.0000    60     1708.0000     1694.0000  2445645    0.82%
  30700 26551     1703.0000    33     1708.0000     1694.0000  2447516    0.82%
  30800 26604     1704.0000    55     1708.0000     1694.0000  2450007    0.82%
* 30803+25218                         1707.0000     1694.0000  2450100    0.76%
  30900 25315     1706.0000    38     1707.0000     1694.0000  2451587    0.76%
  31000 25409     1706.0000    59     1707.0000     1694.0000  2455538    0.76%
Elapsed time = 4618.92 sec. (tree size = 676.39 MB, solutions = 5)
Nodefile size = 548.50 MB (456.27 MB after compression)
  31100 25474     1700.0000    56     1707.0000     1694.0000  2490177    0.76%
  31200 25573     1701.0000    53     1707.0000     1694.0000  2492361    0.76%
  31300 25671     1703.0000    44     1707.0000     1694.0000  2494261    0.76%
  31400 25742     1705.0000    42     1707.0000     1694.0000  2496176    0.76%
* 31403+25000                         1706.0000     1694.0000  2496236    0.70%
  31500 25083     1705.0000    40     1706.0000     1694.0000  2499186    0.70%
  31600 25133     1700.0000    50     1706.0000     1694.0000  2511965    0.70%
  31700 25233     1700.0000    55     1706.0000     1694.0000  2513943    0.70%
  31800 25331     1701.0860    64     1706.0000     1694.0000  2517973    0.70%
  31900 25428     1705.0000    41     1706.0000     1694.0000  2520569    0.70%
  32000 25516     1705.0000    64     1706.0000     1694.0000  2523675    0.70%
Elapsed time = 4752.33 sec. (tree size = 681.66 MB, solutions = 6)
Nodefile size = 553.71 MB (460.20 MB after compression)
  32100 25595     1696.0000    58     1706.0000     1694.0000  2537370    0.70%
  32200 25695     1696.0000    54     1706.0000     1694.0000  2538294    0.70%
  32300 25795     1696.0000    56     1706.0000     1694.0000  2539919    0.70%
  32400 25895     1696.0000    54     1706.0000     1694.0000  2541933    0.70%
* 32403+24376                         1705.0000     1694.0000  2541981    0.65%
  32500 24475     1696.0000    53     1705.0000     1694.0000  2545497    0.65%
  32600 24575     1696.0000    61     1705.0000     1694.0000  2552312    0.65%
  32700 24675     1696.0000    60     1705.0000     1694.0000  2561292    0.65%
  32800 24749     1697.0000    54     1705.0000     1694.0000  2573776    0.65%
  32900 24848     1697.0000    51     1705.0000     1694.0000  2577367    0.65%
  33000 24945     1699.0000    54     1705.0000     1694.0000  2582988    0.65%
Elapsed time = 4923.66 sec. (tree size = 664.72 MB, solutions = 7)
Nodefile size = 537.07 MB (445.36 MB after compression)
  33100 25019     1701.3644    61     1705.0000     1694.0000  2594342    0.65%
  33200 25080     1699.0000    57     1705.0000     1694.0000  2611455    0.65%
  33300 25132     1700.0000    52     1705.0000     1694.0000  2625944    0.65%
  33400 25194     1700.0000    51     1705.0000     1694.0000  2639923    0.65%
  33500 25250     1701.4900    57     1705.0000     1694.0000  2656685    0.65%
  33600 25341     1702.0000    53     1705.0000     1694.0000  2658692    0.65%
  33700 25418     1703.0000    49     1705.0000     1694.0000  2662777    0.65%
  33800 25430        cutoff           1705.0000     1694.0000  2671889    0.65%
  33900 25440     1703.0000    54     1705.0000     1694.0000  2682210    0.65%
  34000 25448     1703.0000    49     1705.0000     1694.0000  2690493    0.65%
Elapsed time = 5103.22 sec. (tree size = 682.17 MB, solutions = 7)
Nodefile size = 554.52 MB (458.63 MB after compression)
  34100 25520     1700.0000    46     1705.0000     1694.0000  2699937    0.65%
  34200 25619     1701.0000    40     1705.0000     1694.0000  2702922    0.65%
  34300 25710     1700.0000    58     1705.0000     1694.0000  2710422    0.65%
  34400 25810     1700.0000    60     1705.0000     1694.0000  2711613    0.65%
  34500 25904     1701.0000    38     1705.0000     1694.0000  2716449    0.65%
  34600 25990     1704.0000    32     1705.0000     1694.0000  2720011    0.65%
  34700 26084     1704.0000    44     1705.0000     1694.0000  2722478    0.65%
  34800 26171     1704.0000    44     1705.0000     1694.0000  2725893    0.65%
  34900 26256     1704.0000    32     1705.0000     1694.0000  2729203    0.65%
  35000 26347     1701.0000    50     1705.0000     1694.0000  2748923    0.65%
Elapsed time = 5224.94 sec. (tree size = 712.78 MB, solutions = 7)
Nodefile size = 584.90 MB (484.04 MB after compression)
  35100 26432     1703.0089    59     1705.0000     1694.0000  2751723    0.65%
  35200 26517     1704.0000    42     1705.0000     1694.0000  2772189    0.65%
  35300 26610     1701.0000    48     1705.0000     1694.0000  2787156    0.65%
  35400 26705     1702.0000    40     1705.0000     1694.0000  2792033    0.65%
  35500 26789     1701.0000    47     1705.0000     1694.0000  2806760    0.65%
  35600 26888     1702.0000    55     1705.0000     1694.0000  2809328    0.65%
  35700 26987     1703.0000    54     1705.0000     1694.0000  2812722    0.65%
  35800 27085     1704.0000    46     1705.0000     1694.0000  2813928    0.65%
  35900 27178     1700.0000    59     1705.0000     1694.0000  2855332    0.65%
  36000 27278     1700.0060    66     1705.0000     1694.0000  2857505    0.65%
Elapsed time = 5458.06 sec. (tree size = 744.82 MB, solutions = 7)
Nodefile size = 617.24 MB (512.12 MB after compression)
  36100 27373     1704.0000    30     1705.0000     1694.0000  2860062    0.65%
  36200 27469     1704.0000    50     1705.0000     1694.0000  2864306    0.65%
  36300 27532     1701.0000    54     1705.0000     1694.0000  2879104    0.65%
  36400 27626     1704.0000    45     1705.0000     1694.0000  2884004    0.65%
  36500 27686    infeasible           1705.0000     1694.0000  2892556    0.65%
  36600 27760     1704.0000    36     1705.0000     1694.0000  2905768    0.65%
  36700 27852     1704.0000    51     1705.0000     1694.0000  2915381    0.65%
  36800 27938     1704.0000    47     1705.0000     1694.0000  2921539    0.65%
  36900 28027     1701.0000    52     1705.0000     1694.0000  2934510    0.65%
  37000 28116     1701.0000    46     1705.0000     1694.0000  2941530    0.65%
Elapsed time = 5601.84 sec. (tree size = 774.10 MB, solutions = 7)
Nodefile size = 646.74 MB (537.35 MB after compression)
  37100 28215     1704.0000    56     1705.0000     1694.0000  2944291    0.65%
  37200 28309    infeasible           1705.0000     1694.0000  2947200    0.65%
  37300 28388     1701.0000    56     1705.0000     1694.0000  2956451    0.65%
  37400 28486     1704.0000    36     1705.0000     1694.0000  2960188    0.65%
  37500 28582     1704.0000    39     1705.0000     1694.0000  2966228    0.65%
  37600 28660    infeasible           1705.0000     1694.0000  2974119    0.65%
  37700 28750     1699.0000    50     1705.0000     1694.0000  2990658    0.65%
  37800 28848     1701.0000    42     1705.0000     1694.0000  2993372    0.65%
  37900 28946     1703.0000    56     1705.0000     1694.0000  2996076    0.65%
  38000 29044     1703.0000    57     1705.0000     1694.0000  2999272    0.65%
Elapsed time = 5719.64 sec. (tree size = 806.63 MB, solutions = 7)
Nodefile size = 679.24 MB (565.37 MB after compression)
  38100 29139     1704.0000    55     1705.0000     1694.0000  3005464    0.65%
  38200 29232     1701.0000    56     1705.0000     1694.0000  3025565    0.65%
  38300 29325     1702.0000    48     1705.0000     1694.0000  3027597    0.65%
  38400 29412     1701.0000    46     1705.0000     1694.0000  3041987    0.65%
  38500 29511     1702.0000    48     1705.0000     1694.0000  3044744    0.65%
  38600 29599     1704.0000    48     1705.0000     1694.0000  3056481    0.65%
  38700 29697     1704.0000    34     1705.0000     1694.0000  3059330    0.65%
  38800 29782     1704.0000    37     1705.0000     1694.0000  3063085    0.65%
  38900 29866     1701.0000    57     1705.0000     1694.0000  3077108    0.65%
  39000 29963     1702.0000    44     1705.0000     1694.0000  3080475    0.65%
Elapsed time = 5864.95 sec. (tree size = 838.89 MB, solutions = 7)
Nodefile size = 711.58 MB (593.31 MB after compression)
  39100 30061     1702.0000    54     1705.0000     1694.0000  3083006    0.65%
  39200 30152     1702.0000    45     1705.0000     1694.0000  3089841    0.65%
  39300 30203     1704.0000    55     1705.0000     1694.0000  3093578    0.65%
  39400 30253     1704.0000    54     1705.0000     1694.0000  3109617    0.65%
  39500 30343    infeasible           1705.0000     1694.0000  3113834    0.65%
  39600 30433     1704.0000    51     1705.0000     1694.0000  3120614    0.65%
  39700 30519     1704.0000    42     1705.0000     1694.0000  3130877    0.65%
  39800 30603     1703.0000    51     1705.0000     1694.0000  3147716    0.65%
  39900 30688     1702.0000    50     1705.0000     1694.0000  3169052    0.65%
  40000 30770     1704.0000    58     1705.0000     1694.0000  3187444    0.65%
Elapsed time = 6064.72 sec. (tree size = 867.58 MB, solutions = 7)
Nodefile size = 739.82 MB (617.83 MB after compression)
  40100 30866     1704.0000    50     1705.0000     1694.0000  3189205    0.65%
  40200 30958     1704.0000    46     1705.0000     1694.0000  3193005    0.65%
  40300 31040     1704.0000    52     1705.0000     1694.0000  3200124    0.65%
  40400 31095     1704.0000    44     1705.0000     1694.0000  3226901    0.65%
  40500 31195     1704.0000    43     1705.0000     1694.0000  3229010    0.65%
  40600 31279     1704.0000    49     1705.0000     1694.0000  3233702    0.65%
  40700 31370     1700.0000    60     1705.0000     1694.0000  3261291    0.65%
  40800 31468     1701.0000    53     1705.0000     1694.0000  3263942    0.65%
  40900 31561     1704.0000    31     1705.0000     1694.0000  3266588    0.65%
  41000 31635     1704.0000    37     1705.0000     1694.0000  3269514    0.65%
Elapsed time = 6226.97 sec. (tree size = 898.60 MB, solutions = 7)
Nodefile size = 771.01 MB (644.93 MB after compression)
  41100 31699     1701.0000    65     1705.0000     1694.0000  3282972    0.65%
  41200 31799     1701.0000    42     1705.0000     1694.0000  3284442    0.65%
  41300 31887     1702.0000    36     1705.0000     1694.0000  3288076    0.65%
  41400 31976     1698.0000    68     1705.0000     1694.0000  3295380    0.65%
  41500 32075     1699.0000    50     1705.0000     1694.0000  3299005    0.65%
  41600 32174     1700.0000    50     1705.0000     1694.0000  3301865    0.65%
  41700 32273     1701.0000    48     1705.0000     1694.0000  3305079    0.65%
  41800 32369     1704.0000    51     1705.0000     1694.0000  3310132    0.65%
  41900 32455     1704.0000    29     1705.0000     1694.0000  3322657    0.65%
  42000 32555     1704.0000    32     1705.0000     1694.0000  3327353    0.65%
Elapsed time = 6364.97 sec. (tree size = 931.51 MB, solutions = 7)
Nodefile size = 804.36 MB (673.99 MB after compression)
  42100 32643     1704.0000    40     1705.0000     1694.0000  3335193    0.65%
  42200 32731     1704.0000    52     1705.0000     1694.0000  3345049    0.65%
  42300 32809     1704.0000    38     1705.0000     1694.0000  3354689    0.65%
  42400 32878     1700.0000    48     1705.0000     1694.0000  3371230    0.65%
  42500 32978     1700.0000    59     1705.0000     1694.0000  3373699    0.65%
  42600 33067     1704.0000    37     1705.0000     1694.0000  3376317    0.65%
  42700 33152     1700.0000    50     1705.0000     1694.0000  3391406    0.65%
  42800 33252     1700.0000    54     1705.0000     1694.0000  3392802    0.65%
  42900 33350     1701.0000    44     1705.0000     1694.0000  3395357    0.65%
  43000 33444     1704.0000    40     1705.0000     1694.0000  3398503    0.65%
Elapsed time = 6504.08 sec. (tree size = 963.57 MB, solutions = 7)
Nodefile size = 835.97 MB (701.74 MB after compression)
  43100 33521     1704.0000    45     1705.0000     1694.0000  3412292    0.65%
  43200 33612     1695.0000   277     1705.0000     1694.0000  3491771    0.65%
  43300 33712     1695.0000    55     1705.0000     1694.0000  3493294    0.65%
  43400 33812     1695.0000    60     1705.0000     1694.0000  3495985    0.65%
  43500 33911     1695.0000    64     1705.0000     1694.0000  3500703    0.65%
  43600 34009     1696.0000    50     1705.0000     1694.0000  3503428    0.65%
  43700 34065     1696.0000    56     1705.0000     1694.0000  3505161    0.65%
  43800 34135     1696.0000    54     1705.0000     1694.0000  3508482    0.65%
  43900 34221     1696.0000    52     1705.0000     1694.0000  3535860    0.65%
  44000 34317     1697.0000    53     1705.0000     1694.0000  3544648    0.65%
Elapsed time = 6996.27 sec. (tree size = 995.41 MB, solutions = 7)
Nodefile size = 867.54 MB (728.24 MB after compression)
  44100 34417     1697.0000    70     1705.0000     1694.0000  3552482    0.65%
  44200 34517     1697.0000    76     1705.0000     1694.0000  3558882    0.65%
  44300 34613     1698.0000    52     1705.0000     1694.0000  3563601    0.65%
  44400 34674     1702.0000    48     1705.0000     1694.0000  3566995    0.65%
  44500 34749     1704.0000    38     1705.0000     1694.0000  3578653    0.65%
  44600 34841     1704.0000    34     1705.0000     1694.0000  3581990    0.65%
  44700 34930     1700.0000    72     1705.0000     1694.0000  3598177    0.65%
  44800 35027     1704.0000    45     1705.0000     1694.0000  3601833    0.65%
  44900 35119     1704.0000    42     1705.0000     1694.0000  3605743    0.65%
  45000 35206     1697.9650   142     1705.0000     1694.0000  3622816    0.65%
Elapsed time = 7169.75 sec. (tree size = 1028.44 MB, solutions = 7)
Nodefile size = 900.91 MB (756.92 MB after compression)
  45100 35305     1698.0000    79     1705.0000     1694.0000  3625027    0.65%
  45200 35404     1699.0000    60     1705.0000     1694.0000  3628203    0.65%
  45300 35504     1699.0000    57     1705.0000     1694.0000  3629336    0.65%

Cover cuts applied:  2148
Mixed integer rounding cuts applied:  55
Gomory fractional cuts applied:  7

Solution pool: 7 solutions saved.

MIP - Time limit exceeded, integer feasible:  Objective = 1.7050000000e+003
Current MIP best bound = 1.6940000000e+003 (gap = 11, 0.65%)
Solution time = 7200.06 sec.  Iterations = 3633436  Nodes = 45344 (35541)


Incumbent solution
Variable Name           Solution Value
Cmax                       1705.000000
X_1_27                        1.000000
X_2_24                        1.000000
X_3_25                        1.000000
X_4_30                        1.000000
X_5_20                        1.000000
X_6_10                        1.000000
X_7_27                        1.000000
X_8_14                        1.000000
X_9_8                         1.000000
X_10_7                        1.000000
X_11_13                       1.000000
X_12_25                       1.000000
X_13_22                       1.000000
X_14_23                       1.000000
X_15_5                        1.000000
X_16_9                        1.000000
X_17_4                        1.000000
X_18_21                       1.000000
X_19_2                        1.000000
X_20_2                        1.000000
X_21_21                       1.000000
X_22_15                       1.000000
X_23_2                        1.000000
X_24_30                       1.000000
X_25_10                       1.000000
X_26_13                       1.000000
X_27_26                       1.000000
X_28_17                       1.000000
X_29_28                       1.000000
X_30_5                        1.000000
X_31_27                       1.000000
X_32_15                       1.000000
X_33_10                       1.000000
X_34_8                        1.000000
X_35_28                       1.000000
X_36_9                        1.000000
X_37_13                       1.000000
X_38_26                       1.000000
X_39_30                       1.000000
X_40_20                       1.000000
X_41_2                        1.000000
X_42_24                       1.000000
X_43_9                        1.000000
X_44_18                       1.000000
X_45_27                       1.000000
X_46_28                       1.000000
X_47_12                       1.000000
X_48_13                       1.000000
X_49_17                       1.000000
X_50_25                       1.000000
X_51_6                        1.000000
X_52_29                       1.000000
X_53_15                       1.000000
X_54_3                        1.000000
X_55_19                       1.000000
X_56_12                       1.000000
X_57_1                        1.000000
X_58_19                       1.000000
X_59_19                       1.000000
X_60_7                        1.000000
X_61_22                       1.000000
X_62_17                       1.000000
X_63_18                       1.000000
X_64_13                       1.000000
X_65_21                       1.000000
X_66_1                        1.000000
X_67_10                       1.000000
X_68_3                        1.000000
X_69_19                       1.000000
X_70_29                       1.000000
X_71_19                       1.000000
X_72_20                       1.000000
X_73_14                       1.000000
X_74_18                       1.000000
X_75_19                       1.000000
X_76_12                       1.000000
X_77_3                        1.000000
X_78_9                        1.000000
X_79_15                       1.000000
X_80_30                       1.000000
X_81_18                       1.000000
X_82_12                       1.000000
X_83_16                       1.000000
X_84_18                       1.000000
X_85_6                        1.000000
X_86_25                       1.000000
X_87_22                       1.000000
X_88_15                       1.000000
X_89_2                        1.000000
X_90_25                       1.000000
X_91_1                        1.000000
X_92_30                       1.000000
X_93_20                       1.000000
X_94_25                       1.000000
X_95_20                       1.000000
X_96_18                       1.000000
X_97_15                       1.000000
X_98_4                        1.000000
X_99_14                       1.000000
X_100_27                      1.000000
X_101_29                      1.000000
X_102_4                       1.000000
X_103_27                      1.000000
X_104_8                       1.000000
X_105_25                      1.000000
X_106_26                      1.000000
X_107_28                      1.000000
X_108_17                      1.000000
X_109_15                      1.000000
X_110_6                       1.000000
X_111_24                      1.000000
X_112_17                      1.000000
X_113_22                      1.000000
X_114_5                       1.000000
X_115_15                      1.000000
X_116_20                      1.000000
X_117_19                      1.000000
X_118_6                       1.000000
X_119_18                      1.000000
X_120_30                      1.000000
X_121_3                       1.000000
X_122_1                       1.000000
X_123_20                      1.000000
X_124_10                      1.000000
X_125_20                      1.000000
X_126_22                      1.000000
X_127_8                       1.000000
X_128_13                      1.000000
X_129_12                      1.000000
X_130_4                       1.000000
X_131_11                      1.000000
X_132_6                       1.000000
X_133_3                       1.000000
X_134_5                       1.000000
X_135_27                      1.000000
X_136_8                       1.000000
X_137_29                      1.000000
X_138_3                       1.000000
X_139_24                      1.000000
X_140_23                      1.000000
X_141_8                       1.000000
X_142_5                       1.000000
X_143_26                      1.000000
X_144_23                      1.000000
X_145_25                      1.000000
X_146_28                      1.000000
X_147_14                      1.000000
X_148_16                      1.000000
X_149_12                      1.000000
X_150_20                      1.000000
X_151_25                      1.000000
X_152_21                      1.000000
X_153_19                      1.000000
X_154_16                      1.000000
X_155_14                      1.000000
X_156_26                      1.000000
X_157_7                       1.000000
X_158_12                      1.000000
X_159_16                      1.000000
X_160_5                       1.000000
X_161_21                      1.000000
X_162_10                      1.000000
X_163_16                      1.000000
X_164_26                      1.000000
X_165_14                      1.000000
X_166_22                      1.000000
X_167_11                      1.000000
X_168_22                      1.000000
X_169_17                      1.000000
X_170_24                      1.000000
X_171_24                      1.000000
X_172_7                       1.000000
X_173_20                      1.000000
X_174_11                      1.000000
X_175_12                      1.000000
X_176_21                      1.000000
X_177_26                      1.000000
X_178_29                      1.000000
X_179_7                       1.000000
X_180_15                      1.000000
X_181_14                      1.000000
X_182_24                      1.000000
X_183_16                      1.000000
X_184_18                      1.000000
X_185_26                      1.000000
X_186_4                       1.000000
X_187_16                      1.000000
X_188_11                      1.000000
X_189_4                       1.000000
X_190_9                       1.000000
X_191_26                      1.000000
X_192_7                       1.000000
X_193_7                       1.000000
X_194_28                      1.000000
X_195_19                      1.000000
X_196_8                       1.000000
X_197_27                      1.000000
X_198_17                      1.000000
X_199_11                      1.000000
X_200_27                      1.000000
X_201_24                      1.000000
X_202_8                       1.000000
X_203_16                      1.000000
X_204_10                      1.000000
X_205_14                      1.000000
X_206_3                       1.000000
X_207_3                       1.000000
X_208_6                       1.000000
X_209_27                      1.000000
X_210_17                      1.000000
X_211_17                      1.000000
X_212_16                      1.000000
X_213_24                      1.000000
X_214_20                      1.000000
X_215_12                      1.000000
X_216_12                      1.000000
X_217_15                      1.000000
X_218_18                      1.000000
X_219_6                       1.000000
X_220_13                      1.000000
X_221_8                       1.000000
X_222_1                       1.000000
X_223_14                      1.000000
X_224_1                       1.000000
X_225_6                       1.000000
X_226_21                      1.000000
X_227_6                       1.000000
X_228_14                      1.000000
X_229_8                       1.000000
X_230_9                       1.000000
X_231_22                      1.000000
X_232_1                       1.000000
X_233_24                      1.000000
X_234_28                      1.000000
X_235_27                      1.000000
X_236_18                      1.000000
X_237_22                      1.000000
X_238_3                       1.000000
X_239_21                      1.000000
X_240_22                      1.000000
X_241_22                      1.000000
X_242_12                      1.000000
X_243_2                       1.000000
X_244_5                       1.000000
X_245_27                      1.000000
X_246_6                       1.000000
X_247_21                      1.000000
X_248_6                       1.000000
X_249_2                       1.000000
X_250_4                       1.000000
X_251_8                       1.000000
X_252_22                      1.000000
X_253_11                      1.000000
X_254_16                      1.000000
X_255_24                      1.000000
X_256_2                       1.000000
X_257_2                       1.000000
X_258_16                      1.000000
X_259_28                      1.000000
X_260_18                      1.000000
X_261_23                      1.000000
X_262_23                      1.000000
X_263_13                      1.000000
X_264_3                       1.000000
X_265_30                      1.000000
X_266_2                       1.000000
X_267_15                      1.000000
X_268_8                       1.000000
X_269_10                      1.000000
X_270_22                      1.000000
X_271_1                       1.000000
X_272_26                      1.000000
X_273_17                      1.000000
X_274_26                      1.000000
X_275_26                      1.000000
X_276_30                      1.000000
X_277_14                      1.000000
X_278_21                      1.000000
X_279_14                      1.000000
X_280_7                       1.000000
X_281_5                       1.000000
X_282_23                      1.000000
X_283_13                      1.000000
X_284_4                       1.000000
X_285_6                       1.000000
X_286_24                      1.000000
X_287_13                      1.000000
X_288_11                      1.000000
X_289_26                      1.000000
X_290_19                      1.000000
X_291_28                      1.000000
X_292_19                      1.000000
X_293_3                       1.000000
X_294_13                      1.000000
X_295_4                       1.000000
X_296_15                      1.000000
X_297_11                      1.000000
X_298_29                      1.000000
X_299_25                      1.000000
X_300_1                       1.000000
X_301_18                      1.000000
X_302_19                      1.000000
X_303_29                      1.000000
X_304_27                      1.000000
X_305_16                      1.000000
X_306_5                       1.000000
X_307_24                      1.000000
X_308_17                      1.000000
X_309_6                       1.000000
X_310_7                       1.000000
X_311_17                      1.000000
X_312_7                       1.000000
X_313_8                       1.000000
X_314_15                      1.000000
X_315_9                       1.000000
X_316_1                       1.000000
X_317_17                      1.000000
X_318_29                      1.000000
X_319_4                       1.000000
X_320_28                      1.000000
X_321_4                       1.000000
X_322_4                       1.000000
X_323_28                      1.000000
X_324_30                      1.000000
X_325_25                      1.000000
X_326_9                       1.000000
X_327_5                       1.000000
X_328_30                      1.000000
X_329_12                      1.000000
X_330_29                      1.000000
X_331_15                      1.000000
X_332_18                      1.000000
X_333_11                      1.000000
X_334_1                       1.000000
X_335_5                       1.000000
X_336_20                      1.000000
X_337_12                      1.000000
X_338_5                       1.000000
X_339_7                       1.000000
X_340_18                      1.000000
X_341_3                       1.000000
X_342_28                      1.000000
X_343_17                      1.000000
X_344_28                      1.000000
X_345_1                       1.000000
X_346_2                       1.000000
X_347_5                       1.000000
X_348_25                      1.000000
X_349_13                      1.000000
X_350_6                       1.000000
X_351_14                      1.000000
X_352_23                      1.000000
X_353_29                      1.000000
X_354_2                       1.000000
X_355_10                      1.000000
X_356_16                      1.000000
X_357_9                       1.000000
X_358_29                      1.000000
X_359_23                      1.000000
X_360_9                       1.000000
X_361_10                      1.000000
X_362_15                      1.000000
X_363_23                      1.000000
X_364_29                      1.000000
X_365_10                      1.000000
X_366_7                       1.000000
X_367_12                      1.000000
X_368_4                       1.000000
X_369_6                       1.000000
X_370_23                      1.000000
X_371_19                      1.000000
X_372_9                       1.000000
X_373_13                      1.000000
X_374_13                      1.000000
X_375_9                       1.000000
X_376_17                      1.000000
X_377_17                      1.000000
X_378_28                      1.000000
X_379_11                      1.000000
X_380_2                       1.000000
X_381_19                      1.000000
X_382_5                       1.000000
X_383_7                       1.000000
X_384_29                      1.000000
X_385_22                      1.000000
X_386_9                       1.000000
X_387_21                      1.000000
X_388_10                      1.000000
X_389_1                       1.000000
X_390_26                      1.000000
X_391_11                      1.000000
X_392_30                      1.000000
X_393_24                      1.000000
X_394_14                      1.000000
X_395_5                       1.000000
X_396_15                      1.000000
X_397_20                      1.000000
X_398_7                       1.000000
X_399_7                       1.000000
X_400_5                       1.000000
X_401_28                      1.000000
X_402_27                      1.000000
X_403_8                       1.000000
X_404_9                       1.000000
X_405_3                       1.000000
X_406_23                      1.000000
X_407_23                      1.000000
X_408_30                      1.000000
X_409_9                       1.000000
X_410_20                      1.000000
X_411_27                      1.000000
X_412_1                       1.000000
X_413_13                      1.000000
X_414_7                       1.000000
X_415_16                      1.000000
X_416_4                       1.000000
X_417_9                       1.000000
X_418_25                      1.000000
X_419_1                       1.000000
X_420_11                      1.000000
X_421_26                      1.000000
X_422_11                      1.000000
X_423_2                       1.000000
X_424_22                      1.000000
X_425_13                      1.000000
X_426_9                       1.000000
X_427_19                      1.000000
X_428_10                      1.000000
X_429_23                      1.000000
X_430_6                       1.000000
X_431_4                       1.000000
X_432_11                      1.000000
X_433_12                      1.000000
X_434_24                      1.000000
X_435_10                      1.000000
X_436_21                      1.000000
X_437_30                      1.000000
X_438_20                      1.000000
X_439_10                      1.000000
X_440_4                       1.000000
X_441_5                       1.000000
X_442_23                      1.000000
X_443_16                      1.000000
X_444_23                      1.000000
X_445_11                      1.000000
X_446_28                      1.000000
X_447_3                       1.000000
X_448_10                      1.000000
X_449_2                       1.000000
X_450_21                      1.000000
X_451_19                      1.000000
X_452_7                       1.000000
X_453_10                      1.000000
X_454_25                      1.000000
X_455_21                      1.000000
X_456_29                      1.000000
X_457_25                      1.000000
X_458_24                      1.000000
X_459_8                       1.000000
X_460_21                      1.000000
X_461_12                      1.000000
X_462_17                      1.000000
X_463_24                      1.000000
X_464_14                      1.000000
X_465_25                      1.000000
X_466_23                      1.000000
X_467_27                      1.000000
X_468_1                       1.000000
X_469_11                      1.000000
X_470_28                      1.000000
X_471_22                      1.000000
X_472_18                      1.000000
X_473_8                       1.000000
X_474_29                      1.000000
X_475_8                       1.000000
X_476_25                      1.000000
X_477_19                      1.000000
X_478_20                      1.000000
X_479_3                       1.000000
X_480_21                      1.000000
X_481_12                      1.000000
X_482_30                      1.000000
X_483_11                      1.000000
X_484_30                      1.000000
X_485_18                      1.000000
X_486_6                       1.000000
X_487_30                      1.000000
X_488_26                      1.000000
X_489_23                      1.000000
X_490_26                      1.000000
X_491_21                      1.000000
X_492_2                       1.000000
X_493_30                      1.000000
X_494_14                      1.000000
X_495_3                       1.000000
X_496_16                      1.000000
X_497_20                      1.000000
X_498_22                      1.000000
X_499_1                       1.000000
X_500_29                      1.000000
All other variables in the range 1-15001 are 0.
