
Log started (V11.0.0) Mon May 19 14:00:20 2008

Tried aggregator 1 time.
Reduced MIP has 550 rows, 25001 columns, and 50050 nonzeros.
Presolve time =    0.19 sec.
Clique table members: 500.
MIP emphasis: balance optimality and feasibility.
MIP search method: dynamic search.
Parallel mode: none, using 1 thread.
Root relaxation solution time =    2.50 sec.

        Nodes                                         Cuts/
   Node  Left     Objective  IInf  Best Integer     Best Node    ItCnt     Gap

*     0+    0                        55092.0000     1001.0200     1023   98.18%
*     0+    0                         1005.0000     1001.0200     1023    0.40%
      0     0     1002.0000    68     1005.0000      Fract: 6     1035    0.30%
      0     2     1002.0000    68     1005.0000     1002.0000     1035    0.30%
    100    89     1004.0000    75     1005.0000     1002.0000     8733    0.30%
    200   151     1004.0000    74     1005.0000     1002.0000    26885    0.30%
    300   243     1004.0000    80     1005.0000     1002.0000    37290    0.30%
    400   343     1004.0000    81     1005.0000     1002.0000    44701    0.30%
    500   443     1004.0000    88     1005.0000     1002.0000    54568    0.30%
    600   478     1004.0000    48     1005.0000     1002.0000    62200    0.30%
    700   502     1004.0000    53     1005.0000     1002.0000    66087    0.30%
    800   534     1004.0000    66     1005.0000     1002.0000    72487    0.30%
    900   563     1004.0000    84     1005.0000     1002.0000    75221    0.30%
   1000   587     1004.0000    88     1005.0000     1002.0000    80597    0.30%
Elapsed time = 193.11 sec. (tree size =  8.31 MB, solutions = 2)
   1100   611     1004.0000    76     1005.0000     1002.0000    86836    0.30%
   1200   664     1004.0000    86     1005.0000     1002.0000    94528    0.30%
   1300   717     1004.0000    42     1005.0000     1002.0000   103718    0.30%
   1400   817     1004.0000    46     1005.0000     1002.0000   104976    0.30%
   1500   917     1004.0000    54     1005.0000     1002.0000   106272    0.30%
   1600  1017     1004.0000    55     1005.0000     1002.0000   107325    0.30%
   1700  1117     1004.0000    71     1005.0000     1002.0000   107889    0.30%
   1800  1217     1004.0000    53     1005.0000     1002.0000   108826    0.30%
   1900  1317     1004.0000    61     1005.0000     1002.0000   109541    0.30%
   2000  1417     1004.0000    54     1005.0000     1002.0000   110240    0.30%
Elapsed time = 245.22 sec. (tree size = 19.51 MB, solutions = 2)
   2100  1517     1004.0000    56     1005.0000     1002.0000   110789    0.30%
   2200  1617     1004.0000    55     1005.0000     1002.0000   111163    0.30%
   2300  1717     1004.0000    63     1005.0000     1002.0000   111907    0.30%
   2400  1817     1004.0000    58     1005.0000     1002.0000   112054    0.30%
   2500  1917     1004.0000    59     1005.0000     1002.0000   112690    0.30%
   2600  2009     1004.0000    58     1005.0000     1002.0000   119063    0.30%
   2700  2109     1004.0000    62     1005.0000     1002.0000   119816    0.30%
   2800  2207     1004.0000    66     1005.0000     1002.0000   121450    0.30%
   2900  2307     1004.0000    70     1005.0000     1002.0000   122568    0.30%
   3000  2407     1004.0000    78     1005.0000     1002.0000   125275    0.30%
Elapsed time = 275.42 sec. (tree size = 34.58 MB, solutions = 2)
   3100  2507     1004.0000    84     1005.0000     1002.0000   130512    0.30%
   3200  2607     1004.0000    67     1005.0000     1002.0000   131969    0.30%
   3300  2707     1004.0000    71     1005.0000     1002.0000   133734    0.30%
   3400  2807     1004.0000    73     1005.0000     1002.0000   134389    0.30%
   3500  2907     1004.0000    78     1005.0000     1002.0000   136870    0.30%
   3600  3007     1004.0000    82     1005.0000     1002.0000   140536    0.30%
   3700  3107     1004.0000    90     1005.0000     1002.0000   145391    0.30%
   3800  3207     1004.0000    80     1005.0000     1002.0000   151002    0.30%
   3900  3307     1004.0000    92     1005.0000     1002.0000   158713    0.30%
   4000  3403     1004.0000    85     1005.0000     1002.0000   171021    0.30%
Elapsed time = 351.58 sec. (tree size = 50.08 MB, solutions = 2)
   4100  3468     1004.0000    49     1005.0000     1002.0000   182980    0.30%
   4200  3487     1004.0000    60     1005.0000     1002.0000   183898    0.30%
   4300  3574     1004.0000    67     1005.0000     1002.0000   190133    0.30%
   4400  3672     1004.0000    71     1005.0000     1002.0000   191934    0.30%
   4500  3772     1004.0000    85     1005.0000     1002.0000   194715    0.30%
   4600  3872     1004.0000    87     1005.0000     1002.0000   202252    0.30%
   4700  3972     1004.0000    86     1005.0000     1002.0000   209263    0.30%
   4800  4072     1004.0000    86     1005.0000     1002.0000   218259    0.30%
   4900  4150     1004.0000    94     1005.0000     1002.0000   231273    0.30%
   5000  4223     1004.0000    56     1005.0000     1002.0000   236936    0.30%
Elapsed time = 442.83 sec. (tree size = 61.01 MB, solutions = 2)
   5100  4314     1004.0000    90     1005.0000     1002.0000   243118    0.30%
   5200  4410     1004.0000    88     1005.0000     1002.0000   251576    0.30%
   5300  4497     1004.0000    85     1005.0000     1002.0000   257904    0.30%
   5400  4597     1004.0000    87     1005.0000     1002.0000   267145    0.30%
   5500  4672     1002.0000    77     1005.0000     1002.0000   274058    0.30%
   5600  4738     1004.0000    62     1005.0000     1002.0000   299063    0.30%
   5700  4818     1004.0000    76     1005.0000     1002.0000   312555    0.30%
   5800  4918     1004.0000    83     1005.0000     1002.0000   320682    0.30%
   5900  5014     1004.0000    80     1005.0000     1002.0000   331442    0.30%
   6000  5114     1004.0000    85     1005.0000     1002.0000   339584    0.30%
Elapsed time = 582.55 sec. (tree size = 73.70 MB, solutions = 2)
   6100  5210     1004.0000    89     1005.0000     1002.0000   353272    0.30%
   6200  5277     1002.0000    65     1005.0000     1002.0000   358886    0.30%
   6300  5373     1004.0000    55     1005.0000     1002.0000   363881    0.30%
   6400  5463     1004.0000    75     1005.0000     1002.0000   375706    0.30%
   6500  5563     1004.0000    78     1005.0000     1002.0000   382938    0.30%
   6600  5663     1004.0000    86     1005.0000     1002.0000   391012    0.30%
   6700  5763     1004.0000    83     1005.0000     1002.0000   401616    0.30%
   6800  5856     1003.0000    65     1005.0000     1002.0000   412427    0.30%
   6900  5948     1004.0000    85     1005.0000     1002.0000   417119    0.30%
   7000  6044     1004.0000    82     1005.0000     1002.0000   432751    0.30%
Elapsed time = 730.81 sec. (tree size = 86.82 MB, solutions = 2)
   7100  6125     1004.0000    73     1005.0000     1002.0000   442071    0.30%
   7200  6225     1004.0000    88     1005.0000     1002.0000   447331    0.30%
   7300  6325     1004.0000    92     1005.0000     1002.0000   454819    0.30%
   7400  6421     1004.0000    92     1005.0000     1002.0000   462916    0.30%
   7500  6515     1004.0000    91     1005.0000     1002.0000   474135    0.30%
   7600  6598     1004.0000    69     1005.0000     1002.0000   486074    0.30%
   7700  6690     1004.0000    87     1005.0000     1002.0000   492403    0.30%
   7800  6779     1004.0000    79     1005.0000     1002.0000   501475    0.30%
   7900  6873     1004.0000    85     1005.0000     1002.0000   514426    0.30%
   8000  6955     1004.0000    87     1005.0000     1002.0000   528225    0.30%
Elapsed time = 878.56 sec. (tree size = 98.86 MB, solutions = 2)
   8100  7048     1004.0000    89     1005.0000     1002.0000   534496    0.30%
   8200  7137     1004.0000    87     1005.0000     1002.0000   542249    0.30%
   8300  7220     1004.0000    54     1005.0000     1002.0000   550219    0.30%
   8400  7320     1004.0000    76     1005.0000     1002.0000   554124    0.30%
   8500  7416     1004.0000    86     1005.0000     1002.0000   560431    0.30%
   8600  7516     1004.0000    78     1005.0000     1002.0000   566408    0.30%
   8700  7616     1004.0000    93     1005.0000     1002.0000   572882    0.30%
   8800  7714     1004.0000    84     1005.0000     1002.0000   582470    0.30%
   8900  7795     1004.0000    63     1005.0000     1002.0000   596406    0.30%
   9000  7895     1004.0000    55     1005.0000     1002.0000   599207    0.30%
Elapsed time = 1004.47 sec. (tree size = 111.35 MB, solutions = 2)
   9100  7995     1004.0000    57     1005.0000     1002.0000   600914    0.30%
   9200  8095     1004.0000    67     1005.0000     1002.0000   601694    0.30%
   9300  8185     1004.0000    95     1005.0000     1002.0000   610056    0.30%
   9400  8284     1004.0000    85     1005.0000     1002.0000   616653    0.30%
   9500  8367     1004.0000    85     1005.0000     1002.0000   625654    0.30%
   9600  8463     1004.0000    83     1005.0000     1002.0000   632894    0.30%
   9700  8553     1004.0000    86     1005.0000     1002.0000   651504    0.30%
   9800  8634     1004.0000    54     1005.0000     1002.0000   660545    0.30%
   9900  8734     1004.0000    57     1005.0000     1002.0000   665320    0.30%
  10000  8820     1004.0000    66     1005.0000     1002.0000   677396    0.30%
Elapsed time = 1121.73 sec. (tree size = 123.77 MB, solutions = 2)
  10100  8918     1004.0000    84     1005.0000     1002.0000   687009    0.30%
  10200  9017     1004.0000    88     1005.0000     1002.0000   692799    0.30%
  10300  9115     1004.0000    86     1005.0000     1002.0000   702706    0.30%
Began writing nodes to disk (directory ./cpxa02652 created)
  10400  9212     1004.0000    58     1005.0000     1002.0000   707199    0.30%
  10500  9308     1004.0000    87     1005.0000     1002.0000   716088    0.30%
  10600  9405     1004.0000    77     1005.0000     1002.0000   721574    0.30%
  10700  9497     1004.0000    92     1005.0000     1002.0000   733325    0.30%
  10800  9585     1004.0000    69     1005.0000     1002.0000   745330    0.30%
  10900  9685     1004.0000    88     1005.0000     1002.0000   752183    0.30%
  11000  9777     1004.0000    82     1005.0000     1002.0000   768741    0.30%
Elapsed time = 1260.70 sec. (tree size = 136.42 MB, solutions = 2)
Nodefile size =  8.68 MB (3.37 MB after compression)
  11100  9858     1004.0000    87     1005.0000     1002.0000   780719    0.30%
  11200  9954     1004.0000    79     1005.0000     1002.0000   788962    0.30%
  11300 10035     1004.0000    68     1005.0000     1002.0000   804666    0.30%
  11400 10135     1004.0000    55     1005.0000     1002.0000   808280    0.30%
  11500 10218     1004.0000    71     1005.0000     1002.0000   820862    0.30%
  11600 10318     1004.0000    85     1005.0000     1002.0000   827829    0.30%
  11700 10405    infeasible           1005.0000     1002.0000   837733    0.30%
  11800 10496     1004.0000    67     1005.0000     1002.0000   842331    0.30%
  11900 10594     1004.0000    75     1005.0000     1002.0000   849058    0.30%
  12000 10689     1004.0000    85     1005.0000     1002.0000   858348    0.30%
Elapsed time = 1390.08 sec. (tree size = 148.75 MB, solutions = 2)
Nodefile size = 21.34 MB (8.63 MB after compression)
  12100 10789     1004.0000    82     1005.0000     1002.0000   864650    0.30%
  12200 10885     1004.0000    93     1005.0000     1002.0000   873827    0.30%
  12300 10968     1004.0000    93     1005.0000     1002.0000   883573    0.30%
  12400 11066     1004.0000    84     1005.0000     1002.0000   893618    0.30%
  12500 11151    infeasible           1005.0000     1002.0000   904111    0.30%
  12600 11243     1004.0000    77     1005.0000     1002.0000   911568    0.30%
  12700 11341     1004.0000    88     1005.0000     1002.0000   918499    0.30%
  12800 11441     1004.0000    98     1005.0000     1002.0000   926282    0.30%
  12900 11535     1004.0000    92     1005.0000     1002.0000   935178    0.30%
  13000 11628     1004.0000    59     1005.0000     1002.0000   946313    0.30%
Elapsed time = 1509.31 sec. (tree size = 161.95 MB, solutions = 2)
Nodefile size = 34.01 MB (13.38 MB after compression)
  13100 11728     1004.0000    88     1005.0000     1002.0000   951931    0.30%
  13200 11826     1004.0000    84     1005.0000     1002.0000   959749    0.30%
  13300 11907     1004.0000    85     1005.0000     1002.0000   967406    0.30%
  13400 12000     1004.0000    84     1005.0000     1002.0000   974780    0.30%
  13500 12083     1004.0000    50     1005.0000     1002.0000   981322    0.30%
  13600 12183     1004.0000    62     1005.0000     1002.0000   984639    0.30%
  13700 12275     1004.0000    67     1005.0000     1002.0000   991522    0.30%
  13800 12375     1004.0000    76     1005.0000     1002.0000   999846    0.30%
  13900 12475     1004.0000    76     1005.0000     1002.0000  1009007    0.30%
  14000 12575     1004.0000    78     1005.0000     1002.0000  1020131    0.30%
Elapsed time = 1625.25 sec. (tree size = 174.77 MB, solutions = 2)
Nodefile size = 47.74 MB (18.91 MB after compression)
  14100 12648     1004.0000    86     1005.0000     1002.0000  1036745    0.30%
  14200 12748     1004.0000    92     1005.0000     1002.0000  1043200    0.30%
  14300 12837     1004.0000    51     1005.0000     1002.0000  1053388    0.30%
  14400 12937     1004.0000    58     1005.0000     1002.0000  1056463    0.30%
  14500 13035     1004.0000    67     1005.0000     1002.0000  1062737    0.30%
  14600 13127     1004.0000    58     1005.0000     1002.0000  1068242    0.30%
  14700 13227     1004.0000    70     1005.0000     1002.0000  1071558    0.30%
  14800 13313     1004.0000    77     1005.0000     1002.0000  1085187    0.30%
  14900 13409     1004.0000    93     1005.0000     1002.0000  1091838    0.30%
  15000 13499     1004.0000    85     1005.0000     1002.0000  1107133    0.30%
Elapsed time = 1745.13 sec. (tree size = 187.58 MB, solutions = 2)
Nodefile size = 60.54 MB (24.32 MB after compression)
  15100 13590    infeasible           1005.0000     1002.0000  1114501    0.30%
  15200 13676     1004.0000    91     1005.0000     1002.0000  1124672    0.30%
  15300 13759     1004.0000    56     1005.0000     1002.0000  1134005    0.30%
  15400 13857     1004.0000    56     1005.0000     1002.0000  1139046    0.30%
  15500 13957     1004.0000    81     1005.0000     1002.0000  1144804    0.30%
  15600 14054     1004.0000    60     1005.0000     1002.0000  1149299    0.30%
  15700 14150     1004.0000    80     1005.0000     1002.0000  1157395    0.30%
  15800 14249     1004.0000    70     1005.0000     1002.0000  1161613    0.30%
  15900 14343     1004.0000    79     1005.0000     1002.0000  1169091    0.30%
  16000 14442     1004.0000    84     1005.0000     1002.0000  1174262    0.30%
Elapsed time = 1857.97 sec. (tree size = 200.41 MB, solutions = 2)
Nodefile size = 72.41 MB (29.30 MB after compression)
  16100 14540     1004.0000    84     1005.0000     1002.0000  1180027    0.30%
  16200 14635     1004.0000    86     1005.0000     1002.0000  1184844    0.30%
  16300 14727     1004.0000    92     1005.0000     1002.0000  1193331    0.30%
  16400 14822     1004.0000    63     1005.0000     1002.0000  1197377    0.30%
  16500 14922     1004.0000    73     1005.0000     1002.0000  1202349    0.30%
  16600 15006     1004.0000    81     1005.0000     1002.0000  1208067    0.30%
  16700 15106     1004.0000    84     1005.0000     1002.0000  1216219    0.30%
  16800 15187     1004.0000    86     1005.0000     1002.0000  1238594    0.30%
  16900 15283     1004.0000    83     1005.0000     1002.0000  1245483    0.30%
  17000 15381     1004.0000    90     1005.0000     1002.0000  1257279    0.30%
Elapsed time = 1976.72 sec. (tree size = 213.44 MB, solutions = 2)
Nodefile size = 86.26 MB (34.99 MB after compression)
  17100 15470     1004.0000    54     1005.0000     1002.0000  1268711    0.30%
  17200 15556     1004.0000    47     1005.0000     1002.0000  1277217    0.30%
  17300 15654     1004.0000    53     1005.0000     1002.0000  1281956    0.30%
  17400 15750     1004.0000    71     1005.0000     1002.0000  1288965    0.30%
  17500 15850     1004.0000    72     1005.0000     1002.0000  1296854    0.30%
  17600 15947     1004.0000    86     1005.0000     1002.0000  1302560    0.30%
  17700 16033     1004.0000    73     1005.0000     1002.0000  1307810    0.30%
  17800 16133     1004.0000    57     1005.0000     1002.0000  1310593    0.30%
  17900 16233     1004.0000    71     1005.0000     1002.0000  1314435    0.30%
  18000 16327     1004.0000    79     1005.0000     1002.0000  1323644    0.30%
Elapsed time = 2077.56 sec. (tree size = 227.20 MB, solutions = 2)
Nodefile size = 100.09 MB (40.88 MB after compression)
  18100 16419     1004.0000    79     1005.0000     1002.0000  1335670    0.30%
  18200 16516     1004.0000    87     1005.0000     1002.0000  1342179    0.30%
  18300 16616     1004.0000    92     1005.0000     1002.0000  1349036    0.30%
  18400 16713     1004.0000    77     1005.0000     1002.0000  1355059    0.30%
  18500 16811     1004.0000    86     1005.0000     1002.0000  1363987    0.30%
  18600 16896     1004.0000    83     1005.0000     1002.0000  1371218    0.30%
  18700 16996     1004.0000    80     1005.0000     1002.0000  1375905    0.30%
  18800 17096     1004.0000    88     1005.0000     1002.0000  1382103    0.30%
  18900 17196     1004.0000    87     1005.0000     1002.0000  1390067    0.30%
  19000 17280     1004.0000    96     1005.0000     1002.0000  1395713    0.30%
Elapsed time = 2171.47 sec. (tree size = 240.82 MB, solutions = 2)
Nodefile size = 112.91 MB (45.65 MB after compression)
  19100 17380     1004.0000    89     1005.0000     1002.0000  1400395    0.30%
  19200 17478    infeasible           1005.0000     1002.0000  1409155    0.30%
  19300 17555     1004.0000    99     1005.0000     1002.0000  1416008    0.30%
  19400 17647     1004.0000    97     1005.0000     1002.0000  1422160    0.30%
  19500 17726     1004.0000    72     1005.0000     1002.0000  1433746    0.30%
  19600 17826     1004.0000    50     1005.0000     1002.0000  1436633    0.30%
  19700 17915     1004.0000    66     1005.0000     1002.0000  1447957    0.30%
  19800 18011     1004.0000    85     1005.0000     1002.0000  1457589    0.30%
  19900 18096     1004.0000    88     1005.0000     1002.0000  1468592    0.30%
  20000 18185     1004.0000    58     1005.0000     1002.0000  1475681    0.30%
Elapsed time = 2273.50 sec. (tree size = 253.93 MB, solutions = 2)
Nodefile size = 126.76 MB (51.45 MB after compression)
  20100 18285     1004.0000    47     1005.0000     1002.0000  1478823    0.30%
  20200 18383     1004.0000    57     1005.0000     1002.0000  1484404    0.30%
  20300 18481     1004.0000    66     1005.0000     1002.0000  1491960    0.30%
  20400 18579     1004.0000    78     1005.0000     1002.0000  1501125    0.30%
  20500 18679     1004.0000    75     1005.0000     1002.0000  1511146    0.30%
  20600 18779     1004.0000    74     1005.0000     1002.0000  1521305    0.30%
  20700 18872     1004.0000    78     1005.0000     1002.0000  1535783    0.30%
  20800 18972     1004.0000    77     1005.0000     1002.0000  1541125    0.30%
  20900 19054     1004.0000    90     1005.0000     1002.0000  1550370    0.30%
  21000 19135     1004.0000    75     1005.0000     1002.0000  1555899    0.30%
Elapsed time = 2396.64 sec. (tree size = 267.20 MB, solutions = 2)
Nodefile size = 139.65 MB (56.52 MB after compression)
  21100 19233     1004.0000    85     1005.0000     1002.0000  1566198    0.30%
  21200 19308     1004.0000    96     1005.0000     1002.0000  1583525    0.30%
  21300 19408     1004.0000    82     1005.0000     1002.0000  1588225    0.30%
  21400 19508     1004.0000    90     1005.0000     1002.0000  1595516    0.30%
  21500 19599     1004.0000    86     1005.0000     1002.0000  1604199    0.30%
  21600 19699     1004.0000    91     1005.0000     1002.0000  1610934    0.30%
  21700 19790     1004.0000    80     1005.0000     1002.0000  1619299    0.30%
  21800 19890     1004.0000    92     1005.0000     1002.0000  1628014    0.30%
  21900 19978     1004.0000    92     1005.0000     1002.0000  1640618    0.30%
  22000 20061     1004.0000    53     1005.0000     1002.0000  1644923    0.30%
Elapsed time = 2507.17 sec. (tree size = 280.15 MB, solutions = 2)
Nodefile size = 152.53 MB (60.89 MB after compression)
  22100 20157     1004.0000    79     1005.0000     1002.0000  1653538    0.30%
  22200 20255     1004.0000    87     1005.0000     1002.0000  1662687    0.30%
  22300 20355     1004.0000    86     1005.0000     1002.0000  1670391    0.30%
  22400 20455     1004.0000    91     1005.0000     1002.0000  1679727    0.30%
  22500 20545    infeasible           1005.0000     1002.0000  1691094    0.30%
  22600 20638     1004.0000    80     1005.0000     1002.0000  1697733    0.30%
  22700 20738     1004.0000    88     1005.0000     1002.0000  1707512    0.30%
  22800 20825     1004.0000    88     1005.0000     1002.0000  1717598    0.30%
  22900 20925     1004.0000    85     1005.0000     1002.0000  1725125    0.30%
  23000 21010     1004.0000    87     1005.0000     1002.0000  1732915    0.30%
Elapsed time = 2617.66 sec. (tree size = 293.81 MB, solutions = 2)
Nodefile size = 166.42 MB (65.54 MB after compression)
  23100 21110     1004.0000    79     1005.0000     1002.0000  1739858    0.30%
  23200 21194     1002.0000    79     1005.0000     1002.0000  1746193    0.30%
  23300 21289     1004.0000    82     1005.0000     1002.0000  1752613    0.30%
  23400 21374     1002.0000    73     1005.0000     1002.0000  1763814    0.30%
  23500 21451     1004.0000    77     1005.0000     1002.0000  1767658    0.30%
  23600 21547     1002.0000    75     1005.0000     1002.0000  1771899    0.30%
  23700 21636     1002.0000    90     1005.0000     1002.0000  1775706    0.30%
  23800 21735     1004.0000    79     1005.0000     1002.0000  1780427    0.30%
  23900 21831     1004.0000    77     1005.0000     1002.0000  1789947    0.30%
  24000 21915     1004.0000    63     1005.0000     1002.0000  1796196    0.30%
Elapsed time = 2701.66 sec. (tree size = 307.93 MB, solutions = 2)
Nodefile size = 180.33 MB (72.35 MB after compression)
  24100 22007     1004.0000    81     1005.0000     1002.0000  1812468    0.30%
  24200 22103     1004.0000    90     1005.0000     1002.0000  1826087    0.30%
  24300 22196     1004.0000    57     1005.0000     1002.0000  1832378    0.30%
  24400 22296     1004.0000    73     1005.0000     1002.0000  1836878    0.30%
  24500 22396     1004.0000    81     1005.0000     1002.0000  1843403    0.30%
  24600 22496     1004.0000    81     1005.0000     1002.0000  1851031    0.30%
  24700 22596     1004.0000    86     1005.0000     1002.0000  1858575    0.30%
  24800 22694     1004.0000    95     1005.0000     1002.0000  1869459    0.30%
  24900 22783     1004.0000    77     1005.0000     1002.0000  1877950    0.30%
  25000 22883     1004.0000    83     1005.0000     1002.0000  1885068    0.30%
Elapsed time = 2819.25 sec. (tree size = 321.78 MB, solutions = 2)
Nodefile size = 194.22 MB (77.22 MB after compression)
  25100 22973     1004.0000    89     1005.0000     1002.0000  1900340    0.30%
  25200 23055     1004.0000    74     1005.0000     1002.0000  1908908    0.30%
  25300 23155     1004.0000    96     1005.0000     1002.0000  1916180    0.30%
  25400 23245    infeasible           1005.0000     1002.0000  1932632    0.30%
  25500 23342     1004.0000    62     1005.0000     1002.0000  1937913    0.30%
  25600 23442     1004.0000    74     1005.0000     1002.0000  1942158    0.30%
  25700 23542     1004.0000    81     1005.0000     1002.0000  1947895    0.30%
  25800 23642     1004.0000    77     1005.0000     1002.0000  1955991    0.30%
  25900 23742     1004.0000    78     1005.0000     1002.0000  1963650    0.30%
  26000 23835     1004.0000    78     1005.0000     1002.0000  1970893    0.30%
Elapsed time = 2933.89 sec. (tree size = 335.45 MB, solutions = 2)
Nodefile size = 208.11 MB (82.19 MB after compression)
  26100 23935     1004.0000    98     1005.0000     1002.0000  1977376    0.30%
  26200 24020     1004.0000    66     1005.0000     1002.0000  1989376    0.30%
  26300 24107     1004.0000    94     1005.0000     1002.0000  1994796    0.30%
  26400 24198     1004.0000    80     1005.0000     1002.0000  1999203    0.30%
  26500 24298     1004.0000    80     1005.0000     1002.0000  2005370    0.30%
  26600 24396     1004.0000    87     1005.0000     1002.0000  2012129    0.30%
  26700 24494     1004.0000    81     1005.0000     1002.0000  2020171    0.30%
  26800 24586     1004.0000    83     1005.0000     1002.0000  2030549    0.30%
  26900 24679     1004.0000    70     1005.0000     1002.0000  2036451    0.30%
  27000 24771     1004.0000    87     1005.0000     1002.0000  2051443    0.30%
Elapsed time = 3039.20 sec. (tree size = 349.03 MB, solutions = 2)
Nodefile size = 222.00 MB (86.96 MB after compression)
  27100 24858     1004.0000    92     1005.0000     1002.0000  2058431    0.30%
  27200 24947     1004.0000    85     1005.0000     1002.0000  2064226    0.30%
  27300 25043     1004.0000    93     1005.0000     1002.0000  2074189    0.30%
  27400 25130     1004.0000    58     1005.0000     1002.0000  2088953    0.30%
  27500 25230     1004.0000    73     1005.0000     1002.0000  2093515    0.30%
  27600 25330     1004.0000    78     1005.0000     1002.0000  2100281    0.30%
  27700 25430     1004.0000    80     1005.0000     1002.0000  2107562    0.30%
  27800 25529     1004.0000    82     1005.0000     1002.0000  2112916    0.30%
  27900 25621     1004.0000    90     1005.0000     1002.0000  2123052    0.30%
  28000 25718     1004.0000    78     1005.0000     1002.0000  2127752    0.30%
Elapsed time = 3132.33 sec. (tree size = 364.56 MB, solutions = 2)
Nodefile size = 236.91 MB (94.09 MB after compression)
  28100 25804     1004.0000    80     1005.0000     1002.0000  2133337    0.30%
  28200 25896     1004.0000    89     1005.0000     1002.0000  2141064    0.30%
  28300 25996     1004.0000    82     1005.0000     1002.0000  2145308    0.30%
  28400 26096     1004.0000    82     1005.0000     1002.0000  2150809    0.30%
  28500 26190     1004.0000    87     1005.0000     1002.0000  2157986    0.30%
  28600 26282     1004.0000    75     1005.0000     1002.0000  2164536    0.30%
  28700 26382     1004.0000    84     1005.0000     1002.0000  2170910    0.30%
  28800 26462     1004.0000    91     1005.0000     1002.0000  2192690    0.30%
  28900 26547     1004.0000    81     1005.0000     1002.0000  2207147    0.30%
  29000 26640     1004.0000    58     1005.0000     1002.0000  2217542    0.30%
Elapsed time = 3238.67 sec. (tree size = 378.57 MB, solutions = 2)
Nodefile size = 250.81 MB (100.57 MB after compression)
  29100 26734     1004.0000    61     1005.0000     1002.0000  2224019    0.30%
  29200 26832     1004.0000    84     1005.0000     1002.0000  2230451    0.30%
  29300 26927     1004.0000    77     1005.0000     1002.0000  2238987    0.30%
  29400 27021     1004.0000    79     1005.0000     1002.0000  2246883    0.30%
  29500 27074     1004.0000    76     1005.0000     1002.0000  2261160    0.30%
  29600 27170     1004.0000    74     1005.0000     1002.0000  2268310    0.30%
  29700 27270     1004.0000    89     1005.0000     1002.0000  2276707    0.30%
  29800 27357     1004.0000    63     1005.0000     1002.0000  2294096    0.30%
  29900 27457     1004.0000    78     1005.0000     1002.0000  2298957    0.30%
  30000 27557     1004.0000    89     1005.0000     1002.0000  2306619    0.30%
Elapsed time = 3350.25 sec. (tree size = 393.51 MB, solutions = 2)
Nodefile size = 265.70 MB (108.31 MB after compression)
  30100 27657     1004.0000    84     1005.0000     1002.0000  2314714    0.30%
  30200 27752     1004.0000    85     1005.0000     1002.0000  2321310    0.30%
  30300 27844     1004.0000    81     1005.0000     1002.0000  2330554    0.30%
  30400 27941     1004.0000    87     1005.0000     1002.0000  2335945    0.30%
  30500 28034     1004.0000    85     1005.0000     1002.0000  2341186    0.30%
  30600 28134     1004.0000    86     1005.0000     1002.0000  2346980    0.30%
  30700 28216     1004.0000    93     1005.0000     1002.0000  2363770    0.30%
  30800 28300     1004.0000    59     1005.0000     1002.0000  2370633    0.30%
  30900 28400     1004.0000    92     1005.0000     1002.0000  2376004    0.30%
  31000 28500     1004.0000    82     1005.0000     1002.0000  2381785    0.30%
Elapsed time = 3445.45 sec. (tree size = 407.67 MB, solutions = 2)
Nodefile size = 280.57 MB (113.61 MB after compression)
  31100 28598     1004.0000    80     1005.0000     1002.0000  2389739    0.30%
  31200 28684     1004.0000    81     1005.0000     1002.0000  2398764    0.30%
  31300 28772     1004.0000    85     1005.0000     1002.0000  2413562    0.30%
  31400 28845     1004.0000    84     1005.0000     1002.0000  2422104    0.30%
  31500 28945     1004.0000    79     1005.0000     1002.0000  2426758    0.30%
  31600 29036     1004.0000    68     1005.0000     1002.0000  2431818    0.30%
  31700 29136     1004.0000    79     1005.0000     1002.0000  2437355    0.30%
  31800 29232     1004.0000    77     1005.0000     1002.0000  2444168    0.30%
  31900 29332     1004.0000    85     1005.0000     1002.0000  2451100    0.30%
  32000 29426     1004.0000    80     1005.0000     1002.0000  2462180    0.30%
Elapsed time = 3546.31 sec. (tree size = 421.64 MB, solutions = 2)
Nodefile size = 294.50 MB (118.29 MB after compression)
  32100 29514     1004.0000    92     1005.0000     1002.0000  2476765    0.30%
  32200 29599     1004.0000    84     1005.0000     1002.0000  2487727    0.30%
  32300 29699     1004.0000    86     1005.0000     1002.0000  2493396    0.30%
  32400 29790     1004.0000    69     1005.0000     1002.0000  2506475    0.30%
  32500 29886     1004.0000    75     1005.0000     1002.0000  2514271    0.30%
  32600 29976    infeasible           1005.0000     1002.0000  2525557    0.30%
  32700 30071     1004.0000    88     1005.0000     1002.0000  2534576    0.30%
  32800 30169     1004.0000    89     1005.0000     1002.0000  2542530    0.30%
  32900 30250     1004.0000    53     1005.0000     1002.0000  2555805    0.30%
  33000 30350     1004.0000    73     1005.0000     1002.0000  2559987    0.30%
Elapsed time = 3659.73 sec. (tree size = 435.49 MB, solutions = 2)
Nodefile size = 308.39 MB (123.01 MB after compression)
  33100 30450     1004.0000    80     1005.0000     1002.0000  2565966    0.30%
  33200 30550     1004.0000    80     1005.0000     1002.0000  2573458    0.30%
  33300 30650     1004.0000    82     1005.0000     1002.0000  2581518    0.30%
  33400 30738     1004.0000    78     1005.0000     1002.0000  2587659    0.30%
  33500 30838     1004.0000    86     1005.0000     1002.0000  2593646    0.30%
  33600 30929     1004.0000    82     1005.0000     1002.0000  2598941    0.30%
  33700 31023     1004.0000    96     1005.0000     1002.0000  2613583    0.30%
  33800 31104     1004.0000    82     1005.0000     1002.0000  2630033    0.30%
  33900 31204     1004.0000    89     1005.0000     1002.0000  2635477    0.30%
  34000 31304     1004.0000    85     1005.0000     1002.0000  2640788    0.30%
Elapsed time = 3762.13 sec. (tree size = 450.43 MB, solutions = 2)
Nodefile size = 323.27 MB (128.99 MB after compression)
  34100 31404     1004.0000    80     1005.0000     1002.0000  2648719    0.30%
  34200 31503     1004.0000    76     1005.0000     1002.0000  2653394    0.30%
  34300 31601     1004.0000    96     1005.0000     1002.0000  2663456    0.30%
  34400 31698     1004.0000    77     1005.0000     1002.0000  2670859    0.30%
  34500 31786     1004.0000    84     1005.0000     1002.0000  2686254    0.30%
  34600 31883     1004.0000    85     1005.0000     1002.0000  2691661    0.30%
  34700 31983     1004.0000    89     1005.0000     1002.0000  2699487    0.30%
  34800 32082     1004.0000    55     1005.0000     1002.0000  2703678    0.30%
  34900 32182     1004.0000    75     1005.0000     1002.0000  2709982    0.30%
  35000 32275     1004.0000    81     1005.0000     1002.0000  2717609    0.30%
Elapsed time = 3861.51 sec. (tree size = 465.25 MB, solutions = 2)
Nodefile size = 338.17 MB (134.52 MB after compression)
  35100 32375     1004.0000    82     1005.0000     1002.0000  2725127    0.30%
  35200 32456     1004.0000    72     1005.0000     1002.0000  2745694    0.30%
  35300 32543     1004.0000    54     1005.0000     1002.0000  2751043    0.30%
  35400 32641     1004.0000    67     1005.0000     1002.0000  2755958    0.30%
  35500 32741     1004.0000    66     1005.0000     1002.0000  2761770    0.30%
  35600 32835     1004.0000    75     1005.0000     1002.0000  2772473    0.30%
  35700 32923     1004.0000    92     1005.0000     1002.0000  2788074    0.30%
  35800 33012     1004.0000    81     1005.0000     1002.0000  2794742    0.30%
  35900 33106     1004.0000    78     1005.0000     1002.0000  2807956    0.30%
  36000 33203     1004.0000    77     1005.0000     1002.0000  2814072    0.30%
Elapsed time = 3981.31 sec. (tree size = 479.30 MB, solutions = 2)
Nodefile size = 352.05 MB (139.27 MB after compression)
  36100 33299     1004.0000    81     1005.0000     1002.0000  2820839    0.30%
  36200 33398     1004.0000    76     1005.0000     1002.0000  2826041    0.30%
  36300 33498     1004.0000    76     1005.0000     1002.0000  2832696    0.30%
  36400 33595     1004.0000    81     1005.0000     1002.0000  2839840    0.30%
  36500 33693     1004.0000    86     1005.0000     1002.0000  2848092    0.30%
  36600 33776     1004.0000    57     1005.0000     1002.0000  2864011    0.30%
  36700 33876     1004.0000    81     1005.0000     1002.0000  2868551    0.30%
  36800 33976     1004.0000    73     1005.0000     1002.0000  2873149    0.30%
  36900 34074     1004.0000    82     1005.0000     1002.0000  2880420    0.30%
  37000 34162     1004.0000    87     1005.0000     1002.0000  2897374    0.30%
Elapsed time = 4081.11 sec. (tree size = 494.14 MB, solutions = 2)
Nodefile size = 366.93 MB (145.43 MB after compression)
  37100 34231     1004.0000    74     1005.0000     1002.0000  2907148    0.30%
  37200 34320     1004.0000    77     1005.0000     1002.0000  2913792    0.30%
  37300 34409     1004.0000    55     1005.0000     1002.0000  2921711    0.30%
  37400 34509     1004.0000    72     1005.0000     1002.0000  2925614    0.30%
  37500 34609     1004.0000    76     1005.0000     1002.0000  2932740    0.30%
  37600 34705     1004.0000    75     1005.0000     1002.0000  2944241    0.30%
  37700 34793     1004.0000    82     1005.0000     1002.0000  2961235    0.30%
  37800 34876     1004.0000    71     1005.0000     1002.0000  2980919    0.30%
  37900 34976     1004.0000    88     1005.0000     1002.0000  2986229    0.30%
  38000 35064    infeasible           1005.0000     1002.0000  2999670    0.30%
Elapsed time = 4207.59 sec. (tree size = 508.24 MB, solutions = 2)
Nodefile size = 380.80 MB (151.54 MB after compression)
  38100 35155     1004.0000    81     1005.0000     1002.0000  3004627    0.30%
  38200 35255     1004.0000    95     1005.0000     1002.0000  3012227    0.30%
  38300 35348     1004.0000    84     1005.0000     1002.0000  3018222    0.30%
  38400 35436     1004.0000    84     1005.0000     1002.0000  3031923    0.30%
  38500 35511     1004.0000    61     1005.0000     1002.0000  3048283    0.30%
  38600 35611     1004.0000    74     1005.0000     1002.0000  3053412    0.30%
  38700 35711     1004.0000    81     1005.0000     1002.0000  3058376    0.30%
  38800 35811     1004.0000    88     1005.0000     1002.0000  3065216    0.30%
  38900 35911     1004.0000    87     1005.0000     1002.0000  3071944    0.30%
  39000 36002     1004.0000    89     1005.0000     1002.0000  3079220    0.30%
Elapsed time = 4300.75 sec. (tree size = 522.55 MB, solutions = 2)
Nodefile size = 394.71 MB (156.08 MB after compression)
  39100 36093     1004.0000    85     1005.0000     1002.0000  3085576    0.30%
  39200 36193     1004.0000    79     1005.0000     1002.0000  3090767    0.30%
  39300 36281    infeasible           1005.0000     1002.0000  3119293    0.30%
  39400 36376     1004.0000    79     1005.0000     1002.0000  3125100    0.30%
  39500 36470     1004.0000    84     1005.0000     1002.0000  3134826    0.30%
  39600 36555     1004.0000    60     1005.0000     1002.0000  3143511    0.30%
  39700 36653     1004.0000    73     1005.0000     1002.0000  3148381    0.30%
  39800 36753     1004.0000    79     1005.0000     1002.0000  3155168    0.30%
  39900 36853     1004.0000    79     1005.0000     1002.0000  3163224    0.30%
  40000 36932     1004.0000    59     1005.0000     1002.0000  3171736    0.30%
Elapsed time = 4407.39 sec. (tree size = 536.95 MB, solutions = 2)
Nodefile size = 409.60 MB (161.39 MB after compression)
  40100 37032     1004.0000    73     1005.0000     1002.0000  3176219    0.30%
  40200 37132     1004.0000    72     1005.0000     1002.0000  3182239    0.30%
  40300 37232     1004.0000    80     1005.0000     1002.0000  3189260    0.30%
  40400 37318     1004.0000    86     1005.0000     1002.0000  3205311    0.30%
* 40493+  197                         1004.0000     1002.0000  3222881    0.20%
  40500   206     1002.0000    78     1004.0000     1002.0000  3223025    0.20%
  40600   277     1002.0006   109     1004.0000     1002.0000  3226742    0.20%
* 40613+  261                         1003.0000     1002.0000  3228522    0.10%
  40700   174    infeasible           1003.0000     1002.0000  3436496    0.10%
  40800   104     1002.0000    67     1003.0000     1002.0000  3631844    0.10%
  40900   170    infeasible           1003.0000     1002.0000  3661089    0.10%
  41000   194     1002.0000    75     1003.0000     1002.0000  3722204    0.10%
Elapsed time = 4733.36 sec. (tree size =  3.08 MB, solutions = 4)
  41100   200     1002.0000    66     1003.0000     1002.0000  3787105    0.10%
  41200   227    infeasible           1003.0000     1002.0000  3857187    0.10%
  41300   315     1002.0000    82     1003.0000     1002.0000  3874077    0.10%
  41400   362    infeasible           1003.0000     1002.0000  3929670    0.10%
  41500   368     1002.0000    59     1003.0000     1002.0000  4063648    0.10%
  41600   468     1002.0000    69     1003.0000     1002.0000  4070441    0.10%
  41700   568     1002.0000    97     1003.0000     1002.0000  4079801    0.10%
  41800   659     1002.0000    63     1003.0000     1002.0000  4097518    0.10%
  41900   749     1002.0000    74     1003.0000     1002.0000  4107587    0.10%
  42000   795    infeasible           1003.0000     1002.0000  4171687    0.10%
Elapsed time = 5045.84 sec. (tree size = 12.98 MB, solutions = 4)
  42100   695    infeasible           1003.0000     1002.0000  4540962    0.10%
  42200   685     1002.0000    73     1003.0000     1002.0000  4710541    0.10%
  42300   783     1002.0000    85     1003.0000     1002.0000  4725741    0.10%
  42400   883     1002.0000    61     1003.0000     1002.0000  4735869    0.10%
  42500   981     1002.0000    60     1003.0000     1002.0000  4754352    0.10%
  42600  1077     1002.0000    50     1003.0000     1002.0000  4784505    0.10%
  42700  1171     1002.0000    87     1003.0000     1002.0000  4814007    0.10%
  42800  1265     1002.0000    73     1003.0000     1002.0000  4819274    0.10%
  42900  1343     1002.0000    73     1003.0000     1002.0000  4834493    0.10%
  43000  1305    infeasible           1003.0000     1002.0000  5069497    0.10%
Elapsed time = 5580.78 sec. (tree size = 21.78 MB, solutions = 4)
  43100  1205    infeasible           1003.0000     1002.0000  5511594    0.10%
  43200  1177     1002.0000    67     1003.0000     1002.0000  5734980    0.10%
  43300  1275     1002.0000    60     1003.0000     1002.0000  5746025    0.10%
  43400  1312    infeasible           1003.0000     1002.0000  5834792    0.10%
  43500  1298     1002.0000    57     1003.0000     1002.0000  6049032    0.10%
  43600  1398     1002.0000    59     1003.0000     1002.0000  6057406    0.10%
  43700  1485     1002.0000    91     1003.0000     1002.0000  6072248    0.10%
  43800  1563     1002.0000    60     1003.0000     1002.0000  6094678    0.10%
  43900  1651     1002.0000    62     1003.0000     1002.0000  6113531    0.10%
  44000  1717     1002.0000    88     1003.0000     1002.0000  6162097    0.10%
Elapsed time = 6205.83 sec. (tree size = 29.23 MB, solutions = 4)
  44100  1797     1002.0000    80     1003.0000     1002.0000  6192045    0.10%
  44200  1879     1002.0000    75     1003.0000     1002.0000  6218534    0.10%
  44300  1900    infeasible           1003.0000     1002.0000  6312333    0.10%
  44400  1800    infeasible           1003.0000     1002.0000  6627933    0.10%
  44500  1700    infeasible           1003.0000     1002.0000  6998369    0.10%
  44600  1628     1002.0000    62     1003.0000     1002.0000  7367384    0.10%
  44700  1728     1002.0000    47     1003.0000     1002.0000  7371977    0.10%
  44800  1828     1002.0000    70     1003.0000     1002.0000  7391402    0.10%
  44900  1926     1002.0000    49     1003.0000     1002.0000  7418852    0.10%
  45000  2025     1002.0000    71     1003.0000     1002.0000  7429551    0.10%
Elapsed time = 6936.80 sec. (tree size = 35.25 MB, solutions = 4)
  45100  2116     1002.0000    91     1003.0000     1002.0000  7438994    0.10%
  45200  2190     1002.0000    65     1003.0000     1002.0000  7450414    0.10%
  45300  2272     1002.0000    69     1003.0000     1002.0000  7467731    0.10%
  45400  2356     1002.0000    57     1003.0000     1002.0000  7490682    0.10%
  45500  2422     1002.0000    49     1003.0000     1002.0000  7537401    0.10%
  45600  2431    infeasible           1003.0000     1002.0000  7700070    0.10%

Cover cuts applied:  536
Zero-half cuts applied:  1
Gomory fractional cuts applied:  7

Solution pool: 4 solutions saved.

MIP - Time limit exceeded, integer feasible:  Objective = 1.0030000000e+003
Current MIP best bound = 1.0020000000e+003 (gap = 1, 0.10%)
Solution time = 7200.01 sec.  Iterations = 7774529  Nodes = 45616 (2416)


Incumbent solution
Variable Name           Solution Value
Cmax                       1003.000000
X_1_39                        1.000000
X_2_29                        1.000000
X_3_36                        1.000000
X_4_17                        1.000000
X_5_32                        1.000000
X_6_17                        1.000000
X_7_38                        1.000000
X_8_44                        1.000000
X_9_48                        1.000000
X_10_3                        1.000000
X_11_24                       1.000000
X_12_9                        1.000000
X_13_12                       1.000000
X_14_35                       1.000000
X_15_46                       1.000000
X_16_8                        1.000000
X_17_40                       1.000000
X_18_24                       1.000000
X_19_18                       1.000000
X_20_26                       1.000000
X_21_6                        1.000000
X_22_23                       1.000000
X_23_28                       1.000000
X_24_46                       1.000000
X_25_39                       1.000000
X_26_48                       1.000000
X_27_44                       1.000000
X_28_50                       1.000000
X_29_24                       1.000000
X_30_36                       1.000000
X_31_36                       1.000000
X_32_40                       1.000000
X_33_46                       1.000000
X_34_45                       1.000000
X_35_46                       1.000000
X_36_20                       1.000000
X_37_50                       1.000000
X_38_50                       1.000000
X_39_28                       1.000000
X_40_11                       1.000000
X_41_4                        1.000000
X_42_18                       1.000000
X_43_40                       1.000000
X_44_19                       1.000000
X_45_11                       1.000000
X_46_16                       1.000000
X_47_15                       1.000000
X_48_13                       1.000000
X_49_21                       1.000000
X_50_22                       1.000000
X_51_19                       1.000000
X_52_1                        1.000000
X_53_15                       1.000000
X_54_22                       1.000000
X_55_15                       1.000000
X_56_39                       1.000000
X_57_47                       1.000000
X_58_46                       1.000000
X_59_46                       1.000000
X_60_37                       1.000000
X_61_49                       1.000000
X_62_4                        1.000000
X_63_40                       1.000000
X_64_22                       1.000000
X_65_25                       1.000000
X_66_19                       1.000000
X_67_5                        1.000000
X_68_24                       1.000000
X_69_33                       1.000000
X_70_35                       1.000000
X_71_17                       1.000000
X_72_25                       1.000000
X_73_40                       1.000000
X_74_41                       1.000000
X_75_9                        1.000000
X_76_4                        1.000000
X_77_27                       1.000000
X_78_7                        1.000000
X_79_45                       1.000000
X_80_18                       1.000000
X_81_25                       1.000000
X_82_28                       1.000000
X_83_3                        1.000000
X_84_28                       1.000000
X_85_19                       1.000000
X_86_28                       1.000000
X_87_21                       1.000000
X_88_49                       1.000000
X_89_24                       1.000000
X_90_6                        1.000000
X_91_34                       1.000000
X_92_49                       1.000000
X_93_3                        1.000000
X_94_20                       1.000000
X_95_41                       1.000000
X_96_34                       1.000000
X_97_41                       1.000000
X_98_5                        1.000000
X_99_3                        1.000000
X_100_35                      1.000000
X_101_2                       1.000000
X_102_37                      1.000000
X_103_30                      1.000000
X_104_43                      1.000000
X_105_42                      1.000000
X_106_15                      1.000000
X_107_27                      1.000000
X_108_28                      1.000000
X_109_44                      1.000000
X_110_25                      1.000000
X_111_4                       1.000000
X_112_20                      1.000000
X_113_3                       1.000000
X_114_8                       1.000000
X_115_18                      1.000000
X_116_5                       1.000000
X_117_41                      1.000000
X_118_42                      1.000000
X_119_21                      1.000000
X_120_22                      1.000000
X_121_14                      1.000000
X_122_7                       1.000000
X_123_6                       1.000000
X_124_36                      1.000000
X_125_30                      1.000000
X_126_43                      1.000000
X_127_22                      1.000000
X_128_45                      1.000000
X_129_16                      1.000000
X_130_38                      1.000000
X_131_33                      1.000000
X_132_8                       1.000000
X_133_1                       1.000000
X_134_22                      1.000000
X_135_6                       1.000000
X_136_43                      1.000000
X_137_26                      1.000000
X_138_24                      1.000000
X_139_46                      1.000000
X_140_35                      1.000000
X_141_31                      1.000000
X_142_18                      1.000000
X_143_20                      1.000000
X_144_2                       1.000000
X_145_14                      1.000000
X_146_11                      1.000000
X_147_13                      1.000000
X_148_32                      1.000000
X_149_13                      1.000000
X_150_1                       1.000000
X_151_21                      1.000000
X_152_32                      1.000000
X_153_4                       1.000000
X_154_42                      1.000000
X_155_9                       1.000000
X_156_31                      1.000000
X_157_9                       1.000000
X_158_35                      1.000000
X_159_12                      1.000000
X_160_38                      1.000000
X_161_37                      1.000000
X_162_49                      1.000000
X_163_12                      1.000000
X_164_17                      1.000000
X_165_50                      1.000000
X_166_13                      1.000000
X_167_33                      1.000000
X_168_22                      1.000000
X_169_34                      1.000000
X_170_21                      1.000000
X_171_8                       1.000000
X_172_47                      1.000000
X_173_48                      1.000000
X_174_9                       1.000000
X_175_48                      1.000000
X_176_5                       1.000000
X_177_43                      1.000000
X_178_24                      1.000000
X_179_47                      1.000000
X_180_48                      1.000000
X_181_33                      1.000000
X_182_14                      1.000000
X_183_39                      1.000000
X_184_14                      1.000000
X_185_17                      1.000000
X_186_20                      1.000000
X_187_38                      1.000000
X_188_10                      1.000000
X_189_31                      1.000000
X_190_25                      1.000000
X_191_17                      1.000000
X_192_47                      1.000000
X_193_29                      1.000000
X_194_44                      1.000000
X_195_28                      1.000000
X_196_40                      1.000000
X_197_24                      1.000000
X_198_10                      1.000000
X_199_26                      1.000000
X_200_50                      1.000000
X_201_14                      1.000000
X_202_42                      1.000000
X_203_30                      1.000000
X_204_15                      1.000000
X_205_2                       1.000000
X_206_48                      1.000000
X_207_32                      1.000000
X_208_12                      1.000000
X_209_13                      1.000000
X_210_1                       1.000000
X_211_43                      1.000000
X_212_1                       1.000000
X_213_30                      1.000000
X_214_2                       1.000000
X_215_29                      1.000000
X_216_14                      1.000000
X_217_29                      1.000000
X_218_29                      1.000000
X_219_23                      1.000000
X_220_37                      1.000000
X_221_21                      1.000000
X_222_15                      1.000000
X_223_8                       1.000000
X_224_29                      1.000000
X_225_32                      1.000000
X_226_16                      1.000000
X_227_47                      1.000000
X_228_37                      1.000000
X_229_37                      1.000000
X_230_27                      1.000000
X_231_23                      1.000000
X_232_26                      1.000000
X_233_45                      1.000000
X_234_5                       1.000000
X_235_32                      1.000000
X_236_16                      1.000000
X_237_9                       1.000000
X_238_10                      1.000000
X_239_7                       1.000000
X_240_4                       1.000000
X_241_25                      1.000000
X_242_45                      1.000000
X_243_47                      1.000000
X_244_39                      1.000000
X_245_36                      1.000000
X_246_27                      1.000000
X_247_33                      1.000000
X_248_5                       1.000000
X_249_21                      1.000000
X_250_11                      1.000000
X_251_50                      1.000000
X_252_20                      1.000000
X_253_3                       1.000000
X_254_8                       1.000000
X_255_26                      1.000000
X_256_14                      1.000000
X_257_31                      1.000000
X_258_50                      1.000000
X_259_49                      1.000000
X_260_23                      1.000000
X_261_39                      1.000000
X_262_11                      1.000000
X_263_25                      1.000000
X_264_16                      1.000000
X_265_42                      1.000000
X_266_45                      1.000000
X_267_19                      1.000000
X_268_1                       1.000000
X_269_2                       1.000000
X_270_28                      1.000000
X_271_43                      1.000000
X_272_36                      1.000000
X_273_22                      1.000000
X_274_38                      1.000000
X_275_10                      1.000000
X_276_31                      1.000000
X_277_37                      1.000000
X_278_21                      1.000000
X_279_43                      1.000000
X_280_26                      1.000000
X_281_47                      1.000000
X_282_47                      1.000000
X_283_43                      1.000000
X_284_8                       1.000000
X_285_38                      1.000000
X_286_6                       1.000000
X_287_49                      1.000000
X_288_16                      1.000000
X_289_44                      1.000000
X_290_4                       1.000000
X_291_39                      1.000000
X_292_34                      1.000000
X_293_33                      1.000000
X_294_24                      1.000000
X_295_45                      1.000000
X_296_36                      1.000000
X_297_23                      1.000000
X_298_5                       1.000000
X_299_19                      1.000000
X_300_37                      1.000000
X_301_37                      1.000000
X_302_27                      1.000000
X_303_33                      1.000000
X_304_50                      1.000000
X_305_7                       1.000000
X_306_7                       1.000000
X_307_23                      1.000000
X_308_20                      1.000000
X_309_3                       1.000000
X_310_28                      1.000000
X_311_37                      1.000000
X_312_17                      1.000000
X_313_46                      1.000000
X_314_17                      1.000000
X_315_27                      1.000000
X_316_22                      1.000000
X_317_15                      1.000000
X_318_34                      1.000000
X_319_26                      1.000000
X_320_30                      1.000000
X_321_33                      1.000000
X_322_34                      1.000000
X_323_32                      1.000000
X_324_31                      1.000000
X_325_30                      1.000000
X_326_49                      1.000000
X_327_14                      1.000000
X_328_29                      1.000000
X_329_44                      1.000000
X_330_2                       1.000000
X_331_38                      1.000000
X_332_2                       1.000000
X_333_50                      1.000000
X_334_13                      1.000000
X_335_32                      1.000000
X_336_27                      1.000000
X_337_7                       1.000000
X_338_36                      1.000000
X_339_26                      1.000000
X_340_8                       1.000000
X_341_11                      1.000000
X_342_27                      1.000000
X_343_7                       1.000000
X_344_47                      1.000000
X_345_41                      1.000000
X_346_29                      1.000000
X_347_44                      1.000000
X_348_9                       1.000000
X_349_31                      1.000000
X_350_30                      1.000000
X_351_24                      1.000000
X_352_3                       1.000000
X_353_18                      1.000000
X_354_43                      1.000000
X_355_9                       1.000000
X_356_42                      1.000000
X_357_2                       1.000000
X_358_1                       1.000000
X_359_27                      1.000000
X_360_49                      1.000000
X_361_35                      1.000000
X_362_5                       1.000000
X_363_8                       1.000000
X_364_45                      1.000000
X_365_46                      1.000000
X_366_50                      1.000000
X_367_19                      1.000000
X_368_12                      1.000000
X_369_19                      1.000000
X_370_42                      1.000000
X_371_16                      1.000000
X_372_30                      1.000000
X_373_44                      1.000000
X_374_10                      1.000000
X_375_19                      1.000000
X_376_11                      1.000000
X_377_45                      1.000000
X_378_34                      1.000000
X_379_29                      1.000000
X_380_25                      1.000000
X_381_23                      1.000000
X_382_40                      1.000000
X_383_35                      1.000000
X_384_30                      1.000000
X_385_48                      1.000000
X_386_17                      1.000000
X_387_48                      1.000000
X_388_47                      1.000000
X_389_11                      1.000000
X_390_28                      1.000000
X_391_7                       1.000000
X_392_26                      1.000000
X_393_39                      1.000000
X_394_23                      1.000000
X_395_16                      1.000000
X_396_23                      1.000000
X_397_4                       1.000000
X_398_32                      1.000000
X_399_35                      1.000000
X_400_41                      1.000000
X_401_12                      1.000000
X_402_41                      1.000000
X_403_18                      1.000000
X_404_34                      1.000000
X_405_21                      1.000000
X_406_30                      1.000000
X_407_15                      1.000000
X_408_40                      1.000000
X_409_27                      1.000000
X_410_39                      1.000000
X_411_5                       1.000000
X_412_20                      1.000000
X_413_43                      1.000000
X_414_2                       1.000000
X_415_7                       1.000000
X_416_31                      1.000000
X_417_6                       1.000000
X_418_42                      1.000000
X_419_18                      1.000000
X_420_15                      1.000000
X_421_8                       1.000000
X_422_33                      1.000000
X_423_6                       1.000000
X_424_42                      1.000000
X_425_32                      1.000000
X_426_18                      1.000000
X_427_20                      1.000000
X_428_34                      1.000000
X_429_1                       1.000000
X_430_3                       1.000000
X_431_44                      1.000000
X_432_39                      1.000000
X_433_31                      1.000000
X_434_4                       1.000000
X_435_13                      1.000000
X_436_19                      1.000000
X_437_44                      1.000000
X_438_12                      1.000000
X_439_35                      1.000000
X_440_36                      1.000000
X_441_49                      1.000000
X_442_12                      1.000000
X_443_13                      1.000000
X_444_10                      1.000000
X_445_34                      1.000000
X_446_40                      1.000000
X_447_38                      1.000000
X_448_29                      1.000000
X_449_6                       1.000000
X_450_10                      1.000000
X_451_20                      1.000000
X_452_14                      1.000000
X_453_12                      1.000000
X_454_41                      1.000000
X_455_26                      1.000000
X_456_9                       1.000000
X_457_49                      1.000000
X_458_15                      1.000000
X_459_10                      1.000000
X_460_13                      1.000000
X_461_48                      1.000000
X_462_36                      1.000000
X_463_5                       1.000000
X_464_1                       1.000000
X_465_3                       1.000000
X_466_48                      1.000000
X_467_10                      1.000000
X_468_45                      1.000000
X_469_11                      1.000000
X_470_6                       1.000000
X_471_18                      1.000000
X_472_16                      1.000000
X_473_16                      1.000000
X_474_1                       1.000000
X_475_31                      1.000000
X_476_2                       1.000000
X_477_40                      1.000000
X_478_46                      1.000000
X_479_35                      1.000000
X_480_41                      1.000000
X_481_38                      1.000000
X_482_42                      1.000000
X_483_4                       1.000000
X_484_7                       1.000000
X_485_11                      1.000000
X_486_6                       1.000000
X_487_10                      1.000000
X_488_23                      1.000000
X_489_25                      1.000000
X_490_41                      1.000000
X_491_38                      1.000000
X_492_33                      1.000000
X_493_9                       1.000000
X_494_25                      1.000000
X_495_12                      1.000000
X_496_14                      1.000000
X_497_13                      1.000000
X_498_17                      1.000000
X_499_22                      1.000000
X_500_21                      1.000000
All other variables in the range 1-25001 are 0.
